169.528936 83.715794
168.894940 83.715794
168.260943 83.081797
167.626947 83.081797
166.992950 83.081797
166.358954 83.081797
165.724958 83.081797
165.090961 83.081797
164.456965 83.081797
163.822968 83.081797
163.188972 82.447801
162.554976 82.447801
161.920979 82.447801
161.286983 82.447801
160.652987 82.447801
160.018990 82.447801
159.384994 82.447801
158.750997 82.447801
158.117001 82.447801
157.483005 82.447801
156.849008 82.447801
156.215012 81.813805
155.581015 81.813805
154.947019 81.813805
154.313023 81.813805
153.679026 81.813805
153.045030 81.813805
152.411034 81.813805
151.777037 82.447801
151.143041 82.447801
150.509044 82.447801
149.875048 82.447801
149.241052 82.447801
148.607055 82.447801
147.973059 82.447801
147.339063 82.447801
146.705066 82.447801
146.071070 82.447801
145.437073 82.447801
144.803077 82.447801
144.169081 82.447801
143.535084 82.447801
142.901088 82.447801
142.267091 82.447801
141.633095 82.447801
140.999099 82.447801
140.365102 82.447801
139.731106 83.081797
139.097110 83.081797
138.463113 83.081797
137.829117 83.081797
137.195120 83.081797
136.561124 83.081797
135.927128 83.081797
135.293131 83.081797
134.659135 83.715794
134.025139 83.715794
133.391142 83.715794
132.757146 83.715794
132.123149 84.349790
131.489153 84.349790
130.855157 84.349790
130.221160 84.983787
129.587164 84.983787
128.953167 84.983787
128.953167 85.617783
128.319171 85.617783
127.685175 85.617783
127.685175 86.251779
127.051178 86.251779
126.417182 86.251779
126.417182 86.885776
125.783186 86.885776
125.149189 86.885776
125.149189 87.519772
124.515193 87.519772
124.515193 88.153768
123.881196 88.153768
123.247200 88.153768
123.247200 88.787765
122.613204 88.787765
121.979207 89.421761
121.345211 89.421761
121.345211 90.055758
120.711214 90.055758
120.077218 90.689754
119.443222 91.323750
118.809225 91.323750
118.175229 91.323750
118.175229 91.957747
117.541233 92.591743
116.907236 92.591743
116.907236 93.225740
116.273240 93.225740
116.273240 93.859736
115.639243 93.859736
115.005247 94.493732
114.371251 94.493732
114.371251 95.127729
113.737254 95.761725
113.103258 96.395721
112.469262 97.029718
111.835265 97.029718
111.835265 97.663714
111.201269 98.297711
110.567272 98.931707
109.933276 99.565703
109.933276 100.199700
109.299280 100.833696
108.665283 101.467693
108.665283 102.101689
108.031287 102.735685
107.397290 103.369682
107.397290 104.003678
106.763294 104.637674
106.763294 105.271671
106.129298 105.905667
106.129298 106.539664
105.495301 107.173660
105.495301 107.807656
104.861305 108.441653
104.861305 109.075649
104.861305 109.709645
104.227309 110.343642
104.227309 110.977638
104.227309 111.611635
104.227309 112.245631
103.593312 112.879627
103.593312 113.513624
102.959316 114.147620
102.959316 114.781617
102.325319 115.415613
102.325319 116.049609
101.691323 116.683606
101.691323 117.317602
101.057327 117.951598
101.057327 118.585595
101.057327 119.219591
101.057327 119.853588
100.423330 120.487584
100.423330 121.121580
100.423330 121.755577
100.423330 122.389573
99.789334 123.023569
99.789334 123.657566
99.789334 124.291562
99.155338 124.925559
99.155338 125.559555
99.155338 126.193551
99.155338 126.827548
98.521341 127.461544
98.521341 128.095541
98.521341 128.729537
98.521341 129.363533
98.521341 129.997530
97.887345 130.631526
97.887345 131.265522
97.887345 131.899519
97.887345 132.533515
97.887345 133.167512
97.887345 133.801508
97.887345 134.435504
97.887345 135.069501
97.887345 135.703497
97.887345 136.337494
97.253348 136.971490
97.253348 137.605486
97.253348 138.239483
97.253348 138.873479
97.253348 139.507475
97.887345 140.141472
97.887345 140.775468
97.253348 141.409465
96.619352 140.775468
95.985356 140.141472
95.351359 139.507475
94.717363 138.873479
94.083366 138.873479
93.449370 138.239483
92.815374 137.605486
92.181377 136.971490
91.547381 136.337494
90.913385 136.337494
90.279388 135.703497
89.645392 135.703497
89.011395 135.069501
88.377399 134.435504
87.743403 133.801508
87.109406 133.167512
86.475410 133.167512
85.841413 132.533515
85.207417 131.899519
84.573421 131.265522
84.573421 130.631526
83.939424 129.997530
83.305428 129.363533
82.671432 128.729537
82.671432 128.095541
82.037435 127.461544
81.403439 126.193551
81.403439 125.559555
81.403439 124.925559
80.769442 124.291562
80.135446 123.657566
79.501450 123.023569
79.501450 122.389573
78.867453 121.755577
78.233457 121.121580
77.599461 120.487584
77.599461 119.853588
76.965464 119.219591
76.331468 118.585595
75.697471 117.951598
75.063475 117.317602
75.063475 116.683606
75.063475 116.049609
74.429479 115.415613
74.429479 114.781617
73.795482 114.147620
73.795482 113.513624
73.795482 112.879627
73.161486 112.245631
73.161486 111.611635
72.527489 110.977638
72.527489 110.343642
71.893493 109.709645
71.893493 109.075649
71.259497 108.441653
71.259497 107.807656
71.259497 107.173660
71.259497 106.539664
70.625500 105.905667
70.625500 105.271671
69.991504 104.637674
69.991504 104.003678
69.991504 103.369682
69.357508 102.735685
69.357508 102.101689
69.991504 101.467693
69.991504 100.833696
69.991504 100.199700
69.991504 99.565703
69.991504 98.931707
69.991504 98.297711
69.991504 97.663714
69.991504 97.029718
69.991504 96.395721
69.991504 95.761725
70.625500 95.127729
70.625500 94.493732
70.625500 93.859736
70.625500 93.225740
70.625500 92.591743
70.625500 91.957747
70.625500 91.323750
70.625500 90.689754
71.259497 90.055758
71.259497 89.421761
71.259497 88.787765
71.259497 88.153768
71.259497 87.519772
71.259497 86.885776
71.259497 86.251779
71.893493 85.617783
72.527489 84.983787
73.161486 84.349790
73.795482 84.349790
74.429479 83.715794
75.063475 83.081797
75.697471 82.447801
76.331468 82.447801
76.965464 81.813805
77.599461 81.179808
78.233457 81.179808
78.867453 80.545812
79.501450 80.545812
80.135446 79.911816
80.769442 79.277819
81.403439 78.643823
82.037435 78.009826
82.671432 78.009826
83.305428 77.375830
83.939424 76.741834
84.573421 76.107837
85.207417 75.473841
85.841413 75.473841
86.475410 74.839844
87.109406 74.839844
87.743403 74.205848
88.377399 74.205848
89.011395 73.571852
89.645392 73.571852
90.279388 73.571852
90.913385 72.937855
91.547381 72.937855
92.181377 72.937855
92.815374 72.303859
93.449370 72.303859
94.083366 71.669863
94.717363 71.669863
95.351359 71.669863
95.985356 71.035866
96.619352 71.035866
97.253348 71.035866
97.887345 70.401870
98.521341 70.401870
99.155338 69.767873
99.789334 69.767873
100.423330 69.767873
101.057327 69.133877
101.691323 68.499881
102.325319 68.499881
102.959316 68.499881
103.593312 67.865884
104.227309 67.865884
104.861305 67.865884
105.495301 67.231888
106.129298 67.231888
106.763294 67.231888
107.397290 66.597892
108.031287 66.597892
108.665283 65.963895
109.299280 65.963895
109.933276 65.963895
110.567272 65.329899
111.201269 65.329899
111.835265 64.695902
112.469262 64.695902
113.103258 64.695902
113.737254 64.061906
114.371251 64.061906
115.005247 63.427910
115.639243 63.427910
116.273240 63.427910
116.907236 63.427910
117.541233 63.427910
118.175229 63.427910
118.809225 63.427910
119.443222 63.427910
120.077218 62.793913
120.711214 62.793913
121.345211 62.793913
121.979207 62.793913
122.613204 62.793913
123.247200 62.793913
123.881196 62.793913
124.515193 62.793913
125.149189 62.793913
125.783186 62.793913
126.417182 62.793913
127.685175 62.793913
128.319171 62.793913
128.953167 62.793913
129.587164 62.793913
130.221160 62.793913
130.855157 62.793913
131.489153 62.793913
132.123149 62.159917
132.757146 62.159917
133.391142 62.159917
134.025139 62.159917
134.659135 62.159917
135.293131 62.159917
135.927128 62.159917
136.561124 62.159917
137.195120 62.159917
137.829117 62.159917
138.463113 61.525920
139.097110 61.525920
139.731106 61.525920
140.365102 61.525920
140.999099 61.525920
141.633095 61.525920
142.267091 61.525920
142.901088 61.525920
143.535084 61.525920
144.169081 61.525920
144.803077 61.525920
145.437073 61.525920
146.071070 61.525920
146.705066 61.525920
147.339063 61.525920
147.973059 61.525920
148.607055 61.525920
149.241052 61.525920
149.875048 61.525920
150.509044 62.159917
151.143041 62.159917
151.777037 62.793913
152.411034 62.793913
153.045030 62.793913
153.679026 63.427910
154.313023 63.427910
154.947019 64.061906
155.581015 64.061906
156.215012 64.695902
156.849008 65.329899
157.483005 65.329899
158.117001 65.963895
158.750997 66.597892
159.384994 66.597892
160.018990 66.597892
160.652987 67.231888
161.286983 67.231888
161.920979 67.231888
162.554976 67.865884
163.188972 67.865884
163.822968 67.865884
164.456965 67.865884
165.090961 68.499881
165.724958 68.499881
166.358954 69.133877
166.992950 69.767873
167.626947 70.401870
168.260943 71.035866
168.894940 71.669863
169.528936 72.303859
170.162932 72.937855
170.796929 73.571852
171.430925 74.205848
172.064921 74.839844
172.698918 75.473841
173.332914 76.107837
173.966911 76.741834
174.600907 77.375830
175.234903 78.009826
175.234903 78.643823
175.234903 79.277819
174.600907 79.911816
173.966911 80.545812
173.966911 81.179808
173.332914 81.813805
173.332914 82.447801
172.698918 83.081797
172.698918 83.715794
172.064921 84.349790
171.430925 84.349790
170.796929 84.349790
170.162932 84.349790
169.528936 83.715794
