158.780551 80.372902
158.336704 80.372902
157.892858 80.372902
157.449011 80.372902
157.449011 80.816749
157.005164 80.816749
156.561317 80.816749
156.117471 81.260595
155.673624 81.260595
155.229777 81.260595
154.785930 81.704442
154.342084 81.704442
153.898237 81.704442
153.454390 82.148289
153.010544 82.148289
152.566697 82.148289
152.122850 82.148289
152.122850 82.592135
151.679003 82.592135
151.235157 83.035982
150.791310 83.035982
150.347463 83.479829
149.903617 83.479829
149.459770 83.479829
149.459770 83.923676
149.015923 83.923676
148.572076 84.367522
148.128230 84.811369
147.684383 84.811369
147.240536 85.255216
146.796689 85.255216
146.352843 85.699063
145.908996 85.699063
145.465149 85.699063
145.021303 86.142909
144.577456 86.142909
144.133609 86.142909
143.689762 86.142909
143.245916 86.142909
143.245916 86.586756
142.802069 86.586756
142.358222 86.586756
141.914376 87.030603
141.470529 87.030603
141.026682 87.474449
140.582835 87.474449
140.138989 87.474449
139.695142 87.918296
139.251295 87.918296
138.807448 88.362143
138.363602 88.362143
137.919755 88.362143
137.919755 88.805990
137.475908 88.805990
137.919755 88.805990
137.475908 88.805990
137.032062 89.249836
136.588215 89.249836
136.144368 89.249836
136.144368 89.693683
135.700521 89.693683
135.256675 90.137530
134.812828 90.137530
134.368981 90.581376
133.925134 90.581376
133.925134 91.025223
133.481288 91.025223
133.037441 91.469070
132.593594 91.912917
132.149748 91.912917
131.705901 92.356763
131.262054 92.800610
130.818207 92.800610
130.374361 92.800610
130.374361 93.244457
129.930514 93.244457
129.930514 93.688304
129.486667 94.132150
129.042821 94.575997
128.598974 94.575997
128.155127 95.019844
127.711280 95.463690
127.267434 95.463690
127.267434 95.907537
126.823587 96.351384
126.379740 96.795231
125.935893 97.239077
125.492047 97.239077
125.492047 97.682924
125.048200 98.126771
124.604353 98.570617
124.160507 98.570617
124.160507 99.014464
123.716660 99.458311
123.272813 99.902158
123.272813 100.346004
122.828966 100.789851
122.385120 101.233698
121.941273 101.677545
121.497426 102.121391
121.497426 102.565238
121.053580 103.009085
120.609733 103.452931
120.609733 103.896778
120.165886 104.340625
119.722039 104.784472
119.722039 105.228318
119.278193 105.672165
118.834346 106.116012
118.834346 106.559859
118.390499 107.003705
117.946652 107.447552
117.946652 107.891399
117.502806 108.335245
117.502806 108.779092
117.058959 109.222939
117.058959 109.666786
116.615112 110.110632
116.615112 110.554479
116.171266 110.998326
116.171266 111.442172
115.727419 111.886019
115.727419 112.329866
115.283572 112.773713
115.283572 113.217559
114.839725 113.661406
114.839725 114.105253
114.839725 114.549100
114.395879 114.992946
114.395879 115.436793
113.952032 115.880640
113.952032 116.324486
113.952032 116.768333
113.508185 117.212180
113.508185 117.656027
113.508185 118.099873
113.508185 118.543720
113.064338 118.987567
113.064338 119.431413
113.064338 119.875260
113.064338 120.319107
112.620492 120.762954
112.620492 121.206800
112.620492 121.650647
112.620492 122.094494
112.176645 122.538341
112.176645 122.982187
112.176645 123.426034
112.176645 123.869881
112.176645 124.313727
112.176645 124.757574
112.176645 125.201421
111.732798 125.645268
111.732798 126.089114
111.732798 126.532961
111.732798 126.976808
111.732798 127.420655
111.732798 127.864501
111.732798 128.308348
111.732798 128.752195
111.732798 129.196041
111.732798 129.639888
111.732798 130.083735
111.732798 130.527582
111.732798 130.971428
111.732798 131.415275
111.732798 131.859122
111.732798 132.302968
111.732798 132.746815
111.732798 133.190662
111.732798 133.634509
111.732798 134.078355
111.732798 134.522202
111.732798 134.966049
111.732798 135.409896
111.732798 135.853742
111.732798 136.297589
111.732798 136.741436
111.732798 137.185282
111.732798 137.629129
112.176645 138.072976
111.732798 138.960669
111.288952 139.404516
110.845105 140.292209
110.401258 140.736056
109.957411 140.292209
109.069718 139.848363
108.625871 139.404516
108.182025 139.404516
107.738178 138.960669
106.850484 138.516823
106.406638 138.072976
105.962791 137.629129
105.518944 137.629129
104.631251 137.185282
104.187404 136.741436
103.743557 136.297589
103.299711 135.853742
102.412017 135.853742
101.968170 135.409896
101.524324 134.966049
101.080477 134.522202
100.192784 134.078355
99.748937 133.634509
99.305090 133.634509
98.861243 132.746815
98.417397 132.302968
97.973550 131.415275
97.529703 130.971428
97.085856 130.083735
96.642010 129.639888
96.198163 128.752195
95.754316 128.308348
95.310470 127.420655
94.866623 126.976808
94.422776 126.089114
93.978929 125.645268
93.535083 124.757574
93.091236 124.313727
92.647389 123.426034
92.203543 122.982187
91.759696 122.094494
91.315849 121.650647
90.872002 120.762954
90.428156 120.319107
89.984309 119.431413
89.540462 118.987567
89.096615 118.099873
88.652769 117.656027
88.208922 116.768333
87.765075 116.324486
87.321229 115.436793
86.877382 114.992946
86.433535 114.105253
85.989688 113.661406
85.545842 112.773713
85.101995 112.329866
84.658148 111.442172
84.214301 110.998326
83.770455 110.554479
83.326608 110.110632
82.882761 109.222939
82.438915 108.779092
81.995068 108.335245
81.551221 107.891399
81.107374 107.003705
80.663528 106.559859
80.219681 106.116012
79.775834 105.672165
79.775834 104.784472
79.331988 104.340625
78.888141 103.896778
78.444294 103.452931
78.000447 102.565238
77.556601 102.121391
77.112754 101.677545
76.668907 101.233698
76.225060 100.346004
76.225060 99.902158
76.668907 99.458311
77.556601 99.014464
78.000447 99.014464
78.444294 98.570617
78.888141 98.126771
79.331988 97.682924
79.775834 97.239077
80.219681 96.795231
80.663528 96.351384
81.551221 95.907537
81.995068 95.463690
82.438915 95.019844
82.882761 94.575997
83.326608 94.132150
83.770455 93.688304
84.214301 93.244457
84.658148 92.800610
85.545842 92.800610
85.989688 92.356763
86.433535 91.912917
86.877382 91.912917
87.321229 91.469070
87.765075 91.469070
88.652769 91.025223
89.096615 91.025223
89.540462 90.581376
89.984309 90.581376
90.428156 90.137530
91.315849 90.137530
91.759696 90.137530
92.203543 89.693683
92.647389 89.693683
93.535083 89.249836
93.978929 89.249836
94.422776 88.805990
94.866623 88.805990
95.310470 88.362143
96.198163 88.362143
96.642010 87.918296
97.085856 87.918296
97.529703 87.918296
98.417397 87.474449
98.861243 87.474449
99.305090 87.030603
99.748937 87.030603
100.192784 86.586756
101.080477 86.586756
101.524324 86.142909
101.968170 86.142909
102.412017 86.142909
103.299711 85.699063
103.743557 85.699063
104.187404 85.255216
104.631251 85.255216
105.075097 84.811369
105.962791 84.811369
106.406638 84.367522
106.850484 84.367522
107.294331 84.367522
108.182025 83.923676
108.625871 83.923676
109.069718 83.479829
109.513565 83.479829
109.957411 83.035982
110.845105 83.035982
111.288952 82.592135
111.732798 82.592135
112.176645 82.148289
113.064338 82.148289
113.508185 82.148289
113.952032 82.148289
114.395879 81.704442
115.283572 81.704442
115.727419 81.704442
116.615112 81.704442
117.058959 81.704442
117.502806 81.260595
118.390499 81.260595
118.834346 81.260595
119.278193 81.260595
120.165886 81.260595
120.609733 81.260595
121.497426 80.816749
121.941273 80.816749
122.385120 80.816749
123.272813 80.816749
123.716660 80.816749
124.160507 80.372902
125.048200 80.372902
125.492047 80.372902
126.379740 80.372902
126.823587 80.372902
127.267434 79.929055
128.155127 79.929055
128.598974 79.929055
129.486667 79.929055
129.930514 79.929055
130.374361 79.929055
131.262054 79.485208
131.705901 79.485208
132.149748 79.485208
133.037441 79.485208
133.481288 79.485208
133.925134 79.041362
134.812828 79.041362
135.256675 79.041362
135.700521 79.041362
136.144368 78.597515
136.588215 78.597515
137.475908 78.597515
137.919755 78.597515
138.363602 78.597515
138.807448 78.153668
139.251295 78.153668
140.138989 78.153668
140.582835 78.153668
141.026682 77.709821
141.470529 77.709821
141.914376 77.709821
142.802069 77.709821
143.245916 77.709821
143.689762 77.265975
144.133609 77.265975
144.577456 77.265975
145.465149 77.265975
145.908996 76.822128
146.352843 76.822128
146.796689 76.822128
147.240536 76.822128
148.128230 76.822128
148.572076 76.378281
149.015923 76.378281
149.459770 76.378281
149.903617 76.378281
150.347463 75.934435
151.235157 75.934435
151.679003 75.934435
152.122850 76.378281
152.566697 76.378281
153.010544 76.378281
153.454390 76.822128
153.898237 76.822128
154.342084 76.822128
154.785930 77.265975
155.229777 77.265975
155.673624 77.265975
156.117471 77.709821
156.561317 77.709821
157.005164 78.153668
157.449011 78.153668
157.892858 78.153668
158.336704 78.597515
158.780551 79.041362
159.224398 79.041362
159.668244 79.485208
159.224398 79.929055
159.224398 80.372902
158.780551 80.372902
