134.045926 100.342025
134.301019 100.597118
134.301019 100.852211
134.556112 101.107305
134.556112 101.362398
134.301019 101.617491
134.045926 102.127678
133.790832 102.637865
133.790832 102.892958
133.535739 103.403145
133.280645 103.658238
133.025552 103.913332
132.770459 103.913332
132.770459 104.168425
132.515365 104.168425
132.260272 104.168425
132.260272 104.423518
132.005179 104.423518
131.750085 104.678612
131.494992 104.678612
131.239899 104.933705
130.984805 104.933705
130.729712 105.188798
130.474619 105.188798
130.219525 105.443892
129.964432 105.443892
129.709338 105.698985
129.454245 105.698985
129.454245 105.954078
129.199152 105.954078
128.944058 106.209172
128.688965 106.209172
128.688965 106.464265
128.433872 106.464265
128.178778 106.719358
127.923685 106.974452
127.668592 107.229545
127.413498 107.229545
127.158405 107.484639
126.903312 107.484639
126.903312 107.739732
126.648218 107.994825
126.393125 107.994825
126.138031 108.249919
125.882938 108.249919
125.882938 108.505012
125.627845 108.760105
125.372751 109.015199
125.117658 109.015199
124.862565 109.270292
124.862565 109.525385
124.607471 109.780479
124.352378 109.780479
124.352378 110.035572
124.097285 110.035572
123.842191 110.290665
123.587098 110.545759
123.332005 110.800852
123.332005 111.055945
123.076911 111.311039
122.821818 111.566132
122.566725 111.821226
122.311631 112.076319
122.056538 112.331412
121.801444 112.586506
121.546351 112.841599
121.291258 113.096692
121.291258 113.351786
121.036164 113.606879
120.781071 113.861972
120.525978 114.117066
120.525978 114.372159
120.270884 114.627252
120.015791 114.882346
119.760698 115.137439
119.760698 115.392533
119.505604 115.647626
119.250511 115.902719
119.250511 116.157813
118.995418 116.412906
118.995418 116.667999
118.740324 116.923093
118.485231 117.178186
118.485231 117.433279
118.230137 117.688373
118.230137 117.943466
117.975044 118.198559
117.975044 118.453653
117.719951 118.708746
117.719951 118.963840
117.464857 119.218933
117.464857 119.474026
117.464857 119.218933
117.464857 119.474026
117.464857 119.218933
117.464857 119.474026
117.464857 119.218933
117.464857 119.474026
117.209764 119.729120
117.209764 119.984213
116.954671 120.239306
116.954671 120.494400
116.699577 120.749493
116.699577 121.004586
116.444484 121.259680
116.444484 121.514773
116.444484 121.769866
116.189391 122.024960
116.189391 122.280053
115.934297 122.535147
115.934297 122.790240
115.934297 123.045333
115.679204 123.300427
115.679204 123.555520
115.679204 123.810613
115.424111 124.065707
115.424111 124.320800
115.424111 124.575893
115.169017 124.830987
115.169017 125.086080
115.169017 125.341173
115.169017 125.596267
114.913924 125.851360
114.913924 126.106454
114.913924 126.361547
114.913924 126.616640
114.658830 126.871734
114.658830 127.126827
114.658830 127.381920
114.658830 127.637014
114.658830 127.892107
114.403737 128.147200
114.403737 128.402294
114.403737 128.657387
114.403737 128.912480
114.403737 129.167574
114.403737 129.422667
114.148644 129.677761
114.148644 129.932854
114.148644 130.187947
114.148644 130.443041
114.148644 130.698134
114.148644 130.953227
114.148644 131.208321
114.148644 131.463414
114.148644 131.718507
114.148644 131.973601
114.148644 132.228694
114.148644 132.483787
113.893550 132.738881
113.893550 132.993974
113.893550 133.249068
113.893550 133.504161
113.893550 133.759254
113.893550 134.014348
113.893550 134.269441
113.893550 134.524534
113.893550 134.779628
113.893550 135.034721
113.893550 135.289814
113.893550 135.544908
114.148644 135.544908
114.148644 135.800001
114.148644 136.055094
114.148644 136.310188
114.148644 136.565281
114.148644 136.820374
114.148644 137.075468
114.148644 137.330561
114.148644 137.585655
114.148644 137.840748
114.148644 138.095841
114.148644 138.350935
113.893550 138.350935
113.638457 138.350935
113.383364 138.095841
113.128270 138.095841
112.618084 137.840748
112.362990 137.840748
112.107897 137.840748
111.852804 137.585655
111.597710 137.585655
111.342617 137.585655
110.832430 137.330561
110.577337 137.330561
110.322243 137.075468
110.067150 137.075468
109.812057 137.075468
109.556963 136.820374
109.301870 136.820374
109.046777 136.310188
108.791683 136.055094
108.536590 135.800001
108.281497 135.544908
108.026403 135.034721
107.771310 134.779628
107.516216 134.524534
107.261123 134.269441
107.006030 133.759254
106.750936 133.504161
106.495843 133.249068
106.495843 132.993974
106.240750 132.483787
105.985656 132.228694
105.730563 131.973601
105.475470 131.718507
105.220376 131.463414
104.965283 130.953227
104.710190 130.698134
104.455096 130.443041
104.200003 130.187947
103.944909 129.677761
103.944909 129.422667
103.689816 129.167574
103.434723 128.912480
103.179629 128.402294
102.924536 128.147200
102.669443 127.892107
102.414349 127.637014
102.159256 127.126827
101.904163 126.871734
101.649069 126.616640
101.393976 126.361547
101.393976 125.851360
101.393976 125.596267
101.138883 125.086080
101.138883 124.830987
101.138883 124.575893
101.138883 124.065707
100.883789 123.810613
100.883789 123.300427
100.883789 123.045333
100.628696 122.535147
100.628696 122.280053
100.628696 122.024960
100.373602 121.514773
100.373602 121.259680
100.373602 120.749493
100.118509 120.494400
100.118509 119.984213
100.118509 119.729120
99.863416 119.474026
99.863416 118.963840
99.863416 118.708746
99.608322 118.198559
99.608322 117.943466
99.608322 117.433279
99.353229 117.178186
99.353229 116.923093
99.353229 116.412906
99.098136 116.157813
99.098136 115.647626
99.098136 115.392533
98.843042 114.882346
98.843042 114.627252
98.843042 114.372159
98.843042 113.861972
99.098136 113.606879
99.353229 113.351786
99.353229 113.096692
99.608322 112.841599
99.863416 112.331412
100.118509 112.076319
100.118509 111.821226
100.373602 111.566132
100.628696 111.311039
100.883789 110.800852
101.138883 110.545759
101.138883 110.290665
101.393976 110.035572
101.649069 109.525385
101.904163 109.270292
102.159256 109.015199
102.159256 108.760105
102.414349 108.505012
102.669443 107.994825
102.924536 107.739732
102.924536 107.484639
103.179629 107.229545
103.434723 106.974452
103.689816 106.464265
103.944909 106.209172
104.200003 106.209172
104.455096 105.954078
104.710190 105.954078
104.965283 105.698985
105.220376 105.443892
105.730563 105.443892
105.985656 105.188798
106.240750 105.188798
106.495843 104.933705
106.750936 104.678612
107.006030 104.678612
107.261123 104.423518
107.516216 104.423518
107.771310 104.168425
108.026403 104.168425
108.536590 103.913332
108.791683 103.658238
109.046777 103.658238
109.301870 103.403145
109.556963 103.403145
109.812057 103.148051
110.067150 102.892958
110.322243 102.892958
110.577337 102.637865
111.087523 102.637865
111.342617 102.382771
111.597710 102.382771
111.852804 102.127678
112.107897 101.872585
112.362990 101.872585
112.618084 101.617491
112.873177 101.617491
113.383364 101.362398
113.638457 101.362398
114.148644 101.107305
114.403737 101.107305
114.658830 101.107305
115.169017 100.852211
115.424111 100.852211
115.934297 100.852211
116.189391 100.597118
116.699577 100.597118
116.954671 100.597118
117.209764 100.342025
117.719951 100.342025
117.975044 100.342025
118.485231 100.086931
118.740324 100.086931
119.250511 99.831838
119.505604 99.831838
119.760698 99.831838
120.270884 99.576744
120.525978 99.576744
121.036164 99.576744
121.291258 99.321651
121.801444 99.321651
122.056538 99.321651
122.311631 99.066558
122.821818 99.066558
123.076911 99.066558
123.587098 98.811464
123.842191 98.811464
124.352378 98.811464
124.607471 98.556371
124.862565 98.556371
125.372751 98.556371
125.627845 98.556371
125.882938 98.811464
126.138031 98.811464
126.393125 98.811464
126.648218 99.066558
126.903312 99.066558
127.158405 99.066558
127.413498 99.066558
127.668592 99.321651
127.923685 99.321651
128.178778 99.321651
128.433872 99.321651
128.688965 99.576744
128.944058 99.576744
129.199152 99.576744
129.454245 99.576744
129.709338 99.831838
129.964432 99.831838
130.219525 99.831838
130.474619 99.831838
130.729712 99.831838
130.984805 100.086931
131.239899 100.086931
131.494992 100.086931
131.750085 100.086931
132.005179 100.086931
132.260272 100.086931
132.515365 100.086931
132.770459 100.086931
133.025552 100.342025
133.280645 100.342025
133.535739 100.342025
133.790832 100.342025
134.045926 100.342025
