162.365071 79.733505
161.866194 80.731259
161.367317 81.230137
160.868440 81.729014
160.369563 82.227891
159.870686 83.225645
159.371808 83.724522
158.872931 84.223400
158.374054 85.221154
157.875177 85.720031
157.376300 86.218908
156.877422 86.218908
156.378545 86.218908
155.879668 86.218908
155.380791 86.218908
154.881914 86.717785
154.383037 86.717785
153.884159 86.717785
153.385282 86.717785
152.886405 86.717785
152.387528 87.216663
151.888651 87.216663
151.389773 87.216663
150.890896 87.715540
150.392019 87.715540
149.893142 87.715540
149.394265 88.214417
148.895388 88.214417
148.396510 88.214417
147.897633 88.713294
147.398756 88.713294
146.899879 88.713294
146.401002 89.212171
145.902125 89.212171
145.403247 89.212171
145.403247 89.711049
144.904370 89.711049
144.405493 89.711049
143.906616 89.711049
143.906616 90.209926
143.407739 90.209926
142.908861 90.209926
142.409984 90.209926
142.409984 90.708803
141.911107 90.708803
141.412230 90.708803
140.913353 90.708803
140.913353 91.207680
140.414476 91.207680
139.915598 91.706557
139.416721 91.706557
138.917844 91.706557
138.917844 92.205434
138.418967 92.205434
137.920090 92.704312
137.421212 92.704312
136.922335 93.203189
136.423458 93.203189
135.924581 93.702066
135.425704 93.702066
135.425704 94.200943
134.926827 94.200943
134.427949 94.699820
133.929072 94.699820
133.929072 95.198698
133.430195 95.198698
132.931318 95.697575
132.432441 95.697575
132.432441 96.196452
131.933563 96.196452
131.434686 96.695329
130.935809 97.194206
130.436932 97.194206
130.436932 97.693083
129.938055 97.693083
129.938055 98.191961
129.439178 98.191961
129.439178 98.690838
128.940300 98.690838
128.441423 99.189715
127.942546 99.688592
127.443669 100.187469
126.944792 100.686347
126.445914 101.185224
125.947037 101.684101
125.947037 102.182978
125.448160 102.681855
124.949283 103.180732
124.450406 103.679610
123.951529 104.178487
123.452651 104.677364
123.452651 105.176241
122.953774 105.675118
122.454897 106.173996
122.454897 106.672873
121.956020 107.171750
121.457143 107.670627
121.457143 108.169504
120.958266 108.668381
120.459388 109.167259
120.459388 109.666136
119.960511 110.165013
119.960511 110.663890
119.461634 111.162767
119.461634 111.661644
118.962757 112.160522
118.962757 112.659399
118.463880 113.158276
118.463880 113.657153
117.965002 114.156030
117.965002 114.654908
117.965002 115.153785
117.466125 115.652662
117.466125 116.151539
117.466125 116.650416
116.967248 117.149293
116.967248 117.648171
116.967248 118.147048
116.468371 118.645925
116.468371 119.144802
116.468371 119.643679
115.969494 120.142557
115.969494 120.641434
115.969494 121.140311
115.969494 121.639188
115.969494 122.138065
115.470617 122.636942
115.470617 123.135820
115.470617 123.634697
115.470617 124.133574
115.470617 124.632451
115.470617 125.131328
114.971739 125.630206
114.971739 126.129083
114.971739 126.627960
114.971739 127.126837
114.971739 127.625714
114.971739 128.124591
114.971739 128.623469
114.472862 129.122346
114.472862 129.621223
114.472862 130.120100
114.472862 130.618977
114.472862 131.117855
114.472862 131.616732
114.472862 132.115609
114.472862 132.614486
114.472862 133.113363
114.472862 133.612240
114.472862 134.111118
114.472862 134.609995
114.472862 135.108872
114.472862 135.607749
114.472862 136.106626
114.472862 136.605503
114.472862 137.104381
114.472862 137.603258
114.472862 138.102135
114.472862 138.601012
114.472862 139.099889
114.472862 139.598767
114.472862 140.097644
114.472862 140.596521
114.472862 141.095398
114.472862 141.594275
114.472862 142.093152
113.973985 142.592030
113.475108 143.090907
112.976231 144.088661
112.477353 144.587538
111.978476 144.587538
111.479599 145.086416
110.980722 145.086416
110.481845 145.585293
109.982968 145.585293
109.484090 145.585293
108.985213 145.086416
108.486336 144.587538
107.987459 144.088661
106.989704 144.088661
106.490827 143.589784
105.991950 143.090907
105.493073 143.090907
104.994196 142.592030
104.495319 142.093152
103.996441 141.594275
102.998687 141.594275
102.499810 141.095398
102.000933 140.596521
101.502055 140.097644
101.003178 140.097644
100.504301 139.598767
100.005424 139.099889
99.007670 138.601012
98.508792 138.102135
98.009915 137.603258
97.511038 136.605503
97.012161 136.106626
96.513284 135.607749
95.515529 135.108872
95.016652 134.609995
94.517775 134.111118
94.018898 133.612240
93.520021 133.113363
93.021143 132.614486
92.522266 131.616732
91.524512 131.117855
91.025635 130.618977
90.526758 130.120100
90.027880 129.621223
89.529003 129.122346
89.030126 128.623469
88.531249 127.625714
88.032372 127.126837
87.533494 126.627960
87.034617 126.129083
86.535740 125.131328
86.036863 124.632451
86.036863 124.133574
85.537986 123.135820
85.039109 122.636942
84.540231 122.138065
84.041354 121.639188
83.542477 120.641434
83.542477 120.142557
83.043600 119.643679
82.544723 118.645925
82.045845 118.147048
81.546968 117.648171
81.048091 117.149293
81.048091 116.151539
80.549214 115.652662
80.050337 115.153785
79.551460 114.156030
79.052582 113.657153
78.553705 113.158276
78.054828 112.659399
78.054828 112.160522
77.555951 111.661644
77.057074 110.663890
77.057074 110.165013
76.558196 109.666136
76.059319 109.167259
76.059319 108.668381
75.560442 108.169504
75.061565 107.670627
75.061565 107.171750
74.562688 106.672873
74.063811 106.173996
74.063811 105.675118
73.564933 105.176241
73.066056 104.677364
73.066056 104.178487
72.567179 103.679610
72.567179 102.681855
72.068302 102.182978
72.068302 101.684101
72.068302 101.185224
71.569425 100.686347
71.569425 100.187469
71.070548 99.688592
71.070548 99.189715
71.070548 98.690838
71.070548 98.191961
71.569425 97.693083
71.569425 97.194206
71.569425 96.695329
71.569425 96.196452
72.068302 95.697575
72.567179 95.198698
73.066056 94.699820
74.063811 94.699820
74.562688 94.200943
75.061565 93.702066
75.560442 93.203189
76.059319 93.203189
76.558196 92.704312
77.057074 92.205434
77.555951 91.706557
78.054828 91.706557
79.052582 91.207680
79.551460 90.708803
80.050337 90.708803
80.549214 90.209926
81.048091 89.711049
81.546968 89.212171
82.045845 89.212171
82.544723 88.713294
83.043600 88.713294
83.542477 88.214417
84.041354 88.214417
84.540231 88.214417
85.039109 87.715540
86.036863 87.715540
86.535740 87.216663
87.034617 87.216663
87.533494 87.216663
88.032372 86.717785
88.531249 86.717785
89.030126 86.717785
89.529003 86.218908
90.027880 86.218908
90.526758 85.720031
91.025635 85.720031
91.524512 85.720031
92.023389 85.221154
92.522266 85.221154
93.021143 85.221154
93.520021 84.722277
94.018898 84.722277
94.517775 84.722277
95.016652 84.223400
95.515529 84.223400
96.014407 83.724522
96.513284 83.724522
97.012161 83.724522
97.511038 83.225645
98.009915 83.225645
98.508792 83.225645
99.007670 82.726768
99.506547 82.726768
100.504301 82.227891
101.003178 82.227891
101.502055 82.227891
102.000933 81.729014
102.499810 81.729014
102.998687 81.230137
103.497564 81.230137
103.996441 81.230137
104.495319 80.731259
105.493073 80.731259
105.991950 80.232382
106.490827 80.232382
106.989704 80.232382
107.488582 79.733505
107.987459 79.733505
108.486336 79.234628
108.985213 79.234628
109.484090 79.234628
109.982968 78.735751
110.980722 78.735751
111.479599 78.735751
111.978476 78.236873
112.477353 78.236873
112.976231 77.737996
113.475108 77.737996
113.973985 77.737996
114.472862 77.239119
115.470617 77.239119
115.969494 77.239119
116.468371 77.239119
116.967248 77.239119
117.965002 76.740242
118.463880 76.740242
118.962757 76.740242
119.461634 76.740242
120.459388 76.740242
120.958266 76.241365
121.457143 76.241365
121.956020 76.241365
122.454897 76.241365
123.452651 76.241365
123.951529 75.742488
124.450406 75.742488
124.949283 75.742488
125.947037 75.742488
126.445914 75.742488
126.944792 75.243610
127.443669 75.243610
128.441423 75.243610
128.940300 75.243610
129.439178 75.243610
129.938055 74.744733
130.436932 74.744733
131.434686 74.744733
131.933563 74.744733
132.432441 74.744733
132.931318 74.245856
133.929072 74.245856
134.427949 74.245856
134.926827 74.245856
135.425704 74.245856
136.423458 74.245856
136.922335 74.245856
137.421212 74.245856
137.920090 74.245856
138.917844 74.245856
139.416721 74.245856
139.915598 74.245856
140.913353 74.245856
141.412230 74.245856
141.911107 74.245856
142.409984 74.245856
143.407739 74.245856
143.906616 74.245856
144.405493 74.245856
145.403247 74.245856
145.902125 74.245856
146.401002 74.245856
146.899879 74.245856
147.897633 74.245856
148.396510 74.245856
148.895388 74.245856
149.893142 74.245856
150.392019 74.245856
150.890896 74.245856
151.389773 74.245856
151.888651 74.245856
152.387528 74.245856
152.886405 74.245856
153.884159 74.245856
154.383037 74.245856
154.881914 74.245856
155.380791 74.245856
155.879668 73.746979
156.378545 73.746979
156.877422 73.746979
157.376300 73.746979
158.374054 73.746979
158.872931 73.746979
159.371808 73.746979
159.870686 73.746979
160.369563 74.245856
160.868440 74.744733
161.367317 75.243610
161.866194 75.742488
162.365071 76.241365
162.863949 76.740242
162.863949 77.239119
162.863949 77.737996
162.365071 78.236873
162.365071 78.735751
162.365071 79.234628
162.365071 79.733505
