146.734724 92.477658
146.734724 92.849931
147.106997 93.222204
146.734724 93.594476
146.362451 93.966749
145.990179 94.711294
145.617906 95.083567
145.245633 95.828112
144.873361 96.200385
144.501088 96.944930
144.128815 96.944930
143.756543 97.317203
143.384270 97.317203
143.011998 97.317203
142.639725 97.317203
142.267452 97.689475
141.895180 97.689475
141.522907 97.689475
141.150634 97.689475
140.778362 97.689475
140.778362 98.061748
140.406089 98.061748
140.033817 98.061748
139.661544 98.434021
139.289271 98.434021
138.916999 98.434021
138.544726 98.434021
138.544726 98.806293
138.172453 98.806293
137.800181 99.178566
137.427908 99.178566
137.055636 99.178566
137.055636 99.550838
136.683363 99.550838
136.311090 99.550838
135.938818 99.923111
135.566545 99.923111
135.194272 99.923111
135.194272 100.295384
134.822000 100.295384
134.822000 100.667656
134.449727 100.667656
134.077454 101.039929
133.705182 101.039929
133.332909 101.412202
133.705182 101.039929
134.077454 101.039929
134.449727 100.667656
134.822000 100.667656
134.449727 100.667656
134.077454 101.039929
133.705182 101.039929
133.332909 101.412202
132.960637 101.412202
133.332909 101.412202
133.705182 101.039929
134.077454 101.039929
134.449727 100.667656
134.822000 100.667656
134.449727 100.667656
134.077454 101.039929
133.705182 101.039929
133.332909 101.039929
133.332909 101.412202
132.960637 101.412202
132.588364 101.784474
132.960637 101.412202
133.332909 101.412202
133.705182 101.039929
134.077454 101.039929
134.449727 100.667656
134.822000 100.667656
135.194272 100.295384
134.822000 100.295384
134.822000 100.667656
134.449727 100.667656
134.077454 101.039929
133.705182 101.039929
133.332909 101.412202
132.960637 101.412202
132.588364 101.784474
132.216091 101.784474
132.216091 102.156747
132.588364 101.784474
132.960637 101.412202
133.332909 101.412202
133.705182 101.039929
134.077454 101.039929
134.449727 100.667656
134.822000 100.667656
135.194272 100.295384
134.822000 100.295384
134.822000 100.667656
134.449727 100.667656
134.077454 101.039929
133.705182 101.039929
133.332909 101.412202
132.960637 101.412202
132.588364 101.784474
132.216091 101.784474
132.216091 102.156747
132.588364 101.784474
132.960637 101.412202
133.332909 101.412202
133.705182 101.039929
134.077454 101.039929
134.449727 100.667656
134.822000 100.667656
135.194272 100.295384
134.822000 100.295384
134.822000 100.667656
134.449727 100.667656
134.077454 101.039929
133.705182 101.039929
133.332909 101.412202
132.960637 101.412202
132.588364 101.784474
132.216091 101.784474
132.216091 102.156747
132.588364 101.784474
132.960637 101.412202
133.332909 101.412202
133.705182 101.039929
134.077454 101.039929
134.449727 100.667656
134.822000 100.667656
135.194272 100.295384
134.822000 100.295384
134.822000 100.667656
134.449727 100.667656
134.077454 101.039929
133.705182 101.039929
133.332909 101.412202
132.960637 101.412202
133.332909 101.412202
133.705182 101.039929
134.077454 101.039929
134.449727 100.667656
134.822000 100.667656
134.449727 100.667656
134.077454 101.039929
133.705182 101.039929
133.332909 101.039929
133.332909 101.412202
132.960637 101.412202
132.588364 101.784474
132.216091 101.784474
132.216091 102.156747
131.843819 102.156747
131.471546 102.529020
131.099273 102.901292
130.727001 102.901292
130.727001 103.273565
130.354728 103.273565
129.982456 103.645837
129.610183 104.018110
129.237910 104.018110
129.237910 104.390383
128.865638 104.762655
128.493365 104.762655
128.493365 105.134928
128.121092 105.134928
127.748820 105.507201
127.376547 105.879473
127.004274 105.879473
127.004274 106.251746
126.632002 106.624018
126.259729 106.996291
125.887457 107.368564
125.887457 107.740836
125.515184 108.113109
125.142911 108.485382
124.770639 108.857654
124.398366 109.229927
124.026093 109.602200
124.026093 109.974472
123.653821 110.346745
123.281548 110.719017
122.909276 111.091290
122.909276 111.463563
122.537003 111.835835
122.164730 112.208108
122.164730 112.580381
121.792458 112.952653
121.792458 113.324926
121.420185 113.697198
121.420185 114.069471
121.047912 114.441744
120.675640 114.814016
120.675640 115.186289
120.303367 115.558562
120.303367 115.930834
120.303367 116.303107
119.931094 116.675379
119.931094 117.047652
119.558822 117.419925
119.558822 117.792197
119.186549 118.164470
119.186549 118.536743
119.186549 118.909015
118.814277 119.281288
118.814277 119.653561
118.814277 120.025833
118.442004 120.398106
118.442004 120.770378
118.442004 121.142651
118.442004 121.514924
118.069731 121.887196
118.069731 122.259469
118.069731 122.631742
118.069731 123.004014
117.697459 123.376287
117.697459 123.748559
117.697459 124.120832
117.697459 124.493105
117.697459 124.865377
117.697459 125.237650
117.325186 125.609923
117.325186 125.982195
117.325186 126.354468
117.325186 126.726741
117.325186 127.099013
117.325186 127.471286
117.325186 127.843558
117.325186 128.215831
117.325186 128.588104
117.325186 128.960376
117.325186 129.332649
117.325186 129.704922
117.325186 130.077194
117.325186 130.449467
117.325186 130.821739
117.325186 131.194012
117.325186 131.566285
116.952913 131.938557
116.952913 132.310830
116.952913 132.683103
116.952913 133.055375
116.952913 133.427648
116.952913 133.799921
116.580641 134.172193
116.580641 134.544466
116.580641 134.916738
116.580641 135.289011
116.580641 135.661284
116.580641 136.033556
116.580641 136.405829
116.580641 136.778102
116.580641 137.150374
116.580641 137.522647
116.208368 137.894919
115.836096 138.639465
115.463823 139.011737
115.091550 139.756283
114.719278 140.128555
114.347005 140.873100
113.974732 141.245373
113.602460 141.989918
113.230187 142.362191
112.857914 142.734464
112.485642 143.479009
112.113369 143.106736
111.741097 143.106736
111.368824 142.734464
110.996551 142.362191
110.624279 141.989918
110.252006 141.989918
109.879733 141.617646
109.507461 141.245373
109.135188 140.873100
108.762916 140.500828
108.390643 140.500828
108.018370 140.128555
107.646098 139.756283
107.273825 139.384010
106.901552 139.384010
106.529280 139.011737
106.157007 138.639465
105.784735 138.267192
105.412462 138.267192
105.040189 137.894919
104.667917 137.522647
104.295644 137.150374
103.923371 136.778102
103.551099 136.778102
103.178826 136.405829
102.806553 136.033556
102.434281 135.661284
102.062008 135.661284
101.689736 135.289011
101.317463 134.916738
100.945190 134.544466
100.572918 134.172193
100.200645 133.427648
99.456100 133.055375
99.083827 132.683103
98.711555 132.310830
98.339282 131.938557
97.967009 131.566285
97.594737 131.194012
97.222464 130.449467
96.850191 130.077194
96.477919 129.704922
96.105646 129.332649
95.733373 128.960376
95.361101 128.588104
94.988828 128.215831
94.616556 127.843558
93.872010 127.099013
93.499738 126.726741
93.127465 126.354468
92.755192 125.982195
92.382920 125.609923
92.010647 125.237650
91.638375 124.865377
91.266102 124.120832
91.266102 123.748559
90.893829 123.376287
90.893829 123.004014
90.521557 122.259469
90.149284 121.887196
90.149284 121.514924
89.777011 121.142651
89.777011 120.398106
89.404739 120.025833
89.032466 119.653561
89.032466 119.281288
88.660193 118.536743
88.660193 118.164470
88.287921 117.792197
87.915648 117.419925
87.915648 116.675379
87.543376 116.303107
87.543376 115.930834
87.171103 115.558562
86.798830 115.186289
86.798830 114.441744
86.426558 114.069471
86.426558 113.697198
86.054285 113.324926
86.054285 112.580381
86.054285 112.208108
86.054285 111.835835
86.054285 111.463563
86.054285 111.091290
86.054285 110.719017
86.054285 110.346745
86.054285 109.974472
86.054285 109.602200
86.054285 109.229927
86.054285 108.857654
86.054285 108.485382
86.054285 108.113109
86.054285 107.740836
86.054285 107.368564
86.054285 106.996291
86.054285 106.624018
86.054285 106.251746
86.054285 105.879473
86.054285 105.507201
86.054285 105.134928
86.426558 104.762655
86.426558 104.018110
86.426558 103.645837
86.798830 103.273565
86.798830 102.901292
87.171103 102.529020
87.171103 102.156747
87.171103 101.784474
87.543376 101.412202
87.543376 101.039929
87.915648 100.667656
88.660193 100.295384
89.032466 100.295384
89.404739 99.923111
90.149284 99.923111
90.521557 99.550838
90.893829 99.550838
91.638375 99.178566
92.010647 98.806293
92.382920 98.806293
92.755192 98.434021
93.499738 98.434021
93.872010 98.061748
94.244283 97.689475
94.988828 97.689475
95.361101 97.317203
95.733373 97.317203
96.477919 96.944930
96.850191 96.572657
97.222464 96.572657
97.967009 96.200385
98.339282 96.200385
98.711555 95.828112
99.083827 95.455840
99.828372 95.455840
100.200645 95.083567
100.572918 95.083567
100.945190 95.083567
101.689736 95.083567
102.062008 94.711294
102.434281 94.711294
102.806553 94.711294
103.551099 94.711294
103.923371 94.339022
104.295644 94.339022
104.667917 94.339022
105.412462 94.339022
105.784735 93.966749
106.157007 93.966749
106.529280 93.966749
107.273825 93.594476
107.646098 93.594476
108.018370 93.594476
108.390643 93.594476
109.135188 93.222204
109.507461 93.222204
109.879733 93.222204
110.252006 93.222204
110.996551 92.849931
111.368824 92.849931
111.741097 92.849931
112.113369 92.849931
112.857914 92.477658
113.230187 92.477658
113.602460 92.477658
113.974732 92.105386
114.719278 92.105386
115.091550 92.105386
115.463823 92.105386
115.836096 91.733113
116.208368 91.733113
116.580641 91.360841
117.325186 91.360841
117.697459 90.988568
118.069731 90.988568
118.442004 90.988568
118.814277 90.616295
119.558822 90.616295
119.931094 90.244023
120.303367 90.244023
120.675640 89.871750
121.047912 89.871750
121.792458 89.499477
122.164730 89.499477
122.537003 89.499477
122.909276 89.127205
123.281548 89.127205
123.653821 88.754932
124.398366 88.754932
124.770639 88.754932
125.142911 88.382660
125.515184 88.382660
125.887457 88.382660
126.632002 88.382660
127.004274 88.010387
127.376547 88.010387
127.748820 88.010387
128.121092 88.010387
128.865638 88.010387
129.237910 87.638114
129.610183 87.638114
129.982456 87.638114
130.354728 87.638114
130.727001 87.265842
131.471546 87.265842
131.843819 87.265842
132.216091 87.265842
132.588364 87.265842
133.332909 86.893569
133.705182 86.893569
134.077454 86.893569
134.449727 86.893569
134.822000 86.893569
135.194272 86.893569
135.566545 86.893569
135.938818 86.893569
136.311090 86.893569
136.683363 86.893569
137.055636 86.893569
137.427908 86.893569
137.800181 86.893569
138.172453 86.893569
138.916999 86.893569
139.289271 86.893569
139.661544 86.893569
140.033817 86.893569
140.406089 86.893569
140.778362 86.893569
141.150634 86.893569
141.522907 86.893569
141.895180 86.893569
142.267452 86.893569
142.639725 86.893569
143.011998 86.893569
143.384270 86.893569
143.756543 86.893569
144.128815 86.893569
144.873361 86.893569
145.245633 86.893569
145.617906 86.893569
145.617906 87.265842
145.990179 87.638114
145.990179 88.010387
145.990179 87.638114
145.990179 88.010387
145.990179 88.382660
145.990179 88.754932
145.990179 88.382660
145.990179 88.754932
145.990179 89.127205
145.990179 89.499477
145.990179 89.127205
145.990179 89.499477
145.990179 89.871750
146.362451 90.244023
146.362451 90.616295
146.362451 90.988568
146.362451 91.360841
146.362451 91.733113
146.362451 92.105386
146.734724 92.105386
146.734724 92.477658
