150.525396 87.706219
150.137930 87.706219
149.750463 88.093686
149.362996 88.093686
148.975529 88.093686
148.588062 88.093686
148.200596 88.093686
147.813129 88.093686
147.813129 88.481152
147.425662 88.481152
147.038195 88.481152
146.650728 88.481152
146.263262 88.481152
146.263262 88.868619
145.875795 88.868619
145.488328 88.868619
145.100861 88.868619
144.713395 89.256086
144.325928 89.256086
143.938461 89.256086
143.550994 89.256086
143.550994 89.643553
143.163527 89.643553
142.776061 89.643553
142.388594 90.031019
142.001127 90.031019
141.613660 90.031019
141.226193 90.031019
141.226193 90.418486
140.838727 90.418486
141.226193 90.418486
140.838727 90.418486
140.451260 90.805953
140.063793 90.805953
139.676326 90.805953
139.288860 91.193420
138.901393 91.193420
138.513926 91.193420
138.513926 91.580887
138.126459 91.580887
137.738992 91.580887
137.738992 91.968353
137.351526 91.968353
136.964059 92.355820
136.576592 92.355820
136.189125 92.743287
135.801658 93.130754
135.414192 93.130754
135.026725 93.518221
134.639258 93.518221
134.251791 93.518221
134.251791 93.905687
133.864325 94.293154
133.476858 94.293154
133.089391 94.680621
132.701924 94.680621
132.701924 95.068088
132.314457 95.068088
132.701924 95.068088
132.314457 95.068088
131.926991 95.455554
131.539524 95.843021
131.152057 95.843021
131.152057 96.230488
130.764590 96.230488
130.377123 96.617955
129.989657 96.617955
129.989657 97.005422
129.602190 97.392888
129.214723 97.392888
129.214723 97.780355
128.827256 98.167822
128.439790 98.167822
128.052323 98.555289
127.664856 98.555289
127.664856 98.942756
127.277389 99.330222
126.889922 99.717689
126.502456 99.717689
126.502456 100.105156
126.114989 100.492623
125.727522 100.880089
125.340055 101.267556
125.340055 101.655023
124.952588 102.042490
124.565122 102.429957
124.177655 102.817423
123.790188 103.204890
123.402721 103.592357
123.402721 103.979824
123.015255 104.367291
122.627788 104.754757
122.240321 105.142224
122.240321 105.529691
121.852854 105.917158
121.465387 106.304624
121.465387 106.692091
121.077921 107.079558
120.690454 107.467025
120.690454 107.854492
120.302987 108.241958
120.302987 108.629425
119.915520 109.016892
119.528053 109.404359
119.528053 109.791826
119.140587 110.179292
119.140587 110.566759
118.753120 110.954226
118.753120 111.341693
118.365653 111.729159
118.365653 112.116626
117.978186 112.504093
117.978186 112.891560
117.978186 113.279027
117.590720 113.666493
117.590720 114.053960
117.203253 114.441427
117.203253 114.828894
117.203253 115.216361
116.815786 115.603827
116.815786 115.991294
116.815786 116.378761
116.428319 116.766228
116.428319 117.153694
116.428319 117.541161
116.040852 117.928628
116.040852 118.316095
116.040852 118.703562
116.040852 119.091028
115.653386 119.478495
115.653386 119.865962
115.653386 120.253429
115.653386 120.640896
115.265919 121.028362
115.265919 121.415829
115.265919 121.803296
115.265919 122.190763
115.265919 122.578229
114.878452 122.965696
114.878452 123.353163
114.878452 123.740630
114.878452 124.128097
114.878452 124.515563
114.878452 124.903030
114.878452 125.290497
114.878452 125.677964
114.878452 126.065431
114.490985 126.452897
114.490985 126.840364
114.490985 127.227831
114.490985 127.615298
114.490985 128.002764
114.490985 128.390231
114.490985 128.777698
114.490985 129.165165
114.490985 129.552632
114.490985 129.940098
114.490985 130.327565
114.490985 130.715032
114.490985 131.102499
114.490985 131.489966
114.490985 131.877432
114.490985 132.264899
114.490985 132.652366
114.490985 133.039833
114.490985 133.427299
114.878452 133.814766
114.878452 134.202233
114.878452 134.589700
114.878452 134.977167
114.878452 135.364633
114.878452 135.752100
114.878452 136.139567
114.878452 136.527034
114.878452 136.914501
115.265919 137.301967
115.265919 137.689434
115.265919 138.076901
115.265919 138.464368
115.265919 138.851834
115.653386 139.239301
115.653386 139.626768
115.265919 140.014235
114.878452 140.789168
114.490985 141.176635
114.103518 141.951569
113.716052 141.176635
113.328585 140.789168
112.553651 140.401702
112.166185 140.014235
111.778718 139.239301
111.003784 138.851834
110.616317 138.464368
110.228851 138.076901
109.841384 137.301967
109.066450 136.914501
108.678983 136.527034
108.291517 135.752100
107.516583 135.364633
107.129116 134.977167
106.741650 134.589700
105.966716 133.814766
105.579249 133.427299
105.191782 133.039833
104.416849 132.652366
104.029382 131.877432
103.641915 131.489966
102.866982 131.102499
102.479515 130.715032
102.092048 129.940098
101.704581 129.552632
101.317115 129.165165
100.929648 128.777698
100.542181 128.390231
100.154714 127.615298
99.767247 127.227831
99.767247 126.840364
99.379781 126.452897
98.992314 126.065431
98.604847 125.290497
98.217380 124.903030
98.217380 124.515563
97.829913 124.128097
97.442447 123.740630
97.054980 122.965696
96.667513 122.578229
96.280046 122.190763
96.280046 121.803296
95.892580 121.415829
95.505113 120.640896
95.117646 120.253429
94.730179 119.865962
94.730179 119.478495
94.342712 119.091028
93.955246 118.316095
93.567779 117.928628
93.180312 117.541161
93.180312 117.153694
92.792845 116.766228
92.405378 115.991294
92.017912 115.603827
91.630445 115.216361
91.242978 114.828894
91.242978 114.441427
90.855511 113.666493
90.855511 113.279027
90.468045 112.891560
90.468045 112.504093
90.468045 112.116626
90.080578 111.341693
90.080578 110.954226
90.080578 110.566759
89.693111 110.179292
89.693111 109.791826
89.693111 109.016892
89.305644 108.629425
89.305644 108.241958
89.305644 107.854492
88.918177 107.467025
88.918177 106.692091
88.530711 106.304624
88.530711 105.917158
88.530711 105.529691
88.143244 104.754757
88.530711 104.367291
88.530711 103.979824
88.918177 103.592357
89.305644 103.204890
89.693111 102.817423
90.080578 102.429957
90.080578 102.042490
90.468045 101.267556
90.855511 100.880089
91.242978 100.492623
91.630445 100.105156
91.630445 99.717689
92.017912 99.330222
92.405378 98.942756
92.792845 98.555289
93.180312 98.167822
93.567779 97.780355
93.955246 97.392888
94.342712 97.005422
94.730179 97.005422
95.505113 96.617955
95.892580 96.617955
96.280046 96.617955
96.667513 96.230488
97.054980 96.230488
97.442447 96.230488
97.829913 96.230488
98.217380 95.843021
98.604847 95.843021
98.992314 95.843021
99.379781 95.455554
99.767247 95.455554
100.154714 95.455554
100.542181 95.455554
100.929648 95.068088
101.317115 95.068088
101.704581 95.068088
102.092048 94.680621
102.479515 94.680621
102.866982 94.680621
103.254448 94.680621
103.641915 94.293154
104.029382 94.293154
104.416849 94.293154
104.804316 94.293154
105.191782 94.293154
105.579249 94.293154
105.966716 94.293154
106.354183 94.293154
106.741650 94.293154
107.129116 94.293154
107.904050 94.293154
108.291517 94.293154
108.678983 94.293154
109.453917 94.293154
109.841384 93.905687
110.228851 93.905687
111.003784 93.905687
111.391251 93.905687
111.778718 93.905687
112.553651 93.905687
112.941118 93.905687
113.328585 93.905687
114.103518 93.905687
114.490985 93.905687
114.878452 93.905687
115.653386 93.905687
116.040852 93.518221
116.428319 93.518221
117.203253 93.518221
117.590720 93.518221
117.978186 93.518221
118.753120 93.518221
119.140587 93.518221
119.528053 93.518221
119.915520 93.518221
120.690454 93.518221
121.077921 93.518221
121.465387 93.130754
122.240321 93.130754
122.627788 93.130754
123.015255 93.130754
123.790188 93.130754
124.177655 93.130754
124.565122 93.130754
124.952588 92.743287
125.340055 92.355820
125.340055 91.968353
125.727522 91.580887
126.114989 91.193420
126.114989 90.805953
126.502456 90.418486
126.889922 90.031019
127.664856 90.031019
128.052323 90.031019
128.439790 89.643553
128.827256 89.643553
129.214723 89.643553
129.602190 89.256086
129.989657 89.256086
130.377123 89.256086
131.152057 89.256086
131.539524 88.868619
132.314457 88.868619
132.701924 88.868619
133.089391 88.481152
133.864325 88.481152
134.251791 88.481152
134.639258 88.481152
135.414192 88.093686
135.801658 88.093686
136.189125 88.093686
136.964059 87.706219
137.351526 87.706219
138.126459 87.706219
138.513926 87.706219
138.901393 87.318752
139.676326 87.318752
140.063793 87.318752
140.451260 86.931285
141.226193 86.931285
141.613660 86.931285
142.388594 86.931285
142.776061 86.543818
143.163527 86.543818
143.938461 86.543818
144.325928 86.156352
144.713395 86.156352
145.488328 86.156352
145.875795 86.156352
146.263262 86.156352
146.650728 86.156352
147.038195 86.543818
147.425662 86.543818
147.813129 86.543818
148.200596 86.543818
148.588062 86.543818
148.975529 86.931285
149.362996 86.931285
149.750463 86.931285
150.137930 87.318752
150.525396 87.706219
150.912863 87.706219
150.525396 87.706219
150.137930 87.706219
150.525396 87.706219
