164.283583 77.684445
163.728866 78.239162
163.174150 78.793878
162.619434 79.903311
162.064717 80.458028
161.510001 81.012744
160.955284 81.567460
160.400568 82.122177
159.845851 83.231610
159.845851 83.786326
159.291135 84.341043
158.736418 84.895759
158.181702 85.450476
157.626985 86.559909
157.072269 87.114625
156.517552 87.114625
155.962836 87.114625
155.408120 87.114625
154.853403 87.114625
154.298687 87.114625
154.298687 87.669342
153.743970 87.669342
153.189254 87.669342
152.634537 87.669342
152.079821 88.224058
151.525104 88.224058
150.970388 88.224058
150.415671 88.224058
149.860955 88.224058
149.860955 88.778774
149.306239 88.778774
148.751522 88.778774
148.196806 89.333491
147.642089 89.333491
147.087373 89.333491
146.532656 89.333491
145.977940 89.888207
145.423223 89.888207
144.868507 89.888207
144.313790 89.888207
143.759074 89.888207
143.759074 90.442924
143.204357 90.442924
142.649641 90.442924
142.094925 90.997640
141.540208 90.997640
140.985492 90.997640
140.430775 90.997640
140.430775 91.552357
139.876059 91.552357
139.321342 92.107073
138.766626 92.107073
138.211909 92.107073
137.657193 92.107073
137.657193 92.661790
137.102476 92.661790
136.547760 92.661790
136.547760 93.216506
135.993043 93.216506
135.438327 93.771223
134.883611 93.771223
134.883611 94.325939
134.328894 94.325939
133.774178 94.880656
133.219461 94.880656
132.664745 95.435372
132.110028 95.435372
132.110028 95.990088
131.555312 95.990088
131.000595 96.544805
130.445879 97.099521
129.891162 97.099521
129.336446 97.654238
128.781729 97.654238
128.781729 98.208954
128.227013 98.208954
128.227013 98.763671
127.672297 98.763671
127.117580 99.318387
126.562864 99.318387
126.562864 99.873104
126.008147 100.427820
125.453431 100.982537
124.898714 101.537253
124.343998 101.537253
124.343998 102.091970
123.789281 102.646686
123.234565 103.201402
122.679848 103.756119
122.125132 104.310835
121.570415 104.865552
121.015699 105.420268
121.015699 105.974985
120.460983 106.529701
119.906266 107.084418
119.351550 107.639134
119.351550 108.193851
118.796833 108.748567
118.242117 109.303284
118.242117 109.858000
117.687400 110.412716
117.132684 110.967433
117.132684 111.522149
116.577967 112.076866
116.577967 112.631582
116.023251 113.186299
115.468534 113.741015
115.468534 114.295732
114.913818 114.850448
114.913818 115.405165
114.359101 115.959881
114.359101 116.514597
114.359101 117.069314
113.804385 117.624030
113.804385 118.178747
113.249669 118.733463
113.249669 119.288180
113.249669 119.842896
112.694952 120.397613
112.694952 120.952329
112.694952 121.507046
112.140236 122.061762
112.140236 122.616479
112.140236 123.171195
112.140236 123.725911
111.585519 124.280628
111.585519 124.835344
111.585519 125.390061
111.585519 125.944777
111.030803 126.499494
111.030803 127.054210
111.030803 127.608927
111.030803 128.163643
111.030803 128.718360
111.030803 129.273076
111.030803 129.827793
110.476086 130.382509
110.476086 130.937225
110.476086 131.491942
110.476086 132.046658
110.476086 132.601375
110.476086 133.156091
110.476086 133.710808
110.476086 134.265524
110.476086 134.820241
110.476086 135.374957
110.476086 135.929674
110.476086 136.484390
110.476086 137.039107
110.476086 137.593823
110.476086 138.148539
110.476086 138.703256
110.476086 139.257972
110.476086 139.812689
110.476086 140.367405
111.030803 140.922122
111.030803 141.476838
111.030803 142.031555
111.030803 142.586271
110.476086 143.140988
109.921370 143.695704
109.366653 144.805137
108.811937 144.805137
108.257220 144.805137
107.702504 144.805137
106.593071 144.805137
106.038355 144.805137
105.483638 144.805137
104.928922 144.805137
104.374205 144.805137
103.819489 144.805137
103.264772 144.805137
102.710056 144.805137
102.155339 144.250421
101.600623 143.695704
100.491190 143.140988
99.936473 142.586271
99.381757 142.031555
98.827041 141.476838
98.272324 140.922122
97.717608 140.922122
96.608175 140.367405
96.053458 139.812689
95.498742 139.257972
94.944025 138.703256
94.389309 138.148539
93.834592 137.593823
92.725159 137.039107
92.170443 136.484390
91.615727 136.484390
91.061010 135.929674
90.506294 135.374957
89.951577 134.820241
89.396861 134.265524
88.287428 133.710808
87.732711 133.156091
87.177995 132.601375
86.623278 132.601375
86.068562 131.491942
84.959129 130.937225
84.404413 130.382509
83.849696 129.827793
83.294980 129.273076
82.185547 128.718360
81.630830 128.163643
81.076114 127.054210
80.521397 126.499494
79.411964 125.944777
78.857248 125.390061
78.302531 124.835344
77.747815 124.280628
76.638382 123.725911
76.083666 122.616479
75.528949 122.061762
74.974233 121.507046
74.419516 120.952329
73.310083 120.397613
72.755367 119.842896
72.200650 118.733463
72.200650 118.178747
71.645934 117.624030
71.091217 117.069314
71.091217 116.514597
70.536501 115.959881
69.981785 114.850448
69.981785 114.295732
69.427068 113.741015
68.872352 113.186299
68.872352 112.631582
68.317635 111.522149
67.762919 110.967433
67.762919 110.412716
67.208202 109.858000
66.653486 109.303284
66.098769 108.193851
66.098769 107.639134
65.544053 107.084418
64.989336 106.529701
64.989336 105.974985
64.434620 104.865552
63.879904 104.310835
63.879904 103.756119
63.325187 103.201402
63.325187 102.646686
63.325187 101.537253
63.879904 100.982537
63.879904 100.427820
63.879904 99.873104
63.879904 99.318387
63.879904 98.763671
64.434620 98.208954
64.434620 97.099521
64.434620 96.544805
64.434620 95.990088
64.434620 95.435372
64.989336 94.880656
64.989336 94.325939
64.989336 93.771223
64.989336 92.661790
64.989336 92.107073
65.544053 91.552357
65.544053 90.997640
65.544053 90.442924
66.098769 89.888207
66.653486 89.333491
67.208202 88.778774
67.762919 88.224058
68.317635 87.669342
68.872352 87.114625
69.427068 87.114625
69.981785 86.559909
70.536501 86.005192
71.091217 85.450476
71.645934 84.895759
72.200650 84.341043
72.755367 83.786326
73.310083 83.231610
73.864800 82.676893
74.419516 82.122177
74.974233 82.122177
75.528949 81.567460
76.638382 81.012744
77.193099 81.012744
77.747815 80.458028
78.302531 80.458028
78.857248 79.903311
79.411964 79.348595
79.966681 79.348595
80.521397 78.793878
81.076114 78.793878
81.630830 78.239162
82.185547 77.684445
82.740263 77.684445
83.294980 77.129729
83.849696 77.129729
84.404413 76.575012
84.959129 76.020296
85.513845 76.020296
86.068562 75.465579
86.623278 75.465579
87.177995 75.465579
88.287428 74.910863
88.842144 74.910863
89.396861 74.910863
89.951577 74.356146
90.506294 74.356146
91.061010 74.356146
91.615727 73.801430
92.170443 73.801430
92.725159 73.801430
93.279876 73.801430
94.389309 73.246714
94.944025 73.246714
95.498742 73.246714
96.053458 72.691997
96.608175 72.691997
97.162891 72.691997
97.717608 72.137281
98.272324 72.137281
98.827041 72.137281
99.936473 72.137281
100.491190 72.137281
101.045906 72.137281
102.155339 72.137281
102.710056 72.137281
103.264772 71.582564
103.819489 71.582564
104.928922 71.582564
105.483638 71.582564
106.038355 71.582564
107.147787 71.582564
107.702504 71.582564
108.257220 71.582564
108.811937 71.582564
109.921370 71.582564
110.476086 71.582564
111.030803 71.582564
111.585519 71.027848
112.694952 71.027848
113.249669 71.027848
113.804385 71.027848
114.913818 71.027848
115.468534 71.027848
116.023251 71.027848
116.577967 71.027848
117.132684 71.027848
117.687400 70.473131
118.242117 70.473131
118.796833 70.473131
119.351550 69.918415
119.906266 69.918415
120.460983 69.918415
121.015699 69.363698
121.570415 69.363698
122.125132 69.363698
122.679848 69.363698
123.234565 68.808982
123.789281 68.808982
124.343998 68.808982
125.453431 68.254265
126.008147 68.254265
126.562864 68.254265
127.117580 68.254265
127.672297 67.699549
128.227013 67.699549
128.781729 67.699549
129.336446 67.699549
129.891162 67.144832
130.445879 67.144832
131.000595 67.144832
131.555312 67.144832
132.110028 66.590116
132.664745 66.590116
133.219461 66.590116
133.774178 66.590116
134.328894 66.035400
134.883611 66.035400
135.438327 66.035400
135.993043 66.035400
136.547760 66.035400
137.102476 66.035400
137.657193 65.480683
138.211909 65.480683
139.321342 65.480683
139.876059 65.480683
140.430775 65.480683
140.985492 65.480683
141.540208 65.480683
142.094925 64.925967
142.649641 64.925967
143.204357 64.925967
143.759074 64.925967
144.868507 64.925967
145.423223 65.480683
145.977940 65.480683
146.532656 65.480683
147.087373 65.480683
148.196806 66.035400
148.751522 66.035400
149.306239 66.035400
149.860955 66.590116
150.415671 66.590116
151.525104 66.590116
152.079821 67.144832
152.634537 67.144832
153.189254 67.144832
153.743970 67.144832
154.853403 67.699549
155.408120 67.699549
155.962836 68.254265
156.517552 68.808982
157.072269 68.808982
157.626985 69.363698
158.181702 69.918415
158.736418 70.473131
159.291135 70.473131
159.845851 71.027848
160.400568 71.582564
160.955284 72.137281
161.510001 72.137281
162.064717 72.691997
162.619434 73.246714
163.174150 73.801430
163.728866 73.801430
164.283583 74.356146
165.393016 74.910863
165.947732 75.465579
166.502449 75.465579
166.502449 76.020296
165.947732 76.575012
165.393016 77.129729
164.838299 77.684445
164.283583 77.684445
