161.808964 77.122783
161.305532 77.626216
160.802099 78.129649
160.298667 79.136514
159.795234 79.639946
158.788369 80.143379
158.284936 81.150244
157.781504 81.653677
157.278071 82.157110
156.774638 82.660542
156.271206 83.163975
155.767773 83.163975
155.264341 83.163975
154.760908 83.163975
154.257475 83.163975
153.754043 83.163975
153.754043 83.667407
153.250610 83.667407
152.747177 83.667407
152.243745 83.667407
151.740312 83.667407
151.236880 83.667407
150.733447 84.170840
150.230014 84.170840
149.726582 84.170840
149.223149 84.170840
148.719717 84.674273
148.216284 84.674273
147.712851 84.674273
147.209419 84.674273
146.705986 85.177705
146.202553 85.177705
145.699121 85.177705
145.195688 85.177705
145.195688 85.681138
144.692256 85.681138
144.188823 85.681138
143.685390 85.681138
143.685390 86.184570
143.181958 86.184570
142.678525 86.184570
142.175093 86.184570
142.175093 86.688003
141.671660 86.688003
141.168227 87.191436
140.664795 87.191436
140.161362 87.191436
139.657930 87.191436
139.657930 87.694868
139.154497 87.694868
138.651064 87.694868
138.651064 88.198301
138.147632 88.198301
137.644199 88.701733
137.140766 88.701733
136.637334 89.205166
136.133901 89.205166
135.630469 89.708599
135.127036 89.708599
134.623603 90.212031
134.120171 90.212031
134.120171 90.715464
133.616738 90.715464
133.113306 90.715464
133.113306 91.218897
132.609873 91.218897
132.106440 91.722329
131.603008 91.722329
131.603008 92.225762
131.099575 92.225762
130.596143 92.729194
130.092710 93.232627
129.589277 93.232627
129.589277 93.736060
129.085845 93.736060
128.582412 94.239492
128.078979 94.742925
127.575547 94.742925
127.575547 95.246357
127.072114 95.246357
127.072114 95.749790
126.568682 95.749790
126.065249 96.253223
125.561816 96.756655
125.058384 96.756655
125.058384 97.260088
124.554951 97.763521
124.051519 97.763521
124.051519 98.266953
123.548086 98.770386
123.044653 99.273818
122.541221 99.273818
122.541221 99.777251
122.037788 100.280684
121.534356 100.784116
121.030923 101.287549
120.527490 101.790981
120.527490 102.294414
120.024058 102.797847
119.520625 103.301279
119.017192 103.804712
118.513760 104.308144
118.513760 104.811577
118.010327 105.315010
117.506895 105.818442
117.003462 106.321875
117.003462 106.825308
116.500029 107.328740
115.996597 107.832173
115.996597 108.335605
115.493164 108.839038
115.493164 109.342471
114.989732 109.845903
114.486299 110.349336
114.486299 110.852768
113.982866 111.356201
113.982866 111.859634
113.479434 112.363066
113.479434 112.866499
112.976001 113.369931
112.976001 113.873364
112.472568 114.376797
112.472568 114.880229
111.969136 115.383662
111.969136 115.887095
111.969136 116.390527
111.465703 116.893960
111.465703 117.397392
110.962271 117.900825
110.962271 118.404258
110.962271 118.907690
110.458838 119.411123
110.458838 119.914555
110.458838 120.417988
109.955405 120.921421
109.955405 121.424853
109.955405 121.928286
109.451973 122.431718
109.451973 122.935151
109.451973 123.438584
109.451973 123.942016
108.948540 124.445449
108.948540 124.948882
108.948540 125.452314
108.948540 125.955747
108.445108 126.459179
108.445108 126.962612
108.445108 127.466045
108.445108 127.969477
108.445108 128.472910
108.445108 128.976342
107.941675 129.479775
107.941675 129.983208
107.941675 130.486640
107.941675 130.990073
107.941675 131.493506
107.941675 131.996938
107.941675 132.500371
107.941675 133.003803
107.941675 133.507236
107.941675 134.010669
107.941675 134.514101
107.438242 135.017534
107.438242 135.520966
107.438242 136.024399
107.438242 136.527832
107.438242 137.031264
107.438242 137.534697
107.438242 138.038129
107.438242 138.541562
107.438242 139.044995
107.438242 139.548427
106.934810 140.051860
106.431377 140.555293
105.927945 140.555293
105.424512 140.051860
104.921079 139.548427
104.417647 139.548427
103.410781 139.044995
102.907349 139.044995
102.403916 138.541562
101.900484 138.038129
101.397051 138.038129
100.893618 137.534697
100.390186 137.031264
99.383321 137.031264
98.879888 136.527832
98.376455 136.024399
97.369590 135.520966
96.866158 135.017534
96.362725 134.514101
95.859292 134.010669
94.852427 133.507236
94.348994 132.500371
93.845562 131.996938
92.838697 131.493506
92.335264 130.990073
91.831831 130.486640
91.328399 129.983208
90.321534 129.479775
89.818101 128.976342
89.314668 128.472910
88.307803 127.969477
87.804371 127.466045
87.300938 126.962612
86.797505 126.459179
85.790640 125.955747
85.287207 125.452314
84.783775 124.948882
83.776910 124.445449
83.273477 123.942016
82.770044 122.935151
82.266612 122.431718
81.259747 121.928286
80.756314 121.424853
80.252881 120.921421
79.246016 120.417988
78.742583 119.914555
78.239151 119.411123
77.735718 118.907690
77.232286 118.404258
76.728853 117.900825
76.225420 116.893960
76.225420 116.390527
75.721988 115.887095
75.218555 115.383662
74.715123 114.376797
74.211690 113.873364
74.211690 113.369931
73.708257 112.866499
73.204825 112.363066
72.701392 111.356201
72.701392 110.852768
72.197960 110.349336
71.694527 109.845903
71.191094 108.839038
70.687662 108.335605
70.687662 107.832173
70.184229 107.328740
69.680796 106.321875
69.177364 105.818442
68.673931 105.315010
68.673931 104.811577
68.170499 104.308144
67.667066 103.804712
67.667066 102.797847
67.667066 102.294414
67.667066 101.790981
67.667066 101.287549
67.667066 100.784116
67.667066 100.280684
67.667066 99.777251
67.667066 99.273818
67.667066 98.770386
67.667066 98.266953
67.667066 97.763521
67.667066 97.260088
67.667066 96.756655
68.170499 96.253223
68.170499 95.749790
68.170499 95.246357
68.170499 94.742925
68.673931 94.239492
69.177364 93.736060
69.680796 93.232627
70.184229 92.729194
70.687662 92.225762
71.694527 91.722329
72.197960 91.218897
72.701392 90.715464
73.204825 90.212031
73.708257 89.708599
74.211690 89.205166
75.218555 88.701733
75.721988 88.701733
76.225420 88.198301
76.728853 87.694868
77.232286 87.191436
77.735718 86.688003
78.239151 86.688003
78.742583 86.184570
79.246016 86.184570
79.749449 85.681138
80.252881 85.177705
80.756314 85.177705
81.259747 84.674273
81.763179 84.674273
82.266612 84.170840
82.770044 83.667407
83.273477 83.667407
83.776910 83.163975
84.280342 83.163975
84.783775 82.660542
85.790640 82.660542
86.294073 82.157110
86.797505 81.653677
87.300938 81.653677
87.804371 81.150244
88.307803 81.150244
88.811236 80.646812
89.314668 80.143379
89.818101 80.143379
90.321534 79.639946
90.824966 79.639946
91.328399 79.136514
91.831831 78.633081
92.335264 78.633081
92.838697 78.129649
93.342129 78.129649
93.845562 77.626216
94.348994 77.626216
94.852427 77.626216
95.355860 77.626216
95.859292 77.626216
96.362725 77.122783
96.866158 77.122783
97.369590 77.122783
97.873023 77.122783
98.376455 77.122783
98.879888 77.122783
99.383321 77.122783
99.886753 77.122783
100.390186 77.122783
100.893618 76.619351
101.397051 76.619351
101.900484 76.619351
102.403916 76.619351
102.907349 76.619351
103.410781 76.619351
103.914214 76.619351
104.417647 76.619351
104.921079 76.619351
105.424512 76.619351
105.927945 76.115918
106.431377 76.115918
106.934810 76.115918
107.438242 76.115918
107.941675 76.115918
108.445108 76.115918
108.948540 76.115918
109.451973 76.115918
109.955405 76.115918
110.458838 75.612486
110.962271 75.612486
111.465703 75.612486
111.969136 75.612486
112.472568 75.612486
112.976001 75.612486
113.479434 75.612486
113.982866 75.612486
114.486299 75.612486
114.989732 75.109053
115.493164 75.109053
115.996597 75.109053
116.500029 75.109053
117.003462 75.109053
117.506895 75.109053
118.010327 75.109053
118.513760 75.109053
119.017192 75.109053
120.024058 74.605620
120.527490 74.605620
121.030923 74.102188
121.534356 74.102188
122.037788 73.598755
123.044653 73.598755
123.548086 73.095323
124.051519 73.095323
124.554951 72.591890
125.058384 72.591890
126.065249 72.088457
126.568682 72.088457
127.072114 71.585025
127.575547 71.585025
128.078979 71.081592
129.085845 71.081592
129.589277 70.578159
130.092710 70.578159
130.596143 70.074727
131.603008 70.074727
132.106440 69.571294
132.609873 69.571294
133.113306 69.571294
133.616738 69.067862
134.120171 69.067862
134.623603 69.067862
135.630469 68.564429
136.133901 68.564429
136.637334 68.060996
137.140766 68.060996
137.644199 68.060996
138.147632 67.557564
138.651064 67.557564
139.154497 67.557564
139.657930 68.060996
140.664795 68.060996
141.168227 68.060996
141.671660 68.060996
142.175093 68.060996
142.678525 68.060996
143.181958 68.564429
143.685390 68.564429
144.188823 68.564429
144.692256 68.564429
145.195688 68.564429
146.202553 68.564429
146.705986 69.067862
147.209419 69.067862
147.712851 69.067862
148.216284 69.067862
148.719717 69.067862
149.223149 69.067862
149.726582 69.571294
150.230014 69.571294
150.733447 70.074727
151.740312 70.578159
152.243745 70.578159
152.747177 71.081592
153.250610 71.081592
153.754043 71.585025
154.257475 72.088457
154.760908 72.088457
155.264341 72.591890
155.767773 72.591890
156.774638 73.095323
157.278071 73.095323
157.781504 73.598755
158.284936 74.102188
158.788369 74.102188
159.291801 74.102188
159.795234 74.102188
160.298667 74.102188
160.802099 74.102188
161.305532 74.605620
161.305532 75.612486
161.305532 76.115918
161.808964 76.619351
161.808964 77.122783
