173.458173 86.103740
172.848659 86.713254
172.239146 86.713254
171.020119 87.322767
170.410606 87.932281
169.801093 88.541794
169.191579 89.151307
168.582066 89.151307
167.972552 89.151307
167.363039 88.541794
166.753526 88.541794
166.144012 88.541794
165.534499 87.932281
164.924986 87.932281
164.315472 87.932281
163.705959 87.322767
163.096446 87.322767
162.486932 87.322767
161.877419 87.322767
161.267906 86.713254
160.658392 86.713254
160.048879 86.713254
159.439366 86.713254
158.829852 86.713254
158.220339 86.713254
157.610825 86.103740
157.001312 86.103740
156.391799 86.103740
155.782285 86.103740
155.172772 86.103740
154.563259 86.103740
153.953745 86.103740
153.344232 86.103740
152.734719 86.103740
152.125205 86.103740
151.515692 86.103740
150.906179 86.103740
150.296665 86.103740
149.687152 86.103740
149.077639 86.103740
148.468125 86.103740
148.468125 86.713254
147.858612 86.713254
147.249098 86.713254
146.639585 86.713254
146.030072 86.713254
145.420558 86.713254
144.811045 86.713254
144.811045 87.322767
144.201532 87.322767
143.592018 87.322767
142.982505 87.322767
142.372992 87.322767
142.372992 87.932281
141.763478 87.932281
141.153965 87.932281
140.544452 87.932281
140.544452 88.541794
139.934938 88.541794
139.325425 88.541794
138.715912 88.541794
138.715912 89.151307
138.106398 89.151307
137.496885 89.760821
136.887371 89.760821
136.277858 90.370334
135.668345 90.370334
135.058831 90.370334
135.058831 90.979847
134.449318 91.589361
133.839805 91.589361
133.230291 91.589361
133.230291 92.198874
132.620778 92.198874
132.011265 92.198874
132.011265 92.808387
131.401751 92.808387
130.792238 92.808387
130.792238 93.417901
130.182725 93.417901
129.573211 93.417901
129.573211 94.027414
128.963698 94.027414
128.963698 94.636927
128.354185 94.636927
127.744671 94.636927
127.744671 95.246441
127.135158 95.855954
126.525644 95.855954
125.916131 96.465467
125.306618 96.465467
125.306618 97.074981
124.697104 97.684494
124.087591 97.684494
124.087591 98.294008
123.478078 98.903521
122.868564 98.903521
122.868564 99.513034
122.259051 100.122548
121.649538 100.732061
121.040024 100.732061
121.040024 101.341574
120.430511 101.951088
119.820998 102.560601
119.211484 102.560601
119.211484 103.170114
119.211484 103.779628
118.601971 104.389141
117.992458 104.998654
117.992458 105.608168
117.382944 106.217681
116.773431 106.827194
116.773431 107.436708
116.163917 108.046221
116.163917 108.655735
115.554404 109.265248
115.554404 109.874761
114.944891 110.484275
114.944891 111.093788
114.335377 111.703301
113.725864 112.312815
113.725864 112.922328
113.116351 113.531841
113.116351 114.141355
112.506837 114.750868
112.506837 115.360381
111.897324 115.969895
111.897324 116.579408
111.897324 117.188921
111.287811 117.798435
111.287811 118.407948
111.287811 119.017462
110.678297 119.626975
110.678297 120.236488
110.678297 120.846002
110.678297 121.455515
110.068784 122.065028
110.068784 122.674542
110.068784 123.284055
110.068784 123.893568
110.068784 124.503082
110.068784 125.112595
109.459271 125.722108
109.459271 126.331622
109.459271 126.941135
109.459271 127.550648
109.459271 128.160162
109.459271 128.769675
109.459271 129.379188
109.459271 129.988702
109.459271 130.598215
109.459271 131.207729
109.459271 131.817242
109.459271 132.426755
108.849757 133.036269
108.240244 133.645782
107.021217 134.255295
106.411704 134.864809
105.802191 135.474322
105.192677 136.083835
104.583164 136.083835
103.973650 136.693349
102.754624 137.302862
102.145110 137.912375
101.535597 138.521889
100.926084 138.521889
100.316570 138.521889
99.707057 138.521889
99.097544 138.521889
98.488030 138.521889
97.878517 138.521889
97.269004 138.521889
96.659490 138.521889
95.440464 138.521889
94.830950 138.521889
94.221437 138.521889
93.611923 139.131402
93.002410 139.131402
92.392897 139.131402
91.783383 139.131402
91.173870 139.131402
90.564357 139.131402
89.954843 139.131402
89.345330 139.131402
88.735817 139.131402
88.126303 138.521889
87.516790 137.912375
86.907277 137.302862
86.297763 136.693349
85.688250 136.083835
85.078737 135.474322
84.469223 134.864809
83.859710 134.255295
83.250196 133.645782
82.640683 133.036269
82.031170 132.426755
81.421656 131.207729
81.421656 130.598215
80.812143 129.988702
79.593116 129.379188
78.983603 128.769675
78.374090 128.160162
77.764576 127.550648
77.155063 126.941135
76.545550 126.331622
75.936036 125.722108
75.326523 125.112595
74.717010 123.893568
74.107496 123.284055
73.497983 122.674542
73.497983 122.065028
72.888469 121.455515
72.888469 120.846002
72.278956 120.236488
72.278956 119.626975
72.278956 119.017462
71.669443 118.407948
71.669443 117.798435
71.669443 117.188921
71.059929 116.579408
71.059929 115.969895
71.059929 115.360381
70.450416 114.750868
70.450416 114.141355
70.450416 113.531841
71.059929 112.922328
71.059929 111.703301
71.059929 111.093788
71.059929 110.484275
71.059929 109.874761
71.059929 109.265248
71.059929 108.046221
71.669443 107.436708
71.669443 106.827194
71.669443 106.217681
71.669443 105.608168
71.669443 104.389141
71.669443 103.779628
71.669443 103.170114
72.278956 102.560601
72.278956 101.951088
72.278956 100.732061
72.278956 100.122548
72.278956 99.513034
72.278956 98.903521
72.278956 98.294008
72.888469 97.074981
72.888469 96.465467
72.888469 95.855954
72.888469 95.246441
72.888469 94.636927
72.888469 94.027414
72.888469 93.417901
72.888469 92.808387
72.888469 92.198874
73.497983 91.589361
73.497983 90.979847
73.497983 90.370334
73.497983 89.760821
73.497983 89.151307
74.107496 88.541794
74.107496 87.932281
74.107496 87.322767
74.107496 86.713254
74.717010 85.494227
74.717010 84.884714
74.717010 84.275200
74.717010 83.665687
75.326523 83.056174
75.326523 82.446660
75.326523 81.837147
75.326523 81.227634
75.936036 80.618120
76.545550 80.008607
77.155063 79.399094
77.764576 78.789580
78.374090 78.180067
78.374090 77.570554
78.983603 76.961040
79.593116 76.351527
80.202630 75.132500
80.812143 74.522987
81.421656 73.913473
82.031170 73.303960
82.640683 72.694447
83.250196 72.084933
83.859710 71.475420
84.469223 70.865907
85.078737 70.256393
85.688250 70.256393
86.297763 69.646880
86.907277 69.037367
87.516790 68.427853
88.126303 68.427853
88.735817 67.818340
89.954843 67.208827
90.564357 66.599313
91.173870 66.599313
91.783383 65.989800
92.392897 65.380286
93.002410 64.770773
93.611923 64.161260
94.221437 64.161260
94.830950 63.551746
95.440464 62.942233
96.049977 62.332720
96.659490 62.332720
97.269004 61.723206
97.878517 61.113693
99.097544 61.113693
99.707057 60.504180
100.316570 60.504180
100.926084 59.894666
101.535597 59.894666
102.145110 59.285153
102.754624 58.675640
103.973650 58.675640
104.583164 58.066126
105.192677 58.066126
105.802191 57.456613
106.411704 57.456613
107.021217 56.847100
108.240244 56.847100
108.849757 56.847100
109.459271 56.847100
110.068784 56.847100
110.678297 56.847100
111.897324 56.847100
112.506837 56.847100
113.116351 56.847100
113.725864 56.237586
114.335377 56.237586
114.944891 56.237586
116.163917 56.237586
116.773431 56.237586
117.382944 56.237586
117.992458 56.237586
118.601971 56.237586
119.820998 56.237586
120.430511 55.628073
121.040024 55.628073
121.649538 55.628073
122.259051 55.628073
122.868564 55.628073
124.087591 55.628073
124.697104 55.628073
125.306618 55.628073
125.916131 55.628073
126.525644 55.628073
127.135158 55.018559
127.744671 55.018559
128.963698 55.018559
129.573211 55.018559
130.182725 55.018559
130.792238 55.018559
131.401751 55.018559
132.011265 55.018559
133.230291 55.018559
133.839805 54.409046
134.449318 54.409046
135.058831 54.409046
135.668345 54.409046
136.277858 54.409046
137.496885 54.409046
138.106398 54.409046
138.715912 54.409046
139.325425 54.409046
139.934938 54.409046
140.544452 54.409046
141.153965 54.409046
141.763478 54.409046
142.982505 54.409046
143.592018 54.409046
144.201532 54.409046
144.811045 54.409046
145.420558 54.409046
146.030072 55.018559
146.639585 55.018559
147.249098 55.018559
148.468125 55.018559
149.077639 55.018559
149.687152 55.018559
150.296665 55.018559
150.906179 55.018559
151.515692 55.018559
152.125205 55.018559
152.734719 55.018559
153.344232 55.018559
154.563259 55.018559
155.172772 55.018559
155.782285 55.018559
156.391799 55.018559
157.001312 55.018559
157.610825 55.018559
158.220339 55.628073
158.829852 55.628073
159.439366 55.628073
160.048879 55.628073
160.658392 55.628073
161.877419 56.237586
162.486932 56.237586
163.096446 56.847100
163.705959 56.847100
164.315472 57.456613
164.924986 57.456613
165.534499 57.456613
166.753526 58.066126
167.363039 58.066126
167.972552 58.675640
168.582066 58.675640
169.191579 59.285153
169.801093 59.285153
170.410606 59.894666
171.020119 60.504180
172.239146 61.113693
172.848659 61.723206
173.458173 62.332720
174.067686 62.942233
174.677199 63.551746
175.286713 64.161260
175.896226 64.770773
176.505739 65.380286
176.505739 65.989800
177.115253 66.599313
177.115253 67.208827
177.724766 67.818340
177.724766 68.427853
177.724766 69.646880
178.334279 70.256393
178.334279 70.865907
178.943793 71.475420
178.943793 72.084933
179.553306 72.694447
179.553306 73.303960
180.162820 73.913473
180.162820 74.522987
179.553306 75.132500
179.553306 75.742013
178.943793 76.961040
178.943793 77.570554
178.334279 78.180067
178.334279 78.789580
178.334279 79.399094
177.724766 80.618120
177.724766 81.227634
177.115253 81.837147
177.115253 82.446660
176.505739 83.056174
176.505739 84.275200
176.505739 84.884714
175.896226 85.494227
175.896226 86.103740
175.286713 86.713254
174.677199 86.713254
174.067686 86.103740
173.458173 86.103740
