169.014884 84.082241
168.441144 84.655981
167.867405 85.229720
167.293666 85.803459
166.146187 85.803459
165.572448 85.803459
164.998708 85.803459
164.424969 85.229720
163.851229 85.229720
163.277490 85.229720
162.703751 85.229720
162.130011 84.655981
161.556272 84.655981
160.982533 84.655981
160.408793 84.655981
159.835054 84.655981
159.261315 84.655981
158.687575 84.655981
158.113836 84.082241
157.540097 84.082241
156.966357 84.082241
156.392618 84.082241
155.818879 84.082241
155.245139 84.082241
154.671400 84.082241
154.097661 84.082241
153.523921 84.082241
152.950182 84.082241
152.376442 84.082241
151.802703 84.082241
151.228964 84.082241
150.655224 84.082241
150.081485 84.082241
149.507746 84.655981
148.934006 84.655981
148.360267 84.655981
147.786528 84.655981
147.212788 84.655981
146.639049 84.655981
146.065310 84.655981
145.491570 85.229720
144.917831 85.229720
144.344092 85.229720
143.770352 85.229720
143.196613 85.803459
142.622874 85.803459
142.049134 85.803459
141.475395 85.803459
141.475395 86.377199
140.901655 86.377199
140.327916 86.377199
139.754177 86.950938
139.180437 86.950938
138.606698 87.524677
138.032959 87.524677
137.459219 87.524677
136.885480 88.098417
136.311741 88.098417
135.738001 88.672156
135.164262 88.672156
135.164262 89.245895
134.590523 89.245895
134.016783 89.819635
133.443044 89.819635
132.869305 89.819635
132.869305 90.393374
132.295565 90.967113
131.721826 90.967113
131.148087 91.540853
130.574347 91.540853
130.574347 92.114592
130.000608 92.114592
129.426868 92.688331
128.853129 92.688331
128.853129 93.262071
128.279390 93.262071
127.705650 93.835810
127.131911 94.409549
126.558172 94.409549
126.558172 94.983289
125.984432 95.557028
125.410693 96.130768
124.836954 96.130768
124.836954 96.704507
124.263214 97.278246
123.689475 97.851986
123.115736 97.851986
123.115736 98.425725
122.541996 98.999464
121.968257 99.573204
121.968257 100.146943
121.394518 100.720682
120.820778 101.294422
120.820778 101.868161
120.247039 102.441900
119.673300 103.015640
119.673300 103.589379
119.099560 104.163118
119.099560 104.736858
118.525821 105.310597
117.952081 105.884336
117.952081 106.458076
117.378342 107.031815
117.378342 107.605555
116.804603 108.179294
116.804603 108.753033
116.230863 109.326773
116.230863 109.900512
116.230863 110.474251
115.657124 111.047991
115.657124 111.621730
115.083385 112.195469
115.083385 112.769209
115.083385 113.342948
114.509645 113.916687
114.509645 114.490427
114.509645 115.064166
113.935906 115.637905
113.935906 116.211645
113.935906 116.785384
113.935906 117.359123
113.362167 117.932863
113.362167 118.506602
113.362167 119.080342
113.362167 119.654081
113.362167 120.227820
113.362167 120.801560
113.362167 121.375299
112.788427 121.949038
112.788427 122.522778
112.214688 122.522778
111.640949 123.096517
111.067209 123.670256
110.493470 124.243996
109.345991 124.243996
108.772252 124.817735
108.198513 125.391474
107.624773 125.965214
107.051034 126.538953
106.477294 126.538953
105.903555 127.112692
104.756076 127.686432
104.182337 128.260171
103.608598 128.260171
103.034858 128.260171
102.461119 128.833910
101.887380 128.833910
101.313640 128.833910
100.739901 128.833910
100.166162 128.833910
99.018683 128.833910
98.444944 128.833910
97.871204 128.833910
97.297465 128.833910
96.723726 128.833910
96.149986 128.833910
95.576247 128.833910
95.002507 128.833910
94.428768 128.833910
93.281289 128.833910
92.707550 128.833910
92.133811 128.833910
91.560071 128.833910
90.986332 128.833910
90.412593 128.833910
89.838853 128.833910
88.691375 128.260171
88.117635 128.260171
87.543896 127.686432
86.970157 127.686432
86.396417 127.112692
85.248939 127.112692
84.675199 126.538953
84.101460 126.538953
83.527720 126.538953
82.953981 125.965214
81.806502 125.965214
81.232763 125.391474
80.659024 125.391474
80.085284 124.817735
79.511545 124.817735
78.364066 124.817735
77.790327 124.243996
77.216588 124.243996
76.642848 123.670256
76.069109 123.096517
76.069109 122.522778
75.495370 121.375299
74.921630 120.801560
74.921630 120.227820
74.347891 119.654081
73.774152 119.080342
73.200412 118.506602
73.200412 117.932863
72.626673 117.359123
72.052934 116.785384
72.052934 116.211645
71.479194 115.637905
70.905455 115.064166
70.331715 114.490427
70.331715 113.916687
69.757976 113.342948
69.184237 112.769209
68.610497 112.195469
68.610497 111.047991
68.610497 110.474251
68.610497 109.900512
68.610497 109.326773
68.610497 108.753033
68.610497 107.605555
68.610497 107.031815
68.610497 106.458076
68.610497 105.884336
68.610497 104.736858
68.610497 104.163118
68.610497 103.589379
68.610497 103.015640
68.610497 102.441900
68.610497 101.294422
68.610497 100.720682
68.610497 100.146943
68.610497 99.573204
68.610497 98.999464
68.610497 97.851986
69.184237 97.278246
69.184237 96.704507
69.757976 96.130768
69.757976 94.983289
70.331715 94.409549
70.331715 93.835810
70.905455 93.262071
70.905455 92.114592
71.479194 91.540853
72.052934 90.967113
72.052934 89.819635
72.626673 89.245895
72.626673 88.672156
73.200412 88.098417
73.200412 86.950938
73.774152 86.377199
73.774152 85.803459
74.347891 85.229720
74.347891 84.082241
74.921630 83.508502
74.921630 82.934762
75.495370 81.787284
75.495370 81.213544
76.069109 80.639805
76.069109 80.066066
76.642848 78.918587
77.216588 78.344848
77.216588 77.771108
77.790327 77.197369
78.364066 76.623630
78.937806 76.049890
78.937806 75.476151
79.511545 74.328672
80.085284 73.754933
80.659024 73.181194
80.659024 72.607454
81.232763 72.033715
81.806502 71.459976
82.380242 70.312497
82.380242 69.738757
82.953981 69.165018
83.527720 68.591279
84.101460 68.591279
84.675199 68.017539
85.248939 68.017539
85.822678 68.017539
86.396417 67.443800
86.970157 67.443800
87.543896 66.870061
88.117635 66.870061
88.691375 66.870061
89.265114 66.296321
90.412593 66.296321
90.986332 65.722582
91.560071 65.722582
92.133811 65.148843
92.707550 65.148843
93.281289 65.148843
93.855029 64.575103
94.428768 64.575103
95.002507 64.001364
96.149986 64.001364
96.723726 64.001364
97.297465 63.427625
97.871204 63.427625
99.018683 62.853885
99.592422 62.853885
100.166162 62.280146
101.313640 62.280146
101.887380 62.280146
102.461119 61.706407
103.034858 61.706407
104.182337 61.132667
104.756076 61.132667
105.329816 61.132667
105.903555 60.558928
107.051034 60.558928
107.624773 59.985189
108.198513 59.985189
109.345991 59.411449
109.919731 59.411449
110.493470 59.411449
111.067209 58.837710
111.640949 58.837710
112.788427 58.837710
113.362167 58.263970
113.935906 58.263970
114.509645 58.263970
115.083385 58.263970
115.657124 58.263970
116.230863 57.690231
116.804603 57.690231
117.378342 57.690231
117.952081 57.690231
119.099560 57.690231
119.673300 57.116492
120.247039 57.116492
120.820778 57.116492
121.394518 57.116492
121.968257 57.116492
122.541996 56.542752
123.115736 56.542752
123.689475 56.542752
124.263214 56.542752
124.836954 56.542752
125.984432 55.969013
126.558172 55.969013
127.131911 55.969013
127.705650 55.969013
128.279390 55.969013
128.853129 55.395274
129.426868 55.395274
130.000608 55.395274
130.574347 55.395274
131.148087 55.395274
132.295565 54.821534
132.869305 54.821534
133.443044 54.821534
134.016783 54.821534
134.590523 54.821534
135.738001 54.821534
136.311741 54.821534
136.885480 54.821534
137.459219 54.821534
138.032959 54.247795
139.180437 54.247795
139.754177 54.247795
140.327916 54.247795
140.901655 54.247795
141.475395 54.247795
142.622874 54.247795
143.196613 54.247795
143.770352 54.247795
144.344092 54.247795
144.917831 53.674056
146.065310 53.674056
146.639049 53.674056
147.212788 53.674056
147.786528 53.674056
148.360267 53.674056
148.934006 53.674056
149.507746 53.674056
150.655224 53.674056
151.228964 53.674056
151.802703 53.674056
152.376442 53.674056
152.950182 53.674056
153.523921 53.674056
154.097661 53.674056
155.245139 53.100316
155.818879 53.100316
156.392618 53.674056
156.966357 53.674056
157.540097 53.674056
158.113836 54.247795
158.687575 54.247795
159.261315 54.247795
159.835054 54.821534
160.408793 54.821534
160.982533 55.395274
161.556272 55.395274
162.130011 55.969013
162.703751 56.542752
163.851229 57.116492
164.424969 57.116492
164.998708 57.690231
165.572448 58.263970
166.146187 58.263970
166.719926 58.837710
167.293666 59.411449
167.867405 59.411449
168.441144 59.985189
169.014884 60.558928
170.162362 60.558928
170.736102 61.132667
171.309841 61.706407
171.309841 62.280146
171.883580 62.853885
172.457320 63.427625
172.457320 64.001364
173.031059 64.575103
173.031059 65.148843
173.604798 65.722582
174.178538 66.296321
174.178538 67.443800
174.752277 68.017539
174.752277 68.591279
175.326016 69.165018
175.899756 69.738757
175.899756 70.312497
175.899756 70.886236
175.899756 71.459976
175.899756 72.033715
175.899756 72.607454
175.899756 73.181194
175.899756 73.754933
175.899756 74.328672
175.899756 74.902412
175.899756 75.476151
175.899756 76.623630
175.899756 77.197369
175.326016 77.771108
174.752277 78.344848
174.752277 78.918587
174.178538 79.492326
173.604798 80.066066
173.031059 80.639805
172.457320 81.213544
172.457320 81.787284
171.883580 82.361023
171.309841 82.934762
170.736102 83.508502
170.162362 84.082241
169.588623 84.082241
169.014884 84.082241
