141.612485 91.532165
141.612485 92.816392
140.328258 94.100618
139.044032 95.384845
137.759805 96.669072
136.475578 97.953298
135.191352 97.953298
136.475578 97.953298
135.191352 97.953298
135.191352 96.669072
135.191352 97.953298
135.191352 96.669072
135.191352 97.953298
135.191352 96.669072
135.191352 97.953298
135.191352 96.669072
135.191352 97.953298
135.191352 96.669072
135.191352 97.953298
135.191352 96.669072
135.191352 97.953298
135.191352 96.669072
135.191352 97.953298
133.907125 97.953298
132.622899 99.237525
133.907125 97.953298
135.191352 97.953298
136.475578 97.953298
135.191352 97.953298
133.907125 97.953298
132.622899 99.237525
133.907125 97.953298
135.191352 97.953298
136.475578 97.953298
135.191352 97.953298
133.907125 97.953298
132.622899 99.237525
133.907125 97.953298
135.191352 97.953298
136.475578 97.953298
135.191352 97.953298
133.907125 97.953298
132.622899 99.237525
131.338672 99.237525
130.054445 100.521752
131.338672 99.237525
132.622899 99.237525
133.907125 97.953298
135.191352 97.953298
136.475578 97.953298
135.191352 97.953298
133.907125 97.953298
132.622899 99.237525
133.907125 97.953298
135.191352 97.953298
136.475578 97.953298
135.191352 97.953298
133.907125 97.953298
132.622899 99.237525
133.907125 97.953298
135.191352 97.953298
136.475578 97.953298
135.191352 97.953298
133.907125 97.953298
132.622899 99.237525
131.338672 99.237525
130.054445 100.521752
128.770219 100.521752
128.770219 101.805978
130.054445 100.521752
131.338672 99.237525
132.622899 99.237525
133.907125 97.953298
135.191352 97.953298
133.907125 97.953298
132.622899 99.237525
131.338672 99.237525
130.054445 99.237525
130.054445 100.521752
128.770219 101.805978
130.054445 100.521752
131.338672 99.237525
132.622899 99.237525
133.907125 97.953298
135.191352 97.953298
133.907125 97.953298
132.622899 99.237525
131.338672 99.237525
130.054445 99.237525
130.054445 100.521752
128.770219 101.805978
130.054445 100.521752
131.338672 99.237525
132.622899 99.237525
133.907125 97.953298
135.191352 97.953298
133.907125 97.953298
132.622899 99.237525
131.338672 99.237525
130.054445 100.521752
128.770219 100.521752
128.770219 101.805978
130.054445 100.521752
131.338672 99.237525
132.622899 99.237525
133.907125 97.953298
135.191352 97.953298
133.907125 97.953298
132.622899 99.237525
131.338672 99.237525
130.054445 99.237525
130.054445 100.521752
128.770219 101.805978
130.054445 100.521752
131.338672 99.237525
132.622899 99.237525
133.907125 97.953298
135.191352 97.953298
133.907125 97.953298
132.622899 99.237525
131.338672 99.237525
130.054445 99.237525
130.054445 100.521752
128.770219 101.805978
130.054445 100.521752
131.338672 99.237525
132.622899 99.237525
133.907125 97.953298
135.191352 97.953298
133.907125 97.953298
132.622899 99.237525
131.338672 99.237525
130.054445 100.521752
131.338672 99.237525
132.622899 99.237525
131.338672 99.237525
132.622899 99.237525
131.338672 99.237525
130.054445 100.521752
128.770219 101.805978
127.485992 101.805978
126.201765 103.090205
124.917539 104.374431
123.633312 105.658658
122.349085 106.942885
122.349085 108.227111
121.064859 109.511338
119.780632 110.795565
118.496406 112.079791
117.212179 113.364018
117.212179 114.648245
115.927952 115.932471
115.927952 117.216698
114.643726 118.500925
114.643726 119.785151
114.643726 121.069378
113.359499 122.353604
113.359499 123.637831
113.359499 124.922058
113.359499 126.206284
113.359499 127.490511
113.359499 128.774738
113.359499 130.058964
113.359499 131.343191
113.359499 132.627418
113.359499 133.911644
113.359499 135.195871
113.359499 136.480097
113.359499 137.764324
112.075272 139.048551
110.791046 139.048551
109.506819 139.048551
108.222592 137.764324
106.938366 136.480097
105.654139 135.195871
104.369913 133.911644
103.085686 133.911644
101.801459 132.627418
100.517233 131.343191
99.233006 130.058964
97.948779 128.774738
96.664553 127.490511
96.664553 126.206284
95.380326 124.922058
94.096099 123.637831
94.096099 122.353604
92.811873 121.069378
92.811873 119.785151
91.527646 118.500925
91.527646 117.216698
90.243419 115.932471
90.243419 114.648245
88.959193 113.364018
87.674966 112.079791
88.959193 110.795565
88.959193 109.511338
88.959193 108.227111
88.959193 106.942885
90.243419 105.658658
91.527646 105.658658
92.811873 104.374431
94.096099 104.374431
95.380326 103.090205
96.664553 103.090205
97.948779 101.805978
99.233006 101.805978
100.517233 100.521752
101.801459 100.521752
103.085686 99.237525
104.369913 99.237525
105.654139 99.237525
106.938366 97.953298
108.222592 97.953298
109.506819 97.953298
110.791046 96.669072
112.075272 96.669072
113.359499 96.669072
114.643726 95.384845
115.927952 95.384845
117.212179 95.384845
118.496406 94.100618
119.780632 94.100618
121.064859 94.100618
122.349085 92.816392
123.633312 92.816392
124.917539 92.816392
126.201765 92.816392
127.485992 92.816392
128.770219 91.532165
130.054445 91.532165
131.338672 91.532165
132.622899 90.247938
133.907125 90.247938
135.191352 90.247938
136.475578 90.247938
137.759805 90.247938
139.044032 90.247938
140.328258 90.247938
141.612485 90.247938
142.896712 91.532165
141.612485 91.532165
