173.978446 81.663011
173.415435 82.226022
172.852423 82.789034
171.726399 83.352046
171.163387 83.915058
170.600375 84.478070
170.037363 85.041082
169.474352 85.604094
168.911340 85.604094
168.348328 85.604094
167.785316 85.604094
167.222304 85.604094
166.659292 85.604094
166.096280 85.041082
165.533269 85.041082
164.970257 85.041082
164.407245 85.041082
163.844233 85.041082
163.281221 85.041082
162.718209 85.041082
162.155197 85.041082
161.592186 85.041082
161.029174 85.041082
160.466162 85.041082
159.903150 85.041082
159.340138 85.041082
158.777126 85.041082
158.214114 85.041082
157.651103 85.041082
157.088091 85.041082
156.525079 85.041082
155.962067 85.041082
155.399055 85.041082
154.836043 85.041082
154.273031 85.041082
153.710020 85.041082
153.147008 85.041082
152.583996 85.604094
152.020984 85.604094
151.457972 85.604094
150.894960 85.604094
150.331948 85.604094
149.768936 85.604094
149.205925 85.604094
148.642913 85.604094
148.079901 86.167105
147.516889 86.167105
146.953877 86.167105
146.390865 86.167105
145.827853 86.730117
145.264842 86.730117
144.701830 86.730117
144.138818 86.730117
143.575806 87.293129
143.012794 87.293129
142.449782 87.293129
141.886770 87.293129
141.323759 87.856141
140.760747 87.856141
140.197735 87.856141
139.634723 87.856141
139.634723 88.419153
139.071711 88.419153
138.508699 88.982165
137.945687 88.982165
137.382676 88.982165
136.819664 88.982165
136.819664 89.545177
136.256652 89.545177
135.693640 89.545177
135.693640 90.108188
135.130628 90.108188
134.567616 90.108188
134.567616 90.671200
134.004604 90.671200
133.441593 91.234212
132.878581 91.234212
132.315569 91.234212
132.315569 91.797224
131.752557 91.797224
131.189545 92.360236
130.626533 92.360236
130.626533 92.923248
130.063521 92.923248
129.500510 93.486260
128.937498 94.049271
128.374486 94.049271
127.811474 94.049271
127.811474 94.612283
127.248462 95.175295
126.685450 95.738307
126.122438 95.738307
126.122438 96.301319
125.559427 96.864331
124.996415 96.864331
124.433403 97.427343
123.870391 97.427343
123.870391 97.990354
123.307379 98.553366
122.744367 99.116378
122.181355 99.679390
121.618344 99.679390
121.618344 100.242402
121.055332 100.805414
121.055332 101.368426
120.492320 101.931437
119.929308 102.494449
119.366296 103.057461
118.803284 103.620473
118.240272 104.183485
118.240272 104.746497
117.677261 105.309509
117.114249 105.872520
117.114249 106.435532
116.551237 106.998544
115.988225 107.561556
115.988225 108.124568
115.425213 108.687580
115.425213 109.250592
114.862201 109.813604
114.862201 110.376615
114.299189 110.939627
114.299189 111.502639
113.736178 112.065651
113.736178 112.628663
113.736178 113.191675
113.173166 113.754687
113.173166 114.317698
112.610154 114.880710
112.610154 115.443722
112.610154 116.006734
112.047142 116.569746
112.047142 117.132758
112.047142 117.695770
112.047142 118.258781
111.484130 118.821793
111.484130 119.384805
110.921118 119.947817
110.921118 120.510829
110.921118 121.073841
110.358106 121.636853
110.358106 122.199864
110.358106 122.762876
110.358106 123.325888
109.795095 123.888900
109.795095 124.451912
109.795095 125.014924
109.795095 125.577936
109.232083 126.140947
109.232083 126.703959
109.232083 127.266971
109.232083 127.829983
109.232083 128.392995
109.232083 128.956007
109.232083 129.519019
109.232083 130.082030
108.669071 130.645042
108.669071 131.208054
108.669071 131.771066
108.669071 132.334078
108.669071 132.897090
108.669071 133.460102
108.669071 134.023113
108.669071 134.586125
108.669071 135.149137
108.669071 135.712149
108.669071 136.275161
108.669071 136.838173
109.232083 136.838173
109.232083 137.401185
109.232083 137.964196
108.669071 138.527208
108.106059 139.090220
106.980035 139.653232
106.417023 140.216244
105.854012 140.216244
105.291000 140.779256
104.727988 140.779256
104.164976 141.342268
103.601964 141.342268
103.038952 141.905279
102.475940 141.905279
101.912929 141.905279
101.349917 141.905279
100.786905 141.905279
100.223893 141.905279
99.660881 141.905279
99.097869 141.905279
98.534857 141.342268
97.971845 141.342268
97.408834 140.779256
96.845822 140.216244
96.282810 139.653232
95.719798 139.653232
95.156786 139.090220
94.030762 139.090220
93.467751 138.527208
92.904739 137.964196
92.341727 137.964196
91.778715 137.401185
91.215703 136.838173
90.652691 136.838173
90.089679 136.275161
89.526668 136.275161
88.400644 135.712149
87.837632 135.149137
87.274620 134.023113
86.711608 133.460102
86.148596 132.897090
85.585585 132.334078
85.022573 131.208054
84.459561 130.645042
83.896549 130.082030
83.333537 129.519019
82.770525 128.392995
82.207513 127.829983
81.644502 127.266971
80.518478 126.703959
79.955466 126.140947
79.392454 125.014924
78.829442 124.451912
78.266430 123.888900
77.703419 123.325888
77.140407 122.199864
76.577395 121.636853
76.014383 121.073841
76.014383 120.510829
75.451371 119.947817
74.888359 119.384805
74.888359 118.821793
74.325347 118.258781
74.325347 117.695770
73.762336 117.132758
73.199324 116.569746
73.199324 116.006734
72.636312 115.443722
72.073300 114.880710
72.073300 114.317698
71.510288 113.754687
70.947276 113.191675
70.947276 112.628663
70.384264 112.065651
69.821253 111.502639
69.821253 110.939627
69.258241 110.376615
69.258241 109.813604
68.695229 108.687580
68.695229 108.124568
68.695229 107.561556
68.132217 106.998544
68.132217 106.435532
68.132217 105.872520
67.569205 105.309509
67.569205 104.746497
67.006193 104.183485
67.569205 103.620473
67.569205 103.057461
67.569205 102.494449
67.569205 101.931437
67.569205 101.368426
67.569205 100.805414
67.569205 100.242402
68.132217 99.679390
68.132217 99.116378
68.132217 98.553366
68.132217 97.990354
68.132217 96.864331
68.132217 96.301319
68.132217 95.738307
68.695229 95.175295
68.695229 94.612283
68.695229 94.049271
69.258241 93.486260
69.258241 92.923248
69.821253 92.360236
69.821253 91.797224
69.821253 91.234212
70.384264 90.671200
70.384264 90.108188
70.947276 89.545177
70.947276 88.982165
71.510288 88.419153
72.073300 87.856141
72.073300 87.293129
72.636312 86.730117
73.199324 86.167105
73.762336 85.604094
74.325347 85.041082
74.888359 84.478070
75.451371 83.352046
76.014383 82.789034
76.014383 82.226022
77.140407 81.663011
77.703419 81.099999
78.266430 80.536987
78.829442 79.973975
79.392454 79.410963
79.955466 78.847951
80.518478 78.284939
81.081490 77.721928
81.644502 77.158916
82.207513 76.595904
82.770525 76.595904
83.333537 76.032892
83.896549 75.469880
85.022573 75.469880
85.585585 74.906868
86.148596 74.343856
86.711608 73.780845
87.274620 73.780845
87.837632 73.217833
88.400644 72.654821
88.963656 72.654821
89.526668 72.091809
90.089679 72.091809
90.652691 71.528797
91.215703 71.528797
91.778715 71.528797
92.341727 70.965785
93.467751 70.965785
94.030762 70.965785
94.593774 70.965785
95.156786 70.402773
96.282810 70.402773
96.845822 70.402773
97.408834 70.402773
97.971845 70.402773
99.097869 69.839762
99.660881 69.839762
100.223893 69.839762
100.786905 69.839762
101.912929 69.839762
102.475940 69.276750
103.038952 69.276750
103.601964 69.276750
104.727988 69.276750
105.291000 69.276750
105.854012 68.713738
106.417023 68.713738
107.543047 68.713738
108.106059 68.713738
108.669071 68.713738
109.232083 68.150726
110.358106 68.150726
110.921118 68.150726
111.484130 68.150726
112.047142 68.150726
112.610154 68.150726
113.173166 67.587714
113.736178 67.587714
114.299189 67.587714
115.425213 67.587714
115.988225 67.587714
116.551237 67.024702
117.114249 67.024702
117.677261 67.024702
118.240272 67.024702
118.803284 67.024702
119.366296 67.024702
120.492320 66.461690
121.055332 66.461690
121.618344 66.461690
122.181355 66.461690
122.744367 66.461690
123.307379 66.461690
123.870391 66.461690
124.433403 66.461690
125.559427 66.461690
126.122438 66.461690
126.685450 66.461690
127.248462 66.461690
127.811474 66.461690
128.374486 66.461690
128.937498 66.461690
129.500510 66.461690
130.626533 65.898679
131.189545 65.898679
131.752557 65.898679
132.315569 65.898679
132.878581 65.898679
133.441593 65.898679
134.004604 65.898679
134.567616 65.898679
135.130628 65.898679
135.693640 65.898679
136.256652 65.898679
136.819664 65.898679
137.382676 65.898679
137.945687 65.898679
138.508699 65.898679
139.071711 65.898679
139.634723 65.898679
140.197735 65.898679
140.760747 65.898679
141.323759 65.898679
141.886770 65.898679
142.449782 65.898679
143.012794 65.898679
143.575806 65.898679
144.138818 65.898679
144.701830 65.898679
145.264842 65.898679
145.827853 65.898679
146.390865 65.898679
146.953877 65.898679
147.516889 65.898679
148.642913 65.898679
149.205925 65.898679
149.768936 65.898679
150.331948 65.898679
150.894960 65.898679
151.457972 66.461690
152.020984 66.461690
152.583996 66.461690
153.147008 67.024702
153.710020 67.024702
154.273031 67.024702
154.836043 67.587714
155.399055 68.150726
155.962067 68.150726
156.525079 68.713738
157.088091 68.713738
157.651103 68.713738
158.214114 68.713738
158.777126 69.276750
159.340138 69.276750
159.903150 69.276750
160.466162 69.839762
161.029174 69.839762
161.592186 69.839762
162.718209 70.402773
163.281221 70.402773
163.844233 70.402773
164.407245 70.402773
164.970257 70.965785
165.533269 70.965785
166.096280 70.965785
166.659292 71.528797
167.222304 71.528797
167.785316 71.528797
168.348328 72.091809
168.911340 72.091809
169.474352 72.091809
170.037363 72.654821
170.600375 72.654821
171.163387 73.217833
171.163387 73.780845
171.726399 74.343856
171.726399 74.906868
172.289411 75.469880
172.852423 76.032892
172.852423 76.595904
173.415435 77.158916
173.978446 77.721928
173.978446 78.847951
174.541458 79.410963
174.541458 79.973975
173.978446 80.536987
173.978446 81.099999
173.978446 81.663011
