174.858452 81.813178
174.229530 81.813178
173.600609 82.442100
172.971687 83.071022
172.342765 83.071022
171.713843 83.071022
171.084921 83.071022
170.455999 83.071022
169.827077 83.071022
169.198155 83.071022
168.569233 82.442100
167.940311 82.442100
167.311389 82.442100
166.682468 82.442100
166.053546 82.442100
165.424624 82.442100
164.795702 82.442100
164.166780 82.442100
163.537858 82.442100
162.908936 82.442100
162.280014 82.442100
161.651092 82.442100
161.022170 82.442100
160.393249 82.442100
159.764327 82.442100
159.135405 82.442100
158.506483 82.442100
157.877561 82.442100
157.248639 82.442100
156.619717 82.442100
155.990795 83.071022
155.361873 83.071022
154.732951 83.071022
154.104029 83.071022
153.475108 83.071022
152.846186 83.071022
152.217264 83.071022
151.588342 83.071022
151.588342 83.699944
150.959420 83.699944
150.330498 83.699944
149.701576 83.699944
149.072654 83.699944
148.443732 84.328866
147.814810 84.328866
147.185889 84.328866
146.556967 84.328866
145.928045 84.328866
145.928045 84.957788
145.299123 84.957788
144.670201 84.957788
144.041279 84.957788
144.041279 85.586710
143.412357 85.586710
142.783435 85.586710
142.154513 86.215632
141.525591 86.215632
140.896669 86.215632
140.896669 86.844553
140.267748 86.844553
139.638826 86.844553
139.638826 87.473475
139.009904 87.473475
138.380982 87.473475
138.380982 88.102397
137.752060 88.102397
137.123138 88.731319
136.494216 88.731319
135.865294 89.360241
135.236372 89.360241
134.607450 89.989163
133.978528 89.989163
133.349607 90.618085
132.720685 90.618085
132.091763 91.247007
131.462841 91.247007
130.833919 91.875929
130.204997 91.875929
129.576075 92.504851
128.947153 92.504851
128.318231 93.133772
127.689309 93.133772
127.689309 93.762694
127.060388 93.762694
126.431466 94.391616
125.802544 94.391616
125.802544 95.020538
125.173622 95.020538
125.173622 95.649460
124.544700 95.649460
123.915778 96.278382
123.286856 96.907304
122.657934 96.907304
122.657934 97.536226
122.029012 97.536226
122.029012 98.165148
121.400090 98.165148
121.400090 98.794070
120.771168 98.794070
120.142247 99.422992
119.513325 100.051913
118.884403 100.051913
118.884403 100.680835
118.255481 101.309757
118.255481 101.938679
117.626559 102.567601
116.997637 103.196523
116.368715 103.825445
115.739793 104.454367
115.110871 105.083289
115.110871 105.712211
114.481949 106.341132
113.853028 106.970054
113.224106 107.598976
113.224106 108.227898
112.595184 108.856820
111.966262 109.485742
111.966262 110.114664
111.337340 110.743586
111.337340 111.372508
110.708418 112.001430
110.708418 112.630352
110.079496 113.259273
110.079496 113.888195
109.450574 114.517117
109.450574 115.146039
108.821652 115.774961
108.821652 116.403883
108.192730 117.032805
108.192730 117.661727
107.563808 118.290649
107.563808 118.919571
107.563808 119.548492
106.934887 120.177414
106.934887 120.806336
106.934887 121.435258
106.305965 122.064180
106.305965 122.693102
106.305965 123.322024
106.305965 123.950946
105.677043 124.579868
105.677043 125.208790
105.677043 125.837712
105.677043 126.466633
105.677043 127.095555
105.048121 127.724477
105.048121 128.353399
105.048121 128.982321
104.419199 129.611243
104.419199 130.240165
103.790277 130.869087
103.790277 131.498009
103.790277 132.126931
103.161355 132.755852
103.161355 133.384774
103.161355 134.013696
102.532433 134.642618
102.532433 135.271540
102.532433 135.900462
102.532433 136.529384
101.903511 137.158306
101.903511 137.787228
101.903511 138.416150
101.903511 139.045072
101.274589 139.673993
100.645668 140.302915
99.387824 140.931837
98.758902 141.560759
98.129980 142.189681
97.501058 142.818603
96.243214 143.447525
95.614292 144.076447
94.985370 144.705369
94.356448 144.076447
93.727527 144.076447
93.098605 144.076447
92.469683 143.447525
91.840761 143.447525
91.211839 143.447525
90.582917 143.447525
89.953995 142.818603
89.325073 142.818603
88.696151 142.818603
88.067229 142.189681
87.438308 142.189681
86.809386 142.189681
86.180464 141.560759
85.551542 141.560759
84.922620 141.560759
84.293698 140.931837
83.664776 140.302915
83.035854 140.302915
82.406932 139.673993
81.778010 139.045072
81.149088 138.416150
80.520167 137.787228
79.891245 137.158306
79.262323 136.529384
78.633401 135.900462
78.004479 135.271540
77.375557 134.642618
76.746635 134.013696
76.117713 133.384774
75.488791 132.755852
75.488791 132.126931
74.859869 131.498009
74.230948 130.869087
73.602026 130.240165
72.973104 129.611243
72.344182 128.982321
71.715260 128.353399
71.086338 127.724477
70.457416 127.095555
69.828494 125.837712
69.828494 125.208790
69.199572 124.579868
68.570650 123.950946
68.570650 122.693102
67.941728 122.064180
67.312807 121.435258
67.312807 120.806336
66.683885 120.177414
66.054963 118.919571
65.426041 118.290649
65.426041 117.661727
64.797119 117.032805
64.168197 115.774961
64.168197 115.146039
63.539275 114.517117
62.910353 113.888195
62.281431 112.630352
62.281431 112.001430
61.652509 111.372508
61.652509 110.743586
61.023588 110.114664
61.023588 109.485742
61.023588 108.856820
60.394666 108.227898
60.394666 107.598976
59.765744 106.970054
59.765744 106.341132
59.765744 105.712211
59.136822 105.083289
59.136822 103.825445
59.136822 103.196523
58.507900 102.567601
58.507900 101.938679
58.507900 101.309757
58.507900 100.680835
58.507900 100.051913
59.136822 99.422992
59.136822 98.794070
59.136822 98.165148
59.136822 97.536226
59.136822 96.907304
59.136822 96.278382
59.765744 95.649460
59.765744 95.020538
59.765744 94.391616
59.765744 93.762694
59.765744 93.133772
59.765744 92.504851
60.394666 91.875929
60.394666 91.247007
60.394666 90.618085
60.394666 89.989163
60.394666 89.360241
61.023588 88.731319
61.023588 88.102397
61.023588 87.473475
61.023588 86.844553
61.023588 86.215632
61.652509 85.586710
61.652509 84.957788
61.652509 84.328866
61.652509 83.699944
61.652509 83.071022
62.281431 82.442100
62.281431 81.813178
62.910353 81.184256
63.539275 80.555334
64.168197 79.926412
64.797119 79.297491
65.426041 78.668569
66.054963 78.668569
66.683885 78.039647
67.312807 77.410725
67.941728 76.781803
69.199572 76.152881
69.828494 76.152881
70.457416 75.523959
71.086338 74.895037
71.715260 74.266115
72.344182 73.637193
72.973104 73.637193
73.602026 73.008272
74.230948 72.379350
74.859869 71.750428
75.488791 71.121506
76.117713 71.121506
76.746635 70.492584
77.375557 69.863662
78.004479 69.234740
78.633401 68.605818
79.891245 68.605818
80.520167 67.976896
81.149088 67.976896
81.778010 67.347974
82.406932 67.347974
83.664776 66.719052
84.293698 66.719052
84.922620 66.090131
85.551542 66.090131
86.809386 65.461209
87.438308 64.832287
88.067229 64.832287
88.696151 64.203365
89.953995 64.203365
90.582917 63.574443
91.211839 63.574443
91.840761 62.945521
92.469683 62.945521
93.727527 62.316599
94.356448 62.316599
94.985370 62.316599
95.614292 61.687677
96.243214 61.687677
96.872136 61.687677
97.501058 61.687677
98.129980 61.687677
99.387824 61.058755
100.016746 61.058755
100.645668 61.058755
101.274589 61.058755
101.903511 61.058755
102.532433 61.058755
103.161355 60.429833
103.790277 60.429833
104.419199 60.429833
105.048121 60.429833
105.677043 60.429833
106.305965 59.800912
106.934887 59.800912
108.192730 59.800912
108.821652 59.800912
109.450574 59.800912
110.079496 59.800912
110.708418 59.171990
111.337340 59.171990
111.966262 59.171990
112.595184 59.171990
113.224106 59.171990
113.853028 58.543068
114.481949 58.543068
115.110871 58.543068
116.368715 58.543068
116.997637 58.543068
117.626559 57.914146
118.255481 57.914146
118.884403 57.914146
119.513325 57.914146
120.142247 57.285224
120.771168 57.285224
121.400090 57.285224
122.029012 57.285224
122.657934 56.656302
123.286856 56.656302
123.915778 56.656302
124.544700 56.656302
125.173622 56.027380
125.802544 56.027380
126.431466 56.027380
127.060388 55.398458
127.689309 55.398458
128.318231 55.398458
128.947153 55.398458
129.576075 55.398458
130.204997 55.398458
130.833919 55.398458
131.462841 55.398458
132.091763 55.398458
132.720685 55.398458
133.349607 55.398458
133.978528 55.398458
134.607450 55.398458
135.236372 55.398458
135.865294 55.398458
136.494216 55.398458
137.752060 55.398458
138.380982 55.398458
139.009904 55.398458
139.638826 55.398458
140.267748 55.398458
140.896669 55.398458
141.525591 55.398458
142.154513 55.398458
142.783435 55.398458
143.412357 55.398458
144.041279 55.398458
145.299123 55.398458
145.928045 55.398458
146.556967 55.398458
147.185889 55.398458
147.814810 55.398458
148.443732 55.398458
149.072654 56.027380
150.330498 56.656302
150.959420 56.656302
151.588342 57.285224
152.217264 57.285224
152.846186 57.914146
154.104029 58.543068
154.732951 58.543068
155.361873 59.171990
155.990795 59.800912
157.248639 59.800912
157.877561 60.429833
158.506483 61.058755
159.135405 61.058755
160.393249 61.687677
161.022170 62.316599
161.651092 62.316599
162.280014 62.945521
162.908936 63.574443
164.166780 63.574443
164.795702 64.203365
164.795702 64.832287
165.424624 65.461209
166.053546 66.719052
166.682468 67.347974
167.311389 67.976896
167.940311 68.605818
168.569233 69.234740
169.198155 69.863662
169.198155 70.492584
169.827077 71.121506
170.455999 71.750428
171.084921 71.750428
171.713843 72.379350
172.971687 73.008272
173.600609 73.637193
174.229530 74.266115
174.858452 74.895037
175.487374 75.523959
175.487374 76.152881
175.487374 76.781803
175.487374 77.410725
175.487374 78.039647
175.487374 78.668569
175.487374 79.297491
175.487374 79.926412
175.487374 80.555334
175.487374 81.184256
174.858452 81.813178
