173.097594 85.682283
172.447999 85.682283
171.798403 86.331878
171.148808 86.981473
170.499213 86.981473
169.849618 86.981473
169.200023 86.981473
168.550428 86.981473
167.900833 86.981473
167.251238 86.981473
166.601643 86.981473
165.952048 86.331878
165.302453 86.331878
164.652858 86.331878
164.003262 86.331878
163.353667 86.331878
162.704072 86.331878
162.054477 86.331878
161.404882 86.331878
160.755287 86.331878
160.105692 86.331878
159.456097 86.331878
158.806502 86.331878
158.156907 86.331878
157.507312 86.331878
156.857717 86.981473
156.208121 86.981473
155.558526 86.981473
154.908931 86.981473
154.259336 86.981473
153.609741 86.981473
152.960146 86.981473
152.310551 87.631068
151.660956 87.631068
151.011361 87.631068
150.361766 87.631068
149.712171 87.631068
149.062576 88.280663
148.412980 88.280663
147.763385 88.280663
147.113790 88.930258
146.464195 88.930258
145.814600 88.930258
145.165005 88.930258
145.165005 89.579853
144.515410 89.579853
143.865815 89.579853
143.216220 89.579853
143.216220 90.229449
142.566625 90.229449
141.917030 90.879044
141.267434 90.879044
140.617839 90.879044
140.617839 91.528639
139.968244 91.528639
139.318649 92.178234
138.669054 92.178234
138.019459 92.178234
138.019459 92.827829
137.369864 92.827829
136.720269 93.477424
136.070674 93.477424
136.070674 94.127019
135.421079 94.127019
134.771484 94.776614
134.121889 94.776614
133.472293 94.776614
133.472293 95.426209
132.822698 96.075804
132.173103 96.725399
131.523508 96.725399
130.873913 96.725399
130.873913 97.374995
130.224318 98.024590
129.574723 98.024590
129.574723 98.674185
128.925128 99.323780
128.275533 99.323780
128.275533 99.973375
127.625938 99.973375
127.625938 100.622970
126.976343 101.272565
126.326748 101.922160
125.677152 102.571755
125.027557 102.571755
125.027557 103.221350
124.377962 103.870945
123.728367 104.520540
123.078772 104.520540
123.078772 105.170136
122.429177 105.819731
122.429177 106.469326
121.779582 107.118921
121.129987 107.768516
120.480392 108.418111
120.480392 109.067706
119.830797 109.717301
119.830797 110.366896
119.181202 111.016491
118.531607 111.666086
118.531607 112.315681
117.882011 112.965277
117.882011 113.614872
117.232416 114.264467
117.232416 114.914062
116.582821 115.563657
116.582821 116.213252
115.933226 116.862847
115.933226 117.512442
115.933226 118.162037
115.283631 118.811632
115.283631 119.461227
114.634036 120.110822
113.984441 120.760418
113.334846 121.410013
113.334846 122.059608
112.685251 122.709203
112.685251 123.358798
112.035656 124.008393
111.386061 124.657988
111.386061 125.307583
110.736466 125.957178
110.736466 126.606773
110.086870 127.256368
110.086870 127.905963
109.437275 128.555559
109.437275 129.205154
108.787680 129.854749
108.787680 130.504344
108.787680 131.153939
108.138085 131.803534
108.138085 132.453129
108.138085 133.102724
107.488490 133.752319
107.488490 134.401914
107.488490 135.051509
106.838895 135.701105
106.838895 136.350700
106.838895 137.000295
106.838895 137.649890
106.838895 138.299485
106.189300 138.949080
105.539705 139.598675
104.890110 140.248270
104.240515 140.248270
103.590920 140.897865
102.291729 141.547460
101.642134 142.197055
100.992539 142.846650
100.342944 143.496246
99.693349 143.496246
99.043754 143.496246
98.394159 143.496246
97.744564 143.496246
97.094969 143.496246
96.445374 143.496246
95.795779 142.846650
95.146183 142.846650
94.496588 142.846650
93.846993 142.197055
93.197398 142.197055
92.547803 141.547460
91.898208 141.547460
91.248613 141.547460
90.599018 140.897865
89.949423 140.897865
89.299828 140.248270
88.650233 140.248270
88.000638 140.248270
87.351042 139.598675
86.701447 139.598675
86.051852 138.949080
85.402257 138.949080
84.103067 138.299485
83.453472 137.649890
82.803877 137.000295
82.154282 136.350700
81.504687 135.701105
80.855092 135.051509
80.205497 134.401914
79.555901 133.752319
78.906306 133.102724
78.256711 132.453129
77.607116 131.803534
76.957521 131.153939
76.307926 130.504344
75.658331 129.854749
75.008736 129.205154
74.359141 128.555559
73.709546 127.905963
73.059951 127.256368
72.410356 126.606773
71.760760 125.957178
71.760760 125.307583
71.111165 124.008393
70.461570 123.358798
70.461570 122.709203
69.811975 122.059608
69.162380 121.410013
69.162380 120.110822
68.512785 119.461227
68.512785 118.811632
67.863190 118.162037
67.213595 117.512442
67.213595 116.862847
66.564000 115.563657
65.914405 114.914062
65.914405 114.264467
65.264810 113.614872
64.615214 112.965277
64.615214 111.666086
63.965619 111.016491
63.965619 110.366896
63.965619 109.717301
63.965619 109.067706
63.316024 108.418111
63.316024 107.118921
63.316024 106.469326
63.316024 105.819731
63.316024 105.170136
63.316024 104.520540
63.316024 103.870945
63.316024 103.221350
62.666429 101.922160
62.666429 101.272565
62.666429 100.622970
62.666429 99.973375
62.666429 99.323780
62.666429 98.674185
62.666429 97.374995
62.666429 96.725399
62.016834 96.075804
62.666429 95.426209
62.666429 94.776614
63.316024 94.127019
63.316024 93.477424
63.965619 92.178234
63.965619 91.528639
63.965619 90.879044
64.615214 90.229449
64.615214 89.579853
65.264810 88.930258
65.264810 88.280663
65.914405 86.981473
65.914405 86.331878
66.564000 85.682283
66.564000 85.032688
67.213595 84.383093
67.213595 83.733498
67.863190 82.434308
67.863190 81.784712
68.512785 81.135117
68.512785 80.485522
69.162380 79.835927
69.811975 79.186332
70.461570 78.536737
71.111165 77.887142
71.760760 77.237547
72.410356 76.587952
73.059951 75.938357
73.709546 74.639167
74.359141 73.989571
75.008736 73.339976
75.008736 72.690381
75.658331 72.040786
76.307926 71.391191
76.957521 70.741596
77.607116 70.092001
78.256711 69.442406
78.906306 68.792811
79.555901 68.792811
80.205497 68.143216
80.855092 68.143216
81.504687 67.493621
82.154282 67.493621
82.803877 66.844026
83.453472 66.194430
84.103067 66.194430
84.752662 65.544835
85.402257 65.544835
86.051852 64.895240
86.701447 64.895240
87.351042 64.245645
88.000638 64.245645
88.650233 63.596050
89.299828 62.946455
89.949423 62.946455
90.599018 62.296860
91.248613 62.296860
92.547803 61.647265
93.197398 61.647265
93.846993 61.647265
94.496588 60.997670
95.146183 60.997670
95.795779 60.348075
96.445374 60.348075
97.094969 60.348075
97.744564 59.698480
98.394159 59.698480
99.043754 59.048885
99.693349 59.048885
100.342944 58.399289
100.992539 58.399289
101.642134 58.399289
102.291729 57.749694
102.941324 57.749694
103.590920 57.100099
104.890110 57.100099
105.539705 57.100099
106.189300 56.450504
106.838895 56.450504
107.488490 55.800909
108.138085 55.800909
108.787680 55.800909
109.437275 55.151314
110.736466 55.151314
111.386061 55.151314
112.035656 55.151314
113.334846 54.501719
113.984441 54.501719
115.283631 54.501719
115.933226 54.501719
116.582821 54.501719
117.882011 53.852124
118.531607 53.852124
119.181202 53.852124
120.480392 53.852124
121.129987 53.202529
122.429177 53.202529
123.078772 53.202529
123.728367 53.202529
125.027557 52.552934
125.677152 52.552934
126.326748 52.552934
127.625938 52.552934
128.275533 52.552934
129.574723 51.903339
130.224318 51.903339
130.873913 51.903339
132.173103 51.903339
132.822698 51.253743
133.472293 51.253743
134.771484 51.253743
135.421079 51.253743
136.720269 50.604148
137.369864 50.604148
138.019459 50.604148
139.318649 50.604148
139.968244 50.604148
140.617839 50.604148
141.267434 50.604148
142.566625 50.604148
143.216220 50.604148
143.865815 50.604148
144.515410 50.604148
145.165005 50.604148
146.464195 50.604148
147.113790 50.604148
147.763385 50.604148
148.412980 50.604148
149.712171 50.604148
150.361766 50.604148
151.011361 50.604148
151.660956 50.604148
152.960146 50.604148
153.609741 50.604148
154.259336 50.604148
154.908931 50.604148
155.558526 50.604148
156.208121 51.253743
157.507312 51.253743
158.156907 51.903339
158.806502 51.903339
159.456097 51.903339
160.105692 52.552934
160.755287 52.552934
162.054477 52.552934
162.704072 53.202529
163.353667 53.202529
164.003262 53.202529
164.652858 53.852124
165.952048 53.852124
166.601643 53.852124
167.251238 54.501719
167.900833 55.151314
168.550428 55.800909
169.200023 56.450504
169.849618 57.100099
170.499213 57.749694
171.148808 58.399289
171.798403 59.048885
172.447999 59.698480
173.097594 60.997670
173.747189 61.647265
173.747189 62.296860
174.396784 62.946455
175.046379 63.596050
175.695974 64.245645
176.345569 64.895240
176.345569 65.544835
176.995164 66.194430
177.644759 66.844026
177.644759 67.493621
178.294354 68.792811
178.943949 69.442406
178.943949 70.092001
179.593544 70.741596
180.243140 71.391191
180.243140 72.040786
180.243140 72.690381
180.243140 73.339976
180.243140 73.989571
180.243140 74.639167
180.243140 75.288762
180.243140 75.938357
180.243140 76.587952
180.243140 77.887142
180.243140 78.536737
180.243140 79.186332
180.243140 79.835927
180.243140 80.485522
180.243140 81.135117
180.243140 81.784712
179.593544 82.434308
178.943949 83.083903
178.294354 83.733498
177.644759 84.383093
176.995164 85.032688
176.345569 85.032688
175.695974 85.682283
175.046379 85.682283
174.396784 85.682283
173.747189 85.682283
173.097594 85.682283
