176.444687 80.106263
175.815036 80.735913
175.185386 81.365563
174.555736 81.995213
173.926086 82.624863
172.666786 83.254513
172.037136 83.884163
171.407486 84.513813
170.777836 85.143463
170.148186 85.773113
169.518536 86.402763
168.888886 85.773113
168.259236 85.773113
167.629586 85.773113
166.999936 85.773113
166.370286 85.773113
165.740636 85.773113
165.110986 85.773113
164.481336 85.773113
163.851686 85.773113
163.222036 85.773113
162.592386 85.773113
161.962736 85.773113
161.333085 85.773113
160.703435 85.773113
160.073785 85.773113
159.444135 85.773113
158.814485 85.773113
158.184835 85.773113
157.555185 85.773113
156.925535 85.773113
156.295885 85.773113
155.666235 85.773113
155.666235 86.402763
155.036585 86.402763
154.406935 86.402763
153.777285 86.402763
153.147635 86.402763
152.517985 86.402763
151.888335 86.402763
151.258685 86.402763
150.629035 86.402763
150.629035 87.032413
149.999385 87.032413
149.369735 87.032413
148.740085 87.032413
148.110435 87.032413
147.480785 87.032413
147.480785 87.662063
146.851134 87.662063
146.221484 87.662063
145.591834 87.662063
144.962184 87.662063
144.332534 87.662063
144.332534 88.291713
143.702884 88.291713
143.073234 88.291713
142.443584 88.291713
142.443584 88.921363
141.813934 88.921363
141.184284 88.921363
140.554634 88.921363
140.554634 89.551013
139.924984 89.551013
139.295334 89.551013
139.295334 90.180663
138.665684 90.180663
138.036034 90.810313
137.406384 90.810313
136.776734 90.810313
136.147084 90.810313
136.147084 91.439963
135.517434 91.439963
134.887784 91.439963
134.887784 92.069613
134.258134 92.699264
133.628484 92.699264
132.998834 92.699264
132.998834 93.328914
132.369183 93.328914
131.739533 93.958564
131.109883 93.958564
130.480233 94.588214
129.850583 94.588214
129.850583 95.217864
129.220933 95.847514
128.591283 95.847514
127.961633 96.477164
127.331983 96.477164
127.331983 97.106814
126.702333 97.106814
126.702333 97.736464
126.072683 98.366114
125.443033 98.366114
124.813383 98.995764
124.183733 98.995764
124.183733 99.625414
123.554083 100.255064
122.924433 100.255064
122.924433 100.884714
122.294783 101.514364
121.665133 102.144014
121.665133 102.773664
121.035483 103.403314
120.405833 104.032964
119.776183 104.032964
119.776183 104.662614
119.146533 105.292264
119.146533 105.921914
118.516883 106.551564
117.887232 107.181214
117.257582 107.810865
117.257582 108.440515
116.627932 109.070165
116.627932 109.699815
115.998282 110.329465
115.998282 110.959115
115.368632 111.588765
114.738982 112.218415
114.738982 112.848065
114.109332 113.477715
114.109332 114.107365
114.109332 114.737015
113.479682 115.366665
113.479682 115.996315
112.850032 116.625965
112.850032 117.255615
112.220382 117.885265
112.220382 118.514915
111.590732 119.144565
111.590732 119.774215
111.590732 120.403865
110.961082 121.033515
110.961082 121.663165
110.331432 122.292816
110.331432 122.922466
109.701782 123.552116
109.701782 124.181766
109.701782 124.811416
109.072132 125.441066
109.072132 126.070716
109.072132 126.700366
108.442482 127.330016
108.442482 127.959666
108.442482 128.589316
108.442482 129.218966
108.442482 129.848616
107.812832 130.478266
107.812832 131.107916
107.812832 131.737566
107.812832 132.367216
107.812832 132.996866
107.183182 133.626516
107.183182 134.256166
107.183182 134.885816
107.183182 135.515466
107.183182 136.145116
107.183182 136.774767
107.183182 137.404417
106.553532 138.034067
105.923882 138.663717
105.294232 139.293367
104.034932 139.923017
103.405281 140.552667
102.775631 141.182317
102.145981 141.811967
101.516331 141.811967
100.886681 142.441617
100.257031 142.441617
99.627381 143.071267
98.997731 143.071267
98.368081 143.071267
97.108781 143.700917
96.479131 143.700917
95.849481 143.700917
95.219831 143.700917
94.590181 143.071267
93.960531 143.071267
93.330881 142.441617
92.701231 141.811967
92.071581 141.811967
91.441931 141.182317
90.812281 141.182317
89.552981 140.552667
88.923331 140.552667
88.293680 139.923017
87.664030 139.923017
87.034380 139.293367
86.404730 139.293367
85.775080 138.663717
85.145430 138.663717
84.515780 138.034067
83.886130 136.774767
83.256480 136.145116
82.626830 135.515466
81.997180 134.885816
81.367530 134.256166
80.737880 133.626516
80.108230 132.996866
79.478580 132.367216
78.848930 131.107916
78.219280 130.478266
77.589630 129.848616
76.959980 129.218966
76.330330 128.589316
75.700680 127.959666
75.700680 126.700366
75.071030 126.070716
74.441380 125.441066
73.811729 124.811416
73.811729 124.181766
73.182079 122.922466
72.552429 122.292816
71.922779 121.663165
71.293129 121.033515
71.293129 119.774215
70.663479 119.144565
70.033829 118.514915
69.404179 117.885265
68.774529 116.625965
68.774529 115.996315
68.144879 115.366665
67.515229 114.737015
66.885579 114.107365
66.885579 113.477715
66.885579 112.218415
66.255929 111.588765
66.255929 110.959115
66.255929 110.329465
66.255929 109.699815
65.626279 109.070165
65.626279 108.440515
65.626279 107.810865
64.996629 107.181214
64.996629 106.551564
64.996629 105.292264
64.366979 104.662614
64.366979 104.032964
64.366979 103.403314
63.737329 102.773664
63.737329 102.144014
63.737329 101.514364
63.737329 100.884714
63.737329 100.255064
63.737329 99.625414
63.737329 98.366114
63.737329 97.736464
63.737329 97.106814
63.737329 96.477164
63.737329 95.847514
63.737329 95.217864
63.737329 94.588214
63.737329 93.958564
63.737329 93.328914
63.737329 92.699264
64.366979 92.069613
64.366979 90.810313
64.366979 90.180663
64.996629 89.551013
64.996629 88.921363
64.996629 88.291713
65.626279 87.662063
65.626279 87.032413
66.255929 86.402763
66.255929 85.773113
66.885579 85.143463
67.515229 84.513813
67.515229 83.884163
68.144879 83.254513
68.774529 82.624863
69.404179 81.365563
70.033829 80.735913
70.663479 80.106263
71.293129 79.476613
71.293129 78.846963
71.922779 78.217313
72.552429 77.587662
73.182079 76.958012
73.811729 76.328362
74.441380 75.069062
74.441380 74.439412
75.700680 73.809762
76.330330 73.809762
76.959980 73.180112
77.589630 72.550462
78.219280 71.920812
78.848930 71.291162
79.478580 71.291162
80.108230 70.661512
80.737880 70.031862
81.997180 69.402212
82.626830 68.772562
83.256480 68.772562
83.886130 68.142912
84.515780 67.513262
85.145430 66.883612
85.775080 66.253962
86.404730 66.253962
87.034380 65.624312
87.664030 65.624312
88.293680 64.994662
88.923331 64.994662
89.552981 64.994662
90.182631 64.365012
90.812281 64.365012
91.441931 63.735362
92.071581 63.735362
92.701231 63.735362
93.330881 63.105711
93.960531 63.105711
94.590181 63.105711
95.219831 62.476061
95.849481 62.476061
96.479131 61.846411
97.108781 61.846411
97.738431 61.846411
98.368081 61.216761
98.997731 61.216761
99.627381 60.587111
100.257031 60.587111
100.886681 60.587111
101.516331 59.957461
102.145981 59.957461
102.775631 59.327811
103.405281 59.327811
104.034932 59.327811
104.664582 58.698161
105.294232 58.698161
105.923882 58.068511
106.553532 58.068511
107.183182 58.068511
108.442482 57.438861
109.072132 57.438861
109.701782 57.438861
110.331432 56.809211
111.590732 56.809211
112.220382 56.809211
112.850032 56.809211
114.109332 56.179561
114.738982 56.179561
115.368632 56.179561
115.998282 55.549911
117.257582 55.549911
117.887232 55.549911
118.516883 55.549911
119.776183 54.920261
120.405833 54.920261
121.035483 54.920261
121.665133 54.290611
122.924433 54.290611
123.554083 54.290611
124.183733 53.660961
125.443033 53.660961
126.072683 53.660961
126.702333 53.660961
127.331983 53.031311
128.591283 53.031311
129.220933 53.031311
129.850583 52.401661
131.109883 52.401661
131.739533 52.401661
132.369183 52.401661
133.628484 51.772011
134.258134 51.772011
134.887784 51.772011
135.517434 51.772011
136.147084 51.772011
136.776734 51.772011
137.406384 51.772011
138.665684 51.772011
139.295334 51.772011
139.924984 51.772011
140.554634 51.772011
141.184284 51.772011
141.813934 51.772011
142.443584 51.772011
143.073234 51.772011
144.332534 51.772011
144.962184 51.772011
145.591834 51.772011
146.221484 51.772011
146.851134 51.772011
147.480785 51.772011
148.110435 51.772011
148.740085 52.401661
149.999385 52.401661
150.629035 52.401661
151.258685 52.401661
151.888335 52.401661
152.517985 52.401661
153.147635 52.401661
153.777285 53.031311
154.406935 53.660961
155.036585 53.660961
155.666235 54.290611
156.295885 54.290611
156.925535 54.920261
157.555185 54.920261
158.184835 55.549911
158.814485 55.549911
159.444135 56.179561
160.073785 56.809211
160.703435 56.809211
161.333085 57.438861
161.962736 57.438861
162.592386 58.068511
163.222036 58.068511
163.851686 58.698161
164.481336 59.327811
165.110986 59.327811
165.740636 59.957461
166.370286 59.957461
166.999936 60.587111
167.629586 60.587111
168.888886 61.216761
169.518536 61.846411
169.518536 62.476061
170.148186 63.105711
170.777836 63.735362
171.407486 64.994662
172.037136 65.624312
172.666786 66.253962
173.296436 66.883612
173.926086 67.513262
174.555736 68.142912
175.185386 68.772562
175.815036 69.402212
176.444687 70.031862
177.074337 71.291162
177.074337 71.920812
177.074337 72.550462
177.074337 73.180112
177.074337 73.809762
177.074337 74.439412
177.074337 75.069062
177.074337 75.698712
176.444687 76.328362
176.444687 76.958012
176.444687 77.587662
176.444687 78.217313
176.444687 78.846963
176.444687 79.476613
176.444687 80.106263
176.444687 80.735913
176.444687 81.365563
176.444687 80.735913
176.444687 80.106263
