172.999384 78.176957
171.840182 78.756558
171.260581 79.336159
170.680980 79.336159
170.101379 79.336159
169.521778 79.336159
168.942177 79.336159
168.362576 79.336159
167.782975 79.336159
167.203374 79.336159
166.623773 78.756558
166.044172 78.756558
165.464571 78.756558
164.884970 78.756558
164.305369 78.756558
163.725768 78.756558
163.146167 78.756558
162.566566 78.756558
161.986965 78.756558
161.407364 78.756558
160.827763 78.756558
160.248162 78.756558
159.668561 78.756558
159.088960 78.756558
158.509359 78.756558
157.929758 78.756558
157.350158 78.756558
156.770557 78.756558
156.190956 78.756558
155.611355 78.756558
155.031754 78.756558
154.452153 79.336159
153.872552 79.336159
153.292951 79.336159
152.713350 79.336159
152.133749 79.336159
151.554148 79.336159
150.974547 79.336159
150.394946 79.336159
149.815345 79.336159
149.235744 79.915760
148.656143 79.915760
148.076542 79.915760
147.496941 79.915760
146.917340 79.915760
146.337739 80.495361
145.758138 80.495361
145.178537 80.495361
144.598936 80.495361
144.019335 81.074962
143.439734 81.074962
142.860133 81.074962
142.280532 81.654563
141.700931 81.654563
141.121331 81.654563
140.541730 82.234164
139.962129 82.234164
139.382528 82.234164
138.802927 82.813765
138.223326 82.813765
137.643725 82.813765
137.643725 83.393366
137.064124 83.393366
136.484523 83.393366
135.904922 83.393366
135.904922 83.972967
135.325321 83.972967
134.745720 83.972967
134.745720 84.552568
134.166119 84.552568
133.586518 85.132169
133.006917 85.132169
132.427316 85.711770
131.847715 85.711770
131.847715 86.291371
131.268114 86.291371
130.688513 86.291371
130.688513 86.870972
130.108912 86.870972
129.529311 87.450573
128.949710 88.030174
128.370109 88.030174
127.790508 88.609775
127.210907 88.609775
127.210907 89.189376
126.631306 89.189376
126.051705 89.768977
125.472105 89.768977
125.472105 90.348578
124.892504 90.348578
124.892504 90.928179
124.312903 90.928179
124.312903 91.507780
123.733302 91.507780
123.153701 92.087381
122.574100 92.666981
121.994499 93.246582
121.414898 93.826183
120.835297 94.405784
120.255696 94.985385
119.676095 95.564986
119.096494 96.144587
118.516893 96.724188
117.937292 97.303789
117.357691 97.883390
117.357691 98.462991
116.778090 99.042592
116.198489 99.622193
115.618888 100.201794
115.039287 100.781395
115.039287 101.360996
114.459686 101.940597
113.880085 102.520198
113.880085 103.099799
113.300484 103.679400
112.720883 104.259001
112.720883 104.838602
112.141282 105.418203
112.141282 105.997804
111.561681 106.577405
110.982080 107.157006
110.982080 107.736607
110.402479 108.316208
110.402479 108.895808
109.822878 109.475409
109.822878 110.055010
109.243278 110.634611
109.243278 111.214212
109.243278 111.793813
108.663677 112.373414
108.084076 112.953015
108.084076 113.532616
107.504475 114.112217
107.504475 114.691818
106.924874 115.271419
106.345273 115.851020
106.345273 116.430621
105.765672 117.010222
105.765672 117.589823
105.186071 118.169424
105.186071 118.749025
104.606470 119.328626
104.606470 119.908227
104.026869 120.487828
104.026869 121.067429
104.026869 121.647030
103.447268 122.226631
103.447268 122.806232
102.867667 123.385833
102.867667 123.965434
102.867667 124.545035
102.288066 125.124635
102.288066 125.704236
102.288066 126.283837
101.708465 126.863438
101.708465 127.443039
101.708465 128.022640
101.128864 128.602241
101.128864 129.181842
101.128864 129.761443
101.128864 130.341044
100.549263 130.920645
100.549263 131.500246
100.549263 132.079847
100.549263 132.659448
100.549263 133.239049
99.969662 133.818650
99.969662 134.398251
99.969662 134.977852
99.969662 135.557453
99.969662 136.137054
98.810460 136.716655
98.230859 137.296256
97.651258 137.875857
96.492056 138.455458
95.912455 139.035059
95.332854 139.035059
94.753253 139.035059
94.173652 138.455458
93.594051 138.455458
93.014451 138.455458
92.434850 138.455458
91.855249 138.455458
91.275648 137.875857
90.696047 137.875857
90.116446 137.875857
89.536845 137.875857
88.957244 137.875857
88.377643 137.296256
87.798042 137.296256
87.218441 136.716655
86.638840 136.137054
86.059239 135.557453
85.479638 134.977852
84.900037 134.977852
84.320436 134.398251
83.740835 133.818650
83.161234 133.239049
82.581633 132.659448
82.002032 132.079847
80.842830 131.500246
80.263229 130.920645
79.683628 130.341044
79.104027 129.761443
78.524426 129.181842
77.944825 128.602241
77.365225 128.022640
76.785624 127.443039
76.206023 126.863438
75.626422 126.283837
75.046821 125.704236
74.467220 125.124635
74.467220 124.545035
73.887619 123.385833
73.308018 122.806232
72.728417 122.226631
72.148816 121.647030
72.148816 121.067429
71.569215 119.908227
70.989614 119.328626
70.410013 118.749025
69.830412 118.169424
69.830412 117.010222
69.250811 116.430621
68.671210 115.851020
68.091609 115.271419
67.512008 114.691818
67.512008 113.532616
66.932407 112.953015
66.352806 112.373414
65.773205 111.793813
65.193604 110.634611
65.193604 110.055010
64.614003 109.475409
64.034402 108.895808
64.034402 108.316208
64.034402 107.736607
63.454801 106.577405
63.454801 105.997804
63.454801 105.418203
63.454801 104.838602
63.454801 104.259001
62.875200 103.679400
62.875200 103.099799
62.875200 101.940597
62.875200 101.360996
62.875200 100.781395
62.875200 100.201794
62.295599 99.622193
62.295599 99.042592
62.295599 98.462991
62.295599 97.303789
62.295599 96.724188
62.295599 96.144587
62.875200 95.564986
62.875200 94.985385
62.875200 94.405784
63.454801 93.826183
63.454801 92.666981
63.454801 92.087381
63.454801 91.507780
64.034402 90.928179
64.034402 90.348578
64.034402 89.768977
64.034402 89.189376
64.614003 88.609775
65.193604 87.450573
65.773205 86.870972
66.352806 86.291371
66.932407 85.711770
68.091609 84.552568
68.671210 83.972967
69.250811 83.393366
70.410013 82.813765
70.989614 82.234164
71.569215 81.074962
72.148816 80.495361
73.308018 79.915760
73.887619 79.336159
74.467220 78.176957
75.046821 77.597356
76.206023 77.017755
76.785624 76.438155
77.365225 75.858554
77.944825 74.699352
79.104027 74.119751
79.683628 73.540150
80.263229 72.960549
80.842830 71.801347
82.002032 71.221746
82.581633 70.642145
83.161234 70.062544
83.740835 70.062544
84.320436 70.062544
84.900037 70.062544
85.479638 69.482943
86.059239 69.482943
86.638840 69.482943
87.218441 68.903342
87.798042 68.903342
88.377643 68.903342
88.957244 68.903342
89.536845 68.323741
90.116446 68.323741
90.696047 68.323741
91.275648 67.744140
91.855249 67.744140
92.434850 67.744140
93.014451 67.744140
93.594051 67.164539
94.173652 67.164539
94.753253 67.164539
95.332854 66.584938
95.912455 66.584938
96.492056 66.584938
97.651258 66.584938
98.230859 66.005337
98.810460 66.005337
99.390061 66.005337
99.969662 65.425736
100.549263 65.425736
101.128864 65.425736
101.708465 65.425736
102.288066 64.846135
102.867667 64.846135
103.447268 64.846135
104.026869 64.266534
104.606470 64.266534
105.186071 64.266534
105.765672 64.266534
106.345273 63.686933
106.924874 63.686933
107.504475 63.686933
108.084076 63.107332
108.663677 63.107332
109.243278 63.107332
109.822878 63.107332
110.402479 62.527731
110.982080 62.527731
111.561681 62.527731
112.141282 61.948130
112.720883 61.948130
113.300484 61.948130
113.880085 61.948130
114.459686 61.948130
115.039287 61.368529
115.618888 61.368529
116.778090 61.368529
117.357691 61.368529
117.937292 61.368529
118.516893 60.788928
119.096494 60.788928
119.676095 60.788928
120.255696 60.788928
120.835297 60.788928
121.414898 60.788928
121.994499 60.209328
123.153701 60.209328
123.733302 60.209328
124.312903 60.209328
124.892504 60.209328
125.472105 59.629727
126.051705 59.629727
126.631306 59.629727
127.210907 59.629727
127.790508 59.629727
128.949710 59.629727
129.529311 59.629727
130.108912 59.629727
130.688513 59.629727
131.268114 59.629727
131.847715 59.629727
132.427316 59.629727
133.006917 59.629727
133.586518 59.629727
134.166119 59.629727
135.325321 59.629727
135.904922 59.629727
136.484523 59.629727
137.064124 59.629727
137.643725 59.629727
138.223326 59.629727
138.802927 59.629727
139.382528 59.629727
139.962129 59.629727
140.541730 59.629727
141.121331 59.629727
141.700931 59.629727
142.280532 59.629727
142.860133 59.629727
144.019335 60.209328
144.598936 60.209328
145.178537 60.788928
145.758138 60.788928
146.337739 60.788928
146.917340 61.368529
147.496941 61.368529
148.076542 61.948130
148.656143 61.948130
149.235744 62.527731
150.394946 62.527731
150.974547 62.527731
151.554148 63.107332
152.133749 63.107332
152.713350 63.686933
153.292951 63.686933
153.872552 64.266534
154.452153 64.266534
155.031754 64.266534
155.611355 64.846135
156.190956 65.425736
156.770557 66.005337
157.350158 66.584938
157.929758 67.164539
158.509359 67.164539
159.088960 67.744140
159.668561 67.744140
160.248162 67.744140
160.827763 68.323741
161.407364 68.903342
161.986965 69.482943
162.566566 70.062544
163.146167 70.062544
163.725768 70.062544
164.305369 70.642145
164.884970 70.642145
165.464571 71.221746
166.044172 71.801347
166.623773 71.801347
167.782975 72.380948
168.362576 72.960549
168.942177 73.540150
169.521778 73.540150
170.101379 74.119751
170.680980 74.699352
171.260581 74.699352
172.419783 75.278953
172.999384 75.858554
173.578985 76.438155
173.578985 77.017755
173.578985 77.597356
172.999384 78.176957
