176.959527 86.077207
175.890027 86.611957
175.355277 87.146707
174.820527 87.681458
174.285777 88.216208
173.751027 88.750958
173.216277 89.285708
172.681527 89.285708
172.146777 89.285708
171.612027 89.285708
171.077276 89.285708
170.542526 89.285708
170.007776 89.285708
169.473026 88.750958
168.938276 88.750958
168.403526 88.750958
167.868776 88.750958
167.334026 88.750958
166.799276 88.750958
166.264526 88.750958
165.729776 88.750958
165.195026 88.750958
164.660276 88.216208
164.125526 88.216208
163.590776 88.216208
163.056026 88.216208
162.521276 88.216208
161.986526 88.216208
161.451776 88.216208
160.917026 88.216208
160.382276 88.216208
159.847526 88.216208
159.312776 88.216208
158.778026 88.216208
158.243276 88.216208
157.708526 88.216208
157.173776 88.216208
156.639026 88.216208
156.104276 88.216208
155.569526 88.216208
155.034776 88.216208
154.500026 88.216208
153.965276 88.216208
153.965276 88.750958
153.430526 88.750958
152.895776 88.750958
152.361026 88.750958
151.826276 88.750958
151.291526 88.750958
150.756776 88.750958
150.222026 88.750958
149.687276 88.750958
149.152526 88.750958
149.152526 89.285708
148.617776 89.285708
148.083026 89.285708
147.548276 89.285708
147.013526 89.285708
146.478776 89.285708
146.478776 89.820458
145.944026 89.820458
145.409276 89.820458
144.874526 89.820458
144.339776 90.355208
143.805026 90.355208
143.270276 90.355208
142.735526 90.889958
142.200776 90.889958
141.666025 90.889958
141.131275 91.424708
140.596525 91.424708
140.061775 91.424708
139.527025 91.424708
139.527025 91.959458
138.992275 91.959458
138.457525 91.959458
138.457525 92.494208
137.922775 92.494208
137.388025 92.494208
137.388025 93.028958
136.853275 93.028958
136.318525 93.563708
135.783775 93.563708
135.249025 94.098458
134.714275 94.098458
134.179525 94.633208
133.644775 94.633208
133.644775 95.167958
133.110025 95.167958
132.575275 95.702708
132.040525 96.237458
131.505775 96.237458
130.971025 96.772208
130.436275 96.772208
130.436275 97.306958
129.901525 97.306958
129.901525 97.841708
129.366775 97.841708
129.366775 98.376458
128.832025 98.376458
128.297275 98.911208
127.762525 98.911208
127.762525 99.445958
127.227775 99.980708
126.693025 100.515458
126.158275 101.050208
125.623525 101.584958
125.088775 102.119708
124.554025 102.654458
124.019275 103.189208
124.019275 103.723958
123.484525 104.258708
122.949775 104.793458
122.415025 105.328208
121.880275 105.862958
121.880275 106.397708
121.345525 106.932458
120.810775 107.467208
120.810775 108.001958
120.276025 108.536708
119.741275 109.071458
119.741275 109.606208
119.206525 110.140958
119.206525 110.675708
118.671775 111.210458
118.671775 111.745208
118.137025 112.279958
118.137025 112.814708
117.602275 113.349458
117.602275 113.884208
117.067525 114.418958
117.067525 114.953708
117.067525 115.488458
116.532775 116.023208
116.532775 116.557958
116.532775 117.092709
115.998025 117.627459
115.998025 118.162209
115.998025 118.696959
115.463275 119.231709
115.463275 119.766459
115.463275 120.301209
115.463275 120.835959
114.928525 121.370709
114.928525 121.905459
114.928525 122.440209
114.928525 122.974959
114.928525 123.509709
114.393775 124.044459
114.393775 124.579209
114.393775 125.113959
114.393775 125.648709
114.393775 126.183459
114.393775 126.718209
114.393775 127.252959
114.393775 127.787709
114.393775 128.322459
113.859025 128.857209
113.859025 129.391959
113.859025 129.926709
113.859025 130.461459
113.859025 130.996209
113.859025 131.530959
113.859025 132.065709
113.859025 132.600459
113.859025 133.135209
113.859025 133.669959
113.859025 134.204709
113.859025 134.739459
113.859025 135.274209
113.859025 135.808959
113.859025 136.343709
113.859025 136.878459
113.859025 137.413209
113.859025 137.947959
113.859025 138.482709
113.859025 139.017459
113.859025 139.552209
113.859025 140.086959
113.859025 140.621709
113.859025 141.156459
113.859025 141.691209
113.859025 142.225959
114.393775 142.760709
113.859025 142.760709
113.324275 142.760709
112.789525 142.760709
112.254774 142.760709
111.720024 142.760709
110.650524 142.760709
110.115774 142.760709
109.581024 142.760709
109.046274 142.760709
108.511524 142.760709
107.976774 142.760709
107.442024 142.225959
106.907274 142.225959
106.372524 141.691209
105.837774 141.156459
105.303024 140.621709
104.768274 140.621709
104.233524 140.086959
103.164024 139.552209
102.629274 139.017459
102.094524 139.017459
101.559774 138.482709
101.025024 137.947959
100.490274 137.413209
99.955524 136.878459
99.420774 136.343709
98.886024 135.808959
98.351274 135.274209
97.816524 134.739459
97.281774 134.204709
96.747024 133.669959
96.212274 133.135209
95.677524 132.600459
95.142774 132.065709
94.608024 131.530959
94.073274 130.996209
93.538524 130.461459
93.003774 129.926709
92.469024 129.391959
91.934274 128.857209
90.864774 128.322459
90.330024 127.252959
89.795274 126.718209
89.260524 126.183459
88.725774 125.648709
88.191024 125.113959
87.656274 124.579209
87.656274 124.044459
87.121524 123.509709
86.586774 122.974959
86.052024 122.440209
86.052024 121.905459
85.517274 121.370709
84.982524 120.835959
84.447774 120.301209
84.447774 119.766459
83.913024 119.231709
83.378274 118.696959
82.843524 117.627459
82.843524 117.092709
82.308773 116.557958
81.774023 116.023208
81.239273 115.488458
81.239273 114.953708
80.704523 114.418958
80.169773 113.884208
79.635023 113.349458
79.635023 112.814708
79.100273 112.279958
78.565523 111.745208
78.030773 111.210458
78.030773 110.675708
77.496023 109.606208
77.496023 109.071458
77.496023 108.536708
77.496023 108.001958
77.496023 107.467208
77.496023 106.932458
77.496023 106.397708
77.496023 105.862958
77.496023 105.328208
77.496023 104.793458
77.496023 104.258708
77.496023 103.723958
77.496023 103.189208
76.961273 102.654458
77.496023 102.119708
77.496023 101.584958
78.030773 101.050208
78.565523 100.515458
78.565523 99.980708
79.100273 99.445958
79.100273 98.911208
79.100273 98.376458
79.100273 97.841708
79.635023 97.306958
79.635023 96.772208
80.169773 96.237458
80.704523 95.167958
80.704523 94.633208
81.239273 94.098458
81.239273 93.563708
81.774023 93.028958
81.774023 92.494208
82.308773 91.959458
82.308773 91.424708
83.378274 90.889958
83.913024 90.355208
84.447774 89.820458
84.982524 89.285708
85.517274 89.285708
86.052024 88.750958
86.586774 88.216208
87.121524 87.681458
87.656274 87.681458
88.725774 87.146707
89.260524 86.611957
89.795274 86.077207
90.330024 86.077207
90.864774 85.542457
91.399524 85.007707
91.934274 84.472957
92.469024 84.472957
93.003774 83.938207
93.538524 83.938207
94.608024 83.403457
95.142774 83.403457
95.677524 82.868707
96.212274 82.333957
96.747024 82.333957
97.281774 81.799207
97.816524 81.799207
98.351274 81.264457
98.886024 81.264457
99.420774 80.729707
99.955524 80.729707
100.490274 80.194957
101.025024 79.660207
101.559774 79.660207
102.094524 79.125457
102.629274 79.125457
103.164024 78.590707
104.233524 78.590707
104.768274 78.055957
105.303024 78.055957
105.837774 77.521207
106.372524 76.986457
106.907274 76.451707
107.442024 76.451707
107.976774 75.916957
108.511524 75.916957
109.046274 75.916957
109.581024 75.382207
110.115774 75.382207
110.650524 75.382207
111.185274 75.382207
111.720024 75.382207
112.254774 75.382207
112.789525 75.382207
113.324275 75.382207
113.859025 74.847457
114.393775 74.847457
114.928525 74.312707
115.463275 74.312707
115.998025 74.312707
116.532775 74.312707
117.067525 73.777957
117.602275 73.777957
118.137025 73.777957
119.206525 73.777957
119.741275 73.777957
120.276025 73.777957
120.810775 73.777957
121.880275 73.243207
122.415025 73.243207
122.949775 73.243207
123.484525 73.243207
124.554025 73.243207
125.088775 73.243207
125.623525 73.243207
126.158275 73.243207
127.227775 73.243207
127.762525 73.243207
128.297275 72.708457
128.832025 72.708457
129.901525 72.708457
130.436275 72.708457
130.971025 72.708457
131.505775 72.708457
132.040525 72.708457
132.575275 72.708457
133.110025 72.708457
133.644775 72.708457
134.179525 72.708457
134.714275 72.708457
135.249025 72.708457
135.783775 72.708457
136.318525 72.708457
137.388025 72.173707
137.922775 72.173707
138.457525 72.173707
138.992275 72.173707
139.527025 72.173707
140.061775 72.173707
140.596525 72.173707
141.131275 72.173707
141.666025 72.173707
142.200776 72.173707
142.735526 72.173707
143.270276 72.173707
144.339776 72.173707
144.874526 72.173707
145.409276 72.173707
145.944026 72.173707
146.478776 72.173707
147.013526 72.173707
147.548276 72.173707
148.083026 72.173707
148.617776 72.173707
149.152526 72.173707
149.687276 72.173707
150.756776 72.173707
151.291526 72.173707
151.826276 72.173707
152.361026 72.173707
152.895776 72.173707
153.430526 72.173707
153.965276 72.173707
154.500026 72.173707
155.034776 72.173707
155.569526 72.173707
156.104276 72.173707
156.639026 72.173707
157.173776 72.173707
157.708526 72.173707
158.243276 72.173707
158.778026 72.173707
159.312776 72.173707
159.847526 72.173707
160.382276 72.708457
160.917026 72.708457
161.451776 72.708457
161.986526 73.243207
163.056026 73.243207
163.590776 73.243207
164.125526 73.777957
164.660276 73.777957
165.195026 73.777957
165.729776 74.312707
166.264526 74.312707
166.799276 74.312707
167.334026 74.847457
167.868776 74.847457
168.403526 75.382207
168.938276 75.382207
169.473026 75.916957
170.007776 76.451707
170.542526 76.451707
171.077276 76.986457
171.612027 76.986457
172.146777 77.521207
172.681527 77.521207
173.216277 78.055957
173.751027 78.055957
174.285777 78.590707
174.820527 78.590707
175.355277 79.125457
175.890027 79.125457
176.424777 79.660207
176.959527 79.660207
177.494277 80.194957
178.029027 80.194957
178.563777 80.729707
178.563777 81.264457
178.563777 81.799207
178.563777 82.333957
179.098527 83.403457
179.098527 83.938207
179.098527 84.472957
179.098527 85.007707
179.098527 85.542457
179.098527 86.077207
179.633277 86.611957
179.098527 86.611957
178.563777 86.077207
178.029027 86.077207
177.494277 86.077207
176.959527 86.077207
