155.500970 86.157323
155.500970 86.574829
155.083465 86.992334
155.083465 87.409840
154.665959 87.827345
154.665959 88.244851
154.665959 88.662356
154.248454 89.079862
154.248454 89.497367
154.248454 89.914873
153.830948 90.332378
153.830948 90.749884
153.413443 90.749884
152.995938 90.749884
152.578432 90.749884
152.578432 91.167389
152.160927 91.167389
151.743421 91.167389
151.325916 91.167389
150.908410 91.167389
150.490905 91.167389
150.073399 91.167389
149.655894 91.167389
149.238388 91.167389
149.238388 91.584895
148.820883 91.584895
148.403377 91.584895
147.985872 91.584895
147.568366 91.584895
147.150861 91.584895
147.150861 92.002400
146.733355 92.002400
146.315850 92.002400
145.898344 92.002400
145.480839 92.002400
145.480839 92.419906
145.063333 92.419906
144.645828 92.419906
144.228322 92.419906
144.228322 92.837411
143.810817 92.837411
143.393311 92.837411
142.975806 93.254917
142.558300 93.254917
142.140795 93.254917
142.140795 93.672422
141.723290 93.672422
141.305784 93.672422
141.305784 94.089927
140.888279 94.089927
140.470773 94.089927
140.470773 94.507433
140.053268 94.507433
139.635762 94.924938
139.218257 94.924938
138.800751 95.342444
138.383246 95.342444
137.965740 95.342444
137.965740 95.759949
137.548235 96.177455
137.130729 96.177455
136.713224 96.594960
136.295718 96.594960
136.295718 97.012466
135.878213 97.012466
135.460707 97.429971
135.043202 97.847477
134.625696 98.264982
134.208191 98.264982
133.790685 98.682488
133.373180 99.099993
132.955674 99.099993
132.955674 99.517499
132.538169 99.935004
132.120663 100.352510
131.703158 100.352510
131.703158 100.770015
131.285652 101.187521
130.868147 101.605026
130.450642 102.022532
130.033136 102.440037
129.615631 102.857543
129.615631 103.275048
129.198125 103.275048
129.198125 103.692554
128.780620 104.110059
128.363114 104.527565
128.363114 104.945070
127.945609 105.362575
127.528103 105.780081
127.528103 106.197586
127.110598 106.615092
126.693092 107.032597
126.275587 107.450103
126.275587 107.867608
125.858081 108.285114
125.440576 108.702619
125.023070 109.120125
125.023070 109.537630
124.605565 109.955136
124.188059 110.372641
124.188059 110.790147
123.770554 111.207652
123.353048 111.625158
123.353048 112.042663
122.935543 112.460169
122.935543 112.877674
122.518037 113.295180
122.518037 113.712685
122.100532 114.130191
122.100532 114.547696
121.683026 114.965202
121.683026 115.382707
121.265521 115.800213
121.265521 116.217718
120.848015 116.635223
120.848015 117.052729
120.430510 117.470234
120.430510 117.887740
120.430510 118.305245
120.013004 118.722751
120.013004 119.140256
120.013004 119.557762
119.595499 119.975267
119.595499 120.392773
119.595499 120.810278
119.595499 121.227784
119.177994 121.645289
119.177994 122.062795
119.177994 122.480300
119.177994 122.897806
119.177994 123.315311
118.760488 123.732817
118.760488 124.150322
118.760488 124.567828
118.760488 124.985333
118.760488 125.402839
118.760488 125.820344
118.760488 126.237850
118.760488 126.655355
118.342983 127.072861
118.342983 127.490366
118.342983 127.907871
118.342983 128.325377
118.342983 128.742882
118.342983 129.160388
118.342983 129.577893
118.342983 129.995399
118.342983 130.412904
118.342983 130.830410
118.342983 131.247915
118.342983 131.665421
118.760488 131.665421
118.760488 132.082926
118.760488 132.500432
118.760488 132.917937
118.760488 133.335443
118.760488 133.752948
118.760488 134.170454
118.760488 134.587959
119.177994 135.005465
119.177994 135.422970
119.177994 135.840476
119.177994 136.257981
119.177994 136.675487
119.177994 137.092992
119.595499 137.092992
119.595499 137.510498
119.595499 137.928003
119.595499 138.345509
120.013004 138.763014
120.013004 139.180519
119.595499 140.015530
119.177994 140.433036
118.760488 141.268047
118.342983 141.685552
117.925477 142.103058
117.507972 142.938069
117.090466 143.355574
116.672961 143.773080
116.255455 144.608091
115.837950 144.608091
115.420444 144.608091
115.002939 144.608091
114.585433 145.025596
114.167928 145.025596
113.750422 145.025596
113.332917 144.608091
112.915411 144.190585
112.497906 143.773080
112.497906 143.355574
112.080400 142.938069
111.662895 142.520563
111.245389 142.103058
110.827884 141.685552
110.410378 141.268047
109.992873 140.850541
109.157862 140.433036
108.740356 140.015530
108.322851 139.598025
107.905346 139.180519
107.487840 138.763014
107.070335 138.345509
106.652829 138.345509
106.235324 137.928003
105.817818 137.510498
105.400313 137.092992
104.982807 136.675487
104.565302 136.257981
104.147796 135.840476
103.730291 135.422970
103.312785 135.005465
102.895280 134.587959
102.477774 134.170454
102.060269 134.170454
101.642763 133.752948
101.225258 133.335443
100.807752 132.917937
99.972741 132.500432
99.972741 132.082926
99.555236 131.665421
99.137730 131.247915
99.137730 130.830410
98.720225 130.412904
98.302719 129.995399
97.885214 129.577893
97.885214 129.160388
97.467708 128.742882
97.050203 128.325377
96.632698 127.907871
96.632698 127.490366
96.215192 127.072861
95.797687 126.655355
95.380181 126.237850
95.380181 125.820344
94.962676 125.402839
94.545170 124.985333
94.127665 124.567828
94.127665 124.150322
93.710159 123.732817
93.292654 123.315311
92.875148 122.897806
92.875148 122.480300
92.457643 122.062795
92.040137 121.645289
91.622632 121.227784
91.622632 120.810278
91.205126 120.392773
90.787621 119.975267
90.787621 119.557762
90.370115 119.140256
89.952610 118.722751
89.952610 117.887740
89.535104 117.470234
89.535104 117.052729
89.117599 116.635223
88.700093 116.217718
88.700093 115.800213
88.282588 115.382707
88.282588 114.965202
87.865082 114.130191
87.447577 113.712685
87.447577 113.295180
87.030071 112.877674
87.030071 112.460169
86.612566 112.042663
86.195060 111.625158
86.195060 111.207652
86.195060 110.372641
85.777555 109.955136
85.777555 109.537630
85.777555 109.120125
85.777555 108.702619
85.777555 108.285114
85.777555 107.867608
85.777555 107.450103
85.777555 107.032597
85.777555 106.615092
85.360050 106.197586
85.360050 105.780081
85.360050 105.362575
85.360050 104.945070
85.360050 104.527565
85.360050 104.110059
85.360050 103.692554
85.360050 103.275048
85.360050 102.857543
85.360050 102.440037
85.360050 102.022532
85.360050 101.187521
85.360050 100.770015
85.360050 100.352510
85.360050 99.935004
85.360050 99.517499
85.360050 99.099993
85.777555 98.682488
86.195060 98.264982
86.195060 97.847477
86.612566 97.429971
87.030071 97.012466
87.030071 96.594960
87.447577 96.177455
87.865082 95.759949
88.282588 95.342444
88.282588 94.924938
88.700093 94.507433
89.117599 94.089927
89.535104 93.672422
89.952610 93.254917
90.370115 92.837411
90.787621 92.837411
91.205126 92.419906
91.622632 92.419906
92.040137 92.419906
92.457643 92.419906
92.875148 92.002400
93.292654 92.002400
94.127665 92.002400
94.545170 92.002400
94.962676 92.002400
95.380181 92.002400
95.797687 92.002400
96.632698 92.002400
97.050203 92.002400
97.467708 91.584895
97.885214 91.584895
98.302719 91.584895
98.720225 91.584895
99.555236 91.584895
99.972741 91.584895
100.390247 91.584895
100.807752 91.584895
101.225258 91.584895
102.060269 91.584895
102.477774 91.584895
102.895280 91.584895
103.312785 91.584895
103.730291 91.584895
104.565302 91.584895
104.982807 91.584895
105.400313 91.584895
105.817818 91.584895
106.235324 91.584895
107.070335 91.584895
107.487840 91.584895
107.905346 91.584895
108.322851 91.584895
108.740356 91.584895
109.157862 91.584895
109.992873 91.584895
110.410378 91.584895
110.827884 91.584895
111.245389 91.584895
111.662895 91.584895
112.080400 91.584895
112.497906 91.584895
112.915411 91.584895
113.332917 91.167389
113.750422 91.167389
114.167928 91.167389
115.002939 90.749884
115.420444 90.749884
115.837950 90.332378
116.255455 90.332378
116.672961 90.332378
117.090466 89.914873
117.507972 89.914873
117.925477 89.497367
118.342983 89.497367
119.177994 89.497367
119.595499 89.079862
120.013004 89.079862
120.430510 88.662356
120.848015 88.662356
121.265521 88.662356
121.683026 88.244851
122.100532 87.827345
122.518037 87.827345
122.935543 87.409840
123.353048 86.992334
123.770554 86.574829
124.188059 86.157323
124.605565 85.739818
125.023070 85.739818
125.440576 85.739818
125.858081 85.739818
126.275587 85.739818
127.110598 85.739818
127.528103 85.739818
127.945609 85.322312
128.363114 85.322312
128.780620 85.322312
129.198125 85.322312
129.615631 85.322312
130.033136 85.322312
130.450642 84.904807
130.868147 84.904807
131.285652 84.904807
131.703158 84.904807
132.120663 84.904807
132.955674 84.487301
133.373180 84.487301
133.790685 84.487301
134.208191 84.487301
134.625696 84.487301
135.043202 84.487301
135.460707 84.069796
135.878213 84.069796
136.295718 84.069796
136.713224 84.069796
137.130729 84.069796
137.548235 84.069796
137.965740 83.652290
138.383246 83.652290
138.800751 83.652290
139.635762 83.652290
140.053268 83.652290
140.470773 83.652290
140.888279 83.652290
141.305784 83.652290
141.723290 83.234785
142.140795 83.234785
142.558300 83.234785
142.975806 83.234785
143.393311 83.234785
143.810817 83.234785
144.228322 83.234785
144.645828 83.234785
145.063333 83.234785
145.480839 83.234785
145.898344 83.234785
146.315850 83.234785
147.150861 83.234785
147.568366 83.234785
147.985872 83.234785
148.403377 83.234785
148.820883 83.234785
149.238388 83.234785
149.655894 83.234785
150.073399 83.234785
150.490905 83.234785
150.908410 83.234785
151.325916 83.234785
151.743421 83.234785
152.160927 83.234785
152.578432 83.234785
152.995938 83.234785
153.413443 83.234785
153.830948 83.652290
154.248454 83.652290
154.665959 84.069796
155.083465 84.069796
155.500970 84.069796
155.918476 84.487301
156.335981 84.904807
155.918476 85.322312
155.918476 85.739818
155.500970 86.157323
