175.828914 79.194180
175.241038 79.194180
174.653162 79.782057
174.065285 79.782057
172.889533 79.782057
172.301656 80.369933
171.125904 80.957809
170.538027 81.545686
169.950151 81.545686
169.362275 81.545686
168.774398 81.545686
168.186522 81.545686
167.598646 81.545686
167.010769 81.545686
166.422893 81.545686
165.835017 81.545686
165.247140 81.545686
164.659264 81.545686
164.071388 81.545686
163.483511 81.545686
162.895635 81.545686
162.307759 81.545686
161.719882 81.545686
161.132006 81.545686
160.544130 81.545686
159.956253 81.545686
159.368377 81.545686
158.780500 81.545686
158.192624 81.545686
157.604748 81.545686
157.016871 82.133562
156.428995 82.133562
155.841119 82.133562
155.253242 82.133562
154.665366 82.133562
154.077490 82.133562
153.489613 82.133562
152.901737 82.133562
152.901737 82.721438
152.313861 82.721438
151.725984 82.721438
151.138108 82.721438
150.550232 82.721438
149.962355 82.721438
149.962355 83.309315
149.374479 83.309315
148.786603 83.309315
148.198726 83.309315
147.610850 83.309315
147.610850 83.897191
147.022974 83.897191
146.435097 83.897191
145.847221 83.897191
145.847221 84.485067
145.259345 84.485067
144.671468 84.485067
144.083592 84.485067
144.083592 85.072944
143.495716 85.072944
142.907839 85.072944
142.319963 85.072944
142.319963 85.660820
141.732087 85.660820
141.144210 85.660820
141.144210 86.248696
140.556334 86.248696
139.968458 86.248696
139.380581 86.836573
138.792705 86.836573
138.204828 87.424449
137.616952 87.424449
137.029076 88.012325
136.441199 88.012325
135.853323 88.012325
135.853323 88.600202
135.265447 88.600202
134.677570 88.600202
134.677570 89.188078
134.089694 89.188078
133.501818 89.775954
132.913941 89.775954
132.913941 90.363831
132.326065 90.363831
131.738189 90.951707
131.150312 90.951707
130.562436 91.539583
129.974560 91.539583
129.974560 92.127460
129.386683 92.127460
128.798807 92.715336
128.210931 93.303212
127.623054 93.303212
127.623054 93.891089
127.035178 93.891089
126.447302 94.478965
125.859425 94.478965
125.859425 95.066841
125.271549 95.066841
125.271549 95.654718
124.683673 96.242594
124.095796 96.242594
124.095796 96.830471
123.507920 96.830471
122.920044 97.418347
122.332167 97.418347
122.332167 98.006223
121.744291 98.006223
121.744291 98.594100
121.156415 99.181976
120.568538 99.769852
119.980662 99.769852
119.980662 100.357729
119.392785 100.945605
118.804909 101.533481
118.217033 101.533481
118.217033 102.121358
118.217033 102.709234
117.629156 103.297110
117.041280 103.884987
116.453404 104.472863
115.865527 105.060739
115.277651 105.648616
115.277651 106.236492
114.689775 106.824368
114.101898 107.412245
113.514022 108.000121
113.514022 108.587997
112.926146 109.175874
112.338269 109.763750
112.338269 110.351626
111.750393 110.939503
111.162517 111.527379
111.162517 112.115255
110.574640 112.703132
110.574640 113.291008
109.986764 113.878884
109.398888 114.466761
109.398888 115.054637
108.811011 115.642513
108.811011 116.230390
108.223135 116.818266
108.223135 117.406143
107.635259 117.994019
107.635259 118.581895
107.047382 119.169772
107.047382 119.757648
106.459506 120.345524
106.459506 120.933401
106.459506 121.521277
105.871630 122.109153
105.871630 122.697030
105.283753 123.284906
105.283753 123.872782
105.283753 124.460659
104.695877 125.048535
104.695877 125.636411
104.695877 126.224288
104.108001 126.812164
104.108001 127.400040
104.108001 127.987917
103.520124 128.575793
103.520124 129.163669
103.520124 129.751546
103.520124 130.339422
102.932248 130.927298
102.932248 131.515175
102.932248 132.103051
102.932248 132.690927
102.932248 133.278804
102.344372 133.866680
102.344372 134.454556
102.344372 135.042433
102.344372 135.630309
102.344372 136.218186
102.344372 136.806062
101.756495 137.393938
101.168619 137.981815
100.580743 138.569691
99.404990 139.745444
98.817113 140.333320
98.229237 140.921196
97.641361 140.333320
97.053484 140.333320
96.465608 139.745444
95.877732 139.745444
95.289855 139.157567
94.701979 139.157567
94.114103 138.569691
93.526226 138.569691
92.938350 138.569691
92.350474 137.981815
91.762597 137.981815
91.174721 137.393938
90.586845 137.393938
89.998968 136.806062
89.411092 136.806062
88.823216 136.218186
88.235339 136.218186
87.647463 135.630309
87.059587 135.042433
86.471710 134.454556
85.883834 133.866680
85.295958 133.278804
84.708081 132.690927
84.120205 132.103051
83.532329 131.515175
82.944452 130.927298
82.356576 129.751546
81.768700 129.163669
81.180823 128.575793
80.592947 127.987917
80.005071 127.400040
79.417194 126.812164
78.829318 125.636411
78.241441 125.048535
77.653565 124.460659
77.065689 123.872782
76.477812 123.284906
75.889936 122.697030
75.302060 121.521277
74.714183 120.933401
74.126307 120.345524
73.538431 119.757648
73.538431 119.169772
72.950554 117.994019
72.950554 117.406143
72.362678 116.818266
72.362678 116.230390
71.774802 115.642513
71.774802 115.054637
71.186925 113.878884
71.186925 113.291008
70.599049 112.703132
70.599049 112.115255
70.599049 111.527379
70.011173 110.939503
70.011173 109.763750
69.423296 109.175874
69.423296 108.587997
68.835420 108.000121
68.835420 107.412245
68.247544 106.824368
68.247544 105.648616
68.247544 105.060739
68.247544 104.472863
68.247544 103.884987
68.247544 103.297110
68.247544 102.709234
68.247544 102.121358
68.247544 101.533481
68.247544 100.945605
68.247544 100.357729
68.247544 99.769852
68.247544 99.181976
68.247544 98.594100
68.247544 98.006223
68.247544 97.418347
68.247544 96.830471
68.247544 96.242594
67.659667 95.654718
67.659667 95.066841
67.659667 94.478965
67.659667 93.891089
67.659667 93.303212
67.659667 92.715336
67.659667 92.127460
67.659667 91.539583
68.247544 90.951707
68.835420 90.363831
69.423296 89.188078
70.011173 88.600202
70.599049 88.012325
71.186925 87.424449
71.774802 86.836573
71.774802 86.248696
72.362678 85.072944
72.950554 84.485067
73.538431 83.897191
74.126307 83.309315
74.714183 82.721438
75.302060 82.133562
75.889936 80.957809
76.477812 80.369933
77.065689 79.782057
77.065689 79.194180
77.653565 78.606304
78.241441 78.018428
78.829318 76.842675
79.417194 76.254799
80.005071 75.666922
80.592947 75.079046
81.180823 74.491169
81.768700 73.903293
82.356576 73.903293
83.532329 73.315417
84.120205 72.727540
84.708081 72.727540
85.295958 72.139664
85.883834 72.139664
87.059587 71.551788
87.647463 70.963911
88.235339 70.963911
88.823216 70.376035
89.998968 70.376035
90.586845 69.788159
91.174721 69.200282
91.762597 69.200282
92.938350 68.612406
93.526226 68.612406
94.114103 68.024530
94.701979 67.436653
95.877732 67.436653
96.465608 66.848777
97.053484 66.848777
97.641361 66.260901
98.817113 65.673024
99.404990 65.673024
99.992866 65.085148
100.580743 65.085148
101.756495 64.497272
102.344372 64.497272
102.932248 63.909395
103.520124 63.321519
104.695877 63.321519
105.283753 62.733643
105.871630 62.733643
107.047382 62.145766
107.635259 62.145766
108.811011 62.145766
109.398888 61.557890
109.986764 61.557890
111.162517 61.557890
111.750393 60.970014
112.926146 60.970014
113.514022 60.382137
114.689775 60.382137
115.277651 60.382137
116.453404 59.794261
117.041280 59.794261
118.217033 59.794261
118.804909 59.206385
119.980662 59.206385
120.568538 58.618508
121.744291 58.618508
122.332167 58.618508
122.920044 58.030632
124.095796 58.030632
124.683673 58.030632
125.859425 57.442756
126.447302 57.442756
127.623054 57.442756
128.210931 56.854879
129.386683 56.854879
129.974560 56.267003
131.150312 56.267003
131.738189 56.267003
132.913941 55.679126
133.501818 55.679126
134.089694 55.679126
134.677570 55.679126
135.853323 55.679126
136.441199 55.679126
137.029076 55.679126
137.616952 55.679126
138.204828 55.679126
138.792705 55.679126
139.380581 55.679126
139.968458 55.679126
141.144210 55.679126
141.732087 55.679126
142.319963 55.679126
142.907839 55.679126
143.495716 55.679126
144.083592 55.679126
144.671468 55.679126
145.259345 55.679126
146.435097 55.679126
147.022974 55.679126
147.610850 55.679126
148.198726 55.679126
148.786603 56.267003
149.374479 56.267003
149.962355 56.854879
150.550232 56.854879
151.138108 56.854879
151.725984 57.442756
152.313861 57.442756
152.901737 58.030632
153.489613 58.030632
154.077490 58.030632
154.665366 58.618508
155.253242 58.618508
155.841119 59.206385
156.428995 59.206385
157.016871 59.794261
157.604748 59.794261
158.192624 59.794261
159.368377 60.382137
159.956253 60.382137
160.544130 60.970014
161.132006 61.557890
161.719882 61.557890
162.307759 62.145766
162.895635 62.145766
163.483511 62.733643
164.071388 63.321519
164.659264 63.321519
165.247140 63.909395
165.835017 63.909395
166.422893 64.497272
167.010769 65.085148
167.598646 65.085148
168.186522 65.673024
168.774398 65.673024
169.362275 66.260901
169.950151 66.848777
170.538027 66.848777
171.125904 67.436653
171.713780 68.024530
171.713780 68.612406
172.301656 69.200282
172.301656 69.788159
172.301656 70.376035
172.301656 70.963911
172.889533 71.551788
172.889533 72.139664
172.889533 72.727540
172.889533 73.315417
173.477409 73.903293
173.477409 74.491169
173.477409 75.079046
173.477409 76.254799
173.477409 76.842675
174.065285 77.430551
174.065285 78.018428
174.065285 78.606304
174.065285 79.194180
174.653162 79.782057
175.241038 79.782057
175.828914 79.194180
