169.283062 80.416786
168.770449 80.929398
168.257837 81.442011
167.745225 81.954623
166.720001 82.467235
166.207389 83.492459
165.694777 82.979847
165.182165 82.979847
164.669553 82.979847
164.156940 82.979847
163.644328 82.979847
163.131716 82.979847
162.619104 82.467235
162.106492 82.467235
161.593880 82.467235
161.081268 82.467235
160.568656 82.467235
160.056043 82.467235
159.543431 82.467235
159.030819 82.467235
158.518207 82.467235
158.005595 82.467235
157.492983 82.467235
156.980371 82.467235
156.467759 82.467235
155.955146 82.467235
155.442534 82.467235
154.929922 82.467235
154.417310 82.467235
153.904698 82.467235
153.392086 82.467235
152.879474 82.467235
152.366862 82.467235
151.854250 82.467235
151.341637 82.467235
150.829025 82.467235
150.316413 82.467235
149.803801 82.467235
149.291189 82.467235
148.778577 82.979847
148.265965 82.979847
147.753353 82.979847
147.240740 82.979847
146.728128 82.979847
146.215516 82.979847
145.702904 83.492459
145.190292 83.492459
144.677680 83.492459
144.165068 83.492459
143.652456 84.005071
143.139843 84.005071
142.627231 84.005071
142.114619 84.517683
141.602007 84.517683
141.089395 84.517683
140.576783 84.517683
140.576783 85.030295
140.064171 85.030295
139.551559 85.030295
139.038947 85.030295
139.038947 85.542908
138.526334 85.542908
138.013722 85.542908
137.501110 86.055520
136.988498 86.055520
136.475886 86.055520
135.963274 86.055520
135.963274 86.568132
135.450662 86.568132
134.938050 86.568132
134.938050 87.080744
134.425437 87.080744
133.912825 87.080744
133.400213 87.593356
132.887601 87.593356
132.374989 87.593356
132.374989 88.105968
131.862377 88.105968
131.349765 88.618580
130.837153 89.131192
130.324541 89.131192
129.811928 89.643804
129.299316 89.643804
128.786704 90.156417
128.274092 90.156417
128.274092 90.669029
127.761480 90.669029
127.248868 91.181641
126.736256 91.694253
126.223644 91.694253
125.711031 91.694253
125.711031 92.206865
125.198419 92.719477
124.685807 92.719477
124.173195 93.232089
123.660583 93.744701
123.147971 93.744701
123.147971 94.257314
122.635359 94.257314
122.122747 94.257314
122.122747 94.769926
121.610134 95.282538
121.097522 95.795150
120.584910 95.795150
120.584910 96.307762
120.072298 96.820374
119.559686 97.332986
119.047074 97.845598
118.534462 98.358211
118.021850 98.870823
117.509238 99.383435
116.996625 99.896047
116.484013 100.408659
116.484013 100.921271
115.971401 101.433883
115.458789 101.946495
114.946177 102.459107
114.946177 102.971720
114.433565 103.484332
113.920953 103.996944
113.920953 104.509556
113.408341 105.022168
112.895728 105.534780
112.895728 106.047392
112.383116 106.560004
112.383116 107.072617
111.870504 107.585229
111.357892 108.097841
111.357892 108.610453
110.845280 109.123065
110.845280 109.635677
110.332668 110.148289
110.332668 110.660901
109.820056 111.173513
109.820056 111.686126
109.820056 112.198738
109.307444 112.711350
109.307444 113.223962
108.794831 113.736574
108.794831 114.249186
108.794831 114.761798
108.282219 115.274410
108.282219 115.787023
108.282219 116.299635
107.769607 116.812247
107.769607 117.324859
107.769607 117.837471
107.256995 118.350083
107.256995 118.862695
107.256995 119.375307
107.256995 119.887920
106.744383 120.400532
106.744383 120.913144
106.744383 121.425756
106.744383 121.938368
106.744383 122.450980
106.744383 122.963592
106.231771 123.476204
106.231771 123.988816
106.231771 124.501429
106.231771 125.014041
106.231771 125.526653
106.231771 126.039265
106.231771 126.551877
106.231771 127.064489
106.231771 127.577101
106.231771 128.089713
106.231771 128.602326
106.231771 129.114938
106.231771 129.627550
106.231771 130.140162
106.231771 130.652774
106.231771 131.165386
106.231771 131.677998
106.231771 132.190610
106.231771 132.703223
106.231771 133.215835
106.231771 133.728447
106.231771 134.241059
106.231771 134.753671
105.719159 135.266283
105.206547 135.778895
104.693935 136.291507
103.668710 136.804119
103.156098 137.316732
102.643486 137.316732
102.130874 137.316732
101.618262 136.804119
101.105650 136.804119
100.593038 136.804119
100.080425 136.804119
99.567813 136.291507
99.055201 136.291507
98.542589 136.291507
98.029977 135.778895
97.517365 135.778895
97.004753 135.778895
95.979528 135.266283
95.466916 134.753671
94.954304 134.241059
94.441692 133.728447
93.929080 133.215835
93.416468 132.703223
92.903856 132.190610
92.391244 131.677998
91.878632 131.165386
90.853407 130.652774
90.340795 130.140162
89.828183 129.627550
89.315571 129.114938
88.802959 128.602326
88.290347 128.089713
87.777735 127.577101
87.265122 127.064489
86.752510 126.551877
86.239898 126.039265
85.214674 125.526653
84.702062 125.014041
84.189450 124.501429
83.676838 123.988816
83.164226 123.476204
82.651613 122.963592
82.139001 122.450980
81.626389 121.938368
81.113777 121.425756
80.601165 120.913144
79.575941 120.400532
79.063329 119.887920
78.550716 119.375307
78.038104 118.862695
77.525492 118.350083
77.525492 117.837471
77.012880 117.324859
76.500268 116.812247
76.500268 116.299635
75.987656 115.787023
75.987656 115.274410
75.475044 114.249186
74.962432 113.736574
74.962432 113.223962
74.449819 112.711350
74.449819 112.198738
73.937207 111.686126
73.424595 111.173513
73.424595 110.660901
72.911983 110.148289
72.911983 109.635677
72.399371 109.123065
71.886759 108.610453
71.886759 107.585229
71.886759 107.072617
71.886759 106.560004
71.886759 106.047392
71.886759 105.534780
71.886759 105.022168
71.886759 104.509556
71.886759 103.996944
71.886759 103.484332
71.886759 102.971720
71.886759 102.459107
71.886759 101.946495
71.886759 101.433883
71.886759 100.921271
71.886759 100.408659
71.886759 99.896047
71.886759 99.383435
71.886759 98.870823
71.886759 98.358211
71.886759 97.845598
71.886759 97.332986
71.886759 96.820374
71.886759 96.307762
72.399371 95.795150
72.399371 94.769926
72.911983 94.257314
72.911983 93.744701
73.424595 93.232089
73.424595 92.719477
73.937207 92.206865
74.449819 91.694253
74.449819 91.181641
74.962432 90.156417
74.962432 89.643804
75.475044 89.131192
75.475044 88.618580
76.500268 88.105968
77.012880 87.593356
77.525492 87.080744
78.038104 87.080744
78.550716 86.568132
79.063329 86.055520
79.575941 85.542908
80.088553 85.030295
80.601165 85.030295
81.626389 84.517683
82.139001 84.005071
82.651613 83.492459
83.164226 82.979847
83.676838 82.467235
84.189450 82.467235
84.702062 81.954623
85.214674 81.442011
86.239898 80.929398
86.752510 80.416786
87.265122 80.416786
87.777735 79.904174
88.290347 79.391562
88.802959 78.878950
89.315571 78.366338
89.828183 78.366338
90.340795 77.853726
90.853407 77.853726
91.878632 77.341114
92.391244 77.341114
92.903856 76.828501
93.416468 76.828501
93.929080 76.315889
94.441692 76.315889
95.466916 76.315889
95.979528 75.803277
96.492141 75.803277
97.004753 75.290665
98.029977 75.290665
98.542589 75.290665
99.055201 74.778053
99.567813 74.778053
100.593038 74.265441
101.105650 74.265441
101.618262 74.265441
102.130874 73.752829
103.156098 73.752829
103.668710 73.752829
104.181322 73.240217
104.693935 73.240217
105.719159 72.727605
106.231771 72.727605
106.744383 72.727605
107.256995 72.214992
108.282219 72.214992
108.794831 71.702380
109.307444 71.702380
109.820056 71.702380
110.332668 71.189768
110.845280 71.189768
111.357892 71.189768
111.870504 70.677156
112.383116 70.677156
112.895728 70.677156
113.408341 70.677156
113.920953 70.677156
114.433565 70.677156
114.946177 70.677156
115.458789 70.677156
115.971401 70.677156
116.484013 70.677156
116.996625 70.677156
117.509238 70.677156
118.534462 70.677156
119.047074 70.164544
119.559686 70.164544
120.072298 70.164544
120.584910 70.164544
121.097522 70.164544
121.610134 70.164544
122.122747 70.164544
122.635359 70.164544
123.147971 70.164544
123.660583 70.164544
124.173195 70.164544
125.198419 70.164544
125.711031 70.164544
126.223644 70.164544
126.736256 70.164544
127.248868 70.164544
127.761480 70.164544
128.274092 70.164544
128.786704 70.164544
129.299316 69.651932
129.811928 69.651932
130.324541 69.651932
130.837153 69.651932
131.349765 69.651932
131.862377 69.139320
132.374989 69.139320
132.887601 69.139320
133.400213 69.139320
133.912825 69.139320
134.425437 68.626708
134.938050 68.626708
135.450662 68.626708
135.963274 68.626708
136.475886 68.626708
136.988498 68.626708
138.013722 68.626708
138.526334 69.139320
139.038947 69.139320
139.551559 69.139320
140.064171 69.651932
140.576783 69.651932
141.089395 69.651932
141.602007 69.651932
142.114619 69.651932
142.627231 69.651932
143.139843 69.651932
143.652456 69.651932
144.165068 69.651932
144.677680 69.651932
145.190292 69.651932
145.702904 69.651932
146.215516 69.651932
146.728128 69.651932
147.240740 69.651932
147.753353 70.164544
148.265965 70.677156
148.778577 70.677156
149.291189 71.189768
149.803801 71.189768
150.316413 71.189768
150.829025 71.702380
151.854250 71.702380
152.366862 71.702380
152.879474 72.214992
153.392086 72.214992
153.904698 72.214992
154.417310 72.727605
154.929922 72.727605
155.442534 72.727605
155.955146 72.727605
156.467759 73.240217
156.980371 73.240217
157.492983 73.240217
158.005595 73.240217
158.518207 73.240217
159.030819 73.240217
159.543431 73.240217
160.056043 73.240217
160.568656 73.752829
161.081268 73.752829
161.593880 73.752829
162.106492 73.752829
162.619104 74.265441
163.131716 74.265441
163.644328 74.778053
164.156940 74.778053
165.182165 75.290665
165.694777 75.290665
166.207389 75.803277
166.720001 75.803277
167.232613 76.315889
167.745225 76.828501
168.257837 76.828501
168.770449 77.341114
169.283062 77.341114
169.795674 77.853726
170.308286 77.853726
170.308286 78.366338
170.308286 79.391562
169.795674 79.904174
169.795674 80.416786
169.283062 80.416786
