172.873707 83.384168
172.318457 83.939418
171.207957 83.939418
170.652708 84.494668
170.097458 83.939418
169.542208 83.939418
168.986958 83.939418
168.431708 83.939418
167.876458 83.939418
167.321208 83.384168
166.765958 83.384168
166.210708 83.384168
165.655459 83.384168
165.100209 83.384168
164.544959 83.384168
163.989709 82.828918
163.434459 82.828918
162.879209 82.828918
162.323959 82.828918
161.768709 82.828918
161.213460 82.828918
160.658210 82.828918
160.102960 82.828918
159.547710 82.828918
158.992460 82.828918
158.437210 82.828918
157.881960 82.828918
157.326710 82.828918
156.771461 82.828918
156.216211 82.828918
155.660961 82.828918
155.105711 82.828918
154.550461 82.828918
153.995211 82.828918
153.439961 82.828918
152.884711 82.828918
152.329461 82.828918
151.774212 82.828918
151.218962 82.828918
151.218962 83.384168
150.663712 83.384168
150.108462 83.384168
149.553212 83.384168
148.997962 83.384168
148.442712 83.384168
147.887462 83.939418
147.332213 83.939418
146.776963 83.939418
146.221713 83.939418
145.666463 83.939418
145.111213 83.939418
145.111213 84.494668
144.555963 84.494668
144.000713 84.494668
143.445463 84.494668
144.000713 84.494668
143.445463 84.494668
142.890213 85.049918
142.334964 85.049918
141.779714 85.049918
141.224464 85.049918
141.224464 85.605168
140.669214 85.605168
140.113964 85.605168
139.558714 85.605168
139.558714 86.160417
139.003464 86.160417
138.448214 86.160417
138.448214 86.715667
137.892965 86.715667
137.337715 86.715667
136.782465 86.715667
136.782465 87.270917
136.227215 87.270917
135.671965 87.826167
135.116715 87.826167
135.671965 87.826167
135.116715 87.826167
134.561465 88.381417
134.006215 88.381417
133.450966 88.936667
132.895716 88.936667
132.340466 89.491917
131.785216 89.491917
131.229966 90.047167
130.674716 90.047167
130.674716 90.602416
130.119466 90.602416
129.564216 91.157666
129.008966 91.157666
128.453717 91.157666
128.453717 91.712916
127.898467 91.712916
127.898467 92.268166
127.343217 92.268166
126.787967 92.823416
126.232717 92.823416
126.232717 93.378666
125.677467 93.933916
125.122217 93.933916
124.566967 94.489166
124.011718 94.489166
124.011718 95.044416
123.456468 95.044416
123.456468 95.599665
122.901218 96.154915
122.345968 96.154915
122.345968 96.710165
121.790718 97.265415
121.235468 97.265415
121.235468 97.820665
120.680218 98.375915
120.124968 98.375915
120.124968 98.931165
119.569718 99.486415
119.014469 100.041664
118.459219 100.041664
118.459219 100.596914
117.903969 101.152164
117.348719 101.707414
116.793469 102.262664
116.238219 102.817914
116.238219 103.373164
115.682969 103.928414
115.127719 104.483664
114.572470 105.038913
114.572470 105.594163
114.017220 106.149413
113.461970 106.704663
113.461970 107.259913
112.906720 107.815163
112.906720 108.370413
112.351470 108.925663
111.796220 109.480912
111.796220 110.036162
111.240970 110.591412
111.240970 111.146662
110.685720 111.701912
110.685720 112.257162
110.130470 112.812412
110.130470 113.367662
109.575221 113.922911
109.575221 114.478161
109.019971 115.033411
109.019971 115.588661
109.019971 116.143911
108.464721 116.699161
108.464721 117.254411
107.909471 117.809661
107.909471 118.364911
107.909471 118.920160
107.354221 119.475410
107.354221 120.030660
107.354221 120.585910
106.798971 121.141160
106.798971 121.696410
106.798971 122.251660
106.798971 122.806910
106.243721 123.362159
106.243721 123.917409
106.243721 124.472659
106.243721 125.027909
106.243721 125.583159
105.688471 126.138409
105.688471 126.693659
105.688471 127.248909
105.688471 127.804159
105.688471 128.359408
105.688471 128.914658
105.133222 129.469908
105.133222 130.025158
105.133222 130.580408
104.577972 131.135658
104.022722 131.690908
103.467472 132.246158
102.356972 132.246158
101.801722 132.801407
101.246472 133.356657
100.135973 133.911907
99.580723 134.467157
99.025473 134.467157
98.470223 134.467157
97.914973 135.022407
97.359723 135.022407
96.804473 135.022407
96.249223 135.577657
95.693974 135.577657
95.138724 135.577657
94.583474 136.132907
94.028224 136.132907
93.472974 136.132907
92.362474 135.577657
91.807224 135.022407
91.251975 134.467157
90.696725 133.911907
90.141475 133.911907
89.586225 133.356657
89.030975 132.801407
88.475725 132.246158
87.920475 132.246158
86.809975 131.690908
86.254726 131.135658
85.699476 130.580408
85.144226 130.580408
84.588976 130.025158
84.033726 128.914658
83.478476 128.359408
82.923226 127.804159
82.367976 127.248909
81.812727 126.693659
81.257477 126.138409
80.702227 125.583159
80.146977 124.472659
79.591727 123.917409
79.036477 123.362159
78.481227 122.806910
77.925977 122.251660
77.370727 121.696410
76.815478 121.141160
76.260228 120.030660
75.704978 119.475410
75.704978 118.920160
75.704978 118.364911
75.704978 117.809661
75.704978 117.254411
75.704978 116.699161
75.704978 116.143911
76.260228 115.588661
76.260228 114.478161
76.260228 113.922911
76.260228 113.367662
76.260228 112.812412
76.260228 112.257162
76.260228 111.701912
76.260228 111.146662
76.260228 110.591412
76.815478 109.480912
76.815478 108.925663
76.815478 108.370413
76.815478 107.815163
76.815478 107.259913
76.815478 106.704663
76.815478 106.149413
76.815478 105.594163
77.370727 105.038913
77.370727 103.928414
77.370727 103.373164
77.370727 102.817914
77.370727 102.262664
77.370727 101.707414
77.370727 101.152164
77.925977 100.596914
77.925977 99.486415
77.925977 98.931165
77.925977 98.375915
77.925977 97.820665
77.925977 97.265415
78.481227 96.710165
78.481227 95.599665
78.481227 95.044416
78.481227 94.489166
78.481227 93.933916
78.481227 93.378666
79.036477 92.823416
79.036477 92.268166
79.036477 91.157666
79.036477 90.602416
79.036477 90.047167
79.036477 89.491917
79.036477 88.936667
79.591727 88.381417
79.591727 87.270917
80.146977 86.715667
80.146977 86.160417
80.702227 85.605168
81.257477 85.049918
81.257477 83.939418
81.812727 83.384168
81.812727 82.828918
82.367976 82.273668
82.923226 81.718418
82.923226 80.607919
83.478476 80.052669
83.478476 79.497419
84.033726 78.942169
84.588976 78.386919
84.588976 77.276419
85.144226 76.721169
85.699476 76.721169
86.809975 76.165920
87.365225 75.610670
87.920475 75.055420
88.475725 75.055420
89.586225 74.500170
90.141475 73.944920
90.696725 73.944920
91.251975 73.389670
92.362474 72.834420
92.917724 72.279170
93.472974 72.279170
94.028224 71.723921
95.138724 71.168671
95.693974 71.168671
96.249223 70.613421
96.804473 70.058171
97.359723 69.502921
98.470223 69.502921
99.025473 68.947671
99.580723 68.392421
100.135973 68.392421
101.246472 67.837171
101.801722 67.281921
102.356972 67.281921
102.912222 66.726672
103.467472 66.726672
104.022722 66.171422
104.577972 66.171422
105.133222 65.616172
105.688471 65.616172
106.798971 65.060922
107.354221 65.060922
107.909471 65.060922
108.464721 64.505672
109.019971 64.505672
109.575221 63.950422
110.130470 63.950422
110.685720 63.395172
111.240970 63.395172
111.796220 63.395172
112.351470 62.839922
112.906720 62.839922
113.461970 62.284673
114.572470 62.284673
115.127719 61.729423
115.682969 61.729423
116.238219 61.174173
116.793469 61.174173
117.348719 61.174173
117.903969 61.174173
119.014469 61.174173
119.569718 61.174173
120.124968 61.174173
120.680218 61.174173
121.790718 61.174173
122.345968 61.174173
122.901218 61.174173
123.456468 60.618923
124.011718 60.618923
125.122217 60.618923
125.677467 60.618923
126.232717 60.618923
126.787967 60.618923
127.898467 60.618923
128.453717 60.618923
129.008966 60.618923
129.564216 60.618923
130.119466 60.618923
131.229966 60.618923
131.785216 60.618923
132.340466 60.618923
132.895716 60.618923
134.006215 60.618923
134.561465 60.618923
135.116715 60.618923
135.671965 60.618923
136.227215 60.618923
137.337715 60.618923
137.892965 60.618923
138.448214 60.618923
139.003464 60.618923
139.558714 60.618923
140.669214 60.618923
141.224464 60.618923
141.779714 60.618923
142.334964 60.618923
143.445463 60.618923
144.000713 60.063673
144.555963 60.063673
145.111213 60.063673
146.221713 60.063673
146.776963 60.063673
147.332213 60.063673
147.887462 60.063673
148.997962 60.063673
149.553212 60.063673
150.108462 60.063673
150.663712 60.063673
151.774212 60.063673
152.329461 60.063673
152.884711 60.063673
153.439961 60.063673
153.995211 60.063673
154.550461 60.063673
155.660961 60.063673
156.216211 60.063673
156.771461 60.063673
157.326710 60.063673
157.881960 60.063673
158.437210 60.063673
158.992460 60.063673
159.547710 60.063673
160.102960 60.063673
161.213460 60.063673
161.768709 60.063673
162.323959 60.618923
162.879209 60.618923
163.434459 61.174173
163.989709 61.729423
164.544959 61.729423
165.100209 62.284673
165.655459 62.284673
166.210708 62.839922
166.765958 62.839922
167.321208 62.839922
167.876458 63.395172
168.431708 63.395172
168.986958 63.950422
169.542208 63.950422
170.097458 64.505672
170.652708 65.060922
171.207957 65.616172
171.763207 66.171422
172.318457 66.726672
172.318457 67.281921
172.873707 67.837171
173.428957 68.392421
173.984207 68.947671
174.539457 69.502921
175.094707 70.058171
175.094707 70.613421
175.649956 71.168671
176.205206 71.723921
176.760456 72.279170
177.315706 72.834420
177.870956 73.389670
177.870956 73.944920
177.315706 75.055420
177.315706 75.610670
176.760456 76.165920
176.760456 76.721169
176.205206 77.276419
176.205206 77.831669
175.649956 78.386919
175.649956 78.942169
175.094707 80.052669
175.094707 80.607919
174.539457 81.163168
174.539457 81.718418
173.984207 82.273668
173.428957 82.828918
172.873707 82.828918
172.873707 83.384168
