129.678141 105.849646
129.464634 106.276659
129.464634 106.490165
129.251128 106.917178
129.037622 107.344191
129.037622 107.557697
128.824115 107.984710
128.610609 108.411723
128.610609 108.625229
128.397102 108.838736
128.183596 108.838736
128.183596 109.052242
127.970089 109.052242
127.970089 109.265748
127.756583 109.479255
127.543077 109.692761
127.329570 109.692761
127.116064 109.692761
127.116064 109.906268
126.902557 110.119774
126.689051 110.119774
126.689051 110.333280
126.475545 110.546787
126.262038 110.760293
126.048532 110.760293
126.048532 110.973800
125.835025 111.187306
125.621519 111.400812
125.408013 111.400812
125.408013 111.614319
125.194506 111.827825
124.981000 112.041332
124.767493 112.254838
124.553987 112.468345
124.340480 112.681851
124.126974 112.895357
124.126974 113.108864
123.913468 113.322370
123.699961 113.535877
123.486455 113.535877
123.486455 113.749383
123.272948 113.962889
123.272948 114.176396
123.059442 114.389902
122.845936 114.603409
122.845936 114.816915
122.632429 115.030421
122.418923 115.243928
122.418923 115.457434
122.205416 115.670941
121.991910 115.884447
121.991910 116.097954
121.778404 116.311460
121.564897 116.524966
121.564897 116.738473
121.351391 116.951979
121.351391 117.165486
121.137884 117.378992
121.137884 117.592498
120.924378 117.806005
120.924378 118.019511
120.710871 118.233018
120.710871 118.446524
120.497365 118.660030
120.497365 118.873537
120.283859 119.087043
120.283859 119.300550
120.283859 119.514056
120.070352 119.727563
120.070352 119.941069
119.856846 120.154575
119.856846 120.368082
119.856846 120.581588
119.643339 120.795095
119.643339 121.008601
119.643339 121.222107
119.429833 121.435614
119.429833 121.649120
119.429833 121.862627
119.216327 122.076133
119.216327 122.289639
119.216327 122.503146
119.216327 122.716652
119.002820 122.930159
119.002820 123.143665
119.002820 123.357172
119.002820 123.570678
118.789314 123.784184
118.789314 123.997691
118.789314 124.211197
118.789314 124.424704
118.789314 124.638210
118.575807 124.851716
118.575807 125.065223
118.575807 125.278729
118.575807 125.492236
118.575807 125.705742
118.575807 125.919248
118.362301 126.132755
118.362301 126.346261
118.362301 126.559768
118.362301 126.773274
118.362301 126.986781
118.362301 127.200287
118.362301 127.413793
118.362301 127.627300
118.362301 127.840806
118.362301 128.054313
118.362301 128.267819
118.362301 128.481325
118.362301 128.694832
118.362301 128.908338
118.362301 129.121845
118.362301 129.335351
118.362301 129.548857
118.362301 129.762364
118.362301 129.975870
118.362301 130.189377
118.362301 130.402883
118.362301 130.616390
118.362301 130.829896
118.362301 131.043402
118.362301 131.256909
118.362301 131.470415
118.362301 131.683922
118.362301 131.897428
118.362301 132.110934
118.362301 132.324441
118.362301 132.537947
118.362301 132.751454
118.575807 132.751454
118.575807 132.964960
118.575807 133.178466
118.575807 133.391973
118.362301 133.818986
118.148794 134.245999
118.148794 134.459505
117.935288 134.886518
117.721782 135.313531
117.721782 135.527037
117.508275 135.954050
117.294769 136.167556
117.294769 136.594569
117.081262 137.021582
116.867756 137.235088
116.867756 137.662101
116.654250 138.089114
116.440743 138.302620
116.440743 138.729633
116.227237 139.156646
116.013730 139.370152
116.013730 139.797165
115.800224 140.224178
115.586718 140.437684
115.373211 140.864697
115.373211 141.291710
115.159705 141.505217
114.946198 141.718723
114.732692 141.932229
114.732692 142.145736
114.519185 142.359242
114.305679 142.572749
114.092173 142.786255
114.092173 142.999761
113.878666 143.213268
113.665160 143.426774
113.451653 143.213268
113.451653 142.999761
113.238147 142.786255
113.024641 142.572749
112.811134 142.359242
112.597628 142.145736
112.597628 141.718723
112.384121 141.505217
112.170615 141.291710
111.957109 141.078204
111.957109 140.864697
111.743602 140.651191
111.530096 140.437684
111.316589 140.224178
111.103083 140.010672
111.103083 139.797165
110.889576 139.583659
110.676070 139.156646
110.462564 138.943140
110.249057 138.729633
110.035551 138.516127
110.035551 138.302620
109.822044 138.089114
109.608538 137.662101
109.395032 137.448595
109.181525 137.235088
108.968019 137.021582
108.754512 136.808075
108.754512 136.594569
108.541006 136.167556
108.327500 135.954050
108.113993 135.740543
107.900487 135.527037
107.686980 135.313531
107.473474 135.100024
107.473474 134.673011
107.259967 134.459505
107.046461 134.245999
106.832955 134.032492
106.619448 133.818986
106.405942 133.605479
106.192435 133.178466
106.192435 132.964960
105.978929 132.751454
105.765423 132.537947
105.551916 132.324441
105.338410 132.110934
105.124903 131.683922
104.911397 131.470415
104.911397 131.256909
104.697891 131.043402
104.484384 130.829896
104.484384 130.402883
104.270878 130.189377
104.057371 129.975870
103.843865 129.762364
103.843865 129.335351
103.630358 129.121845
103.416852 128.908338
103.416852 128.694832
103.203346 128.267819
102.989839 128.054313
102.989839 127.840806
102.776333 127.627300
102.562826 127.200287
102.349320 126.986781
102.349320 126.773274
102.135814 126.559768
101.922307 126.132755
101.922307 125.919248
101.708801 125.705742
101.495294 125.492236
101.495294 125.065223
101.281788 124.851716
101.068282 124.638210
100.854775 124.424704
100.854775 124.211197
100.641269 123.784184
100.427762 123.570678
100.427762 123.357172
100.214256 123.143665
100.000749 122.716652
100.000749 122.503146
99.787243 122.289639
99.787243 122.076133
99.787243 121.862627
99.787243 121.435614
99.787243 121.222107
99.787243 121.008601
99.787243 120.795095
99.787243 120.581588
99.787243 120.368082
99.787243 119.941069
99.787243 119.727563
99.787243 119.514056
99.787243 119.300550
99.787243 119.087043
99.787243 118.873537
99.787243 118.446524
99.787243 118.233018
99.787243 118.019511
99.787243 117.806005
99.787243 117.592498
99.787243 117.378992
99.787243 117.165486
99.787243 116.951979
99.787243 116.738473
99.787243 116.524966
99.787243 116.311460
99.787243 116.097954
99.787243 115.670941
99.787243 115.457434
99.787243 115.243928
100.000749 115.030421
100.000749 114.816915
100.214256 114.603409
100.427762 114.389902
100.641269 114.176396
100.641269 113.962889
100.854775 113.749383
101.068282 113.535877
101.281788 113.322370
101.281788 113.108864
101.495294 112.681851
101.708801 112.468345
101.708801 112.254838
101.922307 112.041332
102.135814 111.827825
102.349320 111.827825
102.562826 111.614319
102.989839 111.400812
103.203346 111.400812
103.416852 111.187306
103.630358 110.973800
103.843865 110.973800
104.057371 110.760293
104.484384 110.546787
104.697891 110.546787
104.911397 110.333280
105.124903 110.119774
105.338410 110.119774
105.551916 109.906268
105.978929 109.692761
106.192435 109.692761
106.405942 109.479255
106.619448 109.479255
106.832955 109.265748
107.259967 109.052242
107.473474 109.052242
107.686980 109.052242
108.113993 108.838736
108.327500 108.838736
108.541006 108.838736
108.968019 108.625229
109.181525 108.625229
109.395032 108.411723
109.822044 108.411723
110.035551 108.411723
110.249057 108.198216
110.676070 108.198216
110.889576 108.198216
111.316589 107.984710
111.530096 107.984710
111.743602 107.984710
112.170615 107.771203
112.384121 107.771203
112.597628 107.557697
113.024641 107.557697
113.238147 107.557697
113.451653 107.344191
113.878666 107.344191
114.092173 107.344191
114.305679 107.130684
114.732692 107.130684
114.946198 107.130684
115.159705 106.917178
115.586718 106.917178
115.800224 106.703671
116.013730 106.703671
116.440743 106.703671
116.654250 106.490165
116.867756 106.490165
117.294769 106.490165
117.508275 106.276659
117.721782 106.276659
118.148794 106.276659
118.362301 106.063152
118.789314 106.063152
119.002820 105.849646
119.216327 105.849646
119.643339 105.849646
119.856846 105.636139
120.070352 105.636139
120.497365 105.636139
120.710871 105.422633
120.924378 105.422633
121.351391 105.422633
121.564897 105.209127
121.778404 105.209127
121.991910 105.209127
122.205416 105.209127
122.418923 105.209127
122.845936 105.209127
123.059442 105.209127
123.272948 105.209127
123.486455 105.209127
123.699961 105.209127
123.913468 105.209127
124.340480 105.209127
124.553987 105.209127
124.767493 105.209127
124.981000 105.209127
125.194506 105.209127
125.408013 105.209127
125.835025 105.209127
126.048532 105.209127
126.262038 105.209127
126.475545 105.209127
126.689051 105.209127
126.902557 105.209127
127.329570 105.209127
127.543077 105.209127
127.756583 105.209127
127.970089 105.209127
128.183596 105.209127
128.397102 105.209127
128.610609 105.209127
129.037622 105.209127
129.251128 105.209127
129.464634 105.209127
129.678141 105.209127
129.678141 105.422633
129.678141 105.636139
129.678141 105.849646
