171.434270 81.761152
170.834353 82.361070
170.234435 82.361070
169.634517 82.361070
169.034599 82.361070
168.434682 82.361070
167.834764 82.361070
167.234846 82.361070
166.634928 82.361070
166.035011 82.361070
165.435093 82.361070
164.835175 82.361070
164.235257 82.361070
163.635340 82.361070
163.035422 82.361070
162.435504 82.361070
161.835586 82.361070
161.235669 82.361070
160.635751 82.361070
160.035833 82.361070
159.435915 82.361070
158.835998 82.361070
158.236080 82.361070
157.636162 82.361070
157.036244 82.361070
156.436327 82.361070
156.436327 82.960988
155.836409 82.960988
155.236491 82.960988
154.636573 82.960988
154.036656 82.960988
153.436738 82.960988
152.836820 82.960988
152.836820 83.560905
152.236902 83.560905
151.636985 83.560905
151.037067 83.560905
150.437149 84.160823
149.837231 84.160823
149.237314 84.160823
148.637396 84.160823
148.037478 84.760741
147.437560 84.760741
146.837643 84.760741
146.237725 84.760741
146.237725 85.360659
145.637807 85.360659
145.037889 85.360659
144.437972 85.360659
144.437972 85.960576
143.838054 85.960576
143.238136 86.560494
142.638218 86.560494
142.038301 86.560494
142.038301 87.160412
141.438383 87.160412
140.838465 87.160412
140.238547 87.160412
140.238547 87.760330
139.638630 87.760330
139.038712 88.360247
138.438794 88.360247
138.438794 88.960165
137.838876 88.960165
137.238959 89.560083
136.639041 89.560083
136.039123 90.160001
135.439205 90.160001
134.839288 90.160001
134.839288 90.759918
134.239370 90.759918
134.239370 91.359836
133.639452 91.359836
133.039534 91.359836
133.039534 91.959754
132.439617 92.559672
131.839699 92.559672
131.839699 93.159589
131.239781 93.159589
130.639863 93.759507
130.039946 94.359425
129.440028 94.359425
129.440028 94.959343
128.840110 95.559260
128.240192 95.559260
128.240192 96.159178
127.640275 96.159178
127.040357 96.759096
126.440439 96.759096
126.440439 97.359014
125.840521 97.958931
125.240604 98.558849
124.640686 98.558849
124.640686 99.158767
124.040768 99.758685
124.040768 100.358602
123.440850 100.358602
123.440850 100.958520
122.840933 101.558438
122.241015 102.158356
121.641097 102.758273
121.041179 103.358191
121.041179 103.958109
120.441262 103.958109
120.441262 104.558027
119.841344 105.157944
119.241426 105.157944
119.241426 105.757862
119.241426 106.357780
118.641508 106.957698
118.041591 107.557615
117.441673 108.157533
116.841755 108.757451
116.241837 109.357369
116.241837 109.957286
115.641920 110.557204
115.042002 111.157122
114.442084 111.757040
114.442084 112.356957
113.842166 112.956875
113.242249 113.556793
113.242249 114.156711
112.642331 114.756628
112.042413 115.356546
112.042413 115.956464
111.442495 116.556382
111.442495 117.156299
110.842578 117.756217
110.842578 118.356135
110.242660 118.956053
109.642742 119.555970
109.642742 120.155888
109.042824 120.755806
109.042824 121.355724
109.042824 121.955641
108.442907 122.555559
108.442907 123.155477
107.842989 123.755395
107.842989 124.355312
107.243071 124.955230
107.243071 125.555148
107.243071 126.155066
106.643153 126.754983
106.643153 127.354901
106.643153 127.954819
106.043236 128.554737
106.043236 129.154654
106.043236 129.754572
106.043236 130.354490
105.443318 130.954408
105.443318 131.554325
105.443318 132.154243
105.443318 132.754161
104.843400 133.354079
104.843400 133.953996
104.843400 134.553914
104.843400 135.153832
104.843400 135.753750
103.643565 136.353667
103.043647 136.953585
102.443729 137.553503
101.843811 138.153421
100.643976 138.753338
100.044058 139.353256
99.444140 139.953174
98.844223 140.553092
98.244305 140.553092
97.044469 139.953174
96.444552 139.953174
95.844634 139.953174
95.244716 139.353256
94.644798 139.353256
93.444963 138.753338
92.845045 138.753338
92.245127 138.153421
91.645210 138.153421
91.045292 138.153421
89.845456 137.553503
89.245539 137.553503
88.645621 136.953585
88.045703 136.953585
87.445785 136.953585
86.245950 136.353667
85.646032 136.353667
85.046114 135.753750
84.446197 135.753750
83.846279 135.153832
83.246361 134.553914
82.646443 133.953996
82.646443 133.354079
82.046526 132.754161
81.446608 131.554325
80.846690 130.954408
80.246772 130.354490
80.246772 129.754572
79.646855 129.154654
79.046937 128.554737
78.447019 127.954819
77.847101 127.354901
77.847101 126.754983
77.247184 126.155066
76.647266 125.555148
76.047348 124.955230
75.447430 124.355312
74.847513 123.755395
74.847513 123.155477
74.247595 121.955641
73.647677 121.355724
73.047759 120.755806
72.447842 120.155888
72.447842 119.555970
71.847924 118.956053
71.847924 118.356135
71.248006 117.756217
71.248006 117.156299
70.648088 116.556382
70.648088 115.956464
70.648088 114.756628
70.048171 114.156711
70.048171 113.556793
69.448253 112.956875
69.448253 112.356957
68.848335 111.757040
68.848335 111.157122
68.248417 110.557204
68.248417 109.957286
68.248417 108.757451
67.648500 108.157533
67.648500 107.557615
67.648500 106.957698
68.248417 106.357780
68.248417 105.757862
68.248417 105.157944
68.248417 103.958109
68.248417 103.358191
68.248417 102.758273
68.248417 102.158356
68.248417 101.558438
68.248417 100.958520
68.848335 99.758685
68.848335 99.158767
68.848335 98.558849
68.848335 97.958931
68.848335 97.359014
68.848335 96.759096
68.848335 96.159178
68.848335 95.559260
69.448253 94.959343
69.448253 94.359425
69.448253 93.759507
69.448253 92.559672
69.448253 91.959754
69.448253 91.359836
69.448253 90.759918
70.048171 90.160001
70.048171 89.560083
70.048171 88.960165
70.048171 88.360247
70.048171 87.760330
70.048171 87.160412
70.048171 86.560494
70.648088 85.960576
70.648088 85.360659
70.648088 84.760741
71.248006 84.160823
71.847924 83.560905
72.447842 82.960988
73.047759 82.361070
73.647677 81.161234
74.247595 80.561317
74.847513 79.961399
75.447430 79.361481
76.047348 78.761563
76.647266 77.561728
77.247184 76.961810
77.847101 76.361892
78.447019 75.761975
79.046937 75.162057
80.246772 73.962221
80.846690 73.362304
81.446608 72.762386
82.046526 72.162468
82.646443 71.562550
83.246361 70.362715
83.846279 70.362715
84.446197 69.762797
85.046114 69.162879
86.245950 69.162879
86.845868 68.562962
87.445785 67.963044
88.045703 67.963044
88.645621 67.363126
89.845456 66.763208
90.445374 66.763208
91.045292 66.163291
91.645210 66.163291
92.245127 65.563373
93.444963 64.963455
94.044881 64.963455
94.644798 64.363537
95.244716 63.763620
95.844634 63.763620
97.044469 63.163702
97.644387 62.563784
98.244305 62.563784
98.844223 62.563784
99.444140 62.563784
100.044058 61.963866
100.643976 61.963866
101.243894 61.963866
101.843811 61.963866
102.443729 61.363949
103.043647 61.363949
104.243482 61.363949
104.843400 61.363949
105.443318 61.363949
106.043236 60.764031
106.643153 60.764031
107.243071 60.764031
107.842989 60.764031
108.442907 60.164113
109.042824 60.164113
109.642742 60.164113
110.242660 60.164113
110.842578 60.164113
111.442495 59.564195
112.042413 59.564195
112.642331 59.564195
113.242249 59.564195
113.842166 58.964278
114.442084 58.964278
115.042002 58.964278
115.641920 58.964278
116.841755 58.964278
117.441673 58.364360
118.041591 58.364360
118.641508 58.364360
119.241426 58.364360
119.841344 58.364360
120.441262 57.764442
121.041179 57.764442
121.641097 57.764442
122.241015 57.764442
122.840933 57.164524
123.440850 57.164524
124.040768 57.164524
124.640686 57.164524
125.240604 57.164524
125.840521 56.564607
126.440439 56.564607
127.040357 56.564607
127.640275 56.564607
128.240192 55.964689
129.440028 55.964689
130.039946 55.964689
130.639863 55.964689
131.239781 55.964689
132.439617 55.364771
133.039534 55.364771
133.639452 55.364771
134.239370 55.364771
134.839288 55.364771
136.039123 55.364771
136.639041 54.764853
137.238959 54.764853
137.838876 54.764853
139.038712 54.764853
139.638630 54.764853
140.238547 54.164936
140.838465 54.164936
142.038301 54.164936
142.638218 54.164936
143.238136 54.164936
143.838054 54.164936
145.037889 54.164936
145.637807 54.164936
146.237725 54.164936
146.837643 54.164936
147.437560 54.164936
148.037478 54.164936
149.237314 54.164936
149.837231 54.164936
150.437149 54.164936
151.037067 54.164936
151.636985 54.164936
152.236902 54.164936
153.436738 54.164936
154.036656 54.164936
154.636573 54.164936
155.236491 54.164936
155.836409 54.164936
156.436327 54.164936
157.036244 54.764853
157.636162 54.764853
158.236080 55.364771
158.835998 55.964689
159.435915 55.964689
160.035833 56.564607
160.635751 56.564607
161.235669 57.164524
161.835586 57.164524
162.435504 57.764442
163.035422 58.364360
163.635340 58.364360
164.835175 58.964278
165.435093 59.564195
166.035011 60.164113
166.634928 60.764031
167.234846 61.363949
167.834764 61.963866
168.434682 62.563784
169.634517 63.163702
170.234435 64.363537
170.834353 64.963455
171.434270 65.563373
172.034188 66.163291
172.634106 66.763208
173.833941 67.363126
174.433859 67.963044
174.433859 68.562962
175.033777 69.162879
175.033777 69.762797
175.033777 70.362715
175.033777 70.962633
175.633695 71.562550
175.633695 72.162468
175.633695 72.762386
175.633695 73.362304
176.233612 73.962221
176.233612 75.162057
176.233612 75.761975
176.233612 76.361892
176.833530 76.961810
176.833530 77.561728
176.233612 78.161646
175.633695 78.761563
175.633695 79.361481
175.033777 79.961399
174.433859 80.561317
174.433859 81.161234
173.833941 81.761152
173.234024 81.761152
172.634106 81.761152
172.034188 81.761152
171.434270 81.761152
