167.127825 85.275131
166.650993 85.751963
166.174161 86.228795
165.697329 86.228795
165.220497 86.228795
164.743665 85.751963
164.266833 85.751963
163.790001 85.751963
163.313168 85.751963
162.836336 85.751963
162.359504 85.751963
161.882672 85.751963
161.405840 85.751963
160.929008 85.751963
160.452176 85.751963
159.975343 85.275131
159.498511 85.275131
159.021679 85.275131
158.544847 85.275131
158.068015 85.275131
157.591183 85.275131
157.114351 85.275131
156.637519 85.275131
156.160686 85.275131
155.683854 85.275131
155.207022 85.275131
154.730190 85.275131
154.253358 85.751963
153.776526 85.751963
153.299694 85.751963
152.822861 85.751963
152.346029 85.751963
151.869197 85.751963
151.392365 85.751963
150.915533 85.751963
150.438701 85.751963
149.961869 85.751963
149.485037 86.228795
149.008204 86.228795
148.531372 86.228795
148.054540 86.228795
147.577708 86.228795
147.100876 86.705627
146.624044 86.705627
146.147212 86.705627
145.670379 86.705627
145.193547 87.182459
144.716715 87.182459
144.239883 87.182459
143.763051 87.182459
143.763051 87.659291
143.286219 87.659291
142.809387 87.659291
142.332555 88.136123
141.855722 88.136123
141.378890 88.136123
141.378890 88.612956
140.902058 88.612956
140.425226 88.612956
140.425226 89.089788
139.948394 89.089788
139.471562 89.089788
138.994730 89.089788
138.994730 89.566620
138.517897 89.566620
138.041065 89.566620
138.041065 90.043452
137.564233 90.043452
137.087401 90.520284
136.610569 90.520284
136.133737 90.520284
135.656905 90.997116
135.180073 91.473948
134.703240 91.473948
134.226408 91.950781
133.749576 91.950781
133.272744 92.427613
132.795912 92.427613
132.319080 92.904445
131.842248 92.904445
131.842248 93.381277
131.365415 93.381277
131.842248 93.381277
131.365415 93.381277
130.888583 93.858109
130.411751 94.334941
129.934919 94.334941
129.934919 94.811773
129.458087 95.288605
128.981255 95.288605
128.504423 95.288605
128.504423 95.765438
128.027591 96.242270
127.550758 96.242270
127.550758 96.719102
127.073926 97.195934
126.597094 97.672766
126.120262 98.149598
125.643430 98.149598
125.643430 98.626430
125.166598 99.103263
124.689766 99.580095
124.212934 100.056927
124.212934 100.533759
123.736101 100.533759
123.736101 101.010591
123.259269 101.487423
122.782437 101.964255
122.305605 101.964255
122.305605 102.441087
122.305605 102.917920
121.828773 103.394752
121.351941 103.871584
121.351941 104.348416
120.875109 104.825248
120.875109 105.302080
120.398276 105.778912
119.921444 106.255745
119.921444 106.732577
119.444612 107.209409
118.967780 107.686241
118.490948 108.163073
118.490948 108.639905
118.014116 109.116737
117.537284 109.593569
117.537284 110.070402
117.060452 110.547234
117.060452 111.024066
116.583619 111.500898
116.583619 111.977730
116.106787 112.454562
115.629955 112.931394
115.629955 113.408227
115.629955 113.885059
115.153123 114.361891
115.153123 114.838723
114.676291 115.315555
114.676291 115.792387
114.199459 116.269219
114.199459 116.746051
114.199459 117.222884
113.722627 117.699716
113.722627 118.176548
113.722627 118.653380
113.245794 119.130212
113.245794 119.607044
113.245794 120.083876
113.245794 120.560708
112.768962 121.037541
112.768962 121.514373
112.768962 121.991205
112.768962 122.468037
112.768962 122.944869
112.292130 123.421701
112.292130 123.898533
112.292130 124.375366
112.292130 124.852198
112.292130 125.329030
112.292130 125.805862
112.292130 126.282694
112.292130 126.759526
112.292130 127.236358
112.292130 127.713190
111.815298 128.190023
111.815298 128.666855
111.815298 129.143687
111.815298 129.620519
111.815298 130.097351
111.815298 130.574183
111.815298 131.051015
111.815298 131.527848
112.292130 132.004680
112.292130 132.481512
112.292130 132.958344
112.292130 133.435176
112.292130 133.912008
112.292130 134.388840
112.292130 134.865672
112.292130 135.342505
112.292130 135.819337
112.292130 136.296169
112.768962 136.773001
112.292130 136.773001
111.338466 137.249833
110.861634 137.726665
110.384802 138.680330
109.907970 139.157162
109.431137 138.680330
108.954305 138.203497
108.477473 138.203497
108.000641 137.726665
107.523809 137.726665
107.046977 137.249833
106.093312 136.773001
105.616480 136.773001
105.139648 136.296169
104.662816 135.819337
104.185984 135.819337
103.709152 135.342505
103.232320 135.342505
102.755488 134.865672
102.278655 134.388840
101.801823 134.388840
101.324991 133.912008
100.848159 132.958344
100.371327 132.481512
99.894495 132.004680
99.417663 131.527848
98.940830 131.051015
97.987166 130.097351
97.510334 129.620519
97.033502 129.143687
96.556670 128.666855
96.079838 128.190023
95.603006 127.236358
95.126173 126.759526
94.649341 126.282694
94.172509 125.805862
93.695677 125.329030
93.218845 124.375366
92.742013 123.898533
92.265181 123.421701
91.788348 122.944869
91.311516 122.468037
90.357852 121.514373
89.881020 121.037541
89.404188 120.560708
88.927356 120.083876
88.450524 119.607044
88.450524 119.130212
87.973691 118.653380
87.496859 117.699716
87.020027 117.222884
87.020027 116.746051
86.543195 116.269219
86.066363 115.792387
85.589531 115.315555
85.112699 114.838723
85.112699 114.361891
84.635866 113.885059
84.159034 113.408227
83.682202 112.931394
83.682202 112.454562
83.205370 111.977730
82.728538 111.500898
82.728538 111.024066
82.728538 110.547234
82.251706 109.593569
82.251706 109.116737
82.251706 108.639905
82.251706 108.163073
81.774874 107.686241
81.774874 107.209409
81.774874 106.732577
81.774874 106.255745
81.298042 105.302080
81.298042 104.825248
81.298042 104.348416
81.298042 103.871584
81.298042 103.394752
81.298042 102.917920
81.774874 102.441087
81.774874 101.964255
82.251706 101.487423
82.251706 101.010591
82.728538 100.533759
82.728538 100.056927
82.728538 99.580095
83.205370 99.103263
83.205370 98.626430
83.682202 98.149598
83.682202 97.672766
84.159034 97.195934
84.635866 96.719102
85.112699 96.242270
86.066363 95.765438
86.543195 94.811773
87.020027 94.811773
87.496859 94.334941
87.973691 93.858109
88.450524 93.381277
88.927356 92.904445
89.404188 92.427613
89.881020 91.950781
90.357852 91.473948
90.834684 90.997116
91.311516 90.520284
91.788348 90.520284
92.265181 90.043452
92.742013 90.043452
93.218845 90.043452
93.695677 90.043452
94.172509 90.043452
94.649341 89.566620
95.126173 89.566620
95.603006 89.089788
96.079838 89.089788
96.556670 88.612956
97.033502 88.612956
97.510334 88.136123
97.987166 88.136123
98.940830 87.659291
99.417663 87.659291
99.894495 87.182459
100.371327 87.182459
100.848159 86.705627
101.324991 86.705627
101.801823 86.228795
102.278655 85.751963
102.755488 85.275131
103.232320 85.275131
103.709152 84.798299
104.185984 84.798299
104.662816 84.321466
105.139648 84.321466
105.616480 83.844634
106.093312 83.844634
106.570145 83.367802
107.046977 83.367802
107.523809 82.890970
108.000641 82.890970
108.477473 82.414138
108.954305 82.414138
109.431137 82.414138
109.907970 81.937306
110.384802 81.937306
110.861634 81.460474
111.338466 81.460474
111.815298 80.983641
112.292130 80.983641
112.768962 80.506809
113.722627 80.506809
114.199459 80.029977
114.676291 80.029977
115.153123 79.553145
115.629955 79.553145
116.106787 79.553145
116.583619 79.076313
117.060452 79.076313
117.537284 79.076313
118.014116 78.599481
118.490948 78.599481
118.967780 78.599481
119.444612 78.599481
119.921444 78.599481
120.398276 78.599481
120.875109 78.122649
121.351941 78.122649
121.828773 78.122649
122.305605 78.122649
122.782437 78.122649
123.259269 78.122649
123.736101 78.122649
124.212934 78.122649
124.689766 77.645817
125.166598 77.645817
125.643430 77.645817
126.120262 77.645817
126.597094 77.645817
127.073926 77.645817
127.550758 77.645817
128.027591 77.168984
128.504423 77.168984
128.981255 77.168984
129.458087 77.168984
129.934919 77.168984
130.411751 77.168984
130.888583 77.168984
131.365415 76.692152
131.842248 76.692152
132.319080 76.692152
132.795912 76.692152
133.272744 76.692152
133.749576 76.692152
134.703240 76.692152
135.180073 76.215320
135.656905 76.215320
136.133737 76.215320
136.610569 76.215320
137.087401 76.215320
137.564233 76.215320
138.041065 76.215320
138.517897 76.215320
138.994730 76.215320
139.471562 76.215320
139.948394 76.215320
140.425226 76.215320
140.902058 76.215320
141.378890 76.215320
142.332555 76.215320
142.809387 76.215320
143.286219 76.215320
143.763051 76.215320
144.239883 76.215320
144.716715 76.215320
145.670379 76.215320
146.147212 76.215320
146.624044 76.215320
147.100876 76.215320
147.577708 76.215320
148.054540 76.215320
149.008204 76.215320
149.485037 76.215320
149.961869 76.215320
150.438701 76.215320
150.915533 76.215320
151.392365 76.215320
151.869197 76.215320
152.822861 76.215320
153.299694 76.215320
153.776526 76.215320
154.253358 76.215320
154.730190 76.215320
155.207022 76.215320
155.683854 76.215320
156.160686 76.215320
157.114351 76.692152
157.591183 76.692152
158.068015 76.692152
158.544847 76.692152
159.021679 77.168984
159.498511 77.168984
159.975343 77.168984
160.452176 77.168984
160.929008 77.168984
161.405840 77.645817
161.882672 77.645817
162.359504 77.645817
162.836336 77.645817
163.313168 78.122649
163.790001 78.122649
164.266833 78.122649
164.743665 78.599481
165.220497 78.599481
165.697329 79.076313
166.174161 79.553145
166.650993 80.029977
167.127825 80.029977
167.604658 80.506809
168.558322 80.983641
169.035154 81.460474
169.511986 81.460474
169.988818 81.937306
170.465650 82.414138
170.942483 82.890970
171.419315 82.890970
171.896147 83.367802
172.372979 83.844634
172.849811 84.321466
173.326643 84.321466
173.803475 84.798299
174.280307 85.275131
173.803475 85.275131
173.326643 85.275131
172.849811 85.275131
172.372979 85.275131
171.896147 85.275131
171.419315 85.275131
170.942483 85.275131
170.465650 85.275131
169.988818 85.275131
169.035154 85.275131
168.558322 85.275131
168.081490 85.275131
167.604658 85.275131
167.127825 85.275131
