138.852098 99.634057
138.554897 99.634057
138.257696 100.228459
138.257696 100.822861
137.960496 101.120062
137.663295 101.714464
137.366094 102.011665
137.068893 102.606067
136.771692 103.200468
136.474491 103.497669
136.177290 104.092071
135.880089 104.389272
135.582888 104.686473
135.285687 104.686473
134.988486 104.686473
134.988486 104.983674
134.691285 104.983674
134.691285 105.280875
134.394084 105.578076
134.096883 105.875277
133.799682 106.172478
133.502481 106.172478
133.502481 106.469679
133.205280 106.766880
132.908080 106.766880
132.610879 107.064081
132.313678 107.064081
132.313678 107.361282
132.016477 107.658483
131.719276 107.658483
131.422075 107.955684
131.124874 107.955684
131.124874 108.252884
130.827673 108.550085
130.530472 108.550085
130.233271 108.847286
129.936070 108.847286
129.936070 109.144487
129.638869 109.144487
129.341668 109.441688
129.044467 109.441688
129.044467 109.738889
128.747266 110.036090
129.044467 109.738889
129.341668 109.441688
129.044467 109.441688
129.044467 109.738889
129.341668 109.441688
129.638869 109.144487
129.936070 109.144487
129.638869 109.144487
129.341668 109.441688
129.044467 109.441688
129.044467 109.738889
128.747266 110.036090
128.450065 110.036090
128.450065 110.333291
128.152864 110.333291
128.152864 110.630492
128.450065 110.333291
128.747266 110.036090
129.044467 109.738889
129.341668 109.441688
129.638869 109.144487
129.936070 109.144487
129.638869 109.144487
129.341668 109.441688
129.044467 109.738889
128.747266 109.738889
128.747266 110.036090
128.450065 110.333291
128.450065 110.036090
128.747266 110.036090
129.044467 109.738889
129.341668 109.441688
129.638869 109.144487
129.936070 109.144487
129.638869 109.144487
129.341668 109.441688
129.044467 109.738889
128.747266 110.036090
128.450065 110.333291
128.152864 110.630492
127.855664 110.927693
127.558463 111.224894
127.855664 110.927693
127.855664 110.630492
128.152864 110.630492
128.450065 110.333291
128.747266 110.036090
128.747266 109.738889
129.044467 109.738889
129.341668 109.441688
129.638869 109.144487
129.936070 109.144487
130.233271 108.847286
130.530472 108.550085
130.827673 108.550085
131.124874 108.252884
130.827673 108.252884
130.827673 108.550085
130.530472 108.550085
130.233271 108.847286
129.936070 108.847286
129.936070 109.144487
129.638869 109.144487
129.341668 109.441688
129.044467 109.441688
128.747266 109.738889
128.747266 110.036090
128.450065 110.333291
128.152864 110.630492
127.855664 110.927693
127.855664 110.630492
128.152864 110.630492
128.450065 110.333291
128.747266 110.036090
129.044467 109.738889
129.341668 109.441688
129.638869 109.144487
129.936070 109.144487
130.233271 108.847286
130.530472 108.550085
130.827673 108.550085
131.124874 108.252884
130.827673 108.252884
130.827673 108.550085
130.530472 108.550085
130.233271 108.847286
129.936070 109.144487
129.638869 109.144487
129.341668 109.441688
129.044467 109.441688
129.044467 109.738889
128.747266 110.036090
128.450065 110.036090
128.450065 110.333291
128.152864 110.630492
127.855664 110.927693
127.558463 111.224894
127.261262 111.522095
127.558463 111.224894
127.558463 110.927693
127.855664 110.927693
128.152864 110.630492
128.450065 110.333291
128.450065 110.036090
128.747266 110.036090
129.044467 109.738889
129.341668 109.441688
129.638869 109.144487
129.936070 109.144487
130.233271 108.847286
130.530472 108.550085
130.827673 108.550085
131.124874 108.252884
131.422075 107.955684
131.124874 108.252884
130.827673 108.550085
130.530472 108.550085
130.233271 108.847286
129.936070 108.847286
129.936070 109.144487
129.638869 109.144487
129.341668 109.144487
129.341668 109.441688
129.044467 109.441688
129.044467 109.738889
128.747266 110.036090
128.450065 110.333291
128.152864 110.630492
127.855664 110.630492
127.855664 110.927693
127.558463 111.224894
127.261262 111.522095
127.261262 111.224894
127.558463 111.224894
127.855664 110.927693
128.152864 110.630492
128.152864 110.333291
128.450065 110.333291
128.747266 110.036090
129.044467 109.738889
129.341668 109.441688
129.638869 109.144487
129.936070 109.144487
130.233271 108.847286
130.530472 108.550085
130.827673 108.550085
131.124874 108.252884
131.422075 107.955684
131.124874 108.252884
130.827673 108.550085
130.530472 108.550085
130.233271 108.847286
129.936070 108.847286
129.936070 109.144487
129.638869 109.144487
129.341668 109.144487
129.341668 109.441688
129.044467 109.441688
129.044467 109.738889
128.747266 110.036090
128.450065 110.333291
128.152864 110.630492
127.855664 110.630492
127.855664 110.927693
127.558463 111.224894
127.261262 111.522095
127.261262 111.224894
127.558463 111.224894
127.558463 110.927693
127.855664 110.927693
128.152864 110.630492
128.152864 110.333291
128.450065 110.333291
128.747266 110.036090
129.044467 109.738889
129.341668 109.441688
129.638869 109.144487
129.936070 109.144487
130.233271 108.847286
130.530472 108.550085
130.827673 108.550085
131.124874 108.252884
131.422075 107.955684
131.719276 107.955684
131.422075 107.955684
131.124874 108.252884
130.827673 108.252884
130.827673 108.550085
130.530472 108.550085
130.233271 108.847286
129.936070 108.847286
129.936070 109.144487
129.638869 109.144487
129.341668 109.144487
129.341668 109.441688
129.044467 109.738889
128.747266 110.036090
128.450065 110.036090
128.450065 110.333291
128.152864 110.630492
128.152864 110.333291
128.450065 110.333291
128.747266 110.036090
129.044467 109.738889
129.341668 109.441688
129.638869 109.144487
129.936070 109.144487
129.936070 108.847286
130.233271 108.847286
130.530472 108.550085
130.233271 108.550085
130.233271 108.847286
129.936070 109.144487
129.638869 109.144487
129.341668 109.441688
129.044467 109.441688
129.044467 109.738889
128.747266 110.036090
128.450065 110.036090
128.450065 110.333291
128.152864 110.630492
127.855664 110.630492
127.855664 110.927693
127.558463 111.224894
127.261262 111.522095
126.964061 111.819296
126.666860 112.116497
126.369659 112.413698
126.072458 112.710899
125.775257 112.710899
125.775257 113.008100
125.775257 113.305300
125.478056 113.602501
125.775257 113.305300
125.775257 113.008100
126.072458 112.710899
126.072458 112.413698
126.369659 112.413698
126.072458 112.710899
126.369659 112.413698
126.369659 112.116497
126.666860 112.116497
126.369659 112.116497
126.369659 112.413698
126.072458 112.710899
125.775257 113.008100
125.775257 113.305300
125.478056 113.602501
125.180855 113.899702
125.180855 114.196903
125.180855 113.899702
125.180855 114.196903
124.883654 114.494104
124.586453 114.791305
124.586453 115.088506
124.289252 115.385707
124.289252 115.682908
123.992051 115.682908
123.992051 115.980109
123.694850 116.277310
123.694850 116.574511
123.397649 116.871712
123.100448 117.168913
123.100448 117.466114
122.803247 117.763315
122.506047 118.060516
122.506047 118.357716
122.208846 118.654917
122.208846 118.952118
121.911645 119.249319
121.614444 119.546520
121.614444 119.843721
121.317243 120.140922
121.317243 120.438123
121.020042 120.735324
121.020042 121.032525
120.722841 121.329726
120.722841 121.626927
120.425640 121.924128
120.425640 122.221329
120.128439 122.518530
120.128439 122.815731
119.831238 123.112932
119.831238 123.410133
119.534037 123.707333
119.534037 124.004534
119.534037 124.301735
119.236836 124.598936
119.236836 124.896137
118.939635 125.193338
118.939635 125.490539
118.939635 125.787740
118.642434 126.084941
118.642434 126.382142
118.642434 126.679343
118.345233 126.976544
118.345233 127.273745
118.345233 127.570946
118.048032 127.868147
118.048032 128.165348
118.048032 128.462549
118.048032 128.165348
118.048032 128.462549
117.750831 128.759749
117.750831 129.056950
117.750831 129.354151
117.750831 129.651352
117.453631 129.948553
117.453631 130.245754
117.453631 130.542955
117.453631 130.840156
117.156430 131.137357
117.156430 131.434558
117.156430 131.731759
117.156430 132.028960
117.156430 132.326161
116.859229 132.623362
116.859229 132.920563
116.859229 133.217764
116.859229 133.514965
116.859229 133.812166
116.859229 134.109366
116.562028 134.406567
116.562028 134.703768
116.562028 135.000969
116.562028 135.298170
116.562028 135.595371
116.562028 135.892572
116.562028 136.189773
116.562028 136.486974
116.562028 136.784175
116.264827 137.081376
116.264827 137.378577
116.264827 137.675778
116.264827 137.972979
116.264827 138.270180
116.264827 138.567381
116.264827 138.864582
116.264827 139.161782
116.264827 139.458983
116.264827 139.756184
116.264827 140.053385
115.967626 140.647787
115.967626 141.242189
115.670425 141.539390
115.373224 142.133792
115.076023 142.430993
114.778822 143.025395
114.481621 143.619797
114.184420 143.916998
113.887219 143.916998
113.590018 143.916998
113.292817 143.916998
112.995616 143.916998
112.698415 143.916998
112.401214 143.916998
112.104014 143.916998
111.806813 143.619797
111.509612 143.322596
111.212411 143.025395
110.915210 142.728194
110.618009 142.430993
110.320808 142.133792
110.023607 141.836591
109.726406 141.539390
109.429205 141.242189
109.132004 140.944988
108.834803 140.647787
108.537602 140.350586
108.240401 140.053385
107.943200 139.756184
107.645999 139.458983
107.348798 139.161782
107.051598 138.864582
106.754397 138.567381
106.457196 137.972979
106.159995 137.675778
105.862794 137.378577
105.565593 137.081376
105.268392 136.784175
104.971191 136.486974
104.971191 136.189773
104.673990 135.892572
104.376789 135.595371
104.079588 135.298170
103.782387 135.000969
103.485186 134.703768
103.485186 134.406567
103.187985 134.109366
102.890784 133.812166
102.593583 133.514965
102.296382 133.217764
101.999182 132.920563
101.701981 132.326161
101.701981 132.028960
101.404780 131.731759
101.107579 131.434558
100.810378 131.137357
100.513177 130.840156
100.215976 130.542955
100.215976 130.245754
99.918775 129.948553
99.621574 129.651352
99.324373 129.354151
99.027172 129.056950
98.729971 128.759749
98.729971 128.462549
98.432770 128.165348
98.135569 127.868147
97.838368 127.570946
97.541167 126.976544
97.243966 126.679343
97.243966 126.382142
96.946765 126.084941
96.649565 125.787740
96.352364 125.490539
96.352364 125.193338
96.352364 124.896137
96.352364 124.598936
96.055163 124.301735
96.055163 124.004534
96.055163 123.707333
95.757962 123.410133
95.757962 123.112932
95.757962 122.815731
95.757962 122.518530
95.460761 122.221329
95.460761 121.924128
95.460761 121.626927
95.460761 121.329726
95.163560 121.032525
95.163560 120.735324
95.163560 120.438123
94.866359 120.140922
94.866359 119.843721
94.866359 119.546520
94.866359 119.249319
94.569158 118.952118
94.569158 118.654917
94.569158 118.357716
94.271957 118.060516
94.271957 117.763315
94.271957 117.466114
94.271957 117.168913
93.974756 116.871712
93.974756 116.574511
93.974756 116.277310
93.974756 115.980109
93.974756 115.682908
93.974756 115.385707
93.974756 114.791305
94.271957 114.494104
94.271957 114.196903
94.569158 113.899702
94.569158 113.602501
94.866359 113.008100
94.866359 112.710899
95.163560 112.413698
95.163560 112.116497
95.163560 111.819296
95.460761 111.224894
95.460761 110.927693
95.757962 110.630492
95.757962 110.333291
96.055163 110.036090
96.055163 109.738889
96.352364 109.144487
96.352364 108.847286
96.352364 108.550085
96.649565 108.252884
96.649565 107.955684
96.946765 107.361282
96.946765 107.064081
97.243966 106.766880
97.541167 106.469679
97.838368 106.172478
98.135569 105.875277
98.432770 105.578076
99.027172 105.280875
99.324373 104.686473
99.621574 104.389272
99.918775 104.092071
100.215976 103.794870
100.513177 103.497669
100.810378 103.200468
101.107579 102.903267
101.404780 102.606067
101.999182 102.308866
102.296382 101.714464
102.593583 101.417263
102.890784 101.120062
103.187985 100.822861
103.485186 100.525660
103.782387 100.228459
104.376789 99.931258
104.673990 99.931258
104.971191 99.634057
105.268392 99.336856
105.862794 99.336856
106.159995 99.039655
106.457196 98.742454
107.051598 98.742454
107.348798 98.445253
107.645999 98.148052
107.943200 98.148052
108.537602 97.850851
108.834803 97.553651
109.132004 97.553651
109.429205 97.256450
110.023607 96.959249
110.320808 96.959249
110.618009 96.662048
110.915210 96.364847
111.509612 96.364847
111.806813 96.067646
112.104014 95.770445
112.698415 95.770445
112.995616 95.473244
113.292817 95.473244
113.590018 95.473244
113.887219 95.473244
114.184420 95.473244
114.481621 95.473244
114.778822 95.473244
115.076023 95.473244
115.373224 95.473244
115.670425 95.473244
115.967626 95.473244
116.264827 95.473244
116.562028 95.473244
116.859229 95.176043
117.156430 95.176043
117.453631 95.176043
117.750831 95.176043
118.048032 95.176043
118.345233 95.176043
118.642434 95.176043
118.939635 95.176043
119.236836 95.176043
119.831238 95.176043
120.128439 95.176043
120.425640 95.176043
120.722841 95.176043
121.020042 94.878842
121.317243 94.878842
121.614444 94.878842
121.911645 94.878842
122.208846 94.878842
122.506047 94.878842
122.803247 94.878842
123.100448 94.878842
123.397649 94.878842
123.694850 94.878842
123.992051 94.878842
124.289252 94.878842
124.586453 94.878842
124.883654 94.878842
125.180855 94.878842
125.478056 94.878842
125.775257 94.878842
126.072458 94.878842
126.369659 94.878842
126.666860 94.878842
127.261262 94.878842
127.558463 94.878842
127.855664 95.176043
128.152864 95.176043
128.450065 95.176043
128.747266 95.176043
129.044467 95.176043
129.341668 95.176043
129.638869 95.176043
129.936070 95.176043
130.233271 95.176043
130.530472 95.176043
130.827673 95.176043
131.124874 95.176043
131.422075 95.176043
131.719276 95.473244
132.016477 95.473244
132.313678 95.473244
132.610879 95.473244
132.908080 95.473244
133.205280 95.473244
133.502481 95.473244
133.799682 95.473244
134.394084 95.473244
134.691285 95.473244
134.988486 95.473244
135.285687 95.473244
135.582888 95.473244
135.880089 95.473244
136.177290 95.770445
136.474491 95.770445
136.771692 95.770445
137.068893 95.770445
137.366094 95.770445
137.366094 96.067646
137.366094 95.770445
137.366094 96.067646
137.366094 96.364847
137.366094 96.662048
137.663295 96.662048
137.663295 96.959249
137.663295 97.256450
137.663295 97.553651
137.960496 97.553651
137.960496 97.850851
138.257696 98.148052
138.257696 98.445253
138.257696 98.742454
138.257696 99.039655
138.554897 99.039655
138.554897 99.336856
138.852098 99.634057
