171.862673 85.672522
171.233416 85.672522
170.604159 86.301779
169.974902 86.301779
169.345645 86.931036
168.716388 86.931036
167.457874 87.560293
166.828616 88.189550
165.570102 88.818807
164.311588 90.077322
163.053074 90.706579
162.423817 90.077322
161.794560 90.077322
161.165302 90.077322
160.536045 90.077322
159.906788 90.077322
159.277531 90.077322
158.648274 90.077322
158.019017 90.077322
157.389760 90.077322
156.760503 89.448064
156.131246 89.448064
155.501988 89.448064
154.872731 89.448064
154.243474 89.448064
153.614217 89.448064
152.984960 89.448064
152.355703 89.448064
151.726446 89.448064
151.097189 89.448064
150.467932 89.448064
149.838674 89.448064
149.209417 89.448064
148.580160 89.448064
147.950903 89.448064
147.321646 89.448064
146.692389 89.448064
146.063132 89.448064
145.433875 89.448064
144.804618 89.448064
144.175360 89.448064
144.175360 90.077322
143.546103 90.077322
142.916846 90.077322
142.287589 90.077322
141.658332 90.077322
141.658332 90.706579
141.029075 90.706579
140.399818 90.706579
139.770561 90.706579
139.770561 91.335836
139.141304 91.335836
138.512047 91.335836
137.882789 91.335836
137.882789 91.965093
137.253532 91.965093
136.624275 92.594350
135.995018 92.594350
135.365761 93.223607
134.736504 93.223607
134.107247 93.852864
133.477990 93.852864
133.477990 94.482121
132.848733 94.482121
132.219475 95.111378
131.590218 95.740636
130.960961 95.740636
130.960961 96.369893
130.331704 96.369893
129.702447 96.999150
129.073190 96.999150
129.073190 97.628407
128.443933 97.628407
128.443933 98.257664
127.814676 98.257664
127.814676 98.886921
127.185419 99.516178
126.556161 100.145435
126.556161 100.774692
125.926904 100.774692
125.926904 101.403949
125.297647 102.033207
124.668390 102.033207
124.668390 102.662464
124.039133 103.291721
124.039133 103.920978
123.409876 104.550235
122.780619 105.179492
122.151362 105.808749
122.151362 106.438006
121.522105 107.067263
120.892847 107.696521
120.892847 108.325778
120.263590 108.955035
120.263590 109.584292
119.634333 110.213549
119.005076 110.842806
119.005076 111.472063
118.375819 112.101320
118.375819 112.730577
117.746562 113.359835
117.746562 113.989092
117.117305 114.618349
117.117305 115.247606
117.117305 115.876863
116.488048 116.506120
116.488048 117.135377
116.488048 117.764634
115.858791 118.393891
115.858791 119.023149
115.858791 119.652406
115.858791 120.281663
115.229533 120.910920
115.229533 121.540177
115.229533 122.169434
115.229533 122.798691
115.229533 123.427948
115.229533 124.057205
115.229533 124.686463
115.229533 125.315720
115.229533 125.944977
113.971019 127.203491
112.712505 127.832748
111.453991 129.091262
110.195477 129.720519
108.936962 130.979034
107.678448 131.608291
106.419934 132.237548
105.790677 132.866805
105.161420 132.866805
104.532163 132.866805
103.902906 132.866805
103.273648 132.866805
102.015134 132.866805
101.385877 132.866805
100.756620 132.866805
100.127363 132.866805
99.498106 132.866805
98.868849 132.866805
98.239592 132.866805
97.610334 132.866805
96.981077 132.866805
96.351820 132.866805
95.722563 132.866805
94.464049 132.866805
93.834792 132.866805
93.205535 132.866805
92.576278 132.866805
91.947020 133.496062
91.317763 133.496062
90.688506 133.496062
90.059249 133.496062
89.429992 133.496062
88.800735 133.496062
88.171478 133.496062
87.542221 133.496062
86.912964 133.496062
86.283706 133.496062
85.654449 133.496062
85.025192 132.866805
84.395935 132.866805
83.766678 132.237548
83.137421 132.237548
82.508164 131.608291
81.249650 131.608291
80.620393 130.979034
79.991135 130.979034
79.361878 130.979034
78.732621 130.349776
78.103364 130.349776
77.474107 129.720519
76.215593 129.720519
75.586336 129.091262
74.957079 129.091262
74.327821 129.091262
73.698564 128.462005
73.069307 128.462005
72.440050 127.832748
71.810793 127.203491
71.181536 126.574234
71.181536 125.944977
70.552279 125.315720
69.923022 124.686463
69.923022 124.057205
69.293765 122.798691
69.293765 122.169434
68.664507 121.540177
68.035250 120.910920
68.035250 120.281663
67.405993 119.652406
66.776736 119.023149
66.776736 118.393891
66.147479 117.764634
66.147479 116.506120
65.518222 115.876863
65.518222 115.247606
65.518222 114.618349
64.888965 113.989092
64.888965 113.359835
64.888965 112.730577
64.888965 112.101320
64.888965 111.472063
64.888965 110.842806
64.259708 110.213549
64.259708 109.584292
64.259708 108.955035
64.259708 108.325778
64.259708 107.696521
64.259708 107.067263
63.630451 106.438006
63.630451 105.179492
63.630451 104.550235
63.630451 103.920978
63.630451 103.291721
63.630451 102.662464
63.630451 102.033207
63.630451 101.403949
63.630451 100.774692
63.630451 100.145435
63.630451 99.516178
63.630451 98.886921
64.259708 98.257664
64.259708 97.628407
64.259708 96.999150
64.259708 96.369893
64.259708 95.740636
64.259708 95.111378
64.259708 94.482121
64.888965 93.852864
64.888965 93.223607
64.888965 92.594350
64.888965 91.965093
64.888965 91.335836
64.888965 90.706579
64.888965 90.077322
65.518222 89.448064
65.518222 88.818807
65.518222 88.189550
65.518222 87.560293
65.518222 86.931036
65.518222 86.301779
66.147479 85.672522
66.147479 85.043265
66.147479 84.414008
66.776736 83.155493
67.405993 82.526236
67.405993 81.896979
68.035250 81.267722
68.664507 80.638465
69.293765 80.009208
69.923022 79.379951
69.923022 78.750694
70.552279 78.121436
71.181536 77.492179
71.810793 76.862922
71.810793 76.233665
72.440050 75.604408
73.069307 74.975151
73.698564 74.345894
74.327821 73.716637
74.327821 73.087380
74.957079 72.458123
75.586336 71.199608
76.215593 70.570351
76.215593 69.941094
76.844850 69.311837
77.474107 68.682580
78.103364 68.053323
78.732621 67.424066
79.361878 67.424066
79.991135 66.794809
80.620393 66.165551
81.249650 66.165551
81.878907 65.536294
82.508164 65.536294
83.137421 64.907037
83.766678 64.277780
84.395935 64.277780
85.025192 63.648523
85.654449 63.648523
86.283706 63.019266
87.542221 63.019266
88.171478 62.390009
88.800735 61.760752
89.429992 61.760752
90.059249 61.131495
90.688506 61.131495
91.317763 61.131495
91.947020 60.502237
92.576278 60.502237
93.205535 60.502237
93.834792 59.872980
94.464049 59.872980
95.093306 59.872980
95.722563 59.243723
96.351820 59.243723
97.610334 59.243723
98.239592 58.614466
98.868849 58.614466
99.498106 57.985209
100.127363 57.985209
100.756620 57.985209
101.385877 57.355952
102.015134 57.355952
102.644391 57.355952
103.273648 56.726695
103.902906 56.726695
104.532163 56.726695
105.161420 56.097438
105.790677 56.097438
106.419934 56.097438
107.678448 56.097438
108.307705 55.468181
108.936962 55.468181
109.566220 55.468181
110.195477 55.468181
110.824734 55.468181
112.083248 55.468181
112.712505 55.468181
113.341762 54.838923
113.971019 54.838923
114.600276 54.838923
115.229533 54.838923
115.858791 54.838923
117.117305 54.838923
117.746562 54.209666
118.375819 54.209666
119.005076 54.209666
119.634333 54.209666
120.263590 54.209666
121.522105 54.209666
122.151362 53.580409
122.780619 53.580409
123.409876 53.580409
124.039133 53.580409
124.668390 53.580409
125.926904 53.580409
126.556161 53.580409
127.185419 52.951152
127.814676 52.951152
128.443933 52.951152
129.073190 52.951152
130.331704 52.951152
130.960961 52.951152
131.590218 52.321895
132.219475 52.321895
132.848733 52.321895
133.477990 52.321895
134.107247 52.321895
134.736504 52.321895
135.365761 52.321895
135.995018 52.321895
136.624275 51.692638
137.882789 51.692638
138.512047 51.692638
139.141304 51.692638
139.770561 51.692638
140.399818 51.692638
141.029075 51.692638
141.658332 51.692638
142.287589 51.063381
142.916846 51.063381
143.546103 51.063381
144.175360 51.063381
145.433875 51.063381
146.063132 51.063381
146.692389 51.063381
147.321646 51.063381
147.950903 51.063381
148.580160 51.063381
149.838674 51.063381
150.467932 51.063381
151.097189 51.063381
151.726446 51.063381
152.355703 51.063381
152.984960 51.063381
154.243474 51.063381
154.872731 51.063381
155.501988 51.063381
156.131246 51.063381
156.760503 51.063381
157.389760 51.692638
158.019017 51.692638
158.648274 51.692638
159.906788 52.321895
160.536045 52.321895
161.165302 52.951152
161.794560 52.951152
162.423817 52.951152
163.053074 53.580409
163.682331 53.580409
164.311588 53.580409
164.940845 54.209666
166.199359 54.209666
166.828616 54.838923
167.457874 55.468181
168.087131 56.097438
168.716388 56.726695
169.345645 57.355952
169.974902 57.985209
170.604159 58.614466
171.233416 59.243723
171.862673 59.872980
173.121187 60.502237
173.750445 61.131495
174.379702 61.760752
175.008959 63.019266
175.638216 63.648523
176.267473 64.277780
176.896730 64.907037
177.525987 65.536294
177.525987 66.165551
177.525987 66.794809
177.525987 67.424066
177.525987 68.053323
177.525987 68.682580
177.525987 69.311837
177.525987 69.941094
177.525987 71.199608
177.525987 71.828865
177.525987 72.458123
177.525987 73.087380
177.525987 73.716637
177.525987 74.345894
177.525987 74.975151
177.525987 75.604408
177.525987 76.233665
177.525987 76.862922
177.525987 77.492179
177.525987 78.121436
177.525987 78.750694
177.525987 79.379951
177.525987 80.009208
177.525987 80.638465
177.525987 81.267722
177.525987 82.526236
176.896730 83.155493
176.267473 83.784750
175.638216 84.414008
175.638216 85.043265
175.008959 85.672522
174.379702 86.301779
173.750445 86.301779
173.121187 85.672522
172.491930 85.672522
171.862673 85.672522
