172.460001 83.780357
171.346731 84.336992
170.790096 84.893627
170.233461 84.893627
169.676826 84.336992
169.120190 84.336992
168.563555 84.336992
168.006920 84.336992
167.450285 83.780357
166.893650 83.780357
166.337015 83.780357
165.780379 83.780357
165.223744 83.223722
164.667109 83.223722
164.110474 83.223722
163.553839 83.223722
162.997204 83.223722
162.440568 83.223722
161.883933 83.223722
161.327298 83.223722
160.770663 82.667087
160.214028 82.667087
159.657393 82.667087
159.100758 82.667087
158.544122 82.667087
157.987487 82.667087
157.430852 82.667087
156.874217 82.667087
156.317582 82.667087
155.760947 82.667087
155.204311 82.667087
154.647676 82.667087
154.091041 82.667087
153.534406 82.667087
152.977771 82.667087
152.421136 82.667087
152.421136 83.223722
151.864500 83.223722
151.307865 83.223722
150.751230 83.223722
150.194595 83.223722
149.637960 83.223722
149.081325 83.223722
148.524690 83.223722
147.968054 83.223722
147.968054 83.780357
147.411419 83.780357
146.854784 83.780357
146.298149 83.780357
145.741514 84.336992
145.184879 84.336992
144.628243 84.336992
144.071608 84.336992
143.514973 84.336992
143.514973 84.893627
142.958338 84.893627
142.401703 84.893627
141.845068 84.893627
141.288432 85.450263
140.731797 85.450263
140.175162 85.450263
139.618527 85.450263
139.618527 86.006898
139.061892 86.006898
138.505257 86.006898
138.505257 86.563533
137.948622 86.563533
137.391986 86.563533
136.835351 87.120168
136.278716 87.120168
135.722081 87.120168
135.722081 87.676803
135.165446 87.676803
134.608811 88.233438
134.052175 88.233438
133.495540 88.233438
133.495540 88.790073
132.938905 88.790073
132.382270 88.790073
132.382270 89.346709
131.825635 89.346709
131.825635 89.903344
131.269000 89.903344
130.712364 89.903344
130.712364 90.459979
130.155729 90.459979
129.599094 90.459979
129.599094 91.016614
129.042459 91.573249
128.485824 91.573249
127.929189 91.573249
127.929189 92.129884
127.372554 92.686520
126.815918 93.243155
126.259283 93.243155
125.702648 93.243155
125.702648 93.799790
125.146013 94.356425
124.589378 94.356425
124.589378 94.913060
124.032743 95.469695
123.476107 96.026331
122.919472 96.582966
122.362837 96.582966
122.362837 97.139601
121.806202 97.696236
121.249567 98.252871
120.692932 98.252871
120.692932 98.809506
120.136296 99.366141
119.579661 99.922777
119.023026 100.479412
118.466391 101.036047
117.909756 101.592682
117.909756 102.149317
117.353121 102.705952
116.796486 103.262588
116.239850 103.819223
116.239850 104.375858
115.683215 104.932493
115.126580 105.489128
115.126580 106.045763
114.569945 106.602399
114.569945 107.159034
114.013310 107.715669
113.456675 108.272304
113.456675 108.828939
112.900039 109.385574
112.900039 109.942209
112.343404 110.498845
112.343404 111.055480
111.786769 111.612115
111.230134 112.168750
111.230134 112.725385
110.673499 113.282020
110.673499 113.838656
110.116864 114.395291
110.116864 114.951926
109.560229 115.508561
109.560229 116.065196
109.003593 116.621831
109.003593 117.178467
109.003593 117.735102
108.446958 118.291737
108.446958 118.848372
107.890323 119.405007
107.890323 119.961642
107.890323 120.518277
107.333688 121.074913
107.333688 121.631548
107.333688 122.188183
106.777053 122.744818
106.777053 123.301453
106.777053 123.858088
106.220418 124.414724
106.220418 124.971359
105.663782 125.527994
105.663782 126.084629
105.663782 126.641264
105.107147 127.197899
105.107147 127.754534
105.107147 128.311170
105.107147 128.867805
104.550512 129.424440
104.550512 129.981075
104.550512 130.537710
104.550512 131.094345
103.993877 131.650981
103.993877 132.207616
103.993877 132.764251
103.993877 133.320886
103.437242 133.877521
103.437242 134.434156
103.437242 134.990792
103.437242 135.547427
103.437242 136.104062
103.437242 136.660697
103.437242 137.217332
102.880607 137.773967
101.767336 138.330602
101.210701 138.887238
100.654066 139.443873
100.097431 140.000508
99.540796 139.443873
98.427525 139.443873
97.870890 138.887238
97.314255 138.330602
97.314255 137.773967
96.757620 137.217332
96.200985 136.660697
95.644350 136.104062
95.087714 134.990792
94.531079 134.434156
94.531079 133.877521
93.974444 133.320886
93.417809 132.764251
92.861174 132.207616
92.304539 131.650981
91.747903 130.537710
91.747903 129.981075
91.191268 129.424440
90.634633 128.867805
90.077998 128.311170
90.077998 127.754534
89.521363 127.197899
89.521363 126.641264
89.521363 126.084629
89.521363 125.527994
88.964728 124.971359
88.408093 124.414724
88.408093 123.858088
87.851457 123.301453
87.294822 122.188183
86.738187 121.631548
86.181552 121.074913
86.181552 120.518277
85.624917 119.961642
85.068282 119.405007
84.511646 118.848372
83.955011 118.291737
83.955011 117.735102
83.398376 117.178467
82.841741 116.621831
82.285106 116.065196
81.728471 115.508561
81.728471 114.951926
81.171835 114.395291
80.615200 113.838656
80.058565 113.282020
79.501930 112.725385
79.501930 112.168750
78.945295 111.612115
78.388660 111.055480
78.388660 110.498845
77.832025 109.942209
77.832025 109.385574
77.832025 108.828939
77.275389 108.272304
77.275389 107.715669
77.275389 106.602399
76.718754 106.045763
76.718754 105.489128
76.718754 104.932493
76.718754 104.375858
76.162119 103.819223
76.162119 103.262588
76.162119 102.705952
75.605484 102.149317
75.605484 101.592682
75.605484 101.036047
75.605484 100.479412
75.048849 99.922777
75.048849 99.366141
75.048849 98.809506
75.605484 97.696236
75.605484 97.139601
75.605484 96.582966
76.162119 96.026331
76.162119 95.469695
76.718754 94.356425
76.718754 93.799790
76.718754 93.243155
77.275389 92.686520
77.275389 91.573249
77.832025 91.016614
77.832025 90.459979
77.832025 89.903344
78.388660 88.790073
78.388660 88.233438
78.945295 87.676803
78.945295 87.120168
78.945295 86.006898
79.501930 85.450263
79.501930 84.893627
80.058565 84.336992
80.615200 83.780357
81.171835 83.223722
81.728471 82.667087
82.285106 82.110452
82.285106 81.553816
82.841741 80.997181
83.398376 80.440546
83.955011 79.883911
84.511646 79.327276
85.068282 78.770641
85.624917 78.214005
86.181552 77.657370
86.738187 77.100735
87.294822 76.544100
87.294822 75.987465
87.851457 75.430830
88.408093 74.874195
88.964728 74.317559
89.521363 73.760924
90.077998 73.204289
91.191268 73.204289
91.747903 73.204289
92.304539 72.647654
92.861174 72.647654
93.417809 72.091019
93.974444 72.091019
94.531079 72.091019
95.087714 71.534384
95.644350 71.534384
96.200985 71.534384
96.757620 70.977748
97.314255 70.977748
97.870890 70.421113
98.427525 70.421113
99.540796 70.421113
100.097431 69.864478
100.654066 69.864478
101.210701 69.307843
101.767336 69.307843
102.323971 69.307843
102.880607 68.751208
103.437242 68.751208
103.993877 68.194573
104.550512 68.194573
105.107147 68.194573
105.663782 67.637937
106.220418 67.637937
107.333688 67.637937
107.890323 67.081302
108.446958 67.081302
109.003593 66.524667
109.560229 66.524667
110.116864 66.524667
110.673499 65.968032
111.230134 65.968032
111.786769 65.968032
112.343404 65.968032
112.900039 65.411397
113.456675 65.411397
114.569945 65.411397
115.126580 64.854762
115.683215 64.854762
116.239850 64.854762
116.796486 64.298127
117.909756 64.298127
118.466391 64.298127
119.023026 63.741491
119.579661 63.741491
120.692932 63.741491
121.249567 63.184856
121.806202 63.184856
122.362837 63.184856
123.476107 62.628221
124.032743 62.628221
124.589378 62.628221
125.146013 62.071586
125.702648 62.071586
126.815918 62.071586
127.372554 62.071586
127.929189 61.514951
128.485824 61.514951
129.599094 61.514951
130.155729 60.958316
130.712364 60.958316
131.269000 60.401680
131.825635 60.401680
132.382270 60.401680
132.938905 59.845045
133.495540 59.845045
134.052175 59.845045
134.608811 59.845045
135.165446 59.845045
135.722081 59.845045
136.278716 59.845045
137.391986 59.845045
137.948622 59.845045
138.505257 59.845045
139.061892 59.845045
139.618527 59.845045
140.175162 59.845045
140.731797 59.845045
141.845068 59.845045
142.401703 59.845045
142.958338 59.845045
143.514973 59.845045
144.071608 59.845045
144.628243 59.845045
145.184879 59.845045
145.741514 59.845045
146.298149 59.845045
146.854784 59.845045
147.968054 59.845045
148.524690 59.845045
149.081325 59.845045
149.637960 59.845045
150.194595 59.845045
150.751230 59.845045
151.307865 59.845045
151.864500 59.845045
152.977771 59.845045
153.534406 59.845045
154.091041 59.845045
154.647676 59.845045
155.204311 59.845045
156.317582 59.845045
156.874217 59.845045
157.430852 59.845045
157.987487 59.845045
158.544122 59.845045
159.657393 59.845045
160.214028 59.845045
160.770663 59.845045
161.327298 59.845045
161.883933 59.845045
162.440568 60.401680
163.553839 60.958316
164.110474 61.514951
164.667109 62.071586
165.223744 62.628221
165.780379 63.184856
166.337015 63.741491
166.893650 64.298127
167.450285 64.854762
168.006920 65.411397
169.120190 65.411397
169.676826 65.968032
170.233461 66.524667
170.790096 67.081302
171.346731 67.637937
171.903366 68.751208
171.903366 69.307843
172.460001 69.864478
173.016636 70.421113
173.573272 70.977748
173.573272 72.091019
174.129907 72.647654
174.686542 73.204289
174.686542 73.760924
175.243177 74.317559
175.799812 75.430830
176.356447 75.987465
176.356447 76.544100
176.913083 77.100735
177.469718 77.657370
177.469718 78.770641
177.469718 79.327276
177.469718 79.883911
176.913083 80.440546
176.356447 80.997181
176.356447 81.553816
175.799812 82.110452
175.243177 82.667087
175.243177 83.223722
174.686542 83.223722
174.129907 83.223722
173.573272 83.780357
173.016636 83.780357
172.460001 83.780357
