175.914959 86.021658
175.298780 86.637837
174.682601 87.254016
174.066421 87.870196
172.834063 88.486375
172.217884 88.486375
171.601704 88.486375
170.985525 87.870196
170.369346 87.870196
169.753167 87.254016
169.136988 87.254016
168.520808 87.254016
167.904629 86.637837
167.288450 86.637837
166.672271 86.637837
166.056091 86.637837
165.439912 86.021658
164.823733 86.021658
164.207554 86.021658
163.591375 86.021658
162.975195 86.021658
162.359016 85.405479
161.742837 85.405479
161.126658 85.405479
160.510478 85.405479
159.894299 85.405479
159.278120 85.405479
158.661941 85.405479
158.045762 85.405479
157.429582 85.405479
156.813403 85.405479
156.197224 85.405479
155.581045 85.405479
154.964865 85.405479
154.348686 85.405479
153.732507 85.405479
153.116328 85.405479
152.500149 85.405479
151.883969 85.405479
151.267790 85.405479
150.651611 85.405479
150.035432 86.021658
149.419252 86.021658
148.803073 86.021658
148.186894 86.021658
147.570715 86.021658
146.954536 86.637837
146.338356 86.637837
145.722177 86.637837
145.105998 86.637837
144.489819 86.637837
143.873639 86.637837
143.257460 86.637837
142.641281 86.637837
142.025102 86.637837
141.408923 86.637837
140.792743 86.637837
140.176564 86.637837
139.560385 86.637837
138.944206 86.637837
138.328026 86.637837
137.711847 86.637837
137.711847 87.254016
137.095668 87.254016
136.479489 87.254016
135.863310 87.254016
135.247130 87.254016
134.630951 87.870196
134.014772 87.870196
133.398593 87.870196
132.782413 87.870196
132.166234 88.486375
131.550055 88.486375
130.933876 88.486375
130.317697 89.102554
129.701517 89.102554
129.085338 89.102554
129.085338 89.718733
128.469159 89.718733
127.852980 89.718733
127.236800 90.334913
126.620621 90.334913
126.004442 90.334913
126.004442 90.951092
125.388263 90.951092
124.772084 90.951092
124.772084 91.567271
124.155904 91.567271
124.155904 92.183450
123.539725 92.183450
122.923546 92.183450
122.923546 92.799629
122.307367 92.799629
121.691187 93.415809
121.075008 93.415809
121.075008 94.031988
120.458829 94.648167
119.842650 94.648167
119.226471 94.648167
119.226471 95.264346
118.610291 95.264346
118.610291 95.880526
117.994112 96.496705
117.377933 97.112884
116.761754 97.729063
116.145574 98.345242
115.529395 98.961422
114.913216 99.577601
114.297037 100.193780
113.680858 100.809959
113.064678 101.426139
113.064678 102.042318
112.448499 102.658497
111.832320 103.274676
111.216141 103.890855
111.216141 104.507035
110.599961 105.123214
110.599961 105.739393
109.983782 106.355572
109.367603 106.971752
109.367603 107.587931
108.751424 108.204110
108.751424 108.820289
108.135245 109.436468
108.135245 110.052648
108.135245 110.668827
107.519065 111.285006
107.519065 111.901185
106.902886 112.517365
106.902886 113.133544
106.902886 113.749723
106.286707 114.365902
106.286707 114.982081
106.286707 115.598261
106.286707 116.214440
105.670528 116.830619
105.670528 117.446798
105.054348 118.062978
105.054348 118.679157
105.054348 119.295336
104.438169 119.911515
104.438169 120.527694
103.821990 121.143874
103.821990 121.760053
103.821990 122.376232
103.205811 122.992411
103.205811 123.608591
103.205811 124.224770
103.205811 124.840949
102.589632 125.457128
102.589632 126.073307
102.589632 126.689487
102.589632 127.305666
102.589632 127.921845
101.973452 128.538024
101.973452 129.154204
101.973452 129.770383
101.973452 130.386562
101.973452 131.002741
101.973452 131.618920
101.973452 132.235100
101.973452 132.851279
101.973452 133.467458
101.973452 134.083637
101.973452 134.699817
101.973452 135.315996
101.973452 135.932175
101.973452 136.548354
101.973452 137.164533
101.973452 137.780713
101.973452 138.396892
101.973452 139.013071
101.973452 139.629250
101.973452 140.245430
101.973452 140.861609
101.973452 141.477788
101.973452 142.093967
101.973452 142.710146
101.973452 143.326326
101.357273 143.942505
100.124915 144.558684
99.508735 144.558684
98.892556 144.558684
98.276377 144.558684
97.660198 144.558684
97.044019 144.558684
96.427839 144.558684
95.811660 144.558684
95.195481 143.942505
94.579302 143.942505
93.963122 143.326326
93.346943 143.326326
92.730764 142.710146
92.114585 142.710146
91.498406 142.093967
90.882226 142.093967
90.266047 141.477788
89.649868 141.477788
89.033689 140.861609
88.417510 140.861609
87.801330 140.245430
87.185151 139.629250
86.568972 139.013071
85.952793 138.396892
85.336613 137.780713
84.720434 137.164533
84.104255 136.548354
83.488076 135.932175
82.871897 135.315996
82.255717 134.699817
81.639538 133.467458
81.023359 132.851279
80.407180 132.235100
79.791000 131.618920
79.174821 131.002741
78.558642 130.386562
77.942463 129.770383
77.326284 129.154204
76.710104 128.538024
76.093925 127.921845
75.477746 127.305666
75.477746 126.689487
74.861567 125.457128
74.861567 124.840949
74.245387 124.224770
73.629208 123.608591
73.629208 122.992411
73.013029 121.760053
73.013029 121.143874
72.396850 120.527694
71.780671 119.911515
71.780671 118.679157
71.164491 118.062978
70.548312 117.446798
70.548312 116.830619
69.932133 116.214440
69.932133 114.982081
69.315954 114.365902
68.699774 113.749723
68.699774 113.133544
68.083595 111.901185
68.083595 111.285006
67.467416 110.668827
66.851237 110.052648
66.851237 109.436468
66.235058 108.204110
66.235058 107.587931
66.235058 106.971752
66.235058 106.355572
66.235058 105.739393
66.235058 105.123214
66.235058 104.507035
66.235058 103.890855
65.618878 103.274676
65.618878 102.658497
65.618878 102.042318
65.618878 101.426139
65.618878 100.193780
65.618878 99.577601
65.618878 98.961422
65.618878 98.345242
65.618878 97.729063
65.618878 97.112884
65.618878 96.496705
65.618878 95.880526
65.618878 95.264346
65.618878 94.648167
65.618878 94.031988
65.618878 93.415809
66.235058 92.799629
66.235058 91.567271
66.235058 90.951092
66.235058 90.334913
66.235058 89.718733
66.851237 89.102554
66.851237 88.486375
66.851237 87.870196
66.851237 87.254016
66.851237 86.637837
66.851237 86.021658
67.467416 85.405479
67.467416 84.789300
68.083595 84.173120
68.083595 83.556941
68.699774 82.940762
69.315954 82.324583
69.315954 81.708403
69.932133 80.476045
69.932133 79.859866
70.548312 79.243687
71.164491 78.627507
71.780671 78.011328
72.396850 77.395149
73.013029 76.778970
73.629208 76.778970
74.245387 76.162790
74.861567 75.546611
75.477746 74.930432
76.093925 74.314253
76.710104 73.698074
77.326284 73.081894
78.558642 72.465715
79.174821 71.849536
79.791000 71.233357
80.407180 70.617177
81.023359 70.000998
81.639538 70.000998
82.255717 69.384819
82.871897 68.768640
83.488076 68.768640
84.104255 68.152461
84.720434 68.152461
85.952793 67.536281
86.568972 67.536281
87.185151 66.920102
87.801330 66.920102
88.417510 66.920102
89.033689 66.303923
89.649868 66.303923
90.266047 65.687744
90.882226 65.687744
91.498406 65.687744
92.730764 65.071564
93.346943 65.071564
93.963122 64.455385
94.579302 64.455385
95.195481 64.455385
95.811660 63.839206
96.427839 63.839206
97.044019 63.223027
97.660198 63.223027
98.276377 63.223027
99.508735 62.606848
100.124915 62.606848
100.741094 61.990668
101.357273 61.990668
101.973452 61.990668
102.589632 61.374489
103.205811 61.374489
103.821990 60.758310
104.438169 60.758310
105.670528 60.758310
106.286707 60.142131
106.902886 60.142131
107.519065 60.142131
108.135245 60.142131
108.751424 60.142131
109.367603 59.525952
109.983782 59.525952
110.599961 59.525952
111.216141 59.525952
111.832320 59.525952
113.064678 59.525952
113.680858 59.525952
114.297037 59.525952
114.913216 59.525952
115.529395 59.525952
116.145574 58.909772
116.761754 58.909772
117.377933 58.909772
117.994112 58.909772
119.226471 58.909772
119.842650 58.909772
120.458829 58.909772
121.075008 58.909772
121.691187 58.909772
122.307367 58.293593
122.923546 58.293593
123.539725 58.293593
124.155904 58.293593
125.388263 58.293593
126.004442 58.293593
126.620621 58.293593
127.236800 58.293593
127.852980 58.293593
128.469159 58.293593
129.085338 58.293593
129.701517 58.293593
130.317697 58.293593
130.933876 58.293593
131.550055 58.293593
132.166234 58.293593
132.782413 58.293593
133.398593 58.293593
134.014772 58.293593
135.247130 58.293593
135.863310 58.293593
136.479489 58.293593
137.095668 58.293593
137.711847 58.293593
138.328026 58.293593
138.944206 58.293593
139.560385 58.293593
140.176564 58.293593
140.792743 58.293593
141.408923 58.293593
142.025102 58.293593
142.641281 58.293593
143.257460 58.293593
143.873639 58.293593
144.489819 58.293593
145.105998 58.293593
145.722177 58.293593
146.338356 58.293593
147.570715 58.293593
148.186894 58.293593
148.803073 58.293593
149.419252 58.909772
150.035432 58.909772
150.651611 58.909772
151.267790 58.909772
151.883969 59.525952
152.500149 59.525952
153.116328 59.525952
154.348686 59.525952
154.964865 60.142131
155.581045 60.142131
156.197224 60.142131
156.813403 60.142131
157.429582 60.758310
158.045762 60.758310
158.661941 60.758310
159.278120 60.758310
160.510478 61.374489
161.126658 61.374489
161.742837 61.374489
162.359016 61.374489
162.975195 61.990668
163.591375 61.990668
164.207554 61.990668
164.823733 62.606848
165.439912 63.223027
166.056091 63.839206
166.672271 64.455385
167.288450 64.455385
167.904629 65.071564
168.520808 65.687744
169.136988 66.303923
169.753167 66.920102
170.369346 67.536281
170.985525 68.152461
171.601704 68.152461
172.217884 68.768640
172.834063 69.384819
173.450242 70.000998
174.066421 70.617177
174.682601 71.233357
175.298780 71.849536
175.298780 73.081894
175.914959 73.698074
176.531138 74.314253
176.531138 74.930432
177.147317 75.546611
177.763497 76.162790
177.763497 76.778970
178.379676 77.395149
178.379676 78.011328
178.379676 78.627507
178.379676 79.243687
178.379676 79.859866
178.379676 80.476045
178.379676 81.092224
178.379676 81.708403
177.763497 82.324583
177.763497 82.940762
177.763497 83.556941
177.147317 84.173120
177.147317 84.789300
176.531138 85.405479
175.914959 86.021658
