122.266785 103.687058
122.055577 103.898266
121.844369 103.898266
121.844369 104.109474
121.633161 104.320682
121.421953 104.320682
121.421953 104.531890
121.210746 104.743098
120.999538 104.954306
120.788330 104.954306
120.788330 105.165514
120.577122 105.376722
120.365914 105.587930
120.154706 105.799138
119.943498 106.010346
119.732290 106.221554
119.521082 106.432762
119.309874 106.643970
119.309874 106.855178
119.098666 107.066386
118.887458 107.277594
118.676250 107.488802
118.465042 107.700010
118.465042 107.911218
118.253834 108.122425
118.042626 108.333633
117.831418 108.544841
117.831418 108.756049
117.620210 108.967257
117.409002 109.178465
117.409002 109.389673
117.197794 109.600881
116.986586 109.812089
116.986586 110.023297
116.775378 110.234505
116.775378 110.445713
116.564170 110.656921
116.352962 110.868129
116.352962 111.079337
116.141754 111.290545
116.141754 111.501753
115.930546 111.712961
115.930546 111.924169
115.719338 112.135377
115.719338 112.346585
115.508130 112.557793
115.508130 112.769001
115.296922 112.980209
115.296922 113.191417
115.296922 113.402625
115.085714 113.613833
115.085714 113.825041
114.874507 114.036249
114.874507 114.247457
114.874507 114.458664
114.663299 114.669872
114.663299 114.881080
114.452091 115.092288
114.452091 115.303496
114.452091 115.514704
114.240883 115.725912
114.240883 115.937120
114.240883 116.148328
114.029675 116.359536
114.029675 116.570744
114.029675 116.781952
114.029675 116.993160
113.818467 117.204368
113.818467 117.415576
113.818467 117.626784
113.818467 117.837992
113.607259 118.049200
113.607259 118.260408
113.607259 118.471616
113.607259 118.682824
113.396051 118.894032
113.396051 119.105240
113.396051 119.316448
113.396051 119.527656
113.396051 119.738864
113.396051 119.950072
113.184843 120.161280
113.184843 120.372488
113.184843 120.583696
113.184843 120.794904
113.184843 121.006111
113.184843 121.217319
113.184843 121.428527
113.184843 121.639735
112.973635 121.850943
112.973635 122.062151
112.973635 122.273359
112.973635 122.484567
112.973635 122.695775
112.973635 122.906983
112.973635 123.118191
112.973635 123.329399
112.973635 123.540607
112.973635 123.751815
112.973635 123.963023
112.973635 124.174231
112.973635 124.385439
112.973635 124.596647
112.973635 124.807855
112.973635 125.019063
112.973635 125.230271
112.973635 125.441479
112.973635 125.652687
112.973635 125.863895
112.973635 126.075103
112.973635 126.286311
112.973635 126.497519
112.973635 126.708727
112.973635 126.919935
112.973635 127.131143
112.973635 127.342350
112.973635 127.553558
113.184843 127.764766
113.184843 127.975974
113.184843 128.187182
113.184843 128.398390
113.184843 128.609598
113.184843 128.820806
113.184843 129.032014
113.184843 129.243222
113.396051 129.454430
113.396051 129.665638
113.396051 129.876846
113.396051 130.088054
113.396051 130.299262
113.396051 130.510470
113.607259 130.721678
113.607259 130.932886
113.607259 131.144094
113.607259 131.355302
113.818467 131.566510
113.818467 131.777718
113.818467 131.988926
113.818467 132.200134
113.818467 132.411342
114.029675 132.411342
114.029675 132.622550
114.029675 132.833758
114.029675 133.044966
114.029675 132.833758
114.029675 133.044966
114.240883 133.256174
114.240883 133.467382
114.240883 133.678590
114.240883 133.889797
114.452091 133.889797
114.452091 134.101005
114.452091 134.312213
114.663299 134.523421
114.452091 134.734629
114.663299 134.523421
114.663299 134.734629
114.874507 134.945837
114.874507 135.157045
114.874507 134.945837
114.874507 135.157045
114.874507 135.368253
114.874507 135.579461
115.085714 135.579461
115.085714 135.790669
115.296922 136.001877
115.296922 136.213085
115.296922 136.424293
115.508130 136.635501
115.508130 136.846709
115.508130 137.057917
115.296922 137.269125
115.085714 137.269125
114.874507 137.269125
114.663299 137.057917
114.452091 137.057917
114.240883 136.846709
114.029675 136.846709
113.818467 136.635501
113.607259 136.635501
113.396051 136.424293
113.184843 136.213085
112.973635 136.213085
112.762427 136.213085
112.551219 136.001877
112.340011 136.001877
112.128803 136.001877
111.917595 135.790669
111.706387 135.790669
111.495179 135.579461
111.283971 135.579461
111.072763 135.368253
110.861555 135.368253
110.650347 135.157045
110.439139 135.157045
110.227931 134.945837
110.016723 134.945837
109.805515 134.734629
109.594307 134.734629
109.383099 134.734629
109.171891 134.523421
109.171891 134.312213
108.960683 134.101005
108.749475 133.889797
108.749475 133.678590
108.749475 133.467382
108.538267 133.256174
108.327060 133.044966
108.327060 132.833758
108.327060 132.622550
108.115852 132.411342
107.904644 132.200134
107.904644 131.988926
107.693436 131.777718
107.482228 131.566510
107.482228 131.355302
107.271020 131.144094
107.271020 130.932886
107.271020 130.721678
107.059812 130.510470
106.848604 130.299262
106.848604 130.088054
106.848604 129.876846
106.637396 129.665638
106.426188 129.454430
106.426188 129.243222
106.214980 129.032014
106.214980 128.820806
106.003772 128.609598
106.003772 128.398390
105.792564 128.187182
105.581356 127.975974
105.581356 127.764766
105.581356 127.553558
105.370148 127.342350
105.370148 127.131143
105.158940 126.919935
105.158940 126.708727
104.947732 126.497519
104.947732 126.286311
104.736524 126.075103
104.525316 125.863895
104.525316 125.652687
104.525316 125.441479
104.314108 125.230271
104.102900 125.019063
104.102900 124.807855
104.102900 124.596647
104.102900 124.385439
103.891692 124.174231
103.891692 123.963023
103.891692 123.751815
103.891692 123.540607
103.891692 123.329399
103.680484 123.118191
103.680484 122.906983
103.680484 122.695775
103.680484 122.484567
103.469276 122.273359
103.469276 122.062151
103.469276 121.850943
103.469276 121.639735
103.469276 121.428527
103.258068 121.217319
103.258068 121.006111
103.258068 120.794904
103.258068 120.372488
103.046860 120.161280
103.046860 119.950072
103.046860 119.738864
103.046860 119.527656
103.046860 119.316448
102.835652 119.105240
102.835652 118.894032
102.835652 118.682824
102.835652 118.471616
102.835652 118.260408
102.624444 118.049200
102.624444 117.837992
102.624444 117.626784
102.624444 117.415576
102.624444 117.204368
102.413236 116.993160
102.413236 116.781952
102.413236 116.570744
102.413236 116.359536
102.202028 116.148328
102.202028 115.937120
102.202028 115.725912
102.202028 115.514704
102.202028 115.303496
102.202028 115.092288
102.202028 114.881080
102.202028 114.669872
102.202028 114.458664
102.202028 114.247457
102.202028 114.036249
102.202028 113.825041
102.202028 113.613833
102.202028 113.402625
102.413236 113.191417
102.413236 112.980209
102.413236 112.769001
102.413236 112.557793
102.413236 112.346585
102.413236 112.135377
102.413236 111.924169
102.413236 111.712961
102.413236 111.501753
102.624444 111.290545
102.624444 111.079337
102.624444 110.868129
102.835652 110.656921
103.046860 110.445713
103.258068 110.445713
103.469276 110.445713
103.680484 110.234505
103.891692 110.023297
104.102900 110.023297
104.314108 109.812089
104.525316 109.812089
104.736524 109.812089
104.947732 109.600881
105.158940 109.389673
105.370148 109.389673
105.581356 109.389673
105.792564 109.178465
106.003772 109.178465
106.214980 108.967257
106.426188 108.756049
106.637396 108.756049
106.848604 108.756049
107.059812 108.544841
107.271020 108.544841
107.482228 108.333633
107.693436 108.333633
107.904644 108.122425
108.115852 108.122425
108.327060 107.911218
108.538267 107.911218
108.749475 107.700010
108.960683 107.488802
109.383099 107.488802
109.594307 107.488802
109.805515 107.277594
110.016723 107.066386
110.227931 107.066386
110.439139 106.855178
110.650347 106.855178
110.861555 106.643970
111.072763 106.643970
111.283971 106.643970
111.495179 106.432762
111.706387 106.432762
111.917595 106.432762
112.128803 106.432762
112.340011 106.432762
112.551219 106.432762
112.762427 106.432762
112.973635 106.432762
113.184843 106.432762
113.396051 106.432762
113.607259 106.432762
113.818467 106.432762
114.029675 106.432762
114.240883 106.432762
114.452091 106.221554
114.663299 106.221554
114.874507 106.221554
115.085714 106.221554
115.296922 106.010346
115.508130 106.010346
115.719338 105.799138
115.930546 105.799138
116.141754 105.799138
116.352962 105.587930
116.564170 105.587930
116.775378 105.376722
116.986586 105.376722
117.197794 105.376722
117.409002 105.376722
117.620210 105.165514
117.831418 105.165514
118.042626 104.954306
118.253834 104.954306
118.465042 104.954306
118.676250 104.743098
118.887458 104.743098
119.098666 104.531890
119.309874 104.531890
119.521082 104.320682
119.732290 104.320682
119.943498 104.109474
120.154706 104.109474
120.365914 104.109474
120.577122 103.898266
120.788330 103.898266
120.999538 103.687058
121.210746 103.687058
121.421953 103.687058
121.633161 103.475850
121.844369 103.475850
122.055577 103.264642
122.266785 103.264642
122.477993 103.264642
122.266785 103.053434
122.266785 102.842226
122.266785 103.053434
122.477993 103.264642
122.266785 103.053434
122.266785 102.842226
122.055577 102.631018
122.055577 102.419810
122.055577 102.631018
122.266785 102.842226
122.266785 103.053434
122.477993 103.264642
122.477993 103.475850
122.266785 103.475850
122.266785 103.687058
