124.348832 107.886851
124.177199 108.058484
124.005566 108.230117
123.833933 108.230117
124.005566 108.230117
123.833933 108.230117
123.662300 108.401750
123.490667 108.401750
123.490667 108.573383
123.319034 108.745016
123.147401 108.745016
123.147401 108.916649
122.975767 109.088282
122.804134 109.259915
122.632501 109.431548
122.460868 109.603181
122.289235 109.774815
122.117602 109.946448
121.945969 109.946448
121.945969 110.118081
121.774336 110.289714
121.602703 110.461347
121.602703 110.632980
121.431070 110.804613
121.259437 110.976246
121.087803 111.147879
120.916170 111.319512
120.744537 111.491146
120.744537 111.662779
120.572904 111.834412
120.401271 112.006045
120.229638 112.177678
120.058005 112.349311
120.058005 112.520944
119.886372 112.692577
119.714739 112.864210
119.714739 113.035843
119.543106 113.207477
119.371472 113.379110
119.371472 113.550743
119.199839 113.722376
119.028206 113.894009
119.028206 114.065642
118.856573 114.237275
118.684940 114.408908
118.684940 114.580541
118.513307 114.752174
118.513307 114.923808
118.341674 115.095441
118.341674 115.267074
118.170041 115.438707
117.998408 115.610340
117.998408 115.781973
117.826775 115.953606
117.826775 116.125239
117.655141 116.296872
117.655141 116.468505
117.483508 116.640138
117.483508 116.811772
117.483508 116.983405
117.311875 117.155038
117.311875 117.326671
117.140242 117.498304
117.140242 117.669937
116.968609 117.841570
116.968609 118.013203
116.968609 118.184836
116.796976 118.356469
116.796976 118.528103
116.625343 118.699736
116.625343 118.871369
116.625343 119.043002
116.453710 119.214635
116.453710 119.386268
116.453710 119.557901
116.282077 119.729534
116.282077 119.901167
116.282077 120.072800
116.110444 120.244434
116.110444 120.416067
116.110444 120.587700
115.938810 120.759333
115.938810 120.930966
115.938810 121.102599
115.938810 121.274232
115.767177 121.445865
115.767177 121.617498
115.767177 121.789131
115.767177 121.960765
115.595544 122.132398
115.595544 122.304031
115.595544 122.475664
115.595544 122.647297
115.423911 122.818930
115.423911 122.990563
115.423911 123.162196
115.423911 123.333829
115.423911 123.505462
115.423911 123.677096
115.252278 123.848729
115.252278 124.020362
115.252278 124.191995
115.252278 124.363628
115.252278 124.535261
115.252278 124.706894
115.252278 124.878527
115.080645 125.050160
115.080645 125.221793
115.080645 125.393426
115.080645 125.565060
115.080645 125.736693
115.080645 125.908326
115.080645 126.079959
115.080645 126.251592
115.080645 126.423225
115.080645 126.594858
115.080645 126.766491
115.080645 126.938124
115.080645 127.109757
115.080645 127.281391
115.080645 127.453024
115.080645 127.624657
114.909012 127.796290
114.909012 127.967923
114.909012 128.139556
114.909012 128.311189
114.909012 128.482822
114.909012 128.654455
114.909012 128.826088
114.909012 128.997722
114.909012 129.169355
115.080645 129.340988
115.080645 129.512621
115.080645 129.684254
115.080645 129.855887
115.080645 130.027520
115.080645 130.199153
115.080645 130.370786
115.080645 130.542419
115.080645 130.714053
115.080645 130.885686
115.080645 131.057319
115.080645 131.228952
115.080645 131.400585
115.080645 131.572218
115.080645 131.743851
115.080645 131.915484
115.080645 132.087117
115.252278 132.087117
115.252278 132.258750
115.252278 132.430383
115.252278 132.602017
115.252278 132.773650
115.252278 132.945283
115.252278 133.116916
115.252278 133.288549
115.423911 133.288549
115.423911 133.460182
115.423911 133.631815
115.423911 133.803448
115.423911 133.975081
115.423911 134.146714
115.423911 134.318348
115.423911 134.661614
115.252278 135.004880
115.080645 135.176513
115.080645 135.519779
114.909012 135.863045
114.737379 136.206312
114.565746 136.549578
114.565746 136.892844
114.394113 137.064477
114.222479 137.407743
114.222479 137.751010
114.050846 138.094276
113.879213 138.437542
113.879213 138.780808
113.707580 138.952441
113.535947 138.609175
113.364314 138.437542
113.192681 138.094276
112.849415 137.751010
112.677782 137.407743
112.506149 137.064477
112.334515 136.721211
112.162882 136.377945
111.991249 136.034679
111.819616 135.691412
111.647983 135.348146
111.476350 135.004880
111.304717 134.661614
110.961451 134.318348
110.789818 133.975081
110.618184 133.631815
110.446551 133.460182
110.274918 133.116916
110.103285 132.773650
109.931652 132.430383
109.760019 132.087117
109.588386 131.743851
109.416753 131.400585
109.245120 131.057319
108.901853 130.714053
108.730220 130.370786
108.558587 130.027520
108.386954 129.684254
108.215321 129.340988
108.043688 128.997722
107.872055 128.654455
107.700422 128.482822
107.528789 128.139556
107.357156 127.796290
107.013889 127.453024
106.842256 127.109757
106.670623 126.766491
106.498990 126.423225
106.327357 126.079959
106.155724 125.736693
105.984091 125.393426
105.812458 125.050160
105.640825 124.706894
105.469191 124.363628
105.297558 124.020362
104.954292 123.677096
104.782659 123.505462
104.611026 123.162196
104.439393 122.818930
104.267760 122.475664
104.267760 122.132398
104.096127 121.960765
104.096127 121.789131
104.096127 121.617498
103.924494 121.274232
103.924494 121.102599
103.752861 120.930966
103.752861 120.759333
103.752861 120.416067
103.581227 120.244434
103.581227 120.072800
103.409594 119.901167
103.409594 119.557901
103.409594 119.386268
103.237961 119.214635
103.237961 119.043002
103.066328 118.699736
103.237961 118.528103
103.409594 118.356469
103.581227 118.184836
103.581227 118.013203
103.752861 117.841570
103.924494 117.669937
104.096127 117.498304
104.096127 117.326671
104.267760 117.155038
104.439393 116.983405
104.439393 116.811772
104.611026 116.640138
104.782659 116.468505
104.782659 116.296872
104.954292 116.125239
104.954292 115.953606
105.125925 115.781973
105.125925 115.610340
105.297558 115.438707
105.297558 115.267074
105.469191 115.095441
105.469191 114.923808
105.640825 114.752174
105.640825 114.580541
105.812458 114.408908
105.812458 114.237275
105.984091 114.065642
105.984091 113.894009
105.984091 113.722376
106.327357 113.550743
106.498990 113.550743
106.670623 113.379110
106.842256 113.379110
107.013889 113.379110
107.185522 113.207477
107.357156 113.207477
107.700422 113.035843
107.872055 113.035843
108.043688 112.864210
108.215321 112.864210
108.386954 112.692577
108.558587 112.692577
108.901853 112.692577
109.073487 112.520944
109.245120 112.520944
109.416753 112.349311
109.588386 112.349311
109.760019 112.177678
110.103285 112.177678
110.274918 112.006045
110.446551 112.006045
110.618184 111.834412
110.789818 111.834412
110.961451 111.834412
111.304717 111.662779
111.476350 111.662779
111.647983 111.491146
111.819616 111.491146
111.991249 111.319512
112.334515 111.319512
112.506149 111.147879
112.849415 111.147879
113.021048 110.976246
113.364314 110.976246
113.535947 110.804613
113.879213 110.804613
114.222479 110.632980
114.394113 110.632980
114.737379 110.461347
114.909012 110.461347
115.252278 110.289714
115.423911 110.289714
115.767177 110.118081
115.938810 110.118081
116.282077 109.946448
116.453710 109.946448
116.796976 109.774815
117.140242 109.774815
117.311875 109.603181
117.655141 109.431548
117.826775 109.431548
118.170041 109.259915
118.341674 109.259915
118.684940 109.088282
118.856573 109.088282
119.199839 108.916649
119.371472 108.916649
119.714739 108.745016
120.058005 108.745016
120.229638 108.573383
120.572904 108.573383
120.744537 108.401750
121.087803 108.401750
121.259437 108.230117
121.602703 108.230117
121.774336 108.058484
122.117602 108.058484
122.289235 107.886851
122.632501 107.886851
122.975767 107.715217
123.147401 107.715217
123.490667 107.543584
123.662300 107.543584
124.005566 107.371951
124.177199 107.371951
124.348832 107.371951
124.520465 107.543584
124.520465 107.715217
124.348832 107.886851
