172.997630 88.120268
172.385130 88.732768
171.772630 88.732768
171.160130 88.732768
170.547629 88.732768
170.547629 88.120268
169.935129 88.120268
169.322629 88.120268
168.710129 87.507768
168.097628 87.507768
167.485128 87.507768
166.872628 87.507768
166.260128 86.895268
165.647627 86.895268
165.035127 86.895268
164.422627 86.895268
163.810127 86.895268
163.197626 86.895268
162.585126 86.895268
161.972626 86.895268
161.360126 86.895268
160.747625 86.895268
160.135125 86.895268
159.522625 86.895268
158.910125 86.895268
158.297624 86.895268
157.685124 86.895268
157.072624 86.895268
156.460124 86.895268
155.847623 86.895268
155.235123 86.895268
154.622623 86.895268
154.010123 86.895268
153.397622 86.895268
152.785122 86.895268
152.172622 86.895268
151.560122 86.895268
150.947621 86.895268
150.335121 86.895268
149.722621 86.895268
149.110121 86.895268
148.497620 86.895268
148.497620 87.507768
147.885120 87.507768
147.272620 87.507768
146.660120 87.507768
146.047619 87.507768
145.435119 88.120268
144.822619 88.120268
144.210119 88.120268
143.597618 88.120268
142.985118 88.120268
142.985118 88.732768
142.372618 88.732768
141.760118 88.732768
141.147617 89.345269
140.535117 89.345269
139.922617 89.345269
139.922617 89.957769
139.310117 89.957769
138.697616 89.957769
138.085116 89.957769
138.085116 90.570269
137.472616 90.570269
136.860116 90.570269
136.860116 91.182769
136.247615 91.182769
135.635115 91.182769
135.635115 91.795270
135.022615 91.795270
134.410115 92.407770
133.797615 92.407770
133.185114 92.407770
133.185114 93.020270
132.572614 93.020270
132.572614 93.632770
131.960114 93.632770
131.347614 93.632770
131.347614 94.245270
130.735113 94.245270
130.122613 94.857771
129.510113 94.857771
129.510113 95.470271
128.897613 95.470271
128.897613 96.082771
128.285112 96.082771
127.672612 96.695271
127.060112 97.307772
126.447612 97.307772
126.447612 97.920272
125.835111 97.920272
125.835111 98.532772
125.222611 98.532772
125.222611 99.145272
124.610111 99.757773
123.997611 100.370273
123.385110 100.982773
122.772610 101.595273
122.160110 101.595273
122.160110 102.207774
121.547610 102.820274
120.935109 103.432774
120.935109 104.045274
120.322609 104.657775
119.710109 105.270275
119.097609 105.882775
119.097609 106.495275
118.485108 107.107776
118.485108 107.720276
117.872608 108.332776
117.260108 108.945276
116.647608 109.557777
116.647608 110.170277
116.035107 110.782777
116.035107 111.395277
115.422607 112.007778
114.810107 112.620278
114.810107 113.232778
114.197607 113.845278
114.197607 114.457779
113.585106 115.070279
113.585106 115.682779
112.972606 116.295279
112.972606 116.907780
112.360106 117.520280
112.360106 118.132780
112.360106 118.745280
111.747606 119.357781
111.747606 119.970281
111.135105 120.582781
111.135105 121.195281
111.135105 121.807782
110.522605 122.420282
110.522605 123.032782
110.522605 123.645282
110.522605 124.257783
109.910105 124.870283
109.910105 125.482783
109.910105 126.095283
109.910105 126.707784
109.910105 127.320284
109.297605 127.932784
109.297605 128.545284
109.297605 129.157785
109.297605 129.770285
109.297605 130.382785
109.297605 130.995285
109.297605 131.607786
109.297605 132.220286
109.297605 132.832786
109.297605 133.445286
108.685104 134.057787
108.685104 134.670287
108.685104 135.282787
108.685104 135.895287
108.685104 136.507788
108.685104 137.120288
108.072604 137.732788
107.460104 138.345288
106.847604 138.957789
105.622603 139.570289
105.010103 140.182789
104.397603 140.795289
103.785102 141.407790
103.172602 142.020290
102.560102 142.632790
101.947602 143.245290
101.335101 143.245290
100.722601 143.245290
100.110101 143.245290
99.497601 143.245290
98.885100 143.245290
98.272600 143.245290
97.660100 143.245290
97.047600 143.245290
96.435099 142.632790
95.822599 142.020290
95.210099 141.407790
94.597599 140.795289
94.597599 140.182789
93.985098 139.570289
93.372598 138.957789
92.760098 138.345288
92.760098 137.120288
92.147598 136.507788
91.535097 135.895287
90.922597 135.282787
90.922597 134.670287
90.310097 134.057787
89.697597 133.445286
89.085096 132.832786
89.085096 132.220286
88.472596 131.607786
87.860096 130.995285
87.860096 130.382785
87.247596 129.770285
86.635095 129.157785
86.022595 128.545284
86.022595 127.932784
85.410095 127.320284
84.797595 126.707784
84.185094 126.095283
83.572594 125.482783
83.572594 124.257783
82.960094 123.645282
82.347594 123.032782
81.735093 122.420282
81.122593 121.807782
81.122593 121.195281
80.510093 120.582781
79.897593 119.970281
79.285092 119.357781
78.672592 118.745280
78.672592 118.132780
78.060092 117.520280
77.447592 116.295279
76.835091 115.682779
76.222591 115.070279
76.222591 114.457779
75.610091 113.845278
74.997591 113.232778
74.385091 112.620278
74.385091 112.007778
73.772590 111.395277
73.160090 110.782777
72.547590 110.170277
72.547590 109.557777
71.935090 108.332776
71.322589 107.720276
71.322589 107.107776
71.322589 106.495275
71.322589 105.882775
71.322589 105.270275
70.710089 104.657775
70.710089 104.045274
70.710089 103.432774
70.710089 102.820274
70.710089 101.595273
70.710089 100.982773
70.710089 100.370273
70.710089 99.757773
70.710089 99.145272
70.710089 98.532772
70.710089 97.920272
70.710089 97.307772
70.710089 96.695271
70.710089 96.082771
70.710089 95.470271
70.710089 94.857771
70.710089 93.632770
70.710089 93.020270
70.710089 92.407770
70.710089 91.795270
70.710089 91.182769
70.710089 90.570269
70.710089 89.957769
71.322589 89.345269
71.322589 88.732768
71.935090 88.120268
71.935090 87.507768
72.547590 86.895268
72.547590 86.282767
72.547590 85.670267
73.160090 85.057767
73.160090 84.445267
73.772590 83.832766
73.772590 83.220266
74.385091 82.607766
74.385091 81.995266
74.385091 81.382765
74.997591 80.770265
75.610091 79.545265
76.222591 79.545265
76.835091 78.932764
77.447592 78.320264
78.060092 77.707764
78.672592 77.095264
79.285092 76.482763
79.897593 75.870263
80.510093 75.257763
81.122593 74.645263
81.735093 74.032762
82.347594 73.420262
82.960094 72.807762
83.572594 72.807762
84.185094 72.195262
84.797595 72.195262
85.410095 71.582761
86.022595 71.582761
86.635095 70.970261
87.247596 70.970261
87.860096 70.357761
88.472596 70.357761
89.085096 69.745261
89.697597 69.132760
90.310097 69.132760
90.922597 68.520260
92.147598 68.520260
92.760098 67.907760
93.372598 67.907760
93.985098 67.295260
94.597599 67.295260
95.210099 67.295260
95.822599 66.682759
97.047600 66.682759
97.660100 66.682759
98.272600 66.070259
99.497601 66.070259
100.110101 66.070259
100.722601 66.070259
101.335101 65.457759
102.560102 65.457759
103.172602 65.457759
103.785102 64.845259
104.397603 64.845259
105.622603 64.845259
106.235103 64.232758
106.847604 64.232758
108.072604 64.232758
108.685104 63.620258
109.297605 63.620258
109.910105 63.620258
111.135105 63.007758
111.747606 63.007758
112.360106 63.007758
112.972606 62.395258
114.197607 62.395258
114.810107 62.395258
115.422607 61.782757
116.647608 61.782757
117.260108 61.782757
117.872608 61.170257
118.485108 61.170257
119.097609 61.170257
119.710109 60.557757
120.935109 60.557757
121.547610 59.945257
122.160110 59.332756
122.772610 59.332756
123.385110 58.720256
123.997611 58.720256
124.610111 58.107756
125.835111 58.107756
126.447612 57.495256
127.060112 56.882755
127.672612 56.882755
128.285112 56.270255
128.897613 56.270255
129.510113 56.270255
130.735113 56.270255
131.347614 56.270255
131.960114 56.270255
132.572614 56.270255
133.185114 56.270255
133.797615 56.270255
134.410115 56.270255
135.022615 56.270255
135.635115 56.270255
136.247615 56.270255
136.860116 56.270255
137.472616 56.270255
138.085116 56.270255
138.697616 56.270255
139.310117 56.270255
139.922617 56.270255
140.535117 56.270255
141.147617 56.270255
141.760118 56.270255
142.372618 56.270255
142.985118 56.270255
143.597618 56.270255
144.210119 56.270255
144.822619 56.270255
145.435119 56.270255
146.660120 56.270255
147.272620 56.270255
147.885120 56.270255
148.497620 56.270255
149.110121 56.270255
149.722621 56.270255
150.335121 56.270255
150.947621 56.270255
151.560122 56.270255
152.172622 56.270255
152.785122 56.270255
153.397622 56.270255
154.010123 56.270255
154.622623 56.270255
155.235123 56.270255
155.847623 56.270255
156.460124 56.270255
157.072624 56.270255
157.685124 56.270255
158.910125 56.270255
159.522625 56.270255
160.135125 56.270255
160.747625 56.270255
161.360126 56.270255
161.972626 56.270255
162.585126 56.882755
163.197626 56.882755
164.422627 56.882755
165.035127 56.882755
165.647627 56.882755
166.260128 56.882755
166.872628 56.882755
167.485128 56.882755
168.097628 58.107756
168.710129 58.720256
169.322629 59.332756
169.935129 59.945257
169.935129 60.557757
170.547629 61.170257
171.160130 61.782757
171.772630 62.395258
171.772630 63.007758
172.385130 63.620258
172.997630 64.232758
173.610131 64.845259
173.610131 66.070259
174.222631 66.682759
174.835131 67.295260
175.447631 67.907760
175.447631 68.520260
176.060132 69.132760
176.672632 69.745261
176.672632 70.357761
177.285132 70.970261
177.285132 71.582761
177.897632 72.195262
178.510133 72.807762
178.510133 73.420262
179.122633 74.032762
179.122633 74.645263
179.735133 75.257763
179.735133 75.870263
179.735133 76.482763
179.735133 77.095264
179.735133 77.707764
179.735133 78.320264
179.735133 78.932764
179.735133 79.545265
179.735133 80.157765
179.735133 80.770265
179.735133 81.382765
179.735133 81.995266
179.735133 82.607766
179.735133 83.220266
179.122633 83.832766
178.510133 84.445267
177.897632 84.445267
177.897632 85.057767
177.285132 85.670267
177.285132 86.282767
176.672632 86.282767
176.060132 86.895268
175.447631 87.507768
174.835131 87.507768
174.222631 88.120268
173.610131 88.120268
172.997630 88.120268
