145.275854 72.127864
145.275854 72.730568
145.878559 73.333273
145.878559 73.935977
145.275854 74.538681
145.275854 75.141385
145.275854 75.744089
144.673150 76.346793
144.673150 76.949498
144.070446 78.154906
143.467742 78.757610
142.865038 79.360314
142.262334 79.360314
141.659629 79.963019
141.056925 79.963019
140.454221 79.963019
140.454221 80.565723
139.851517 81.168427
139.248813 81.771131
138.646108 81.771131
138.043404 81.771131
138.043404 82.373835
137.440700 82.976539
136.837996 82.976539
136.837996 83.579244
136.235292 83.579244
135.632588 84.181948
135.029883 84.784652
134.427179 85.387356
133.824475 85.990060
133.221771 86.592765
132.619067 87.195469
132.016362 87.798173
131.413658 88.400877
130.810954 89.003581
130.208250 89.606285
129.605546 90.208990
129.002842 90.811694
129.002842 91.414398
128.400137 92.017102
127.797433 92.619806
127.194729 93.222511
127.194729 93.825215
126.592025 94.427919
125.989321 95.030623
125.386616 95.633327
125.386616 96.236031
124.783912 96.838736
124.783912 97.441440
124.181208 98.044144
123.578504 98.646848
123.578504 99.249552
122.975800 99.852256
122.975800 100.454961
122.373096 101.057665
122.373096 101.660369
121.770391 102.263073
121.770391 102.865777
121.770391 103.468482
121.167687 104.071186
121.167687 104.673890
120.564983 105.276594
120.564983 105.879298
120.564983 106.482002
119.962279 107.084707
119.962279 107.687411
119.962279 108.290115
119.359575 108.892819
119.359575 109.495523
119.359575 110.098228
119.359575 110.700932
118.756870 111.303636
118.756870 111.906340
118.756870 112.509044
118.756870 113.111748
118.154166 113.714453
118.154166 114.317157
118.154166 114.919861
118.154166 115.522565
118.154166 116.125269
118.154166 116.727974
117.551462 117.330678
117.551462 117.933382
117.551462 118.536086
117.551462 119.138790
117.551462 119.741494
117.551462 120.344199
117.551462 120.946903
117.551462 121.549607
117.551462 122.152311
117.551462 122.755015
117.551462 123.357720
117.551462 123.960424
117.551462 124.563128
117.551462 125.165832
117.551462 125.768536
117.551462 126.371240
117.551462 126.973945
117.551462 127.576649
117.551462 128.179353
117.551462 128.782057
117.551462 129.384761
117.551462 129.987466
117.551462 130.590170
117.551462 131.192874
117.551462 131.795578
117.551462 132.398282
117.551462 133.000986
117.551462 133.603691
117.551462 134.206395
117.551462 134.809099
117.551462 135.411803
117.551462 136.014507
117.551462 136.617211
117.551462 137.219916
117.551462 137.822620
117.551462 138.425324
117.551462 139.028028
117.551462 139.630732
117.551462 140.233437
117.551462 140.836141
118.154166 141.438845
118.154166 142.041549
118.154166 142.644253
118.154166 143.246957
118.154166 143.849662
118.154166 144.452366
118.756870 145.055070
118.756870 145.657774
118.756870 146.260478
118.756870 146.863183
118.756870 147.465887
119.359575 147.465887
119.359575 148.068591
119.359575 148.671295
119.359575 149.273999
119.962279 149.876703
119.962279 150.479408
119.962279 151.082112
119.962279 151.684816
120.564983 152.287520
119.962279 152.890224
119.962279 154.095633
119.359575 154.698337
119.359575 155.301041
119.359575 156.506449
118.756870 157.109154
118.756870 157.711858
118.154166 158.917266
118.154166 159.519970
117.551462 160.122675
116.948758 160.122675
116.346054 160.725379
115.743350 160.725379
115.140645 161.328083
114.537941 161.930787
113.935237 161.930787
113.332533 162.533491
112.729829 162.533491
111.524420 163.136195
110.921716 163.136195
110.319012 163.738900
109.716308 164.341604
109.113604 164.341604
108.510899 164.341604
107.908195 164.341604
107.305491 163.738900
106.702787 163.738900
106.100083 163.738900
104.894674 163.136195
104.291970 163.136195
103.689266 162.533491
103.086562 162.533491
102.483858 162.533491
101.278449 161.930787
100.675745 161.930787
100.073041 161.328083
99.470337 161.328083
98.867633 161.328083
98.264928 160.725379
97.059520 160.725379
96.456816 160.725379
95.854112 160.122675
95.251407 160.122675
94.648703 159.519970
93.443295 159.519970
92.840591 159.519970
92.237887 158.917266
91.635182 158.917266
91.032478 158.314562
90.429774 158.314562
89.224366 158.314562
88.621661 157.711858
88.018957 157.711858
87.416253 157.711858
86.813549 157.109154
85.608141 157.109154
85.005436 156.506449
84.402732 155.903745
83.800028 155.301041
83.197324 155.301041
82.594620 154.698337
81.991916 154.095633
81.389211 153.492929
80.786507 152.890224
80.183803 152.287520
79.581099 151.684816
78.978395 151.082112
78.375690 150.479408
77.772986 149.876703
77.170282 149.273999
76.567578 148.671295
75.964874 148.671295
75.362170 148.068591
74.759465 147.465887
74.156761 146.863183
73.554057 146.260478
72.951353 145.657774
72.348649 145.055070
71.745944 144.452366
71.143240 143.849662
70.540536 143.246957
69.937832 142.644253
69.335128 142.041549
68.732424 141.438845
68.129719 140.836141
68.129719 140.233437
67.527015 139.028028
66.924311 138.425324
66.924311 137.822620
66.321607 137.219916
65.718903 136.617211
65.116198 136.014507
65.116198 134.809099
64.513494 134.206395
63.910790 133.603691
63.308086 133.000986
63.308086 132.398282
62.705382 131.795578
62.102678 131.192874
61.499973 129.987466
61.499973 129.384761
60.897269 128.782057
60.897269 128.179353
60.897269 127.576649
60.897269 126.371240
60.897269 125.768536
60.897269 125.165832
60.897269 123.960424
60.294565 123.357720
60.294565 122.755015
60.294565 121.549607
60.294565 120.946903
60.294565 120.344199
60.294565 119.138790
60.294565 118.536086
60.294565 117.933382
60.294565 116.727974
59.691861 116.125269
59.691861 115.522565
59.691861 114.919861
59.691861 113.714453
59.691861 113.111748
59.691861 112.509044
59.691861 111.303636
59.691861 110.700932
59.691861 110.098228
59.691861 109.495523
59.691861 108.290115
60.294565 107.687411
60.294565 107.084707
60.897269 106.482002
60.897269 105.879298
61.499973 105.276594
61.499973 104.673890
62.102678 104.071186
62.102678 103.468482
62.705382 102.865777
63.308086 102.263073
63.308086 101.660369
63.910790 101.057665
63.910790 99.852256
64.513494 99.249552
65.116198 98.646848
65.116198 98.044144
65.718903 97.441440
65.718903 96.838736
66.321607 96.236031
66.924311 95.633327
66.924311 95.030623
67.527015 94.427919
67.527015 93.222511
68.129719 92.619806
68.129719 92.017102
68.732424 91.414398
69.335128 90.811694
69.335128 90.208990
69.937832 89.606285
69.937832 89.003581
70.540536 88.400877
71.143240 87.195469
71.143240 86.592765
71.745944 85.990060
72.348649 85.387356
72.348649 84.784652
72.951353 84.181948
73.554057 83.579244
73.554057 82.976539
74.156761 82.373835
74.759465 81.771131
74.759465 80.565723
75.362170 79.963019
75.362170 79.360314
75.964874 78.757610
76.567578 78.154906
76.567578 77.552202
77.170282 76.949498
77.772986 76.346793
78.375690 75.744089
78.978395 75.141385
79.581099 74.538681
80.183803 73.935977
80.786507 72.730568
81.389211 72.127864
81.991916 71.525160
82.594620 70.922456
83.197324 70.319752
84.402732 69.717047
85.005436 69.114343
85.608141 68.511639
86.210845 67.908935
86.813549 67.306231
87.416253 66.703527
88.018957 66.100822
88.621661 65.498118
89.224366 64.895414
89.827070 64.292710
91.032478 63.690006
91.635182 63.087302
92.237887 63.087302
92.840591 62.484597
93.443295 62.484597
94.045999 61.881893
94.648703 61.881893
95.854112 61.279189
96.456816 61.279189
97.059520 60.676485
97.662224 60.676485
98.264928 60.073781
98.867633 60.073781
99.470337 59.471076
100.675745 58.868372
101.278449 58.868372
101.881153 58.265668
102.483858 58.265668
103.086562 57.662964
103.689266 57.662964
104.894674 57.060260
105.497379 57.060260
106.100083 57.060260
106.702787 57.060260
107.305491 57.060260
108.510899 57.060260
109.113604 57.060260
109.716308 57.060260
110.319012 57.060260
111.524420 57.060260
112.127125 57.060260
112.729829 57.060260
113.332533 57.060260
114.537941 57.060260
115.140645 57.060260
115.743350 57.060260
116.346054 57.060260
117.551462 57.060260
118.154166 57.060260
118.756870 57.060260
119.359575 57.060260
119.962279 57.662964
120.564983 57.662964
121.167687 57.662964
122.373096 58.265668
122.975800 58.265668
123.578504 58.868372
124.181208 58.868372
124.783912 58.868372
125.386616 59.471076
125.989321 59.471076
126.592025 59.471076
127.194729 60.073781
127.797433 60.073781
128.400137 60.676485
129.605546 60.676485
130.208250 61.279189
130.810954 61.881893
131.413658 62.484597
132.016362 62.484597
132.619067 63.087302
133.221771 63.690006
133.824475 64.292710
134.427179 64.292710
135.029883 64.895414
135.632588 65.498118
136.235292 66.100822
136.837996 66.100822
137.440700 66.703527
138.043404 67.306231
138.646108 67.908935
139.248813 67.908935
139.851517 68.511639
140.454221 68.511639
141.056925 69.114343
141.659629 69.114343
142.865038 69.717047
143.467742 70.319752
144.070446 70.319752
144.673150 70.922456
145.275854 70.922456
145.275854 71.525160
145.275854 72.127864
