144.681669 66.965671
143.951443 67.695897
143.221216 68.426124
142.490990 69.156351
141.760763 69.156351
141.030536 69.886577
140.300310 70.616804
139.570083 71.347030
138.839857 71.347030
138.109630 72.077257
137.379403 72.807484
136.649177 73.537710
135.918950 74.267937
135.188724 74.998163
134.458497 75.728390
133.728270 75.728390
132.998044 76.458617
132.267817 77.188843
131.537591 77.188843
130.807364 77.919070
130.077137 77.919070
129.346911 77.919070
128.616684 78.649296
127.886458 78.649296
127.156231 79.379523
126.426004 80.109750
125.695778 80.109750
124.965551 80.839976
124.235325 81.570203
123.505098 82.300429
122.774871 83.030656
122.044645 83.760883
121.314418 84.491109
121.314418 85.221336
120.584192 85.951562
119.853965 86.681789
119.123738 87.412016
119.123738 88.142242
118.393512 88.872469
117.663285 89.602695
117.663285 90.332922
116.933059 91.063149
116.933059 91.793375
116.933059 92.523602
116.202832 93.253828
116.202832 93.984055
116.202832 94.714282
115.472605 95.444508
115.472605 96.174735
115.472605 96.904961
115.472605 97.635188
115.472605 98.365415
115.472605 99.095641
114.742379 99.825868
114.742379 100.556094
115.472605 101.286321
114.742379 102.016548
114.742379 102.746774
114.742379 103.477001
114.742379 104.207227
114.742379 104.937454
114.012152 105.667681
114.012152 106.397907
114.012152 107.128134
114.012152 107.858360
114.012152 108.588587
114.012152 109.318814
114.012152 110.049040
114.012152 110.779267
114.012152 111.509493
113.281926 112.239720
113.281926 112.969947
113.281926 113.700173
113.281926 114.430400
113.281926 115.160626
113.281926 115.890853
113.281926 116.621080
113.281926 117.351306
113.281926 118.081533
113.281926 118.811759
113.281926 119.541986
113.281926 120.272213
112.551699 121.002439
112.551699 121.732666
112.551699 122.462892
112.551699 123.193119
112.551699 123.923346
111.821472 124.653572
111.821472 125.383799
111.821472 126.114025
111.091246 126.844252
111.091246 127.574479
111.091246 128.304705
110.361019 129.034932
110.361019 129.765158
110.361019 130.495385
110.361019 131.225612
110.361019 131.955838
109.630793 132.686065
109.630793 133.416291
109.630793 134.146518
109.630793 134.876745
109.630793 135.606971
109.630793 136.337198
109.630793 137.067424
109.630793 137.797651
109.630793 138.527878
109.630793 139.258104
109.630793 139.988331
109.630793 140.718557
109.630793 141.448784
109.630793 142.179011
109.630793 142.909237
109.630793 143.639464
109.630793 144.369690
109.630793 145.099917
109.630793 145.830144
109.630793 146.560370
109.630793 147.290597
109.630793 148.020823
109.630793 148.751050
109.630793 149.481277
108.900566 150.211503
108.900566 150.941730
108.170339 151.671956
108.170339 152.402183
107.440113 153.132410
106.709886 153.862636
106.709886 154.592863
105.979660 155.323089
105.249433 156.053316
104.519206 156.783543
103.788980 157.513769
103.058753 157.513769
102.328527 157.513769
101.598300 157.513769
100.868073 157.513769
100.137847 157.513769
99.407620 157.513769
98.677394 157.513769
97.947167 157.513769
97.216940 157.513769
96.486714 157.513769
95.756487 157.513769
95.026261 157.513769
94.296034 157.513769
93.565807 157.513769
92.835581 157.513769
92.105354 157.513769
91.375128 157.513769
90.644901 157.513769
89.914674 156.783543
89.184448 156.783543
88.454221 156.053316
87.723995 156.053316
86.993768 156.053316
86.263541 155.323089
85.533315 155.323089
84.803088 155.323089
84.072862 155.323089
83.342635 155.323089
82.612408 154.592863
81.882182 154.592863
81.151955 154.592863
80.421729 153.862636
79.691502 153.862636
78.961275 153.862636
78.231049 153.862636
77.500822 153.132410
76.770596 153.132410
76.040369 153.132410
75.310142 152.402183
74.579916 152.402183
73.849689 151.671956
73.119463 151.671956
72.389236 151.671956
71.659009 150.941730
70.928783 150.941730
70.198556 150.941730
69.468330 150.941730
68.738103 150.211503
68.007876 150.211503
67.277650 150.211503
67.277650 149.481277
66.547423 148.751050
65.817197 148.020823
65.086970 147.290597
64.356743 147.290597
63.626517 146.560370
62.896290 145.830144
62.166064 145.099917
61.435837 144.369690
60.705610 143.639464
59.975384 143.639464
59.245157 143.639464
58.514931 142.909237
57.784704 142.909237
57.054477 142.179011
56.324251 141.448784
56.324251 140.718557
55.594024 139.988331
54.863798 139.258104
54.133571 139.258104
53.403344 138.527878
53.403344 137.797651
52.673118 137.067424
51.942891 136.337198
51.212665 135.606971
50.482438 134.876745
49.752211 134.146518
49.752211 133.416291
49.021985 132.686065
49.021985 131.955838
49.021985 131.225612
48.291758 130.495385
48.291758 129.765158
48.291758 129.034932
47.561532 128.304705
47.561532 127.574479
47.561532 126.844252
47.561532 126.114025
47.561532 125.383799
46.831305 124.653572
46.831305 123.923346
46.831305 123.193119
46.831305 122.462892
46.831305 121.732666
46.831305 121.002439
46.101078 120.272213
46.101078 119.541986
46.101078 118.811759
46.101078 118.081533
46.101078 117.351306
46.101078 116.621080
46.101078 115.890853
45.370852 115.160626
45.370852 114.430400
45.370852 113.700173
45.370852 112.969947
45.370852 112.239720
45.370852 111.509493
45.370852 110.779267
45.370852 110.049040
45.370852 109.318814
45.370852 108.588587
45.370852 107.858360
45.370852 107.128134
45.370852 106.397907
46.101078 105.667681
46.101078 104.937454
46.101078 104.207227
46.101078 103.477001
46.101078 102.746774
46.101078 102.016548
46.831305 101.286321
46.831305 100.556094
46.831305 99.825868
46.831305 99.095641
47.561532 98.365415
47.561532 97.635188
47.561532 96.904961
47.561532 96.174735
48.291758 95.444508
48.291758 94.714282
49.021985 93.984055
49.021985 93.253828
49.021985 92.523602
49.752211 91.793375
49.752211 91.063149
50.482438 90.332922
50.482438 89.602695
51.212665 88.872469
51.942891 88.142242
52.673118 87.412016
52.673118 86.681789
53.403344 85.951562
54.133571 84.491109
54.133571 83.760883
54.863798 83.030656
54.863798 82.300429
55.594024 81.570203
56.324251 80.839976
57.054477 80.109750
57.784704 79.379523
57.784704 78.649296
58.514931 77.919070
59.245157 77.188843
59.975384 76.458617
60.705610 75.728390
61.435837 74.998163
62.166064 74.267937
62.896290 73.537710
63.626517 72.807484
64.356743 72.077257
65.086970 71.347030
65.817197 70.616804
66.547423 69.886577
67.277650 69.156351
68.007876 69.156351
68.738103 68.426124
69.468330 67.695897
70.198556 66.965671
70.928783 66.235444
71.659009 66.235444
72.389236 65.505218
73.119463 64.774991
73.849689 64.044764
74.579916 63.314538
75.310142 62.584311
76.040369 62.584311
76.770596 61.854085
77.500822 61.123858
78.231049 60.393631
78.961275 59.663405
79.691502 59.663405
80.421729 58.933178
81.151955 58.202952
81.882182 57.472725
82.612408 56.742498
83.342635 56.742498
84.072862 56.012272
84.803088 55.282045
85.533315 55.282045
86.263541 54.551819
86.993768 53.821592
87.723995 53.821592
88.454221 53.091365
89.184448 52.361139
89.914674 52.361139
90.644901 51.630912
91.375128 51.630912
92.105354 50.900686
92.835581 50.170459
93.565807 49.440232
94.296034 49.440232
95.026261 48.710006
95.756487 48.710006
96.486714 47.979779
97.216940 47.979779
97.947167 47.249553
98.677394 47.249553
99.407620 47.249553
100.137847 46.519326
100.868073 46.519326
101.598300 46.519326
102.328527 45.789099
103.058753 45.789099
103.788980 45.058873
104.519206 45.058873
105.249433 45.058873
105.979660 44.328646
106.709886 44.328646
107.440113 44.328646
108.170339 44.328646
108.900566 43.598420
109.630793 43.598420
111.091246 43.598420
111.821472 43.598420
112.551699 42.868193
113.281926 42.868193
114.012152 42.868193
114.742379 42.868193
115.472605 42.868193
116.202832 42.868193
116.933059 42.137966
117.663285 42.137966
118.393512 42.137966
119.123738 42.137966
119.853965 42.137966
120.584192 42.137966
121.314418 42.137966
122.044645 42.137966
122.774871 42.137966
123.505098 42.137966
124.235325 42.137966
124.965551 42.868193
125.695778 42.868193
126.426004 42.868193
127.156231 42.868193
127.886458 43.598420
128.616684 43.598420
129.346911 43.598420
130.077137 44.328646
130.807364 44.328646
131.537591 44.328646
132.267817 45.058873
132.998044 45.058873
133.728270 45.789099
134.458497 45.789099
135.188724 46.519326
135.918950 46.519326
136.649177 47.249553
137.379403 47.979779
138.109630 47.979779
138.839857 48.710006
139.570083 49.440232
140.300310 50.170459
141.030536 50.900686
141.760763 50.900686
142.490990 51.630912
143.221216 52.361139
143.221216 53.091365
143.951443 53.821592
144.681669 54.551819
145.411896 55.282045
146.142123 56.012272
146.142123 56.742498
146.872349 57.472725
146.872349 58.202952
147.602576 58.933178
147.602576 59.663405
147.602576 60.393631
147.602576 61.123858
147.602576 61.854085
147.602576 62.584311
146.872349 63.314538
146.872349 64.044764
146.142123 64.774991
146.142123 65.505218
145.411896 66.235444
144.681669 66.965671
