125.381538 85.590636
125.381538 86.297520
124.674655 87.004403
123.967772 87.711286
123.967772 88.418169
123.260889 89.125053
122.554005 89.831936
122.554005 90.538819
121.847122 91.245703
121.140239 91.952586
121.140239 92.659469
120.433355 93.366352
120.433355 94.073236
119.726472 94.780119
119.726472 95.487002
119.019589 96.193886
119.019589 96.900769
118.312706 97.607652
118.312706 98.314535
117.605822 99.021419
117.605822 99.728302
117.605822 100.435185
116.898939 101.142069
116.898939 101.848952
116.192056 102.555835
116.192056 103.262718
116.192056 103.969602
115.485173 104.676485
115.485173 105.383368
115.485173 106.090252
115.485173 106.797135
114.778289 107.504018
114.778289 108.210901
114.778289 108.917785
114.778289 109.624668
114.071406 110.331551
114.071406 111.038435
113.364523 111.745318
113.364523 112.452201
113.364523 113.159084
113.364523 113.865968
112.657639 114.572851
112.657639 115.279734
112.657639 115.986618
111.950756 116.693501
111.950756 117.400384
111.950756 118.107267
111.950756 118.814151
111.950756 119.521034
111.243873 120.227917
111.243873 120.934800
111.243873 121.641684
111.243873 122.348567
111.243873 123.055450
111.243873 123.762334
111.243873 124.469217
111.243873 125.176100
111.243873 125.882983
111.243873 126.589867
111.243873 127.296750
111.243873 128.003633
111.243873 128.710517
111.243873 129.417400
111.243873 130.124283
111.243873 130.831166
111.243873 131.538050
111.243873 132.244933
111.243873 132.951816
111.243873 133.658700
111.243873 134.365583
111.243873 135.072466
111.243873 135.779349
111.243873 136.486233
111.243873 137.193116
111.243873 137.899999
111.243873 138.606883
111.243873 139.313766
111.243873 140.020649
111.243873 140.727532
111.950756 141.434416
111.950756 142.141299
111.950756 142.848182
111.950756 143.555066
111.950756 144.261949
111.950756 144.968832
111.950756 145.675715
111.950756 146.382599
111.950756 147.089482
111.950756 147.796365
111.950756 148.503248
111.950756 149.210132
111.950756 149.917015
111.950756 150.623898
111.950756 151.330782
111.243873 152.037665
111.243873 152.744548
111.950756 153.451431
111.950756 154.158315
112.657639 154.865198
112.657639 156.278965
112.657639 156.985848
113.364523 157.692731
113.364523 158.399614
113.364523 159.106498
113.364523 159.813381
113.364523 160.520264
112.657639 161.227148
112.657639 161.934031
111.950756 161.934031
111.243873 162.640914
110.536990 163.347797
109.830106 163.347797
109.123223 164.054681
107.709456 164.054681
107.002573 164.054681
106.295690 164.054681
105.588807 164.054681
104.881923 164.054681
104.175040 164.054681
103.468157 164.054681
102.761273 164.054681
102.054390 163.347797
101.347507 163.347797
100.640624 162.640914
99.933740 162.640914
99.226857 162.640914
98.519974 161.934031
97.813090 161.934031
97.106207 161.934031
96.399324 161.227148
95.692441 161.227148
94.985557 161.227148
94.278674 161.227148
93.571791 161.227148
92.864907 160.520264
92.158024 160.520264
91.451141 160.520264
90.744258 160.520264
90.037374 160.520264
89.330491 160.520264
88.623608 160.520264
87.916724 159.813381
87.209841 159.813381
86.502958 159.813381
85.796075 159.813381
85.089191 159.106498
84.382308 158.399614
83.675425 158.399614
82.968542 157.692731
82.261658 156.985848
81.554775 156.985848
80.847892 156.985848
80.141008 156.278965
79.434125 156.278965
78.727242 155.572081
78.020359 155.572081
77.313475 154.865198
76.606592 154.865198
75.899709 154.865198
75.192825 154.158315
74.485942 154.158315
73.779059 154.158315
73.072176 153.451431
72.365292 153.451431
71.658409 153.451431
70.951526 153.451431
70.244642 152.744548
69.537759 152.744548
68.830876 152.744548
68.123993 152.744548
67.417109 152.744548
66.710226 152.037665
66.003343 152.037665
65.296459 151.330782
64.589576 150.623898
63.882693 149.917015
63.175810 149.210132
62.468926 148.503248
61.762043 147.796365
61.055160 147.089482
60.348276 146.382599
60.348276 144.968832
59.641393 144.261949
58.934510 143.555066
58.227627 142.848182
58.227627 142.141299
57.520743 141.434416
56.813860 140.727532
56.813860 140.020649
56.813860 139.313766
56.106977 138.606883
56.106977 137.899999
55.400094 137.193116
55.400094 136.486233
54.693210 135.779349
53.986327 135.072466
53.986327 134.365583
53.279444 133.658700
53.279444 132.951816
52.572560 132.244933
52.572560 131.538050
51.865677 130.831166
51.865677 130.124283
51.865677 129.417400
51.158794 128.710517
51.158794 128.003633
51.158794 127.296750
50.451911 126.589867
50.451911 125.882983
50.451911 125.176100
50.451911 124.469217
50.451911 123.762334
50.451911 123.055450
50.451911 122.348567
50.451911 121.641684
50.451911 120.934800
50.451911 120.227917
50.451911 119.521034
49.745027 118.814151
50.451911 118.107267
50.451911 117.400384
50.451911 116.693501
50.451911 115.986618
50.451911 115.279734
50.451911 114.572851
50.451911 113.865968
51.158794 113.159084
51.158794 112.452201
51.158794 111.745318
51.158794 111.038435
51.865677 110.331551
51.865677 109.624668
51.865677 108.917785
52.572560 108.210901
52.572560 107.504018
52.572560 106.797135
53.279444 106.090252
53.279444 105.383368
53.279444 104.676485
53.986327 103.969602
53.986327 103.262718
54.693210 102.555835
54.693210 101.848952
54.693210 101.142069
55.400094 100.435185
55.400094 99.728302
56.106977 99.021419
56.106977 98.314535
56.813860 97.607652
56.813860 96.900769
57.520743 96.193886
57.520743 95.487002
58.227627 94.780119
58.227627 94.073236
58.227627 93.366352
58.934510 92.659469
59.641393 91.952586
59.641393 91.245703
60.348276 90.538819
60.348276 89.831936
60.348276 89.125053
61.055160 88.418169
61.055160 87.711286
61.762043 87.004403
61.762043 86.297520
61.762043 85.590636
62.468926 84.883753
63.175810 84.176870
63.882693 83.469987
64.589576 82.763103
64.589576 82.056220
65.296459 81.349337
66.003343 80.642453
66.003343 79.935570
66.710226 79.228687
67.417109 78.521804
68.123993 77.814920
68.123993 77.108037
68.830876 76.401154
69.537759 75.694270
70.244642 74.987387
70.951526 74.280504
71.658409 73.573621
72.365292 72.866737
73.072176 72.159854
73.779059 71.452971
74.485942 70.746087
75.192825 70.039204
75.899709 69.332321
76.606592 68.625438
77.313475 67.918554
78.020359 67.211671
78.727242 66.504788
79.434125 65.797904
80.141008 65.091021
80.847892 64.384138
81.554775 62.970371
82.261658 62.970371
82.968542 62.263488
83.675425 61.556605
84.382308 60.849721
85.089191 60.849721
85.796075 60.142838
86.502958 59.435955
87.209841 58.729072
87.916724 58.729072
88.623608 58.022188
89.330491 58.022188
90.037374 57.315305
90.744258 56.608422
91.451141 56.608422
92.158024 56.608422
92.864907 55.901538
93.571791 55.901538
94.278674 55.194655
94.985557 54.487772
95.692441 54.487772
96.399324 54.487772
97.106207 54.487772
97.813090 53.780889
98.519974 53.780889
99.226857 53.074005
99.933740 53.074005
100.640624 53.074005
101.347507 52.367122
102.054390 52.367122
102.761273 52.367122
103.468157 51.660239
104.175040 51.660239
104.881923 51.660239
105.588807 51.660239
106.295690 50.953356
107.002573 50.953356
107.709456 50.953356
108.416340 50.953356
109.123223 50.953356
109.830106 50.953356
110.536990 50.953356
111.243873 50.953356
111.950756 50.953356
112.657639 50.953356
113.364523 50.953356
114.071406 50.953356
114.778289 50.953356
115.485173 50.953356
116.192056 50.953356
116.898939 50.953356
117.605822 50.953356
118.312706 50.953356
119.019589 50.953356
119.726472 50.953356
120.433355 50.953356
121.140239 50.953356
121.847122 50.953356
122.554005 50.953356
123.260889 50.953356
123.967772 50.953356
124.674655 50.953356
125.381538 50.953356
126.088422 50.953356
126.795305 50.953356
127.502188 51.660239
128.209072 51.660239
128.915955 52.367122
129.622838 52.367122
130.329721 53.074005
131.036605 53.780889
131.743488 54.487772
132.450371 54.487772
133.157255 55.194655
133.864138 55.901538
134.571021 55.901538
135.277904 56.608422
135.984788 57.315305
136.691671 58.022188
137.398554 58.022188
138.105438 58.729072
138.812321 58.729072
139.519204 59.435955
140.226087 60.142838
140.226087 60.849721
140.932971 61.556605
141.639854 62.263488
142.346737 62.970371
143.053621 63.677255
143.760504 64.384138
143.760504 65.091021
143.760504 65.797904
144.467387 66.504788
144.467387 67.211671
144.467387 67.918554
144.467387 68.625438
144.467387 69.332321
144.467387 70.039204
144.467387 70.746087
143.760504 70.746087
143.053621 71.452971
142.346737 71.452971
141.639854 71.452971
141.639854 72.159854
140.932971 72.159854
140.226087 72.866737
139.519204 73.573621
138.812321 73.573621
138.105438 73.573621
138.105438 74.280504
137.398554 74.987387
136.691671 74.987387
135.984788 75.694270
135.277904 76.401154
134.571021 76.401154
133.864138 77.108037
133.157255 77.814920
132.450371 77.814920
132.450371 78.521804
131.743488 79.228687
131.036605 79.228687
131.036605 79.935570
130.329721 80.642453
129.622838 81.349337
128.915955 81.349337
128.915955 82.056220
128.209072 82.763103
127.502188 83.469987
126.795305 84.176870
126.088422 84.883753
125.381538 84.883753
125.381538 85.590636
