140.404294 81.039831
140.404294 81.666031
140.404294 82.292231
139.778094 82.918431
139.151894 83.544631
139.151894 84.170830
138.525695 84.797030
138.525695 85.423230
138.525695 86.049430
138.525695 86.675630
137.899495 87.301829
137.899495 87.928029
137.273295 88.554229
137.273295 89.180429
136.647095 89.806628
136.020895 90.432828
135.394696 90.432828
134.768496 91.059028
134.142296 91.685228
133.516096 92.311428
132.889897 92.937627
132.263697 93.563827
132.263697 94.190027
131.637497 94.816227
131.011297 95.442427
130.385097 96.068626
129.758898 96.694826
129.758898 97.321026
129.132698 97.321026
128.506498 97.947226
127.880298 98.573426
127.254098 99.199625
126.627899 99.199625
126.001699 99.199625
126.001699 99.825825
125.375499 100.452025
124.749299 101.078225
124.123100 101.704424
123.496900 102.330624
122.870700 102.956824
122.870700 103.583024
122.244500 104.209224
121.618300 104.835423
120.992101 105.461623
120.992101 106.087823
120.365901 106.714023
119.739701 107.340223
119.739701 107.966422
119.113501 108.592622
119.113501 109.218822
118.487301 109.845022
118.487301 110.471221
117.861102 111.097421
117.861102 111.723621
117.861102 112.349821
117.234902 112.976021
117.234902 113.602220
117.234902 114.228420
116.608702 114.854620
116.608702 115.480820
116.608702 116.107020
116.608702 116.733219
115.982502 117.359419
115.982502 117.985619
115.982502 118.611819
115.982502 119.238018
115.982502 119.864218
115.982502 120.490418
115.982502 121.116618
115.356303 121.742818
115.356303 122.369017
115.356303 122.995217
115.356303 123.621417
114.730103 124.247617
114.730103 124.873817
114.730103 125.500016
114.730103 126.126216
114.730103 126.752416
114.730103 127.378616
114.730103 128.004815
114.103903 128.631015
114.103903 129.257215
114.103903 129.883415
114.103903 130.509615
114.103903 131.135814
114.103903 131.762014
114.103903 132.388214
114.103903 133.014414
114.103903 134.266813
114.103903 134.893013
114.103903 135.519213
114.730103 136.145413
114.730103 136.771612
114.730103 137.397812
114.730103 138.024012
114.730103 138.650212
114.730103 139.276412
114.730103 139.902611
114.730103 140.528811
115.356303 141.155011
115.356303 141.781211
115.356303 142.407411
115.982502 143.033610
115.982502 143.659810
115.982502 144.286010
115.982502 144.912210
115.982502 145.538410
116.608702 146.164609
117.234902 146.790809
117.234902 147.417009
117.234902 148.043209
117.861102 148.669408
117.861102 149.295608
118.487301 149.921808
118.487301 150.548008
119.113501 151.174208
119.113501 151.800407
119.739701 152.426607
120.365901 153.052807
120.365901 153.679007
120.365901 154.305207
120.992101 154.931406
120.992101 155.557606
121.618300 156.183806
122.244500 156.183806
122.870700 156.810006
122.870700 157.436205
123.496900 158.062405
123.496900 158.688605
123.496900 159.314805
123.496900 159.941005
122.870700 160.567204
122.870700 161.193404
122.244500 161.819604
121.618300 162.445804
120.992101 162.445804
120.365901 163.072004
119.739701 163.698203
119.113501 163.698203
118.487301 163.698203
117.861102 163.698203
117.234902 163.698203
115.982502 163.698203
115.356303 163.698203
114.730103 163.698203
114.103903 164.324403
113.477703 164.324403
112.851503 164.324403
112.225304 164.324403
111.599104 164.324403
110.972904 164.324403
110.346704 164.324403
109.720504 164.324403
109.094305 164.324403
108.468105 164.324403
107.841905 164.324403
107.215705 164.324403
106.589505 164.324403
105.963306 164.324403
105.337106 164.324403
104.710906 164.324403
104.084706 164.324403
103.458507 164.324403
102.832307 163.698203
102.206107 163.698203
101.579907 163.698203
100.953707 163.072004
100.327508 163.072004
99.701308 163.072004
99.075108 162.445804
98.448908 162.445804
97.822708 162.445804
97.196509 162.445804
96.570309 162.445804
95.944109 161.819604
95.317909 161.819604
94.691710 161.819604
94.065510 161.193404
93.439310 161.193404
92.813110 160.567204
92.186910 160.567204
91.560711 160.567204
90.934511 159.941005
90.308311 159.941005
89.682111 159.941005
89.055911 159.941005
88.429712 159.314805
87.803512 159.314805
87.177312 158.688605
86.551112 158.688605
85.924913 158.062405
85.298713 157.436205
84.672513 157.436205
84.046313 156.810006
83.420113 156.810006
82.793914 156.183806
82.167714 155.557606
81.541514 154.931406
80.915314 154.931406
80.289114 154.305207
79.662915 154.305207
79.036715 153.679007
78.410515 153.052807
77.784315 153.052807
77.158116 152.426607
76.531916 151.800407
75.905716 151.800407
75.279516 151.174208
74.653316 150.548008
74.027117 150.548008
73.400917 149.921808
72.774717 149.295608
72.148517 148.669408
71.522317 148.043209
70.896118 147.417009
70.896118 146.790809
70.269918 146.164609
69.643718 145.538410
69.643718 144.912210
69.643718 144.286010
69.017518 143.659810
68.391319 143.033610
67.765119 142.407411
67.765119 141.781211
67.138919 141.155011
66.512719 140.528811
65.886519 139.902611
65.886519 139.276412
65.886519 138.650212
65.260320 138.024012
65.260320 137.397812
64.634120 136.771612
64.634120 136.145413
64.007920 135.519213
64.007920 134.893013
64.007920 134.266813
64.007920 133.640614
64.007920 133.014414
63.381720 132.388214
63.381720 131.762014
63.381720 131.135814
63.381720 130.509615
63.381720 129.883415
62.755520 129.257215
62.755520 128.631015
62.755520 128.004815
62.755520 127.378616
62.755520 126.752416
62.755520 126.126216
62.129321 125.500016
62.129321 124.873817
62.129321 124.247617
62.129321 123.621417
62.129321 122.995217
62.129321 122.369017
62.129321 121.742818
62.129321 121.116618
62.129321 120.490418
62.129321 119.864218
62.129321 119.238018
62.129321 118.611819
62.129321 117.985619
62.129321 117.359419
62.129321 116.733219
62.129321 116.107020
62.755520 115.480820
62.755520 114.854620
62.755520 114.228420
63.381720 113.602220
63.381720 112.976021
63.381720 112.349821
63.381720 111.723621
64.007920 111.097421
64.007920 110.471221
64.007920 109.845022
64.634120 109.218822
64.634120 108.592622
65.260320 107.966422
65.260320 107.340223
65.260320 106.714023
65.260320 106.087823
65.886519 105.461623
65.886519 104.835423
65.886519 104.209224
66.512719 103.583024
66.512719 102.956824
66.512719 102.330624
66.512719 101.704424
67.138919 101.078225
67.138919 100.452025
67.765119 99.825825
68.391319 99.199625
69.017518 98.573426
69.017518 97.947226
69.643718 97.321026
70.269918 96.694826
70.896118 96.068626
71.522317 95.442427
71.522317 94.816227
71.522317 94.190027
72.148517 93.563827
72.774717 92.937627
73.400917 92.311428
74.027117 91.685228
74.653316 91.059028
75.279516 90.432828
75.905716 89.806628
76.531916 89.180429
76.531916 88.554229
77.158116 87.928029
77.784315 87.301829
77.784315 86.675630
78.410515 86.049430
79.036715 85.423230
79.036715 84.797030
79.662915 84.170830
80.289114 83.544631
80.915314 82.918431
81.541514 82.292231
82.167714 82.292231
82.793914 81.666031
83.420113 81.039831
84.046313 79.787432
84.672513 79.161232
85.298713 79.161232
85.924913 78.535032
85.924913 77.908833
86.551112 77.282633
87.177312 76.656433
87.803512 76.030233
88.429712 76.030233
89.055911 75.404033
89.682111 74.777834
90.308311 74.151634
90.934511 73.525434
91.560711 72.899234
92.186910 72.899234
92.813110 72.273034
93.439310 71.646835
94.065510 71.020635
94.691710 70.394435
95.317909 69.768235
95.944109 69.768235
96.570309 69.142036
97.196509 68.515836
97.822708 67.889636
98.448908 67.889636
99.075108 67.263436
99.701308 66.637236
100.327508 66.011037
100.953707 66.011037
101.579907 65.384837
102.206107 64.758637
102.832307 64.132437
103.458507 64.132437
104.084706 63.506237
104.710906 63.506237
105.337106 63.506237
105.963306 63.506237
106.589505 63.506237
107.215705 63.506237
107.841905 64.132437
108.468105 64.132437
109.094305 64.132437
109.720504 64.132437
110.346704 64.132437
110.972904 64.132437
111.599104 64.132437
112.225304 64.132437
112.851503 64.132437
113.477703 64.132437
114.103903 64.132437
114.730103 64.132437
115.356303 64.132437
115.982502 64.758637
116.608702 65.384837
117.234902 65.384837
117.861102 66.011037
118.487301 66.637236
119.113501 66.637236
119.739701 67.263436
120.365901 67.263436
120.992101 67.889636
121.618300 67.889636
122.244500 68.515836
122.870700 68.515836
123.496900 69.142036
124.123100 69.142036
124.749299 69.768235
125.375499 69.768235
126.001699 69.768235
126.627899 70.394435
127.254098 70.394435
127.880298 70.394435
128.506498 71.020635
129.132698 71.020635
129.758898 71.020635
130.385097 71.020635
131.011297 71.646835
131.637497 72.273034
132.263697 72.273034
132.889897 72.899234
133.516096 73.525434
134.142296 74.151634
134.768496 74.151634
135.394696 74.777834
136.020895 75.404033
136.647095 76.030233
137.273295 76.030233
137.899495 76.656433
138.525695 77.282633
138.525695 77.908833
139.151894 78.535032
139.151894 79.161232
139.778094 79.787432
140.404294 80.413632
140.404294 81.039831
