145.374680 72.865394
144.748588 73.491486
144.748588 74.117578
144.122495 75.369763
144.122495 75.995855
143.496403 76.621948
142.870311 77.248040
142.870311 78.500225
142.244218 78.500225
141.618126 79.126317
140.992034 79.752410
140.365941 79.752410
139.739849 80.378502
139.113757 81.004594
138.487664 81.630687
137.861572 81.630687
137.235480 82.256779
136.609387 82.256779
136.609387 82.882871
135.983295 83.508964
135.357202 84.135056
134.731110 84.761148
134.105018 85.387241
133.478925 86.013333
132.852833 86.639426
132.226741 87.265518
131.600648 87.891610
130.974556 88.517703
130.348464 89.143795
130.348464 89.769887
129.722371 90.395980
129.096279 91.022072
128.470187 91.648164
128.470187 92.274257
127.844094 92.900349
127.218002 93.526441
127.218002 94.152534
126.591909 94.778626
125.965817 95.404719
125.965817 96.030811
125.339725 96.656903
125.339725 97.282996
124.713632 97.909088
124.713632 98.535180
124.087540 99.161273
124.087540 99.787365
123.461448 100.413457
123.461448 101.039550
122.835355 101.665642
122.835355 102.291734
122.209263 102.917827
122.209263 103.543919
121.583171 104.170012
121.583171 104.796104
121.583171 105.422196
120.957078 106.048289
120.957078 106.674381
120.957078 107.300473
120.330986 107.926566
120.330986 108.552658
119.704894 109.178750
119.704894 109.804843
119.078801 110.430935
119.078801 111.057027
119.078801 111.683120
118.452709 112.309212
118.452709 112.935304
118.452709 113.561397
117.826616 114.187489
117.826616 114.813582
117.826616 115.439674
117.200524 116.065766
117.200524 116.691859
117.200524 117.317951
117.200524 117.944043
116.574432 118.570136
116.574432 119.196228
116.574432 119.822320
116.574432 120.448413
116.574432 121.074505
116.574432 121.700597
116.574432 122.326690
115.948339 122.952782
115.948339 123.578875
115.948339 124.204967
115.948339 124.831059
115.948339 125.457152
115.948339 126.083244
115.322247 126.709336
115.322247 127.335429
115.322247 127.961521
115.322247 128.587613
114.696155 129.213706
114.696155 129.839798
114.696155 130.465890
114.696155 131.091983
114.696155 131.718075
114.696155 132.344168
114.070062 132.970260
114.070062 133.596352
114.070062 134.222445
114.070062 134.848537
114.070062 135.474629
114.070062 136.100722
114.070062 136.726814
113.443970 137.352906
113.443970 137.978999
113.443970 138.605091
113.443970 139.231183
113.443970 139.857276
113.443970 140.483368
113.443970 141.109461
113.443970 141.735553
113.443970 142.361645
113.443970 142.987738
113.443970 143.613830
112.817878 144.239922
112.817878 144.866015
112.191785 145.492107
112.191785 146.118199
111.565693 146.744292
111.565693 147.370384
110.939601 147.996476
110.939601 148.622569
110.939601 149.248661
110.313508 149.874754
110.313508 150.500846
110.313508 151.126938
109.687416 151.753031
109.687416 152.379123
109.687416 153.005215
109.061324 153.631308
109.061324 154.257400
108.435231 154.883492
107.809139 154.883492
107.183046 155.509585
106.556954 156.135677
105.930862 156.135677
105.304769 156.761769
104.678677 156.761769
104.052585 157.387862
102.800400 157.387862
102.174308 157.387862
101.548215 157.387862
100.922123 157.387862
100.296031 157.387862
99.669938 157.387862
99.043846 157.387862
98.417753 157.387862
97.791661 157.387862
97.165569 157.387862
95.913384 157.387862
95.287292 157.387862
94.661199 157.387862
94.035107 157.387862
93.409015 157.387862
92.782922 157.387862
92.156830 157.387862
91.530738 157.387862
90.904645 157.387862
89.652460 157.387862
89.026368 157.387862
88.400276 156.761769
87.774183 156.761769
87.148091 156.135677
85.895906 156.135677
85.269814 156.135677
84.643722 155.509585
84.017629 155.509585
82.765445 154.883492
82.139352 154.883492
81.513260 154.883492
80.887167 154.257400
79.634983 154.257400
79.008890 153.631308
78.382798 153.631308
77.756706 153.631308
76.504521 153.005215
75.878429 153.005215
75.252336 152.379123
74.626244 152.379123
74.000152 151.753031
73.374059 151.126938
72.747967 150.500846
72.121874 149.874754
71.495782 149.248661
70.869690 148.622569
70.243597 147.996476
69.617505 147.370384
68.991413 146.744292
68.365320 145.492107
67.739228 144.866015
67.113136 144.239922
66.487043 143.613830
65.860951 142.987738
65.860951 142.361645
65.234859 141.735553
64.608766 141.109461
63.982674 140.483368
63.356582 139.857276
63.356582 138.605091
62.730489 137.978999
62.730489 137.352906
62.730489 136.726814
62.104397 136.100722
62.104397 135.474629
61.478304 134.848537
61.478304 134.222445
61.478304 133.596352
60.852212 132.970260
60.852212 132.344168
60.226120 131.718075
60.226120 131.091983
59.600027 130.465890
59.600027 129.839798
59.600027 129.213706
58.973935 127.961521
58.973935 127.335429
58.347843 126.709336
58.347843 126.083244
57.721750 125.457152
57.721750 124.831059
57.721750 124.204967
57.095658 123.578875
57.095658 122.952782
57.095658 122.326690
57.095658 121.700597
57.095658 121.074505
57.095658 120.448413
57.095658 119.822320
57.095658 119.196228
57.095658 118.570136
57.095658 117.944043
57.095658 117.317951
57.095658 116.691859
57.095658 116.065766
57.095658 115.439674
57.095658 114.813582
57.095658 114.187489
57.095658 113.561397
57.095658 112.935304
57.095658 112.309212
57.095658 111.683120
57.095658 111.057027
57.095658 110.430935
57.095658 109.804843
57.095658 109.178750
57.095658 108.552658
57.095658 107.926566
57.095658 107.300473
57.095658 106.674381
57.095658 106.048289
57.095658 105.422196
57.095658 104.796104
57.095658 104.170012
57.095658 103.543919
57.095658 102.917827
57.095658 102.291734
57.721750 101.665642
57.721750 101.039550
58.347843 99.787365
58.347843 99.161273
58.973935 98.535180
58.973935 97.909088
58.973935 97.282996
59.600027 96.656903
59.600027 96.030811
60.226120 94.778626
60.226120 94.152534
60.852212 93.526441
60.852212 92.900349
61.478304 92.274257
61.478304 91.648164
61.478304 90.395980
62.104397 89.769887
62.104397 89.143795
62.730489 88.517703
63.356582 87.891610
63.356582 87.265518
63.982674 86.639426
64.608766 86.013333
65.234859 84.761148
65.860951 84.135056
66.487043 83.508964
67.113136 82.882871
67.739228 82.256779
67.739228 81.630687
68.365320 81.004594
68.991413 80.378502
69.617505 79.752410
70.243597 79.126317
70.869690 77.874133
71.495782 77.248040
72.121874 76.621948
72.747967 75.995855
72.747967 75.369763
73.374059 74.743671
74.000152 74.117578
74.626244 73.491486
75.252336 72.865394
75.252336 72.239301
76.504521 71.613209
77.130613 70.987117
77.756706 70.361024
78.382798 69.734932
79.008890 69.108840
79.634983 68.482747
80.261075 68.482747
80.887167 67.856655
81.513260 67.230562
82.139352 66.604470
82.765445 65.978378
83.391537 65.352285
84.017629 64.726193
84.643722 64.100101
85.269814 64.100101
85.895906 63.474008
87.148091 62.847916
87.774183 62.221824
88.400276 61.595731
89.026368 60.969639
89.652460 60.343547
90.278553 60.343547
90.904645 59.717454
91.530738 59.091362
92.156830 58.465269
92.782922 57.839177
93.409015 57.839177
94.035107 57.213085
94.661199 56.586992
95.287292 55.960900
95.913384 55.334808
96.539476 55.334808
97.165569 54.708715
97.791661 54.082623
98.417753 53.456531
99.043846 52.830438
99.669938 52.830438
100.296031 52.830438
100.922123 52.204346
101.548215 52.204346
102.174308 52.204346
102.800400 52.204346
103.426492 51.578254
104.052585 51.578254
104.678677 51.578254
105.304769 51.578254
105.930862 50.952161
106.556954 50.952161
107.183046 50.952161
107.809139 50.952161
108.435231 50.952161
109.061324 50.326069
109.687416 50.326069
110.939601 50.326069
111.565693 50.326069
112.191785 49.699977
112.817878 49.699977
113.443970 49.699977
114.070062 49.699977
114.696155 49.073884
115.322247 49.073884
115.948339 49.073884
116.574432 49.073884
117.200524 48.447792
117.826616 48.447792
118.452709 48.447792
119.078801 48.447792
119.704894 47.821699
120.330986 47.821699
120.957078 47.821699
121.583171 47.821699
122.209263 47.821699
123.461448 47.821699
124.087540 47.821699
124.713632 47.821699
125.339725 47.821699
125.965817 47.821699
126.591909 47.821699
127.218002 47.821699
127.844094 47.821699
129.096279 47.821699
129.722371 47.821699
130.348464 48.447792
130.974556 48.447792
131.600648 49.073884
132.226741 49.699977
132.852833 49.699977
133.478925 50.326069
134.105018 50.326069
134.731110 50.952161
135.357202 51.578254
135.983295 51.578254
136.609387 52.204346
137.861572 52.830438
138.487664 53.456531
139.113757 54.082623
139.739849 54.708715
140.365941 55.334808
140.992034 55.960900
141.618126 56.586992
142.244218 57.213085
142.870311 57.839177
143.496403 58.465269
144.122495 59.091362
144.748588 59.717454
145.374680 60.343547
146.000773 60.969639
146.626865 61.595731
147.252957 62.221824
147.252957 63.474008
147.252957 64.100101
147.252957 64.726193
147.252957 65.352285
147.252957 65.978378
147.252957 66.604470
147.252957 67.230562
147.252957 67.856655
147.252957 68.482747
147.252957 69.108840
146.626865 69.734932
146.626865 70.361024
146.000773 70.987117
145.374680 71.613209
145.374680 72.239301
145.374680 72.865394
