142.644338 71.545899
142.008300 72.817975
142.008300 73.454012
141.372263 74.726088
141.372263 75.362125
140.736225 75.362125
140.100187 75.998163
139.464150 76.634201
138.828112 76.634201
138.828112 77.270238
138.192074 77.906276
137.556037 77.906276
136.919999 78.542314
136.283961 79.178351
135.647924 79.814389
135.011886 79.814389
135.011886 80.450427
135.011886 81.086464
134.375848 81.722502
133.739811 82.358540
133.103773 82.358540
133.103773 82.994577
132.467735 82.994577
132.467735 83.630615
131.831698 84.266653
131.195660 84.266653
130.559622 84.902690
129.923585 85.538728
129.923585 86.174766
129.287547 86.810803
128.651509 87.446841
128.015472 88.082878
127.379434 88.718916
126.743397 89.354954
126.743397 89.990991
126.107359 90.627029
125.471321 91.263067
124.835284 91.899104
124.199246 92.535142
124.199246 93.171180
123.563208 93.807217
122.927171 94.443255
122.927171 95.079293
122.291133 95.715330
121.655095 96.351368
121.655095 96.987406
121.019058 97.623443
120.383020 98.259481
120.383020 98.895519
119.746982 99.531556
119.110945 100.167594
119.110945 100.803632
118.474907 101.439669
117.838869 102.075707
117.838869 102.711745
117.202832 103.347782
117.202832 103.983820
116.566794 104.619858
116.566794 105.255895
115.930756 105.891933
115.930756 106.527971
115.930756 107.164008
115.294719 107.800046
115.294719 108.436083
115.294719 109.072121
114.658681 109.708159
114.658681 110.344196
114.658681 110.980234
114.658681 111.616272
114.022643 112.252309
114.022643 112.888347
114.022643 113.524385
114.022643 114.160422
114.022643 114.796460
114.022643 115.432498
114.022643 116.068535
114.022643 116.704573
114.022643 117.340611
113.386606 117.976648
113.386606 118.612686
113.386606 119.248724
113.386606 119.884761
113.386606 120.520799
113.386606 121.156837
113.386606 121.792874
113.386606 122.428912
113.386606 123.064950
113.386606 123.700987
113.386606 124.337025
113.386606 124.973063
113.386606 125.609100
113.386606 126.245138
113.386606 126.881175
113.386606 127.517213
113.386606 128.153251
113.386606 128.789288
113.386606 129.425326
113.386606 130.061364
113.386606 130.697401
113.386606 131.333439
113.386606 131.969477
113.386606 132.605514
113.386606 133.241552
113.386606 133.877590
113.386606 134.513627
113.386606 135.149665
113.386606 135.785703
113.386606 136.421740
114.022643 136.421740
114.022643 137.057778
114.022643 137.693816
114.022643 138.329853
114.022643 138.965891
114.658681 138.965891
114.658681 139.601929
114.658681 140.237966
115.294719 140.874004
115.294719 141.510042
115.294719 142.146079
115.294719 142.782117
115.930756 142.782117
115.930756 143.418155
115.930756 144.054192
116.566794 144.054192
116.566794 144.690230
117.202832 145.326267
117.202832 145.962305
117.838869 146.598343
118.474907 147.234380
118.474907 147.870418
118.474907 148.506456
118.474907 149.142493
119.110945 149.778531
119.110945 150.414569
119.110945 151.050606
119.746982 151.686644
119.746982 152.322682
119.746982 152.958719
119.746982 153.594757
120.383020 153.594757
120.383020 154.230795
120.383020 154.866832
120.383020 155.502870
121.019058 155.502870
121.019058 156.138908
121.655095 156.774945
121.655095 157.410983
121.655095 158.683058
121.019058 159.319096
121.019058 160.591171
121.019058 161.227209
120.383020 161.863247
120.383020 163.135322
120.383020 163.771360
119.746982 164.407397
119.110945 165.043435
118.474907 165.679472
117.838869 166.315510
117.202832 166.951548
115.930756 166.951548
115.294719 167.587585
114.658681 168.223623
114.022643 168.223623
113.386606 168.223623
112.750568 168.223623
112.114530 168.223623
111.478493 168.223623
110.842455 168.223623
110.206417 168.223623
109.570380 167.587585
108.934342 167.587585
108.298305 167.587585
107.662267 167.587585
107.026229 167.587585
106.390192 167.587585
105.754154 167.587585
105.118116 167.587585
104.482079 167.587585
103.846041 167.587585
103.210003 166.951548
102.573966 166.951548
101.937928 166.951548
101.301890 166.951548
100.665853 166.951548
100.029815 166.951548
99.393777 166.951548
98.757740 166.951548
98.121702 166.951548
97.485664 166.315510
96.849627 166.315510
96.213589 166.315510
95.577551 166.315510
94.941514 165.679472
93.669438 165.043435
93.033401 165.043435
92.397363 164.407397
91.761325 164.407397
91.125288 163.771360
89.853212 163.771360
89.217175 163.135322
88.581137 162.499284
87.945100 162.499284
87.309062 161.863247
86.036987 161.863247
85.400949 161.227209
84.764911 161.227209
84.128874 160.591171
83.492836 159.955134
82.856798 159.955134
82.220761 159.955134
81.584723 159.319096
80.948685 159.319096
79.676610 158.683058
79.040572 158.683058
78.404535 158.047021
77.768497 157.410983
77.132459 157.410983
76.496422 156.774945
75.860384 156.774945
75.224346 156.138908
74.588309 155.502870
73.952271 155.502870
73.316233 154.866832
72.680196 154.230795
71.408120 154.230795
70.772083 153.594757
70.136045 153.594757
69.500008 152.958719
68.863970 152.322682
68.227932 152.322682
67.591895 151.686644
66.955857 151.686644
66.319819 151.050606
65.683782 150.414569
65.047744 149.778531
64.411706 149.142493
63.139631 148.506456
62.503593 148.506456
61.867556 147.870418
61.231518 147.234380
60.595480 146.598343
59.959443 145.962305
59.323405 145.326267
58.687367 144.690230
58.051330 144.054192
57.415292 143.418155
56.779254 142.782117
56.143217 142.146079
55.507179 141.510042
54.871141 140.874004
54.235104 139.601929
54.235104 138.965891
53.599066 138.329853
52.963028 137.693816
52.326991 137.057778
51.690953 136.421740
51.690953 135.785703
51.690953 135.149665
51.690953 134.513627
51.690953 133.877590
51.690953 133.241552
51.690953 132.605514
51.690953 131.333439
51.690953 130.697401
52.326991 130.061364
52.326991 129.425326
52.326991 128.789288
52.326991 128.153251
52.326991 127.517213
52.326991 126.881175
52.326991 126.245138
52.326991 125.609100
52.963028 124.337025
52.963028 123.700987
52.963028 123.064950
52.963028 122.428912
53.599066 121.792874
53.599066 121.156837
54.235104 120.520799
54.235104 119.884761
54.235104 119.248724
54.871141 118.612686
54.871141 117.976648
54.871141 117.340611
55.507179 116.704573
55.507179 116.068535
55.507179 115.432498
55.507179 114.796460
56.143217 114.160422
56.143217 113.524385
56.143217 112.888347
56.779254 112.252309
56.779254 111.616272
56.779254 110.980234
57.415292 110.344196
57.415292 109.708159
57.415292 109.072121
58.051330 108.436083
58.051330 107.800046
58.051330 107.164008
58.687367 105.891933
58.687367 105.255895
58.687367 104.619858
58.687367 103.983820
59.323405 103.347782
59.323405 102.711745
59.323405 102.075707
59.959443 101.439669
59.959443 100.803632
59.959443 100.167594
60.595480 99.531556
60.595480 98.895519
61.231518 98.259481
61.867556 97.623443
62.503593 96.987406
62.503593 95.715330
63.139631 95.079293
63.775669 94.443255
64.411706 93.807217
65.047744 93.171180
65.047744 91.899104
65.683782 91.263067
66.319819 90.627029
66.955857 89.990991
67.591895 89.354954
67.591895 88.082878
68.227932 87.446841
68.863970 86.810803
69.500008 86.174766
70.136045 85.538728
70.136045 84.902690
70.772083 83.630615
71.408120 82.994577
72.044158 82.358540
72.680196 81.722502
72.680196 81.086464
73.316233 80.450427
73.952271 79.178351
75.224346 78.542314
75.860384 77.906276
76.496422 77.270238
77.132459 76.634201
77.768497 75.998163
78.404535 74.726088
79.676610 74.090050
80.312648 73.454012
80.948685 72.817975
81.584723 72.181937
82.220761 71.545899
82.856798 70.909862
84.128874 69.637786
84.764911 69.637786
85.400949 69.001749
86.036987 68.365711
86.673024 67.729674
87.309062 67.093636
87.945100 66.457598
88.581137 65.821561
89.217175 65.821561
89.853212 65.185523
90.489250 64.549485
91.761325 63.913448
92.397363 63.277410
93.033401 62.641372
93.669438 62.641372
94.305476 62.005335
94.941514 62.005335
95.577551 62.005335
96.213589 62.005335
96.849627 61.369297
97.485664 61.369297
98.121702 61.369297
98.757740 61.369297
99.393777 60.733259
100.029815 60.733259
100.665853 60.733259
101.937928 60.733259
102.573966 60.733259
103.210003 60.097222
103.846041 60.097222
104.482079 60.097222
105.118116 60.097222
105.754154 59.461184
106.390192 59.461184
107.026229 59.461184
107.662267 59.461184
108.298305 59.461184
108.934342 59.461184
109.570380 59.461184
110.206417 59.461184
110.842455 59.461184
112.114530 59.461184
112.750568 59.461184
113.386606 59.461184
114.022643 59.461184
114.658681 58.825146
115.294719 58.825146
115.930756 58.825146
116.566794 58.825146
117.202832 58.825146
117.838869 58.825146
119.110945 58.825146
119.746982 58.825146
120.383020 59.461184
121.019058 59.461184
121.655095 59.461184
122.291133 59.461184
123.563208 59.461184
124.199246 59.461184
124.835284 60.097222
125.471321 60.097222
126.107359 60.097222
127.379434 60.097222
128.015472 60.097222
128.651509 60.733259
129.287547 60.733259
129.923585 60.733259
130.559622 60.733259
131.831698 60.733259
132.467735 60.733259
133.103773 61.369297
133.739811 61.369297
134.375848 62.005335
135.011886 62.641372
135.647924 63.277410
136.283961 63.277410
136.919999 63.913448
137.556037 64.549485
138.192074 65.185523
138.828112 65.821561
139.464150 66.457598
140.100187 67.093636
140.736225 67.729674
140.736225 68.365711
141.372263 69.001749
141.372263 69.637786
142.008300 70.273824
142.008300 70.909862
142.008300 71.545899
142.644338 71.545899
