138.744764 74.299349
138.744764 74.852700
138.191413 75.406051
137.638062 75.959402
137.084711 76.512754
136.531360 78.172807
136.531360 78.726158
136.531360 79.832860
135.978009 80.386211
135.424658 80.939562
135.978009 80.939562
135.424658 81.492914
134.871307 81.492914
134.317955 81.492914
134.317955 82.046265
133.764604 82.599616
133.211253 82.599616
132.657902 82.599616
132.657902 83.152967
132.104551 83.706318
131.551200 83.706318
130.997849 84.259669
130.444498 84.813020
129.891147 84.813020
129.891147 85.366371
129.337795 85.366371
128.784444 85.919722
128.231093 85.919722
128.231093 86.473073
127.677742 87.026425
127.124391 87.579776
126.571040 87.579776
126.571040 88.133127
126.017689 88.686478
125.464338 89.239829
124.910987 89.793180
124.357636 90.346531
123.804284 90.899882
123.250933 91.453233
122.697582 92.006585
122.697582 92.559936
122.144231 93.113287
121.590880 93.666638
121.037529 94.219989
121.037529 94.773340
120.484178 95.326691
119.930827 95.880042
119.930827 96.433393
119.377476 96.986745
118.824124 97.540096
118.824124 98.093447
118.270773 98.646798
117.717422 99.200149
117.717422 99.753500
117.164071 100.306851
116.610720 100.860202
116.610720 101.413553
116.057369 101.966905
116.057369 102.520256
115.504018 103.073607
115.504018 103.626958
114.950667 104.180309
114.950667 104.733660
114.397316 105.287011
114.397316 105.840362
113.843964 106.393713
113.843964 106.947064
113.290613 107.500416
113.290613 108.053767
113.290613 108.607118
112.737262 109.160469
112.737262 109.713820
112.183911 110.267171
112.183911 110.820522
112.183911 111.373873
112.183911 111.927224
111.630560 112.480576
111.630560 113.033927
111.630560 113.587278
111.630560 114.140629
111.077209 114.693980
111.077209 115.247331
111.077209 115.800682
111.077209 116.354033
111.077209 116.907384
110.523858 117.460736
110.523858 118.014087
110.523858 118.567438
110.523858 119.120789
110.523858 119.674140
110.523858 120.227491
110.523858 120.780842
110.523858 121.334193
109.970507 121.887544
109.970507 122.440895
109.970507 122.994247
109.970507 123.547598
109.970507 124.100949
109.970507 124.654300
109.970507 125.207651
109.970507 125.761002
109.970507 126.314353
109.970507 126.867704
109.970507 127.421055
109.970507 127.974407
109.970507 128.527758
110.523858 128.527758
110.523858 129.081109
110.523858 129.634460
110.523858 130.187811
110.523858 130.741162
110.523858 131.294513
110.523858 131.847864
110.523858 132.401215
111.077209 132.954567
111.077209 133.507918
111.077209 134.061269
111.077209 134.614620
111.077209 135.167971
111.077209 135.721322
111.630560 135.721322
111.630560 136.274673
111.630560 136.828024
111.630560 137.381375
112.183911 137.934726
112.183911 138.488078
112.183911 139.041429
112.183911 139.594780
112.737262 140.148131
112.737262 140.701482
113.290613 141.254833
113.290613 141.808184
113.290613 142.361535
113.843964 142.914886
113.843964 143.468238
113.843964 144.021589
114.397316 144.021589
114.397316 144.574940
114.950667 145.128291
114.950667 145.681642
115.504018 146.234993
115.504018 146.788344
115.504018 147.341695
116.057369 147.341695
116.057369 147.895046
116.057369 148.448398
116.057369 149.001749
116.057369 149.555100
116.057369 150.108451
116.610720 150.108451
116.610720 150.661802
116.610720 151.215153
116.610720 151.768504
117.164071 152.321855
117.164071 152.875206
117.164071 153.428558
117.164071 153.981909
117.717422 154.535260
117.717422 155.088611
118.270773 155.641962
118.270773 156.195313
118.270773 156.748664
118.270773 157.302015
118.824124 157.302015
118.824124 157.855366
118.824124 158.408717
119.377476 158.408717
119.377476 158.962069
119.377476 159.515420
119.930827 159.515420
119.930827 160.068771
120.484178 160.622122
120.484178 161.175473
121.037529 161.728824
120.484178 162.282175
119.930827 162.282175
119.377476 162.282175
118.824124 162.835526
118.270773 162.835526
117.717422 163.388877
117.164071 163.388877
116.610720 163.388877
116.057369 163.942229
115.504018 163.942229
114.950667 164.495580
114.397316 164.495580
113.290613 165.048931
112.737262 165.048931
112.183911 165.048931
111.630560 165.602282
111.077209 165.602282
110.523858 165.602282
109.970507 165.602282
109.417156 165.048931
108.863804 165.048931
108.310453 165.048931
107.757102 165.048931
107.203751 165.048931
106.650400 164.495580
106.097049 164.495580
105.543698 164.495580
104.990347 164.495580
104.436996 164.495580
103.883645 163.942229
102.776942 163.942229
102.223591 163.942229
101.670240 163.942229
101.116889 163.388877
100.563538 163.388877
100.010187 163.388877
99.456836 163.388877
98.903485 163.388877
98.350133 162.835526
97.796782 162.835526
97.243431 162.835526
96.690080 162.835526
96.136729 162.835526
95.583378 162.282175
95.030027 162.282175
94.476676 162.282175
93.923325 162.282175
93.369973 162.282175
92.816622 161.728824
92.263271 161.728824
91.156569 161.175473
90.603218 160.622122
90.049867 160.068771
89.496516 159.515420
88.943165 158.962069
88.389814 158.408717
87.836462 157.855366
86.729760 157.302015
86.176409 156.748664
85.623058 156.195313
85.069707 155.641962
84.516356 155.088611
83.963005 153.981909
82.856302 153.428558
82.302951 152.875206
81.749600 152.321855
81.196249 151.768504
80.642898 151.215153
80.089547 150.661802
79.536196 150.108451
78.429494 150.108451
77.876142 149.555100
77.322791 149.001749
76.769440 149.001749
76.216089 148.448398
75.662738 148.448398
74.556036 147.895046
74.002685 147.341695
73.449334 147.341695
72.895983 146.788344
72.342631 146.788344
71.789280 146.234993
71.235929 145.681642
70.129227 145.681642
69.575876 145.128291
69.022525 145.128291
68.469174 144.574940
67.915823 144.021589
67.362471 144.021589
66.255769 143.468238
65.702418 143.468238
65.149067 142.914886
64.595716 142.361535
64.042365 142.361535
63.489014 141.808184
62.935663 141.254833
62.935663 140.701482
62.935663 140.148131
62.935663 139.594780
62.382311 138.488078
62.382311 137.934726
62.382311 137.381375
62.382311 136.828024
61.828960 136.274673
61.828960 135.721322
61.828960 135.167971
61.828960 134.061269
61.275609 133.507918
61.275609 132.954567
61.275609 132.401215
61.275609 131.847864
61.275609 131.294513
61.275609 130.741162
61.828960 129.634460
61.828960 129.081109
62.382311 128.527758
62.382311 127.974407
62.382311 127.421055
62.935663 126.867704
62.935663 126.314353
63.489014 125.761002
63.489014 124.654300
64.042365 124.100949
64.042365 123.547598
64.595716 122.994247
64.595716 122.440895
64.595716 121.887544
65.149067 121.334193
65.149067 120.227491
65.702418 119.674140
65.702418 119.120789
66.255769 118.567438
66.255769 118.014087
66.809120 117.460736
66.809120 116.907384
67.362471 115.800682
67.362471 115.247331
67.362471 114.693980
67.915823 114.140629
67.915823 113.587278
68.469174 113.033927
68.469174 112.480576
69.022525 111.373873
69.022525 110.820522
69.575876 110.267171
69.575876 109.713820
70.129227 109.160469
70.682578 108.607118
70.682578 108.053767
71.235929 107.500416
71.789280 106.947064
72.342631 105.840362
72.342631 105.287011
72.895983 104.733660
73.449334 104.180309
74.002685 103.626958
74.002685 103.073607
74.556036 102.520256
75.109387 101.966905
75.109387 101.413553
75.662738 100.306851
76.216089 99.753500
76.769440 99.200149
76.769440 98.646798
77.322791 98.093447
77.876142 97.540096
77.876142 96.986745
78.429494 96.433393
78.982845 95.880042
79.536196 94.773340
79.536196 94.219989
80.089547 93.666638
80.642898 93.113287
80.642898 92.559936
81.196249 92.006585
81.749600 91.453233
82.302951 90.899882
82.302951 90.346531
82.856302 89.793180
83.409654 89.239829
83.963005 88.686478
84.516356 88.133127
85.623058 87.579776
86.176409 87.026425
86.729760 86.473073
87.283111 85.919722
87.836462 85.366371
88.389814 84.813020
88.943165 84.259669
89.496516 83.706318
90.049867 83.152967
90.603218 83.152967
91.156569 82.599616
91.709920 82.046265
92.263271 81.492914
92.816622 80.939562
93.369973 80.386211
93.923325 79.832860
94.476676 79.279509
95.030027 78.726158
95.583378 78.172807
96.136729 77.619456
96.690080 77.066105
97.796782 77.066105
98.350133 76.512754
98.903485 76.512754
99.456836 76.512754
100.010187 75.959402
100.563538 75.959402
101.116889 75.406051
101.670240 75.406051
102.223591 74.852700
102.776942 74.852700
103.330293 74.852700
103.883645 74.299349
104.436996 74.299349
104.990347 73.745998
105.543698 73.745998
106.097049 73.192647
106.650400 73.192647
107.203751 73.192647
107.757102 72.639296
108.310453 72.639296
108.863804 72.085945
109.417156 72.085945
109.970507 72.085945
110.523858 71.532594
111.077209 71.532594
111.630560 70.979242
112.183911 70.979242
112.737262 70.425891
113.290613 70.425891
113.843964 70.425891
114.397316 69.872540
114.950667 69.872540
115.504018 69.319189
116.057369 69.319189
117.164071 69.319189
117.717422 69.319189
118.270773 69.319189
118.824124 69.319189
119.377476 69.872540
119.930827 69.872540
120.484178 69.872540
121.037529 69.872540
121.590880 69.872540
122.144231 69.872540
122.697582 69.872540
123.804284 69.872540
124.357636 69.872540
124.910987 69.872540
125.464338 69.872540
126.017689 69.872540
126.571040 69.872540
127.124391 69.872540
127.677742 69.872540
128.231093 69.872540
128.784444 70.425891
129.891147 70.425891
130.444498 70.425891
130.997849 70.979242
131.551200 70.979242
132.104551 70.979242
132.657902 71.532594
133.211253 71.532594
133.764604 71.532594
134.871307 72.085945
135.424658 72.085945
135.978009 72.085945
136.531360 72.639296
137.084711 73.192647
137.638062 73.192647
138.191413 73.745998
138.744764 74.299349
