142.702698 68.284540
142.702698 68.948810
142.038429 70.277350
142.038429 70.941619
141.374159 70.941619
140.709889 71.605889
140.045619 71.605889
139.381349 72.270159
138.717080 72.934429
138.052810 72.934429
137.388540 73.598699
136.724270 73.598699
136.724270 74.262968
136.060001 74.262968
135.395731 74.927238
134.731461 74.927238
134.731461 75.591508
134.067191 76.255778
133.402921 76.255778
133.402921 76.920048
132.738652 76.920048
132.074382 77.584317
131.410112 77.584317
131.410112 78.248587
130.745842 78.248587
130.745842 78.912857
130.081572 79.577127
129.417303 79.577127
129.417303 80.241397
128.753033 80.905666
128.088763 81.569936
127.424493 81.569936
127.424493 82.234206
126.760223 82.234206
126.760223 82.898476
126.095954 83.562745
125.431684 84.227015
124.767414 84.227015
124.767414 84.891285
124.103144 85.555555
124.103144 86.219825
123.438875 86.884094
122.774605 87.548364
122.110335 88.212634
121.446065 88.876904
121.446065 89.541174
120.781795 90.205443
120.117526 90.869713
120.117526 91.533983
119.453256 92.198253
118.788986 92.862522
118.788986 93.526792
118.124716 94.191062
118.124716 94.855332
117.460446 95.519602
117.460446 96.183871
116.796177 96.848141
116.796177 97.512411
116.796177 98.176681
116.131907 98.840951
116.131907 99.505220
115.467637 100.169490
115.467637 100.833760
115.467637 101.498030
114.803367 102.162300
114.803367 102.826569
114.803367 103.490839
114.803367 104.155109
114.803367 104.819379
114.139097 105.483648
114.139097 106.147918
114.139097 106.812188
114.139097 107.476458
114.139097 108.140728
114.139097 108.804997
113.474828 109.469267
113.474828 110.133537
113.474828 110.797807
113.474828 111.462077
113.474828 112.126346
113.474828 112.790616
113.474828 113.454886
113.474828 114.119156
113.474828 114.783426
113.474828 115.447695
113.474828 116.111965
113.474828 116.776235
113.474828 117.440505
113.474828 118.104774
113.474828 118.769044
113.474828 119.433314
113.474828 120.097584
112.810558 120.761854
112.810558 121.426123
112.810558 122.090393
112.810558 122.754663
112.810558 123.418933
112.810558 124.083203
112.810558 124.747472
112.810558 125.411742
112.810558 126.076012
112.810558 126.740282
112.810558 127.404552
112.810558 128.068821
112.810558 128.733091
112.810558 129.397361
112.810558 130.061631
112.810558 130.725900
112.810558 131.390170
112.810558 132.054440
112.810558 132.718710
112.810558 133.382980
112.810558 134.047249
112.810558 134.711519
112.810558 135.375789
112.810558 136.040059
112.810558 136.704329
112.810558 137.368598
112.810558 138.032868
112.810558 138.697138
112.810558 139.361408
113.474828 139.361408
113.474828 140.025678
113.474828 140.689947
113.474828 141.354217
113.474828 142.018487
113.474828 142.682757
114.139097 143.347026
114.139097 144.675566
113.474828 145.339836
113.474828 146.004106
112.810558 147.332645
112.810558 147.996915
112.146288 149.325455
112.146288 149.989724
111.482018 150.653994
111.482018 151.982534
110.817749 152.646804
110.817749 153.311073
110.153479 154.639613
110.153479 155.303883
109.489209 155.968152
109.489209 157.296692
108.824939 157.960962
108.824939 159.289501
108.160669 159.289501
106.832130 159.289501
106.167860 159.289501
105.503590 159.953771
104.839320 159.953771
104.175051 159.953771
103.510781 160.618041
102.182241 160.618041
101.517972 160.618041
100.853702 161.282311
100.189432 161.282311
99.525162 161.282311
98.860892 161.282311
97.532353 161.946581
96.868083 161.282311
96.203813 161.282311
95.539543 161.282311
94.875274 160.618041
93.546734 160.618041
92.882464 159.953771
92.218194 159.953771
91.553925 159.953771
90.889655 159.289501
89.561115 159.289501
88.896846 158.625232
88.232576 158.625232
87.568306 158.625232
86.904036 157.960962
85.575497 157.960962
84.911227 157.296692
84.246957 157.296692
83.582687 157.296692
82.918417 156.632422
81.589878 156.632422
80.925608 155.968152
80.261338 155.968152
79.597068 155.968152
78.932799 155.303883
77.604259 155.303883
76.939989 154.639613
76.275720 154.639613
75.611450 154.639613
74.947180 153.975343
73.618640 153.975343
72.954371 153.311073
72.290101 153.311073
71.625831 153.311073
70.961561 152.646804
70.297291 151.982534
69.633022 151.318264
68.968752 150.653994
68.304482 149.989724
66.975942 149.325455
66.311673 148.661185
65.647403 148.661185
64.983133 147.996915
64.318863 147.332645
63.654594 146.668375
62.990324 146.004106
62.326054 145.339836
61.661784 144.675566
60.997514 144.011296
60.333245 143.347026
59.668975 142.682757
58.340435 142.018487
57.676165 141.354217
57.011896 140.689947
56.347626 140.025678
56.347626 139.361408
56.347626 138.697138
55.683356 138.032868
55.683356 137.368598
55.683356 136.704329
55.683356 136.040059
55.019086 135.375789
55.019086 134.711519
55.019086 134.047249
54.354816 133.382980
54.354816 132.718710
54.354816 132.054440
53.690547 131.390170
53.690547 130.725900
53.690547 130.061631
53.690547 129.397361
53.026277 128.733091
53.026277 128.068821
53.026277 126.740282
52.362007 126.076012
52.362007 125.411742
52.362007 124.747472
51.697737 124.083203
51.697737 123.418933
51.697737 122.754663
51.697737 122.090393
51.033468 121.426123
51.033468 120.761854
51.033468 120.097584
50.369198 119.433314
50.369198 118.769044
50.369198 118.104774
49.704928 117.440505
50.369198 116.776235
50.369198 115.447695
50.369198 114.783426
51.033468 114.119156
51.033468 112.790616
51.033468 112.126346
51.697737 110.797807
51.697737 110.133537
51.697737 109.469267
52.362007 108.140728
52.362007 107.476458
52.362007 106.147918
53.026277 105.483648
53.026277 104.819379
53.026277 103.490839
53.690547 102.826569
53.690547 101.498030
53.690547 100.833760
54.354816 100.169490
54.354816 98.840951
54.354816 98.176681
55.019086 96.848141
55.019086 96.183871
55.019086 95.519602
55.683356 94.191062
55.683356 93.526792
55.683356 92.198253
56.347626 91.533983
56.347626 90.869713
56.347626 89.541174
57.011896 88.876904
57.011896 87.548364
57.011896 86.884094
57.676165 86.219825
58.340435 85.555555
59.004705 84.891285
59.668975 84.227015
60.333245 83.562745
60.997514 82.234206
61.661784 81.569936
62.326054 80.905666
62.326054 80.241397
62.990324 79.577127
63.654594 78.912857
64.318863 78.248587
64.983133 77.584317
65.647403 76.920048
66.311673 76.255778
66.975942 75.591508
67.640212 74.927238
68.304482 74.262968
68.968752 73.598699
69.633022 72.270159
70.297291 71.605889
70.961561 70.941619
71.625831 70.277350
72.290101 69.613080
72.954371 68.948810
73.618640 68.284540
74.282910 67.620271
74.947180 66.956001
74.947180 66.291731
75.611450 65.627461
76.275720 64.963191
76.939989 64.298922
77.604259 62.970382
78.268529 62.306112
79.597068 62.306112
80.261338 61.641842
80.925608 60.977573
81.589878 60.313303
82.254148 59.649033
82.918417 58.984763
84.246957 58.984763
84.911227 58.320493
85.575497 57.656224
86.239766 56.991954
86.904036 56.327684
87.568306 55.663414
88.896846 55.663414
89.561115 54.999145
90.225385 54.334875
90.889655 53.670605
91.553925 53.006335
92.218194 52.342065
93.546734 52.342065
94.211004 51.677796
94.875274 51.013526
95.539543 50.349256
96.203813 49.684986
96.868083 49.020716
98.196623 49.020716
98.860892 49.020716
99.525162 48.356447
100.189432 48.356447
100.853702 48.356447
101.517972 47.692177
102.182241 47.692177
102.846511 47.692177
103.510781 47.692177
104.175051 47.027907
105.503590 47.027907
106.167860 47.027907
106.832130 47.027907
107.496400 46.363637
108.160669 46.363637
108.824939 46.363637
109.489209 46.363637
110.153479 45.699367
110.817749 45.699367
111.482018 45.699367
112.810558 45.035098
113.474828 45.035098
114.139097 45.035098
114.803367 45.035098
115.467637 44.370828
116.131907 44.370828
116.796177 44.370828
117.460446 44.370828
118.124716 44.370828
118.788986 44.370828
119.453256 44.370828
120.117526 44.370828
120.781795 44.370828
121.446065 44.370828
122.110335 44.370828
123.438875 44.370828
124.103144 44.370828
124.767414 44.370828
125.431684 44.370828
126.095954 44.370828
126.760223 44.370828
127.424493 44.370828
128.088763 44.370828
128.753033 44.370828
129.417303 44.370828
130.081572 45.035098
130.745842 45.035098
131.410112 45.699367
132.074382 46.363637
132.738652 47.027907
134.067191 47.027907
134.731461 47.692177
135.395731 48.356447
136.060001 49.020716
136.724270 49.020716
137.388540 49.684986
138.052810 50.349256
138.717080 51.013526
139.381349 51.677796
140.045619 52.342065
140.709889 53.006335
141.374159 54.334875
142.038429 54.999145
142.702698 55.663414
143.366968 56.327684
143.366968 56.991954
144.031238 57.656224
144.031238 58.320493
144.695508 58.984763
144.695508 59.649033
144.695508 60.313303
145.359778 60.977573
145.359778 61.641842
145.359778 62.306112
146.024047 62.970382
146.024047 64.298922
146.024047 64.963191
146.688317 65.627461
146.688317 66.291731
146.024047 66.291731
145.359778 66.956001
144.695508 67.620271
144.031238 67.620271
143.366968 68.284540
142.702698 68.284540
