148.885273 67.357570
148.885273 68.064991
148.885273 68.772413
148.885273 69.479835
148.885273 70.187256
148.885273 70.894678
148.885273 71.602100
148.177851 72.309521
148.885273 72.309521
148.177851 72.309521
147.470429 73.016943
146.763008 73.016943
146.055586 73.016943
146.055586 73.724365
145.348164 73.724365
144.640743 73.724365
144.640743 74.431786
143.933321 74.431786
143.225899 74.431786
143.225899 75.139208
142.518478 75.846630
141.811056 75.846630
141.103634 75.846630
141.103634 76.554051
140.396213 77.261473
139.688791 77.261473
138.981369 77.261473
138.981369 77.968894
138.273948 78.676316
137.566526 79.383738
136.859105 79.383738
136.151683 80.091159
135.444261 80.091159
135.444261 80.798581
134.736840 81.506003
134.029418 81.506003
134.029418 82.213424
133.321996 82.920846
132.614575 83.628268
131.907153 84.335689
131.199731 85.043111
130.492310 85.750533
129.784888 85.750533
129.784888 86.457954
129.077466 87.165376
128.370045 87.872798
128.370045 88.580219
127.662623 89.287641
126.955201 89.995063
126.247780 90.702484
126.247780 91.409906
125.540358 92.117328
124.832936 92.824749
124.832936 93.532171
124.125515 94.239593
123.418093 94.947014
123.418093 95.654436
122.710671 96.361857
122.710671 97.069279
122.003250 97.776701
122.003250 98.484122
121.295828 99.191544
121.295828 99.898966
120.588406 100.606387
120.588406 101.313809
119.880985 102.021231
119.880985 102.728652
119.880985 103.436074
119.173563 104.143496
119.173563 104.850917
119.173563 105.558339
118.466142 106.265761
118.466142 106.973182
118.466142 107.680604
118.466142 108.388026
117.758720 109.095447
117.758720 109.802869
117.758720 110.510291
117.758720 111.217712
117.051298 111.925134
117.051298 112.632556
117.051298 113.339977
117.051298 114.047399
117.051298 114.754820
117.051298 115.462242
116.343877 116.169664
116.343877 116.877085
116.343877 117.584507
116.343877 118.291929
115.636455 118.999350
115.636455 119.706772
115.636455 120.414194
115.636455 121.121615
115.636455 121.829037
115.636455 122.536459
115.636455 123.243880
114.929033 123.951302
114.929033 124.658724
114.929033 125.366145
114.929033 126.073567
114.929033 126.780989
114.929033 127.488410
114.929033 128.195832
114.929033 128.903254
114.929033 129.610675
114.929033 130.318097
114.929033 131.025519
114.929033 131.732940
114.929033 132.440362
114.929033 133.147783
114.929033 133.855205
114.929033 134.562627
114.929033 135.270048
114.929033 135.977470
114.929033 136.684892
114.929033 137.392313
114.929033 138.099735
114.929033 138.807157
114.929033 139.514578
114.929033 140.222000
114.929033 140.929422
114.929033 141.636843
114.929033 142.344265
114.929033 143.051687
114.929033 143.759108
114.929033 144.466530
114.929033 145.173952
114.929033 145.881373
114.929033 146.588795
114.929033 147.296217
114.929033 148.003638
114.929033 148.711060
114.929033 149.418482
114.929033 150.125903
114.929033 150.833325
114.929033 151.540746
114.929033 152.248168
114.929033 152.955590
114.929033 153.663011
114.929033 154.370433
114.929033 155.077855
115.636455 155.785276
115.636455 156.492698
115.636455 157.200120
115.636455 157.907541
115.636455 158.614963
115.636455 159.322385
115.636455 160.029806
116.343877 160.737228
116.343877 161.444650
115.636455 162.859493
115.636455 163.566915
114.929033 164.274336
114.929033 164.981758
114.221612 165.689180
113.514190 166.396601
112.806768 167.104023
112.099347 167.811445
111.391925 168.518866
110.684503 169.226288
109.977082 169.226288
109.269660 169.226288
108.562238 169.226288
107.147395 169.226288
106.439973 169.226288
105.732552 169.226288
105.025130 169.226288
104.317708 169.226288
103.610287 169.226288
102.195443 169.226288
101.488022 169.226288
100.780600 169.226288
100.073179 169.226288
99.365757 169.226288
98.658335 169.226288
97.243492 169.226288
96.536070 168.518866
95.828649 168.518866
95.121227 167.811445
94.413805 167.811445
92.998962 167.104023
92.291540 166.396601
91.584119 166.396601
90.876697 165.689180
90.169275 165.689180
89.461854 164.981758
88.047010 164.981758
87.339589 164.274336
86.632167 164.274336
85.924745 163.566915
85.217324 163.566915
83.802480 162.859493
83.095059 162.859493
82.387637 162.152071
81.680216 162.152071
80.972794 161.444650
79.557951 160.737228
78.850529 160.737228
78.143107 160.029806
77.435686 160.029806
76.728264 159.322385
76.020842 159.322385
75.313421 158.614963
74.605999 158.614963
73.898577 157.907541
72.483734 157.907541
71.776312 157.907541
71.068891 157.200120
70.361469 157.200120
69.654047 156.492698
68.946626 156.492698
68.239204 155.785276
67.531782 155.785276
66.824361 155.077855
66.116939 155.077855
65.409517 154.370433
64.702096 154.370433
63.994674 153.663011
63.287253 153.663011
62.579831 152.955590
61.872409 152.955590
61.164988 152.248168
60.457566 151.540746
59.750144 150.833325
59.042723 150.125903
59.042723 149.418482
58.335301 148.711060
57.627879 148.003638
56.920458 147.296217
56.213036 146.588795
55.505614 145.881373
55.505614 145.173952
54.798193 144.466530
54.090771 143.759108
54.090771 143.051687
53.383349 142.344265
53.383349 141.636843
52.675928 140.929422
52.675928 140.222000
51.968506 138.807157
51.968506 138.099735
51.261084 137.392313
51.261084 136.684892
50.553663 135.977470
50.553663 135.270048
49.846241 134.562627
49.846241 133.855205
49.138819 133.147783
48.431398 132.440362
48.431398 131.732940
48.431398 131.025519
48.431398 130.318097
47.723976 129.610675
47.723976 128.195832
47.723976 127.488410
47.723976 126.780989
47.723976 126.073567
47.723976 125.366145
47.016554 124.658724
47.016554 123.951302
47.016554 123.243880
47.016554 122.536459
47.016554 121.829037
47.016554 121.121615
47.016554 120.414194
46.309133 119.706772
46.309133 118.999350
46.309133 118.291929
46.309133 117.584507
46.309133 116.877085
46.309133 115.462242
46.309133 114.754820
46.309133 114.047399
46.309133 113.339977
47.016554 112.632556
47.016554 111.925134
47.016554 111.217712
47.016554 110.510291
47.016554 109.802869
47.016554 109.095447
47.723976 108.388026
47.723976 107.680604
47.723976 106.973182
47.723976 106.265761
47.723976 105.558339
47.723976 104.850917
48.431398 103.436074
48.431398 102.728652
48.431398 102.021231
48.431398 101.313809
48.431398 100.606387
48.431398 99.898966
49.138819 99.191544
49.138819 98.484122
49.138819 97.776701
49.138819 97.069279
49.138819 96.361857
49.138819 95.654436
49.846241 94.947014
49.846241 94.239593
49.846241 93.532171
49.846241 92.824749
49.846241 92.117328
50.553663 90.702484
51.261084 89.995063
51.261084 89.287641
51.968506 88.580219
52.675928 87.872798
53.383349 87.165376
54.090771 85.750533
54.798193 85.043111
54.798193 84.335689
55.505614 83.628268
56.213036 82.920846
56.920458 82.213424
57.627879 80.798581
57.627879 80.091159
58.335301 79.383738
59.042723 78.676316
59.750144 77.968894
60.457566 77.261473
60.457566 76.554051
61.164988 75.139208
61.872409 74.431786
62.579831 73.724365
63.287253 73.016943
63.994674 72.309521
63.994674 71.602100
64.702096 70.894678
66.116939 70.187256
66.824361 69.479835
67.531782 68.772413
68.239204 68.064991
68.946626 67.357570
69.654047 66.650148
70.361469 65.942726
71.068891 65.942726
71.776312 65.235305
72.483734 64.527883
73.898577 63.820461
74.605999 63.113040
75.313421 62.405618
76.020842 61.698196
76.728264 60.990775
77.435686 60.990775
78.143107 60.283353
78.850529 59.575931
79.557951 58.868510
80.265372 58.161088
81.680216 57.453667
82.387637 56.746245
83.095059 56.038823
83.802480 56.038823
84.509902 55.331402
85.217324 54.623980
85.924745 53.916558
86.632167 53.916558
87.339589 53.916558
88.047010 53.209137
88.754432 53.209137
89.461854 53.209137
90.169275 52.501715
90.876697 52.501715
91.584119 51.794293
92.291540 51.794293
92.998962 51.794293
93.706384 51.086872
94.413805 51.086872
95.121227 50.379450
95.828649 50.379450
96.536070 50.379450
97.950914 49.672028
98.658335 49.672028
99.365757 48.964607
100.073179 48.964607
100.780600 48.964607
101.488022 48.964607
102.195443 48.257185
102.902865 48.257185
103.610287 48.257185
104.317708 48.257185
105.732552 47.549763
106.439973 47.549763
107.147395 47.549763
107.854817 47.549763
108.562238 47.549763
109.269660 46.842342
109.977082 46.842342
111.391925 46.842342
112.099347 46.842342
112.806768 46.842342
113.514190 46.842342
114.221612 46.842342
114.929033 46.842342
116.343877 46.842342
117.051298 46.842342
117.758720 46.842342
118.466142 46.842342
119.173563 46.842342
119.880985 46.842342
121.295828 46.842342
122.003250 46.842342
122.710671 46.842342
123.418093 46.842342
124.125515 46.842342
125.540358 46.842342
126.247780 46.842342
126.955201 47.549763
127.662623 47.549763
128.370045 47.549763
129.077466 48.257185
129.784888 48.257185
130.492310 48.964607
131.199731 48.964607
131.907153 48.964607
132.614575 49.672028
134.029418 49.672028
134.736840 49.672028
135.444261 50.379450
136.151683 50.379450
136.859105 51.086872
137.566526 51.794293
138.273948 52.501715
138.981369 53.209137
139.688791 53.916558
140.396213 54.623980
141.103634 56.038823
141.811056 56.746245
142.518478 57.453667
143.225899 58.161088
143.933321 58.868510
144.640743 59.575931
145.348164 60.283353
145.348164 60.990775
146.055586 61.698196
146.763008 62.405618
146.763008 63.113040
147.470429 63.820461
147.470429 64.527883
148.177851 65.235305
148.177851 65.942726
148.885273 66.650148
148.885273 67.357570
