118.416736 107.063519
118.690603 107.063519
118.964469 107.337386
119.238336 107.337386
119.512202 107.337386
119.512202 107.611252
119.512202 107.885119
119.512202 108.432852
119.512202 108.706718
119.512202 109.254451
119.512202 109.528318
119.512202 110.076051
119.512202 110.623784
119.512202 110.897651
119.512202 111.445384
119.512202 111.719250
119.512202 112.266983
119.512202 112.540850
119.512202 113.088583
119.512202 113.636316
119.512202 113.910182
119.512202 114.457915
119.512202 114.731782
119.512202 115.279515
119.512202 115.553382
119.512202 116.101115
119.238336 116.374981
119.238336 116.648848
118.964469 116.922714
118.690603 117.196581
118.690603 117.470447
118.416736 117.744314
118.416736 118.018180
118.416736 117.744314
118.416736 118.018180
118.142870 118.292047
118.142870 118.565913
117.869003 118.839780
117.869003 119.113646
117.595136 119.387513
117.595136 119.661380
117.321270 119.935246
117.321270 120.209113
117.321270 120.482979
117.047403 120.756846
117.047403 121.030712
116.773537 121.304579
116.773537 121.578445
116.773537 121.852312
116.773537 122.126178
116.499670 122.400045
116.499670 122.673911
116.499670 122.947778
116.225804 123.221644
116.225804 123.495511
116.225804 123.769377
116.225804 124.043244
116.225804 124.317111
115.951937 124.590977
115.951937 124.864844
115.951937 125.138710
115.951937 125.412577
115.951937 125.686443
115.951937 125.960310
115.678071 126.234176
115.678071 126.508043
115.678071 126.781909
115.678071 127.055776
115.678071 127.329642
115.678071 127.603509
115.678071 127.877375
115.678071 128.151242
115.678071 128.425108
115.678071 128.698975
115.678071 128.972842
115.678071 129.246708
115.678071 129.520575
115.678071 129.794441
115.678071 130.068308
115.678071 130.342174
115.678071 130.616041
115.678071 130.889907
115.678071 131.163774
115.678071 131.437640
115.678071 131.711507
115.951937 131.985373
115.951937 132.259240
115.951937 132.533106
115.951937 132.806973
115.951937 133.080839
115.951937 133.354706
116.225804 133.628573
116.225804 133.902439
116.225804 134.176306
116.225804 134.450172
116.225804 134.724039
116.499670 134.997905
116.225804 135.271772
116.499670 135.545638
116.499670 135.819505
116.773537 135.819505
116.773537 136.093371
116.773537 136.367238
116.773537 136.641104
117.047403 136.914971
117.047403 137.188837
117.321270 137.462704
117.321270 137.736570
117.321270 138.010437
117.595136 138.284304
117.595136 138.558170
117.869003 138.832037
117.869003 139.105903
118.142870 139.379770
118.142870 139.653636
118.416736 139.927503
118.416736 140.201369
118.416736 140.475236
118.690603 140.749102
118.690603 141.022969
118.690603 141.570702
118.690603 141.844568
118.690603 142.392301
118.690603 142.940035
118.690603 143.213901
118.690603 143.761634
118.690603 144.035501
118.690603 144.583234
118.690603 145.130967
118.690603 145.404833
118.690603 145.952566
118.690603 146.226433
118.690603 146.774166
118.690603 147.048032
118.690603 147.595766
118.690603 148.143499
118.690603 148.417365
118.690603 148.965098
118.690603 149.238965
118.690603 149.786698
118.690603 150.060564
118.142870 150.334431
117.869003 150.882164
117.595136 151.156030
117.321270 151.429897
117.047403 151.703763
116.773537 151.977630
116.499670 152.251497
116.225804 152.525363
115.951937 152.799230
115.678071 153.073096
115.404204 153.346963
114.856471 153.620829
114.582605 154.168562
114.308738 154.442429
114.034872 154.716295
113.761005 154.990162
113.487139 155.264028
113.213272 155.264028
112.939405 155.264028
112.665539 155.537895
112.391672 155.537895
112.117806 155.537895
111.843939 155.811761
111.570073 155.811761
111.296206 155.811761
111.022340 155.811761
110.748473 156.085628
110.474607 156.085628
110.200740 156.085628
109.926874 156.359494
109.653007 156.359494
109.379141 156.359494
109.105274 156.633361
108.831408 156.633361
108.557541 156.633361
108.283674 156.633361
108.009808 156.633361
107.462075 156.633361
107.188208 156.633361
106.914342 156.359494
106.366609 156.359494
106.092742 156.085628
105.818876 156.085628
105.271143 156.085628
104.997276 155.811761
104.723410 155.811761
104.449543 155.537895
103.901810 155.537895
103.627943 155.537895
103.354077 155.264028
102.806344 155.264028
102.532477 154.990162
102.258611 154.990162
101.984744 154.990162
101.437011 154.716295
101.163145 154.716295
100.889278 154.442429
100.341545 154.442429
100.067679 154.442429
99.793812 154.168562
99.519946 154.168562
98.972212 153.894696
98.972212 153.620829
98.698346 153.346963
98.424479 153.073096
98.150613 152.799230
98.150613 152.525363
97.876746 152.251497
97.602880 151.977630
97.329013 151.703763
97.055147 151.156030
96.781280 150.882164
96.507414 150.608297
96.507414 150.334431
96.233547 149.786698
95.959681 149.512831
95.685814 149.238965
95.411948 148.691232
95.138081 148.417365
94.864214 148.143499
94.590348 147.869632
94.316481 147.321899
94.042615 147.048032
93.768748 146.774166
93.768748 146.500299
93.494882 145.952566
93.221015 145.678700
92.947149 145.404833
92.673282 144.857100
92.399416 144.583234
92.125549 144.309367
91.851683 144.035501
91.577816 143.487768
91.303950 143.213901
91.030083 142.940035
91.030083 142.666168
90.756217 142.118435
90.482350 141.844568
90.208483 141.570702
89.934617 141.022969
89.660750 140.749102
89.386884 140.475236
89.113017 140.201369
89.113017 139.927503
89.113017 139.653636
89.113017 139.379770
89.113017 139.105903
89.113017 138.832037
89.113017 138.558170
89.113017 138.284304
89.113017 137.736570
89.113017 137.462704
89.113017 137.188837
89.113017 136.914971
89.113017 136.641104
89.113017 136.367238
89.113017 136.093371
89.113017 135.819505
89.113017 135.545638
88.839151 135.271772
88.839151 134.997905
88.839151 134.724039
88.839151 134.450172
88.839151 134.176306
88.839151 133.902439
88.839151 133.628573
88.839151 133.354706
88.839151 133.080839
88.839151 132.806973
88.839151 132.533106
88.839151 132.259240
88.839151 131.985373
88.839151 131.711507
88.839151 131.437640
88.839151 131.163774
88.565284 130.889907
88.839151 130.342174
89.113017 130.068308
89.113017 129.794441
89.386884 129.520575
89.660750 128.972842
89.660750 128.698975
89.934617 128.425108
89.934617 128.151242
90.208483 127.603509
90.482350 127.329642
90.482350 127.055776
90.756217 126.508043
90.756217 126.234176
91.030083 125.960310
91.303950 125.686443
91.303950 125.138710
91.577816 124.864844
91.577816 124.590977
91.851683 124.317111
92.125549 123.769377
92.125549 123.495511
92.399416 123.221644
92.399416 122.673911
92.673282 122.400045
92.947149 122.126178
92.947149 121.852312
93.221015 121.304579
93.221015 121.030712
93.494882 120.756846
93.768748 120.482979
93.768748 119.935246
94.042615 119.661380
94.042615 119.387513
94.590348 119.113646
94.864214 118.839780
95.138081 118.565913
95.685814 118.292047
95.959681 118.018180
96.233547 117.744314
96.781280 117.470447
97.055147 117.196581
97.329013 116.922714
97.876746 116.648848
98.150613 116.374981
98.424479 116.101115
98.972212 115.827248
99.246079 115.553382
99.519946 115.279515
100.067679 115.005648
100.341545 114.731782
100.615412 114.457915
101.163145 114.184049
101.437011 113.910182
101.710878 113.636316
102.258611 113.362449
102.532477 113.088583
102.806344 112.814716
103.354077 112.540850
103.627943 112.266983
103.901810 111.993117
104.449543 111.993117
104.723410 111.719250
104.997276 111.445384
105.545009 111.171517
105.818876 110.897651
106.092742 110.623784
106.366609 110.349917
106.914342 110.076051
107.188208 110.076051
107.462075 109.802184
107.735941 109.528318
108.009808 109.528318
108.283674 109.254451
108.831408 109.254451
109.105274 108.980585
109.379141 108.706718
109.653007 108.706718
109.926874 108.432852
110.200740 108.432852
110.474607 108.158985
111.022340 107.885119
111.296206 107.885119
111.570073 107.611252
111.843939 107.611252
112.117806 107.337386
112.391672 107.063519
112.665539 107.063519
113.213272 106.789653
113.487139 106.789653
113.761005 106.515786
114.034872 106.241920
114.308738 106.241920
114.582605 105.968053
115.130338 105.694186
115.404204 105.694186
115.678071 105.694186
115.951937 105.968053
116.225804 105.968053
116.499670 106.241920
116.773537 106.241920
117.047403 106.515786
117.321270 106.515786
117.595136 106.789653
117.869003 106.789653
118.142870 106.789653
117.869003 106.789653
118.142870 106.789653
118.416736 107.063519
