116.834306 116.094101
116.834306 116.328000
116.600407 116.561899
116.600407 116.795797
116.600407 117.029696
116.366508 117.263594
116.366508 117.497493
116.366508 117.731392
116.366508 117.965290
116.132610 118.199189
116.132610 118.433088
116.132610 118.666986
116.132610 118.900885
115.898711 119.134784
115.898711 119.368682
115.898711 119.602581
115.898711 119.836479
115.898711 120.070378
115.664812 120.304277
115.664812 120.538175
115.664812 120.772074
115.664812 121.005973
115.664812 121.239871
115.664812 121.473770
115.664812 121.707669
115.430914 121.941567
115.430914 122.175466
115.430914 122.409364
115.430914 122.643263
115.430914 122.877162
115.430914 123.111060
115.430914 123.344959
115.430914 123.578858
115.430914 123.812756
115.430914 124.046655
115.430914 124.280554
115.430914 124.514452
115.430914 124.748351
115.430914 124.982249
115.430914 125.216148
115.430914 125.450047
115.430914 125.683945
115.430914 125.917844
115.430914 126.151743
115.430914 126.385641
115.430914 126.619540
115.430914 126.853439
115.430914 127.087337
115.430914 127.321236
115.430914 127.555134
115.430914 127.789033
115.430914 128.022932
115.430914 128.256830
115.430914 128.490729
115.430914 128.724628
115.430914 128.958526
115.430914 129.192425
115.430914 129.426324
115.430914 129.660222
115.430914 129.894121
115.430914 130.128020
115.430914 130.361918
115.430914 130.595817
115.430914 130.829715
115.430914 131.063614
115.430914 131.297513
115.430914 131.531411
115.430914 131.765310
115.430914 131.999209
115.430914 132.233107
115.430914 132.467006
115.430914 132.700905
115.430914 132.934803
115.664812 133.168702
115.664812 133.402600
115.664812 133.636499
115.664812 133.870398
115.664812 134.104296
115.664812 134.338195
115.664812 134.572094
115.664812 134.805992
115.898711 134.805992
115.898711 135.039891
115.898711 135.273790
115.898711 135.507688
115.898711 135.741587
115.898711 135.507688
115.898711 135.741587
116.132610 135.975485
116.132610 136.209384
116.132610 136.443283
116.132610 136.677181
116.132610 136.911080
116.366508 136.911080
116.132610 137.144979
116.366508 137.378877
116.366508 137.612776
116.366508 137.846675
116.600407 137.846675
116.600407 138.080573
116.600407 138.314472
116.834306 138.548370
116.600407 138.782269
116.834306 139.016168
116.834306 139.250066
117.068204 139.250066
117.068204 139.483965
117.068204 139.250066
117.068204 139.483965
117.068204 139.717864
117.302103 139.951762
117.302103 140.185661
117.302103 140.419560
117.536001 140.653458
117.536001 140.887357
117.536001 141.121255
117.769900 141.121255
117.769900 141.355154
118.003799 141.589053
118.003799 141.822951
118.237697 142.056850
118.237697 142.290749
118.237697 142.524647
118.471596 142.758546
118.705495 142.992445
118.705495 143.226343
118.939393 143.460242
118.939393 143.694141
118.939393 143.928039
119.173292 143.928039
119.173292 144.161938
119.407191 144.395836
119.407191 144.629735
119.641089 144.863634
119.874988 145.097532
119.874988 145.331431
119.874988 145.565330
120.108886 145.565330
120.342785 145.799228
120.342785 146.033127
120.576684 146.267026
120.576684 146.500924
120.810582 146.500924
120.810582 146.734823
121.044481 146.968721
121.278380 147.202620
121.278380 147.436519
121.512278 147.436519
121.512278 147.670417
121.746177 147.904316
121.746177 148.138215
121.980076 148.138215
121.980076 148.372113
122.213974 148.372113
122.213974 148.606012
122.447873 148.606012
122.447873 148.839911
122.681771 148.839911
122.915670 149.073809
122.915670 149.307708
123.149569 149.541606
123.149569 149.775505
123.383467 149.775505
123.383467 150.009404
123.617366 150.009404
123.851265 150.243302
124.085163 150.477201
123.851265 150.711100
123.851265 150.944998
123.617366 151.178897
123.383467 151.412796
123.149569 151.412796
122.915670 151.412796
122.681771 151.412796
122.447873 151.412796
122.213974 151.412796
121.980076 151.412796
121.746177 151.412796
121.512278 151.412796
121.278380 151.412796
121.044481 151.412796
120.810582 151.412796
120.576684 151.412796
120.342785 151.412796
120.108886 151.412796
119.874988 151.412796
119.641089 151.412796
119.407191 151.412796
119.173292 151.412796
118.939393 151.412796
118.705495 151.412796
118.471596 151.412796
118.237697 151.412796
118.003799 151.412796
117.769900 151.412796
117.536001 151.412796
117.302103 151.412796
117.068204 151.412796
116.834306 151.412796
116.600407 151.412796
116.366508 151.412796
116.132610 151.178897
115.898711 151.178897
115.664812 151.178897
115.430914 150.944998
115.197015 150.944998
114.963116 150.944998
114.729218 150.944998
114.495319 150.711100
114.261421 150.711100
114.027522 150.477201
113.793623 150.477201
113.559725 150.477201
113.091927 150.243302
112.858029 150.243302
112.624130 150.243302
112.390231 150.243302
112.156333 150.009404
111.922434 150.009404
111.688536 150.009404
111.454637 149.775505
111.220738 149.775505
110.986840 149.775505
110.752941 149.541606
110.519042 149.541606
110.285144 149.541606
110.051245 149.541606
109.817346 149.307708
109.583448 149.307708
109.349549 149.307708
109.115650 149.073809
108.881752 149.073809
108.647853 149.073809
108.413955 148.839911
108.180056 148.839911
107.946157 148.839911
107.712259 148.839911
107.478360 148.606012
107.244461 148.606012
107.010563 148.606012
106.776664 148.372113
106.542765 148.372113
106.308867 148.372113
106.074968 148.138215
105.841070 148.138215
105.607171 148.138215
105.373272 148.138215
105.373272 147.904316
105.139374 147.670417
104.905475 147.436519
104.671576 147.202620
104.671576 146.968721
104.671576 146.734823
104.437678 146.500924
104.203779 146.267026
103.969880 146.033127
103.735982 145.799228
103.735982 145.565330
103.735982 145.331431
103.502083 145.097532
103.268185 144.863634
103.034286 144.629735
103.034286 144.395836
103.034286 144.161938
102.800387 143.928039
102.566489 143.694141
102.332590 143.460242
102.332590 143.226343
102.332590 142.992445
102.098691 142.758546
101.864793 142.524647
101.630894 142.290749
101.630894 142.056850
101.630894 141.822951
101.396995 141.589053
101.163097 141.355154
100.929198 141.121255
100.695300 140.887357
100.695300 140.653458
100.695300 140.419560
100.695300 140.185661
100.695300 139.951762
100.461401 139.717864
100.461401 139.483965
100.461401 139.250066
100.461401 139.016168
100.461401 138.782269
100.227502 138.548370
100.227502 138.314472
100.227502 138.080573
100.227502 137.846675
100.227502 137.378877
99.993604 137.144979
99.993604 136.911080
99.993604 136.677181
99.993604 136.443283
99.759705 136.209384
99.759705 135.975485
99.759705 135.741587
99.759705 135.507688
99.759705 135.273790
99.759705 135.039891
99.759705 134.805992
99.759705 134.572094
99.759705 134.338195
99.525806 134.104296
99.525806 133.870398
99.525806 133.636499
99.525806 133.402600
99.525806 133.168702
99.291908 132.934803
99.291908 132.700905
99.291908 132.467006
99.291908 132.233107
99.525806 131.999209
99.759705 131.765310
99.759705 131.531411
99.993604 131.297513
99.993604 131.063614
99.993604 130.829715
100.227502 130.595817
100.461401 130.361918
100.461401 130.128020
100.695300 129.894121
100.929198 129.660222
100.929198 129.426324
100.929198 129.192425
101.163097 128.958526
101.396995 128.724628
101.396995 128.490729
101.630894 128.256830
101.864793 128.022932
101.864793 127.789033
101.864793 127.555134
102.098691 127.321236
102.332590 127.087337
102.332590 126.853439
102.566489 126.619540
102.800387 126.385641
102.800387 126.151743
103.034286 125.917844
103.034286 125.683945
103.268185 125.450047
103.502083 125.216148
103.735982 124.982249
103.969880 124.982249
104.203779 124.748351
104.437678 124.514452
104.671576 124.280554
104.671576 124.046655
104.905475 123.812756
105.139374 123.578858
105.373272 123.344959
105.607171 123.111060
105.841070 122.877162
106.074968 122.643263
106.308867 122.409364
106.308867 122.175466
106.542765 121.941567
106.776664 121.707669
107.010563 121.473770
107.244461 121.473770
107.478360 121.239871
107.712259 121.005973
107.946157 120.772074
107.946157 120.538175
108.180056 120.304277
108.413955 120.070378
108.647853 119.836479
108.881752 119.602581
109.115650 119.368682
109.349549 119.134784
109.583448 118.900885
109.817346 118.666986
110.051245 118.433088
110.285144 118.199189
110.519042 117.965290
110.752941 117.965290
110.986840 117.731392
111.220738 117.497493
111.220738 117.263594
111.454637 117.029696
111.688536 116.795797
111.922434 116.795797
112.156333 116.561899
112.390231 116.328000
112.624130 116.328000
112.858029 116.094101
113.091927 115.860203
113.325826 115.626304
113.559725 115.392405
113.793623 115.392405
114.027522 115.158507
114.261421 114.924608
114.495319 114.690709
114.729218 114.690709
114.963116 114.456811
115.197015 114.222912
115.430914 113.989013
115.664812 113.989013
115.898711 113.755115
116.132610 113.755115
116.366508 113.521216
116.600407 113.287318
116.834306 113.053419
117.068204 112.819520
117.302103 112.819520
117.536001 112.585622
117.769900 112.585622
118.003799 112.585622
118.237697 112.585622
118.237697 112.819520
118.003799 113.053419
118.003799 113.287318
117.769900 113.521216
117.769900 113.755115
117.536001 113.989013
117.536001 114.222912
117.302103 114.456811
117.302103 114.690709
117.302103 114.924608
117.068204 115.158507
117.068204 115.392405
117.068204 115.626304
116.834306 115.860203
116.834306 116.094101
