131.575464 81.741206
131.575464 82.248829
131.575464 82.756452
132.083087 83.264075
132.083087 83.771698
132.083087 84.279321
132.590710 84.786944
132.590710 85.294567
132.590710 85.802189
132.590710 86.309812
132.590710 86.817435
133.098333 87.325058
133.098333 87.832681
133.098333 88.340304
133.098333 88.847927
133.098333 89.355550
133.605956 89.863173
133.605956 90.370796
133.605956 90.878419
133.605956 91.386042
133.098333 91.386042
132.590710 91.893664
132.083087 91.893664
131.575464 92.401287
131.067841 92.401287
131.067841 92.908910
130.560219 92.908910
130.052596 93.416533
129.544973 93.416533
129.037350 93.924156
128.529727 93.924156
128.529727 94.431779
128.022104 94.431779
127.514481 94.939402
127.006858 95.447025
126.499235 95.447025
126.499235 95.954648
125.991612 95.954648
125.991612 96.462271
125.483989 96.462271
125.483989 96.969894
124.976366 96.969894
124.468744 97.477517
123.961121 97.985139
123.453498 97.985139
123.453498 98.492762
122.945875 99.000385
122.945875 99.508008
122.438252 100.015631
121.930629 100.523254
121.423006 101.030877
120.915383 101.538500
120.407760 102.046123
120.407760 102.553746
119.900137 103.061369
119.392514 103.568992
119.392514 104.076615
118.884891 104.584237
118.884891 105.091860
118.377269 105.599483
117.869646 106.107106
117.869646 106.614729
117.362023 107.122352
117.362023 107.629975
116.854400 108.137598
116.854400 108.645221
116.854400 109.152844
116.346777 109.660467
116.346777 110.168090
115.839154 110.675712
115.839154 111.183335
115.839154 111.690958
115.331531 112.198581
115.331531 112.706204
115.331531 113.213827
115.331531 113.721450
114.823908 114.229073
114.823908 114.736696
114.823908 115.244319
114.823908 115.751942
114.823908 116.259565
114.316285 116.767187
114.316285 117.274810
114.316285 117.782433
114.316285 118.290056
114.316285 118.797679
114.316285 119.305302
114.316285 119.812925
114.316285 120.320548
114.316285 120.828171
114.316285 121.335794
114.316285 121.843417
114.316285 122.351040
114.316285 122.858662
114.316285 123.366285
114.316285 123.873908
114.316285 124.381531
114.316285 124.889154
114.316285 125.396777
114.316285 125.904400
114.316285 126.412023
114.316285 126.919646
114.823908 127.427269
114.823908 127.934892
114.823908 128.442515
114.823908 128.950137
114.823908 129.457760
115.331531 129.965383
115.331531 130.473006
115.331531 130.980629
115.331531 131.488252
115.331531 131.995875
115.839154 131.995875
115.839154 132.503498
115.839154 133.011121
116.346777 133.518744
116.346777 134.026367
116.346777 134.533990
116.854400 134.533990
116.854400 135.041612
116.854400 135.549235
116.854400 136.056858
117.362023 136.056858
117.362023 136.564481
117.869646 137.072104
117.869646 137.579727
118.377269 138.087350
118.884891 138.594973
118.884891 139.102596
119.392514 139.610219
119.392514 140.117842
119.392514 140.625465
119.900137 140.625465
120.407760 141.133088
120.407760 141.640710
120.915383 142.148333
120.915383 142.655956
121.423006 142.655956
121.930629 143.163579
122.438252 143.671202
122.945875 144.178825
122.945875 144.686448
123.453498 145.194071
123.961121 145.701694
124.468744 146.209317
124.976366 146.716940
125.483989 146.716940
125.483989 147.224563
125.991612 147.224563
125.991612 147.732185
126.499235 147.732185
127.006858 148.239808
127.514481 148.747431
127.514481 149.255054
127.514481 149.762677
127.514481 150.270300
128.022104 150.270300
128.022104 150.777923
128.529727 151.285546
128.529727 151.793169
129.037350 152.300792
128.529727 152.808415
128.529727 153.823660
128.529727 154.838906
128.022104 155.346529
128.022104 156.361775
128.022104 156.869398
128.022104 157.884644
127.514481 158.392267
127.514481 159.407513
127.514481 159.915135
127.006858 160.422758
126.499235 160.930381
125.991612 161.438004
124.976366 161.438004
124.468744 161.945627
123.961121 162.453250
123.453498 162.960873
122.945875 163.468496
122.438252 163.468496
121.930629 163.976119
121.423006 163.976119
120.915383 163.468496
120.407760 163.468496
119.900137 163.468496
119.392514 162.960873
118.884891 162.960873
117.869646 162.453250
117.362023 162.453250
116.854400 162.453250
116.346777 161.945627
115.839154 161.945627
115.331531 161.945627
114.823908 161.438004
114.316285 161.438004
113.808662 161.438004
113.301039 160.930381
112.285794 160.930381
111.778171 160.930381
111.270548 160.422758
110.762925 160.422758
110.255302 159.915135
109.747679 159.915135
109.240056 159.915135
108.732433 159.407513
108.224810 159.407513
107.717187 159.407513
107.209564 158.899890
106.701941 158.899890
106.194318 158.899890
105.179073 158.392267
104.671450 158.392267
104.163827 158.392267
103.656204 157.884644
103.148581 157.884644
102.640958 157.377021
102.133335 157.377021
101.625712 157.377021
101.118089 156.869398
100.610466 156.869398
99.595221 156.361775
99.087598 156.361775
98.579975 155.854152
98.072352 155.346529
97.057106 155.346529
96.549483 154.838906
96.041860 154.331283
95.534237 154.331283
94.518991 153.823660
94.011368 153.823660
93.503746 153.316038
92.996123 152.808415
91.980877 152.808415
91.473254 152.300792
90.965631 151.793169
90.458008 151.793169
89.442762 151.285546
88.935139 150.777923
88.427516 150.777923
87.412271 150.270300
86.904648 149.762677
86.397025 149.762677
85.889402 149.255054
84.874156 148.747431
84.366533 148.747431
83.858910 148.239808
83.351287 147.732185
82.843664 147.224563
82.336041 146.716940
81.828418 146.716940
81.320796 146.209317
80.813173 145.701694
80.305550 145.194071
79.797927 144.686448
79.290304 144.178825
78.782681 143.671202
78.275058 143.671202
77.767435 143.163579
77.259812 142.655956
76.244566 142.148333
75.736943 141.640710
75.229321 141.133088
75.229321 140.625465
74.721698 140.117842
74.214075 139.610219
74.214075 139.102596
73.706452 138.594973
73.198829 138.087350
72.691206 137.579727
72.691206 136.564481
72.183583 136.056858
71.675960 135.549235
71.168337 135.041612
71.168337 134.533990
70.660714 134.026367
70.153091 133.518744
70.153091 133.011121
69.645468 132.503498
69.137845 131.995875
69.137845 131.488252
69.137845 130.980629
69.137845 129.965383
69.137845 129.457760
69.137845 128.950137
69.645468 128.442515
69.645468 127.934892
70.153091 127.427269
70.153091 126.412023
70.153091 125.904400
70.660714 125.396777
70.660714 124.381531
71.168337 123.873908
71.168337 123.366285
71.168337 122.858662
71.675960 121.843417
71.675960 121.335794
72.183583 120.828171
72.183583 120.320548
72.183583 119.305302
72.691206 118.797679
72.691206 118.290056
72.691206 117.274810
73.198829 116.767187
73.198829 116.259565
73.706452 115.751942
73.706452 114.736696
73.706452 114.229073
74.214075 113.721450
74.214075 113.213827
74.721698 112.198581
74.721698 111.690958
74.721698 111.183335
75.229321 110.168090
75.229321 109.660467
75.736943 109.152844
75.736943 108.645221
75.736943 107.629975
76.244566 107.122352
76.752189 106.614729
77.259812 106.107106
77.767435 105.599483
78.275058 104.584237
78.782681 104.076615
78.782681 103.568992
79.290304 103.061369
79.797927 102.553746
80.305550 101.538500
80.813173 101.030877
81.320796 100.523254
81.828418 100.015631
82.336041 99.000385
82.843664 98.492762
83.351287 97.985139
83.858910 97.477517
83.858910 96.969894
84.366533 95.954648
84.874156 95.447025
85.381779 94.939402
85.889402 94.431779
86.397025 93.416533
86.904648 92.908910
87.412271 92.401287
87.919893 91.893664
88.427516 91.386042
88.935139 90.878419
89.442762 90.878419
89.950385 90.370796
90.458008 89.863173
90.965631 89.355550
91.473254 89.355550
92.488500 88.847927
92.996123 88.340304
93.503746 87.832681
94.011368 87.832681
94.518991 87.325058
95.026614 86.817435
95.534237 86.817435
96.041860 86.309812
96.549483 85.802189
97.057106 85.294567
97.564729 85.294567
98.072352 84.786944
98.579975 84.279321
99.087598 83.771698
99.595221 83.771698
100.102843 83.264075
100.610466 82.756452
101.118089 82.756452
102.133335 82.248829
102.640958 82.248829
103.148581 81.741206
103.656204 81.741206
104.671450 81.741206
105.179073 81.233583
105.686696 81.233583
106.194318 80.725960
106.701941 80.725960
107.717187 80.725960
108.224810 80.218337
108.732433 80.218337
109.240056 80.218337
109.747679 79.710714
110.762925 79.710714
111.270548 79.203092
111.778171 79.203092
112.285794 79.203092
113.301039 78.695469
113.808662 78.695469
114.316285 78.187846
114.823908 78.187846
115.331531 78.187846
116.346777 77.680223
116.854400 77.680223
117.362023 77.680223
117.869646 77.680223
118.884891 77.680223
119.392514 77.680223
119.900137 77.680223
120.407760 77.680223
120.915383 77.680223
121.930629 77.680223
122.438252 77.680223
122.945875 77.680223
123.453498 77.680223
124.468744 77.680223
124.976366 77.680223
125.483989 77.680223
125.991612 77.680223
126.499235 77.680223
127.514481 77.680223
128.022104 78.187846
128.529727 78.695469
129.037350 78.695469
129.544973 79.203092
130.052596 79.710714
130.560219 80.218337
131.067841 80.218337
131.067841 80.725960
131.067841 81.233583
131.575464 81.741206
