149.293699 64.191178
149.293699 65.630452
148.574063 66.350089
148.574063 67.069726
147.854426 68.508999
147.854426 69.228636
147.134789 70.667910
147.134789 71.387547
146.415152 71.387547
145.695515 72.107184
144.975878 72.107184
144.256241 72.826821
143.536604 72.826821
142.816967 73.546458
142.097330 73.546458
141.377693 74.266095
140.658056 74.266095
139.938419 74.985732
139.218782 74.985732
139.218782 75.705369
138.499145 75.705369
138.499145 76.425006
137.779509 76.425006
137.059872 77.144643
136.340235 77.144643
135.620598 77.144643
135.620598 77.864280
134.900961 78.583917
134.181324 78.583917
134.181324 79.303553
133.461687 79.303553
132.742050 79.303553
132.742050 80.023190
132.022413 80.742827
131.302776 80.742827
131.302776 81.462464
130.583139 82.182101
129.863502 82.901738
129.143865 83.621375
128.424228 84.341012
127.704591 84.341012
127.704591 85.060649
127.704591 85.780286
126.984955 86.499923
126.265318 87.219560
125.545681 87.939197
125.545681 88.658834
124.826044 89.378471
124.826044 90.098107
124.106407 90.817744
124.106407 91.537381
123.386770 92.257018
123.386770 92.976655
122.667133 93.696292
122.667133 94.415929
121.947496 95.135566
121.947496 95.855203
121.227859 96.574840
121.227859 97.294477
121.227859 98.014114
120.508222 98.733751
120.508222 99.453388
120.508222 100.173025
119.788585 100.892661
119.788585 101.612298
119.788585 102.331935
119.788585 103.051572
119.788585 103.771209
119.068948 104.490846
119.068948 105.210483
119.068948 105.930120
119.068948 106.649757
119.068948 107.369394
118.349311 108.089031
118.349311 108.808668
118.349311 109.528305
118.349311 110.247942
118.349311 110.967579
118.349311 111.687215
118.349311 112.406852
118.349311 113.126489
117.629674 113.846126
117.629674 114.565763
117.629674 115.285400
116.910037 116.005037
116.910037 116.724674
116.910037 117.444311
116.910037 118.163948
116.910037 118.883585
116.190401 119.603222
116.190401 120.322859
116.190401 121.042496
116.190401 121.762132
116.190401 122.481769
116.190401 123.201406
116.190401 123.921043
116.190401 124.640680
116.190401 125.360317
116.190401 126.079954
116.190401 126.799591
116.190401 127.519228
116.190401 128.238865
116.190401 128.958502
116.190401 129.678139
116.190401 130.397776
116.190401 131.117413
116.190401 131.837050
116.190401 132.556686
116.190401 133.276323
116.190401 133.995960
116.190401 134.715597
116.190401 135.435234
116.190401 136.154871
116.190401 136.874508
116.190401 137.594145
116.190401 138.313782
116.190401 139.033419
116.190401 139.753056
116.910037 140.472693
116.910037 141.192330
116.910037 141.911967
116.910037 142.631604
116.910037 143.351240
116.910037 144.070877
116.910037 144.790514
116.910037 145.510151
116.910037 146.229788
116.910037 146.949425
116.910037 147.669062
116.910037 148.388699
116.910037 149.108336
116.910037 149.827973
116.910037 150.547610
116.910037 151.267247
116.910037 151.986884
116.910037 152.706521
116.910037 153.426158
116.910037 154.145794
116.910037 155.585068
116.190401 156.304705
116.190401 157.743979
115.470764 158.463616
115.470764 159.183253
114.751127 160.622527
114.751127 161.342164
114.031490 162.061801
113.311853 162.781438
112.592216 163.501075
111.872579 164.220712
111.152942 164.940348
110.433305 165.659985
109.713668 166.379622
108.994031 166.379622
107.554757 166.379622
106.835120 166.379622
106.115483 166.379622
105.395847 166.379622
104.676210 166.379622
103.956573 166.379622
103.236936 166.379622
102.517299 166.379622
101.797662 165.659985
100.358388 165.659985
99.638751 165.659985
98.919114 165.659985
98.199477 165.659985
97.479840 165.659985
96.760203 165.659985
96.040566 165.659985
95.320929 164.940348
94.601293 164.940348
93.162019 164.940348
92.442382 164.940348
91.722745 164.940348
91.003108 164.940348
90.283471 164.940348
89.563834 164.940348
88.844197 164.220712
88.124560 164.220712
87.404923 164.220712
86.685286 163.501075
85.965649 163.501075
84.526375 162.781438
83.806739 162.781438
83.087102 162.061801
82.367465 161.342164
81.647828 161.342164
80.928191 160.622527
79.488917 159.902890
78.769280 159.902890
78.049643 159.183253
77.330006 158.463616
76.610369 158.463616
75.171095 157.743979
74.451458 157.024342
73.731821 157.024342
73.012185 156.304705
72.292548 155.585068
71.572911 155.585068
70.133637 154.865431
69.414000 154.145794
68.694363 154.145794
67.974726 153.426158
67.255089 152.706521
66.535452 152.706521
65.096178 151.986884
64.376541 151.267247
63.656904 151.267247
62.937268 150.547610
62.217631 149.827973
60.778357 149.827973
60.058720 149.108336
59.339083 148.388699
58.619446 148.388699
57.899809 147.669062
57.180172 146.949425
56.460535 146.229788
56.460535 145.510151
55.740898 144.070877
55.740898 143.351240
55.021261 142.631604
55.021261 141.911967
54.301624 141.192330
54.301624 140.472693
53.581987 139.753056
53.581987 138.313782
52.862350 137.594145
52.862350 136.874508
52.142714 136.154871
52.142714 135.435234
51.423077 134.715597
51.423077 133.995960
50.703440 132.556686
50.703440 131.837050
49.983803 131.117413
49.983803 130.397776
49.983803 129.678139
49.264166 128.958502
49.264166 128.238865
49.264166 127.519228
49.264166 126.079954
48.544529 125.360317
48.544529 124.640680
48.544529 123.921043
48.544529 123.201406
47.824892 122.481769
47.824892 121.762132
47.824892 121.042496
47.824892 120.322859
47.105255 119.603222
47.105255 118.163948
47.105255 117.444311
47.105255 116.724674
46.385618 116.005037
46.385618 115.285400
46.385618 114.565763
46.385618 113.846126
45.665981 113.126489
45.665981 112.406852
45.665981 110.967579
45.665981 110.247942
45.665981 109.528305
45.665981 108.808668
46.385618 108.089031
46.385618 107.369394
46.385618 106.649757
46.385618 105.930120
47.105255 105.210483
47.105255 104.490846
47.105255 103.051572
47.105255 102.331935
47.824892 101.612298
47.824892 100.892661
47.824892 100.173025
47.824892 99.453388
48.544529 98.733751
48.544529 98.014114
48.544529 97.294477
48.544529 95.855203
49.264166 95.135566
49.264166 94.415929
49.264166 93.696292
49.264166 92.976655
49.983803 92.257018
49.983803 91.537381
49.983803 90.817744
50.703440 89.378471
51.423077 88.658834
52.142714 87.939197
52.142714 87.219560
52.862350 86.499923
53.581987 85.780286
53.581987 85.060649
54.301624 84.341012
55.021261 83.621375
55.021261 82.182101
55.740898 81.462464
56.460535 80.742827
56.460535 80.023190
57.180172 79.303553
57.899809 78.583917
57.899809 77.864280
58.619446 77.144643
59.339083 76.425006
60.058720 74.985732
60.058720 74.266095
60.778357 73.546458
61.497994 72.826821
62.217631 72.107184
62.937268 71.387547
63.656904 70.667910
64.376541 69.948273
65.096178 69.228636
65.815815 68.508999
67.255089 67.789363
67.974726 67.069726
68.694363 66.350089
69.414000 65.630452
70.133637 64.910815
70.853274 64.191178
71.572911 63.471541
72.292548 62.751904
73.012185 62.032267
74.451458 61.312630
75.171095 60.592993
75.890732 59.873356
76.610369 59.153719
77.330006 58.434082
78.049643 57.714445
78.769280 56.994809
79.488917 56.275172
80.208554 56.275172
81.647828 55.555535
82.367465 54.835898
83.087102 54.835898
83.806739 54.116261
84.526375 53.396624
85.246012 53.396624
85.965649 52.676987
87.404923 51.957350
88.124560 51.957350
88.844197 51.237713
89.563834 50.518076
90.283471 50.518076
91.003108 49.798439
91.722745 49.078802
92.442382 49.078802
93.881656 48.359165
94.601293 47.639528
95.320929 47.639528
96.040566 46.919891
96.760203 46.200255
97.479840 46.200255
98.199477 45.480618
99.638751 45.480618
100.358388 44.760981
101.078025 44.760981
101.797662 44.760981
102.517299 44.041344
103.236936 44.041344
104.676210 43.321707
105.395847 43.321707
106.115483 43.321707
106.835120 42.602070
107.554757 42.602070
108.274394 42.602070
108.994031 41.882433
110.433305 41.882433
111.152942 41.882433
111.872579 41.162796
112.592216 41.162796
113.311853 41.162796
114.031490 41.162796
115.470764 41.162796
116.190401 41.162796
116.910037 41.162796
117.629674 41.162796
118.349311 41.162796
119.788585 41.162796
120.508222 41.162796
121.227859 41.162796
121.947496 41.162796
122.667133 41.162796
124.106407 41.162796
124.826044 41.162796
125.545681 41.162796
126.265318 40.443159
126.984955 40.443159
127.704591 40.443159
129.143865 40.443159
129.863502 41.162796
130.583139 41.162796
131.302776 41.162796
132.022413 41.882433
132.742050 41.882433
133.461687 41.882433
134.181324 42.602070
134.900961 42.602070
136.340235 43.321707
137.059872 43.321707
137.779509 43.321707
138.499145 44.041344
139.218782 44.041344
139.938419 44.760981
140.658056 45.480618
141.377693 46.200255
142.097330 46.919891
142.816967 47.639528
143.536604 48.359165
143.536604 49.078802
144.256241 49.798439
144.975878 50.518076
144.975878 51.237713
145.695515 52.676987
145.695515 53.396624
145.695515 54.116261
145.695515 54.835898
146.415152 55.555535
146.415152 56.275172
146.415152 56.994809
147.134789 57.714445
147.134789 58.434082
147.854426 59.153719
147.854426 59.873356
148.574063 60.592993
148.574063 61.312630
149.293699 62.032267
149.293699 62.751904
150.013336 63.471541
150.013336 64.191178
149.293699 64.191178
