119.663661 94.373127
120.033757 94.743223
120.403854 94.743223
120.403854 95.113319
120.403854 95.483416
120.773950 95.853512
120.773950 96.223608
120.773950 96.593704
120.773950 96.963800
120.773950 97.333896
121.144046 97.703993
121.144046 98.074089
121.144046 98.444185
121.514142 98.814281
121.514142 99.184377
121.514142 99.554473
121.514142 99.924569
121.144046 99.924569
121.144046 100.294666
120.773950 100.664762
120.403854 100.664762
120.403854 101.034858
120.033757 101.404954
119.663661 101.775050
119.293565 102.145146
118.923469 102.515242
118.553373 102.885339
118.553373 103.255435
118.183277 103.625531
117.813181 103.995627
117.443084 104.365723
117.443084 104.735819
117.072988 105.105916
116.702892 105.476012
116.332796 105.846108
116.332796 106.216204
115.962700 106.586300
115.592604 106.956396
115.592604 107.326492
115.222507 107.696589
115.222507 108.066685
114.852411 108.436781
114.482315 108.806877
114.482315 109.176973
114.112219 109.547069
114.112219 109.917166
113.742123 110.287262
113.742123 110.657358
113.372027 111.027454
113.372027 111.397550
113.372027 111.767646
113.001931 112.137742
113.001931 112.507839
112.631834 112.877935
112.631834 113.248031
112.631834 113.618127
112.261738 113.988223
112.261738 114.358319
112.261738 114.728415
111.891642 115.098512
111.891642 115.468608
111.891642 115.838704
111.521546 116.208800
111.521546 116.578896
111.521546 116.948992
111.521546 117.319089
111.151450 117.689185
111.151450 118.059281
111.151450 118.429377
111.151450 118.799473
111.151450 119.169569
110.781354 119.539665
110.781354 119.909762
110.781354 120.279858
110.781354 120.649954
110.781354 121.020050
110.781354 121.390146
110.781354 121.760242
110.781354 122.130339
110.411257 122.500435
110.411257 122.870531
110.411257 123.240627
110.411257 123.610723
110.411257 123.980819
110.411257 124.350915
110.411257 124.721012
110.411257 125.091108
110.411257 125.461204
110.411257 125.831300
110.411257 126.201396
110.411257 126.571492
110.411257 126.941588
110.411257 127.311685
110.411257 127.681781
110.411257 128.051877
110.411257 128.421973
110.411257 128.792069
110.781354 129.162165
110.781354 129.532262
110.781354 129.902358
110.781354 130.272454
110.781354 130.642550
110.781354 131.012646
110.781354 131.382742
110.781354 131.752838
110.781354 132.122935
111.151450 132.122935
111.151450 132.493031
111.151450 132.863127
111.151450 133.233223
111.151450 133.603319
111.151450 133.973415
111.521546 133.973415
111.521546 134.343512
111.521546 134.713608
111.521546 135.083704
111.891642 135.453800
111.891642 135.823896
111.891642 136.193992
112.261738 136.564088
112.261738 136.934185
112.261738 137.304281
112.261738 137.674377
112.631834 137.674377
112.631834 138.044473
112.631834 138.414569
113.001931 138.784665
113.001931 139.154761
113.001931 139.524858
113.372027 139.524858
113.372027 139.894954
113.372027 140.265050
113.372027 140.635146
113.742123 140.635146
113.742123 141.005242
113.742123 141.375338
114.112219 141.375338
114.112219 141.745435
114.112219 142.115531
114.112219 142.485627
114.482315 142.485627
114.482315 142.855723
114.852411 143.225819
114.852411 143.595915
114.852411 143.966011
115.222507 143.966011
115.222507 144.336108
115.592604 144.706204
115.592604 145.076300
115.962700 145.446396
115.962700 145.816492
115.962700 146.186588
116.332796 146.186588
116.332796 146.556685
116.332796 146.926781
116.702892 146.926781
117.072988 147.296877
117.072988 147.666973
117.443084 148.037069
117.443084 148.407165
117.813181 148.777261
118.183277 149.147358
118.553373 149.517454
118.553373 149.887550
118.923469 150.257646
119.293565 150.627742
118.553373 150.997838
118.183277 151.367935
117.813181 151.367935
117.443084 151.738031
117.072988 152.108127
116.702892 152.478223
116.332796 152.478223
115.962700 152.848319
115.592604 153.218415
115.222507 153.218415
114.852411 153.588511
114.482315 153.958608
114.112219 154.328704
113.372027 154.328704
113.001931 154.698800
112.631834 155.068896
112.261738 155.068896
111.891642 155.068896
111.521546 155.068896
111.151450 155.438992
110.781354 155.438992
110.411257 155.438992
110.041161 155.438992
109.671065 155.438992
109.300969 155.438992
108.930873 155.438992
108.190681 155.438992
107.820584 155.438992
107.450488 155.438992
107.080392 155.438992
106.710296 155.438992
106.340200 155.809088
105.970104 155.809088
105.600008 155.809088
105.229911 155.809088
104.859815 155.809088
104.489719 155.809088
104.119623 155.809088
103.749527 155.809088
103.379431 155.809088
103.009334 155.438992
102.639238 155.068896
101.899046 155.068896
101.528950 154.698800
101.158854 154.328704
100.788758 153.958608
100.418661 153.588511
100.048565 153.218415
99.678469 153.218415
99.308373 152.848319
98.938277 152.478223
98.568181 152.108127
98.198084 151.738031
97.827988 151.367935
97.457892 151.367935
97.087796 150.997838
96.347604 150.627742
95.977508 150.257646
95.607411 149.887550
95.237315 149.517454
94.867219 149.517454
94.497123 149.147358
94.127027 148.777261
93.756931 148.407165
93.386835 148.037069
93.016738 147.666973
92.646642 147.666973
92.276546 147.296877
91.906450 147.296877
91.536354 146.926781
91.166258 146.556685
90.426065 146.556685
90.055969 146.186588
89.685873 145.816492
89.315777 145.816492
88.945681 145.446396
88.575585 145.076300
88.205488 144.706204
87.835392 144.706204
87.095200 144.336108
86.725104 143.966011
86.355008 143.966011
85.984911 143.595915
85.614815 143.225819
85.244719 142.855723
84.874623 142.855723
84.134431 142.485627
83.764335 142.115531
83.394238 141.745435
83.024142 141.745435
82.654046 141.375338
82.283950 141.005242
81.913854 140.635146
81.913854 140.265050
81.543758 139.894954
81.173662 139.524858
80.803565 139.154761
80.803565 138.784665
80.433469 138.414569
80.063373 138.044473
80.063373 137.674377
79.693277 137.304281
79.323181 136.564088
78.953085 136.193992
78.953085 135.823896
78.582988 135.453800
78.212892 135.083704
78.212892 134.713608
77.842796 134.343512
77.472700 133.973415
77.472700 133.603319
77.472700 133.233223
77.472700 132.863127
77.472700 132.493031
77.472700 132.122935
77.472700 131.382742
77.472700 131.012646
77.842796 130.642550
77.842796 130.272454
77.842796 129.902358
77.842796 129.532262
77.842796 128.792069
77.842796 128.421973
78.212892 128.051877
78.212892 127.681781
78.212892 127.311685
78.212892 126.571492
78.212892 126.201396
78.212892 125.831300
78.582988 125.461204
78.582988 125.091108
78.582988 124.350915
78.582988 123.980819
78.582988 123.610723
78.953085 123.240627
78.953085 122.870531
78.953085 122.130339
78.953085 121.760242
78.953085 121.390146
78.953085 121.020050
79.323181 120.649954
79.323181 119.909762
79.323181 119.539665
79.693277 119.169569
80.063373 118.799473
80.063373 118.429377
80.433469 118.059281
80.803565 117.689185
81.173662 117.319089
81.543758 116.948992
81.913854 116.578896
82.283950 116.208800
82.654046 115.838704
83.024142 115.098512
83.394238 114.728415
83.764335 114.358319
84.134431 113.988223
84.504527 113.618127
84.874623 112.877935
85.244719 112.507839
85.614815 112.137742
85.984911 111.767646
86.355008 111.397550
86.725104 110.657358
87.095200 110.287262
87.465296 109.917166
87.835392 109.547069
88.575585 109.176973
88.575585 108.806877
88.945681 108.436781
89.315777 108.066685
89.685873 107.696589
90.055969 107.696589
90.426065 107.326492
91.166258 106.956396
91.536354 106.586300
91.906450 106.586300
92.276546 106.216204
92.646642 105.846108
93.016738 105.846108
93.386835 105.476012
94.127027 105.105916
94.497123 105.105916
94.867219 104.735819
95.237315 104.365723
95.607411 104.365723
95.977508 103.995627
96.347604 103.625531
96.717700 103.625531
97.087796 103.255435
97.827988 102.885339
98.198084 102.885339
98.568181 102.515242
98.938277 102.145146
99.308373 102.145146
99.678469 101.775050
100.048565 101.404954
100.418661 101.404954
101.158854 101.034858
101.528950 100.664762
101.899046 100.664762
102.269142 100.294666
102.639238 99.924569
103.009334 99.924569
103.379431 99.554473
103.749527 99.184377
104.489719 98.814281
104.859815 98.814281
105.229911 98.444185
105.600008 98.444185
105.970104 98.074089
106.340200 97.703993
106.710296 97.703993
107.080392 97.333896
107.820584 96.963800
108.190681 96.963800
108.560777 96.593704
108.930873 96.593704
109.300969 96.223608
109.671065 95.853512
110.041161 95.853512
110.411257 95.483416
110.781354 95.113319
111.521546 95.113319
111.891642 94.743223
112.261738 94.743223
112.631834 94.373127
113.001931 94.003031
113.372027 94.003031
113.742123 93.632935
114.112219 93.262839
114.852411 93.262839
115.222507 93.262839
115.592604 93.262839
115.962700 93.632935
116.332796 93.632935
116.702892 93.632935
117.072988 94.003031
117.443084 94.003031
117.813181 94.003031
118.183277 94.373127
118.553373 94.373127
118.923469 94.373127
119.293565 94.373127
119.663661 94.373127
