128.025501 98.576940
127.590090 98.576940
127.590090 99.012352
127.154678 99.447763
127.154678 99.883175
126.719267 100.318586
126.719267 100.753997
126.283856 101.189409
126.283856 101.624820
125.848444 102.060232
125.848444 102.495643
125.848444 102.931055
125.413033 103.366466
124.977621 103.801877
124.542210 104.237289
124.106799 104.672700
124.106799 105.108112
123.671387 105.543523
123.235976 105.978934
122.800564 106.414346
122.365153 106.849757
122.365153 107.285169
121.929742 107.720580
121.494330 108.155991
121.494330 108.591403
121.058919 109.026814
121.058919 109.462226
120.623507 109.897637
120.623507 110.333048
120.188096 110.768460
120.188096 111.203871
119.752685 111.639283
119.752685 112.074694
119.317273 112.510105
119.317273 112.945517
118.881862 113.380928
118.881862 113.816340
118.881862 114.251751
118.446450 114.687162
118.446450 115.122574
118.446450 115.557985
118.011039 115.993397
118.011039 116.428808
118.011039 116.864219
117.575628 117.299631
117.575628 117.735042
117.575628 118.170454
117.575628 118.605865
117.575628 119.041276
117.140216 119.476688
117.140216 119.912099
117.140216 120.347511
117.140216 120.782922
117.140216 121.218333
117.140216 121.653745
117.140216 122.089156
117.140216 122.524568
117.140216 122.959979
117.140216 123.395391
117.140216 123.830802
117.140216 124.266213
117.140216 124.701625
117.140216 125.137036
117.140216 125.572448
117.140216 126.007859
117.140216 126.443270
117.140216 126.878682
117.140216 127.314093
117.140216 127.749505
117.140216 128.184916
117.140216 128.620327
117.140216 129.055739
117.140216 129.491150
117.140216 129.926562
117.575628 129.926562
117.575628 130.361973
117.575628 129.926562
117.575628 130.361973
117.575628 130.797384
117.575628 131.232796
117.575628 131.668207
118.011039 132.103619
118.011039 132.539030
118.011039 132.974441
118.011039 133.409853
118.446450 133.409853
118.446450 133.845264
118.446450 134.280676
118.446450 134.716087
118.881862 134.716087
118.881862 135.151498
118.881862 135.586910
118.881862 136.022321
119.317273 136.022321
119.317273 136.457733
119.317273 136.893144
119.752685 136.893144
119.752685 137.328555
119.752685 137.763967
120.188096 137.763967
120.188096 138.199378
120.623507 138.634790
120.623507 139.070201
121.058919 139.505612
121.058919 139.941024
121.494330 140.376435
121.494330 140.811847
121.929742 140.811847
121.929742 141.247258
122.365153 141.682669
122.800564 142.118081
122.800564 142.553492
123.235976 142.553492
123.235976 142.988904
123.671387 142.988904
123.671387 143.424315
124.106799 143.859727
124.542210 144.295138
124.977621 144.730549
125.413033 145.165961
125.848444 145.601372
126.283856 146.036784
126.719267 146.472195
127.154678 146.472195
127.590090 146.907606
128.025501 147.343018
128.460913 147.778429
128.896324 148.213841
128.896324 148.649252
129.331735 149.084663
129.331735 149.520075
129.331735 150.390898
129.331735 150.826309
129.331735 151.697132
129.767147 152.132543
129.767147 153.003366
129.767147 153.438777
129.767147 154.309600
129.767147 154.745012
129.767147 155.615834
129.767147 156.051246
129.331735 156.922069
128.896324 157.357480
128.025501 157.792891
127.590090 158.228303
127.154678 158.663714
126.719267 159.099126
126.283856 159.534537
125.848444 159.969948
125.413033 159.969948
124.977621 159.969948
124.542210 159.969948
124.106799 159.969948
123.671387 159.969948
123.235976 159.969948
122.800564 159.969948
122.365153 159.534537
121.929742 159.534537
121.058919 159.534537
120.623507 159.534537
120.188096 159.534537
119.752685 159.534537
119.317273 159.534537
118.881862 159.534537
118.446450 159.534537
118.011039 159.099126
117.575628 159.099126
117.140216 159.099126
116.704805 159.099126
116.269393 159.099126
115.833982 159.099126
115.398570 159.099126
114.963159 159.099126
114.092336 159.099126
113.656925 158.663714
113.221513 158.663714
112.786102 158.663714
112.350691 158.663714
111.915279 158.663714
111.479868 158.663714
111.044456 158.663714
110.609045 158.663714
110.173634 158.663714
109.738222 158.663714
109.302811 158.663714
108.867399 158.663714
108.431988 158.663714
107.996577 158.663714
107.561165 158.663714
107.125754 158.663714
106.690342 158.663714
106.254931 158.663714
105.819520 158.663714
104.948697 158.228303
104.513285 158.228303
104.077874 158.228303
103.642463 157.792891
103.207051 157.792891
102.771640 157.792891
102.336228 157.357480
101.900817 157.357480
101.465406 156.922069
101.029994 156.922069
100.594583 156.922069
100.159171 156.486657
99.723760 156.486657
99.288349 156.051246
98.852937 156.051246
98.417526 156.051246
97.982114 155.615834
97.546703 155.615834
97.111292 155.615834
96.675880 155.180423
96.240469 155.180423
95.805057 154.745012
95.369646 154.745012
94.934234 154.745012
94.498823 154.309600
94.063412 154.309600
93.628000 154.309600
93.192589 153.874189
92.757177 153.874189
92.321766 153.438777
91.886355 153.438777
91.450943 153.438777
91.015532 153.003366
90.144709 153.003366
89.709298 152.567955
89.273886 152.132543
88.838475 152.132543
88.403063 151.697132
87.967652 151.261720
87.532241 150.826309
86.661418 150.826309
86.226006 150.390898
85.790595 149.955486
85.355184 149.520075
84.919772 149.084663
84.484361 149.084663
84.048949 148.649252
83.178127 148.213841
82.742715 147.778429
82.307304 147.778429
81.871892 147.343018
81.436481 146.907606
81.001070 146.472195
80.565658 146.472195
80.130247 146.036784
80.130247 145.601372
79.694835 145.165961
79.259424 144.730549
79.259424 144.295138
78.824013 143.859727
78.824013 142.988904
78.388601 142.553492
78.388601 142.118081
77.953190 141.682669
77.517778 141.247258
77.517778 140.811847
77.082367 140.376435
77.082367 139.941024
76.646956 139.505612
76.646956 139.070201
76.211544 138.634790
76.211544 138.199378
75.776133 137.763967
75.340721 137.328555
75.340721 136.893144
74.905310 136.457733
74.905310 136.022321
74.469898 135.586910
74.469898 135.151498
74.469898 134.716087
74.905310 134.280676
74.905310 133.845264
74.905310 133.409853
75.340721 132.974441
75.340721 132.539030
75.776133 132.103619
75.776133 131.668207
75.776133 131.232796
76.211544 130.797384
76.211544 129.926562
76.646956 129.491150
76.646956 129.055739
77.082367 128.620327
77.082367 128.184916
77.082367 127.749505
77.517778 127.314093
77.517778 126.878682
77.953190 126.443270
77.953190 126.007859
77.953190 125.572448
78.388601 125.137036
78.388601 124.701625
78.824013 124.266213
78.824013 123.830802
79.259424 122.959979
79.259424 122.524568
79.259424 122.089156
79.694835 121.653745
79.694835 121.218333
80.130247 120.782922
80.130247 120.347511
80.130247 119.912099
80.565658 119.476688
81.001070 119.041276
81.436481 118.170454
81.871892 117.735042
81.871892 117.299631
82.307304 116.864219
82.742715 116.428808
83.178127 115.993397
83.613538 115.122574
84.048949 114.687162
84.048949 114.251751
84.484361 113.816340
84.919772 113.380928
85.355184 112.945517
85.790595 112.074694
85.790595 111.639283
86.226006 111.203871
86.661418 110.768460
87.096829 110.333048
87.532241 109.897637
87.532241 109.026814
87.967652 108.591403
88.403063 108.155991
88.838475 107.720580
89.273886 107.285169
89.709298 106.849757
89.709298 106.414346
90.144709 105.978934
90.580120 105.543523
91.015532 104.672700
91.450943 104.237289
91.886355 103.801877
92.321766 103.366466
92.757177 102.931055
93.192589 102.495643
93.628000 102.060232
94.063412 101.624820
94.498823 101.189409
94.498823 100.753997
94.934234 100.318586
95.369646 99.883175
95.805057 99.447763
96.240469 99.012352
97.111292 99.012352
97.546703 99.012352
97.982114 99.012352
98.852937 98.576940
99.288349 98.576940
99.723760 98.576940
100.594583 98.576940
101.029994 98.141529
101.465406 98.141529
101.900817 98.141529
102.771640 97.706118
103.207051 97.706118
103.642463 97.706118
104.513285 97.706118
104.948697 97.270706
105.384108 97.270706
106.254931 97.270706
106.690342 97.270706
107.125754 96.835295
107.561165 96.835295
108.431988 96.835295
108.867399 96.835295
109.302811 96.399883
110.173634 96.399883
110.609045 96.399883
111.044456 95.964472
111.479868 95.964472
112.350691 95.964472
112.786102 95.964472
113.221513 95.529061
114.092336 95.529061
114.527748 95.529061
114.963159 95.529061
115.398570 95.529061
115.833982 95.093649
116.269393 95.093649
116.704805 95.093649
117.140216 95.093649
117.575628 95.093649
118.446450 95.093649
118.881862 95.093649
119.317273 95.093649
119.752685 95.093649
120.188096 94.658238
120.623507 94.658238
121.058919 94.658238
121.494330 94.658238
121.929742 94.658238
122.365153 94.658238
122.800564 94.658238
123.235976 94.658238
123.671387 94.658238
124.106799 94.222826
124.542210 94.222826
124.977621 94.658238
125.413033 94.658238
125.848444 95.093649
126.283856 95.529061
126.719267 95.529061
127.154678 95.964472
127.590090 96.399883
128.025501 96.835295
128.460913 96.835295
128.460913 97.706118
128.025501 98.141529
128.025501 98.576940
