89.553899 69.708250
89.553899 70.318508
88.943641 70.318508
88.333384 70.928765
87.723126 71.539023
87.112868 72.149281
86.502611 72.759538
85.892353 72.759538
85.892353 73.369796
85.282095 74.590312
84.671838 75.200569
84.061580 75.810827
84.061580 76.421085
83.451322 77.031342
82.841064 77.641600
82.230807 78.251858
82.230807 78.862115
81.620549 79.472373
81.010291 80.082631
81.010291 80.692889
80.400034 81.303146
79.789776 82.523662
79.179518 83.133919
79.179518 83.744177
78.569261 84.354435
77.959003 84.964692
77.348745 85.574950
77.348745 86.185208
76.738487 86.795466
76.128230 87.405723
75.517972 88.015981
75.517972 88.626239
74.907714 89.846754
74.297457 90.457012
74.297457 91.067269
73.687199 91.677527
73.076941 92.287785
72.466684 92.898043
71.856426 93.508300
71.856426 94.118558
71.246168 94.728816
70.635910 95.949331
70.025653 96.559589
70.025653 97.169846
69.415395 97.780104
68.805137 98.390362
68.194880 99.610877
68.194880 100.221135
67.584622 100.831393
66.974364 101.441650
66.364107 102.051908
66.364107 103.272423
65.753849 103.882681
65.143591 104.492939
65.143591 105.103197
65.143591 105.713454
65.143591 106.323712
65.143591 106.933970
65.143591 107.544227
64.533333 108.154485
64.533333 109.375000
64.533333 109.985258
64.533333 110.595516
63.923076 111.205774
63.923076 111.816031
63.923076 112.426289
63.923076 113.036547
63.312818 113.646804
63.312818 114.867320
63.312818 115.477577
63.312818 116.087835
62.702560 116.698093
62.702560 117.308351
62.702560 117.918608
62.702560 118.528866
62.092303 119.139124
62.092303 120.359639
62.092303 120.969897
62.092303 121.580154
61.482045 122.190412
61.482045 122.800670
61.482045 123.410927
60.871787 124.021185
60.871787 124.631443
61.482045 125.241701
61.482045 125.851958
62.092303 126.462216
62.092303 127.682731
62.092303 128.292989
62.702560 128.903247
62.702560 129.513504
63.312818 130.123762
63.312818 130.734020
63.923076 131.954535
63.923076 132.564793
64.533333 133.175051
64.533333 133.785308
65.143591 134.395566
65.143591 135.616081
65.753849 136.226339
65.753849 136.836597
66.364107 137.446855
66.364107 138.057112
66.974364 139.277628
66.974364 139.887885
66.974364 140.498143
67.584622 141.108401
67.584622 141.718658
68.194880 142.939174
68.194880 143.549432
68.805137 144.159689
68.805137 144.769947
69.415395 145.380205
70.025653 145.990462
70.635910 146.600720
71.246168 147.210978
71.856426 147.821235
72.466684 148.431493
73.076941 149.041751
73.687199 149.652009
74.297457 150.262266
74.907714 150.262266
75.517972 150.262266
76.128230 150.872524
76.738487 150.872524
77.348745 150.872524
77.959003 150.872524
78.569261 151.482782
79.179518 151.482782
79.789776 151.482782
80.400034 151.482782
81.010291 151.482782
81.620549 152.093039
82.230807 152.093039
82.841064 152.093039
83.451322 152.093039
84.061580 152.093039
84.671838 152.093039
85.282095 152.093039
85.892353 152.093039
86.502611 152.093039
87.112868 152.703297
87.723126 152.703297
88.333384 152.703297
88.943641 152.703297
89.553899 152.703297
90.164157 152.703297
90.774415 152.703297
91.994930 152.703297
92.605188 152.703297
93.215445 152.703297
93.825703 152.703297
94.435961 153.313555
95.046218 153.313555
95.656476 153.313555
96.266734 153.313555
96.876992 153.313555
97.487249 153.313555
98.097507 153.313555
99.318022 153.313555
99.928280 152.703297
100.538538 152.093039
101.148795 152.093039
101.759053 151.482782
102.369311 151.482782
102.979569 150.872524
102.979569 150.262266
103.589826 150.262266
104.200084 150.262266
104.810342 149.652009
105.420599 149.652009
106.030857 149.041751
106.641115 149.041751
107.251372 148.431493
107.861630 148.431493
108.471888 147.821235
109.082146 147.210978
109.692403 146.600720
109.692403 145.990462
109.692403 145.380205
110.302661 144.769947
110.302661 144.159689
110.302661 142.939174
110.912919 142.328916
110.912919 141.718658
110.912919 141.108401
111.523176 140.498143
111.523176 139.277628
111.523176 138.667370
112.133434 138.057112
112.133434 137.446855
112.133434 136.836597
112.133434 136.226339
112.743692 135.616081
112.743692 135.005824
112.743692 134.395566
113.353949 133.785308
113.353949 133.175051
113.353949 131.954535
113.964207 131.344278
113.964207 130.734020
113.964207 130.123762
113.964207 129.513504
114.574465 128.903247
114.574465 128.292989
114.574465 127.682731
115.184723 127.072474
115.184723 126.462216
115.184723 125.851958
115.184723 125.241701
115.794980 124.021185
115.794980 123.410927
115.794980 122.800670
116.405238 122.190412
116.405238 121.580154
116.405238 120.969897
116.405238 120.359639
117.015496 119.749381
117.015496 119.139124
117.015496 118.528866
117.625753 117.918608
117.625753 116.698093
117.625753 116.087835
117.625753 115.477577
118.236011 114.867320
118.236011 114.257062
118.236011 113.646804
118.846269 113.036547
118.846269 112.426289
118.846269 111.816031
119.456526 111.205774
119.456526 110.595516
119.456526 109.985258
119.456526 108.764743
120.066784 108.154485
120.066784 107.544227
120.066784 106.933970
120.677042 106.323712
120.677042 105.713454
120.677042 105.103197
121.287299 104.492939
121.287299 103.272423
121.287299 102.662166
121.897557 102.051908
121.897557 101.441650
122.507815 100.831393
122.507815 100.221135
122.507815 99.000620
123.118073 98.390362
123.118073 97.780104
123.118073 97.169846
123.728330 96.559589
123.728330 95.949331
123.728330 94.728816
124.338588 94.118558
124.338588 93.508300
124.338588 92.898043
124.948846 92.287785
124.948846 91.677527
125.559103 91.067269
125.559103 89.846754
125.559103 89.236496
126.169361 88.626239
127.389876 88.015981
128.000134 87.405723
128.610392 86.795466
128.610392 86.185208
129.220650 85.574950
129.220650 84.964692
129.830907 84.964692
129.830907 84.354435
130.441165 83.744177
131.051423 83.133919
131.661680 82.523662
131.661680 81.913404
132.271938 81.913404
132.271938 81.303146
132.882196 80.692889
133.492453 80.082631
133.492453 79.472373
134.102711 79.472373
134.712969 78.862115
134.712969 78.251858
135.323227 78.251858
135.933484 77.641600
136.543742 77.031342
137.154000 76.421085
137.764257 76.421085
138.374515 75.810827
138.984773 75.200569
138.984773 74.590312
139.595030 74.590312
140.205288 73.980054
140.815546 73.980054
141.425804 73.369796
142.036061 72.759538
142.036061 72.149281
142.646319 71.539023
143.256577 70.928765
143.256577 70.318508
143.866834 69.708250
144.477092 69.097992
144.477092 68.487735
145.087350 67.877477
145.697607 67.267219
145.697607 66.656961
146.307865 66.046704
146.918123 65.436446
147.528381 64.826188
147.528381 64.215931
148.138638 63.605673
148.138638 62.995415
148.138638 62.385158
148.138638 61.164642
148.748896 60.554384
148.748896 59.944127
148.748896 59.333869
148.748896 58.723611
149.359154 58.113354
149.359154 57.503096
149.359154 56.282581
149.359154 55.672323
149.969411 55.062065
149.969411 54.451807
149.969411 53.841550
149.359154 53.231292
148.748896 53.231292
148.138638 52.621034
147.528381 52.621034
146.918123 52.010777
145.697607 52.010777
145.087350 51.400519
144.477092 50.790261
143.866834 50.790261
143.256577 50.180004
142.646319 50.180004
142.036061 50.180004
141.425804 50.180004
140.815546 49.569746
140.205288 49.569746
139.595030 49.569746
138.984773 49.569746
138.374515 49.569746
137.764257 49.569746
137.154000 49.569746
136.543742 48.959488
135.933484 48.959488
135.323227 48.959488
134.712969 48.959488
134.102711 48.959488
133.492453 48.959488
132.882196 48.349230
132.271938 48.349230
131.661680 48.349230
131.051423 48.349230
130.441165 48.349230
129.830907 48.349230
129.220650 48.349230
128.610392 47.738973
128.000134 47.738973
127.389876 47.738973
126.779619 48.349230
126.169361 48.349230
125.559103 48.349230
124.948846 48.349230
124.338588 48.349230
123.118073 48.959488
122.507815 48.959488
121.897557 48.959488
121.287299 48.959488
120.677042 48.959488
120.066784 49.569746
119.456526 49.569746
118.846269 49.569746
118.236011 49.569746
117.625753 50.180004
117.015496 50.180004
116.405238 50.180004
115.794980 50.790261
115.184723 51.400519
113.964207 52.010777
113.353949 52.621034
112.743692 52.621034
112.133434 53.231292
111.523176 53.841550
110.302661 54.451807
109.692403 55.062065
109.082146 55.672323
108.471888 55.672323
107.861630 56.282581
106.641115 56.892838
106.030857 57.503096
105.420599 58.113354
104.810342 58.113354
104.200084 58.723611
103.589826 59.333869
102.979569 59.333869
102.369311 59.944127
101.759053 60.554384
101.148795 60.554384
100.538538 61.164642
99.928280 61.774900
99.318022 61.774900
98.707765 62.385158
98.097507 62.995415
97.487249 62.995415
96.876992 63.605673
96.266734 64.215931
95.656476 64.215931
95.046218 64.826188
94.435961 65.436446
93.825703 65.436446
93.215445 66.046704
92.605188 66.046704
91.994930 66.656961
91.384672 67.267219
90.774415 67.877477
90.164157 68.487735
90.164157 69.097992
89.553899 69.708250
