122.532043 100.476992
122.177421 100.831614
121.822798 101.186237
121.468176 101.540860
121.113553 101.895482
121.113553 102.250105
120.758931 102.604727
120.404308 102.959350
120.049686 103.313972
120.049686 103.668595
119.695063 104.023217
119.340441 104.377840
119.340441 104.732462
118.985818 105.087085
118.631195 105.441707
118.631195 105.796330
118.276573 106.150953
118.276573 106.505575
117.921950 106.860198
117.921950 107.214820
117.567328 107.569443
117.212705 107.924065
117.212705 108.278688
117.212705 108.633310
116.858083 108.987933
116.858083 109.342555
116.503460 109.697178
116.503460 110.051801
116.148838 110.406423
116.148838 110.761046
115.794215 111.115668
115.794215 111.470291
115.794215 111.824913
115.439593 112.179536
115.439593 112.534158
115.439593 112.888781
115.084970 113.243403
115.084970 113.598026
115.084970 113.952648
115.084970 114.307271
114.730348 114.661894
114.730348 115.016516
114.730348 115.371139
114.730348 115.725761
114.375725 116.080384
114.375725 116.435006
114.375725 116.789629
114.375725 117.144251
114.021102 117.498874
114.021102 117.853496
114.021102 118.208119
114.021102 118.562741
114.021102 118.917364
114.021102 119.271987
114.021102 119.626609
114.021102 119.981232
113.666480 120.335854
113.666480 120.690477
113.666480 121.045099
113.666480 121.399722
113.666480 121.754344
113.666480 122.108967
113.666480 122.463589
113.666480 122.818212
113.666480 123.172835
113.666480 123.527457
113.666480 123.882080
113.666480 124.236702
113.666480 124.591325
113.666480 124.945947
113.666480 125.300570
113.666480 125.655192
113.666480 125.300570
113.666480 125.655192
113.666480 126.009815
113.666480 126.364437
113.666480 126.719060
113.666480 127.073682
113.666480 127.428305
113.666480 127.782928
114.021102 127.782928
114.021102 128.137550
114.021102 128.492173
114.021102 128.846795
114.021102 129.201418
114.021102 128.846795
114.021102 129.201418
114.021102 129.556040
114.021102 129.910663
114.021102 130.265285
114.375725 130.619908
114.021102 130.974530
114.375725 131.329153
114.375725 131.683775
114.375725 132.038398
114.730348 132.038398
114.730348 132.393021
114.730348 132.038398
114.730348 132.393021
114.730348 132.747643
114.730348 133.102266
115.084970 133.456888
114.730348 133.811511
115.084970 133.456888
115.084970 133.811511
115.084970 134.166133
115.084970 134.520756
115.084970 134.875378
115.439593 134.875378
115.439593 135.230001
115.439593 135.584623
115.439593 135.939246
115.794215 135.939246
115.794215 136.293868
115.794215 135.939246
115.794215 136.293868
115.794215 136.648491
115.794215 137.003114
116.148838 137.003114
116.148838 137.357736
116.148838 137.003114
116.148838 137.357736
116.148838 137.003114
116.148838 137.357736
116.148838 137.003114
116.148838 137.357736
116.503460 137.712359
116.503460 138.066981
116.858083 138.421604
116.858083 138.776226
117.212705 139.130849
117.212705 139.485471
117.212705 139.130849
117.212705 139.485471
117.212705 139.130849
117.212705 139.485471
117.212705 139.840094
117.567328 140.194716
117.567328 140.549339
117.921950 140.549339
117.921950 140.903962
117.921950 140.549339
117.921950 140.903962
118.276573 141.258584
118.276573 141.613207
118.276573 141.258584
118.276573 141.613207
118.631195 141.967829
118.631195 142.322452
118.985818 142.677074
118.985818 143.031697
119.340441 143.386319
119.695063 143.740942
119.695063 144.095564
120.049686 144.095564
120.049686 144.450187
120.049686 144.095564
120.049686 144.450187
120.049686 144.804809
120.404308 144.804809
120.758931 145.159432
120.758931 145.514055
121.113553 145.868677
121.468176 146.223300
121.822798 146.577922
122.177421 146.932545
122.532043 147.287167
122.532043 147.641790
122.886666 147.641790
123.241289 147.996412
123.595911 148.351035
123.950534 148.705657
124.305156 149.060280
124.659779 149.414902
125.014401 149.769525
125.369024 150.124148
125.723646 150.478770
126.078269 150.833393
126.432891 151.188015
126.078269 151.542638
125.723646 151.542638
125.369024 151.897260
125.014401 152.251883
124.659779 152.606505
124.305156 152.961128
123.950534 153.315750
123.595911 153.670373
123.241289 153.670373
122.886666 154.024995
122.532043 154.379618
122.177421 154.734241
121.822798 155.088863
121.468176 155.443486
120.758931 155.798108
120.404308 155.798108
120.049686 156.152731
119.695063 156.152731
119.340441 155.798108
118.985818 155.798108
118.631195 155.798108
117.921950 155.443486
117.567328 155.443486
117.212705 155.088863
116.858083 155.088863
116.503460 155.088863
115.794215 154.734241
115.439593 154.734241
115.084970 154.379618
114.730348 154.379618
114.021102 154.379618
113.666480 154.024995
113.311857 154.024995
112.957235 153.670373
112.602612 153.670373
111.893367 153.670373
111.538745 153.315750
111.184122 153.315750
110.829500 152.961128
110.474877 152.961128
109.765632 152.961128
109.411009 152.606505
109.056387 152.606505
108.701764 152.251883
107.992519 152.251883
107.637897 152.251883
107.283274 151.897260
106.928652 151.897260
106.574029 151.542638
105.864784 151.542638
105.510162 151.188015
105.155539 151.188015
104.800916 151.188015
104.091671 150.833393
103.737049 150.833393
103.382426 150.478770
103.027804 150.478770
102.673181 150.478770
101.963936 150.124148
101.609314 150.124148
101.254691 149.769525
100.900068 149.769525
100.545446 149.769525
99.836201 149.414902
99.481578 149.414902
99.126956 149.060280
98.772333 149.060280
98.063088 149.060280
97.708466 149.060280
97.353843 149.060280
96.999221 149.060280
96.289975 149.060280
95.935353 149.060280
95.580730 148.705657
95.226108 148.705657
94.516863 148.705657
94.162240 148.705657
93.807618 148.705657
93.452995 148.705657
92.743750 148.705657
92.389128 148.705657
92.034505 148.705657
91.679882 148.705657
90.970637 148.705657
90.616015 148.705657
90.261392 148.705657
89.906770 148.351035
89.552147 147.996412
89.197525 147.641790
88.842902 147.287167
88.488280 146.932545
88.133657 146.577922
88.133657 146.223300
87.779035 145.868677
87.424412 145.514055
87.069789 145.159432
86.715167 144.804809
86.360544 144.095564
86.005922 143.740942
86.005922 143.386319
85.651299 143.031697
85.296677 142.677074
84.942054 142.322452
84.587432 141.967829
84.232809 141.613207
83.878187 141.258584
83.878187 140.903962
83.878187 140.549339
83.878187 140.194716
83.878187 139.840094
83.878187 139.485471
83.878187 139.130849
83.878187 138.776226
83.878187 138.421604
83.878187 137.712359
83.878187 137.357736
83.878187 137.003114
83.878187 136.648491
83.878187 135.939246
83.878187 135.584623
83.878187 135.230001
83.878187 134.875378
83.878187 134.166133
83.878187 133.811511
83.878187 133.456888
83.878187 133.102266
84.232809 132.393021
84.232809 132.038398
84.232809 131.683775
84.232809 131.329153
84.232809 130.619908
84.232809 130.265285
84.232809 129.910663
84.232809 129.556040
84.232809 129.201418
84.587432 128.846795
84.587432 128.492173
84.587432 128.137550
84.942054 127.782928
84.942054 127.428305
85.296677 126.719060
85.296677 126.364437
85.651299 126.009815
85.651299 125.655192
86.005922 125.300570
86.005922 124.945947
86.360544 124.591325
86.360544 124.236702
86.715167 123.882080
86.715167 123.527457
87.069789 123.172835
87.069789 122.818212
87.424412 122.463589
87.424412 122.108967
87.779035 121.399722
87.779035 121.045099
88.133657 120.690477
88.133657 120.335854
88.488280 119.981232
88.488280 119.626609
88.842902 119.271987
88.842902 118.917364
89.197525 118.562741
89.197525 118.208119
89.552147 117.853496
89.552147 117.498874
89.906770 117.144251
89.906770 116.435006
90.261392 116.080384
90.261392 115.725761
90.616015 115.371139
90.970637 115.016516
90.970637 114.661894
91.325260 114.307271
91.325260 113.952648
91.679882 113.598026
92.034505 113.243403
92.389128 112.534158
92.389128 112.179536
92.743750 111.824913
93.098373 111.470291
93.452995 111.115668
93.807618 110.761046
94.162240 110.406423
94.516863 110.051801
94.871485 109.342555
94.871485 108.987933
95.226108 108.633310
95.580730 108.278688
95.935353 107.924065
96.289975 107.569443
96.644598 107.214820
96.999221 106.860198
97.353843 106.150953
97.353843 105.796330
97.708466 105.441707
98.063088 105.087085
98.417711 104.732462
98.772333 104.377840
99.126956 104.023217
99.481578 103.668595
99.836201 103.668595
100.190823 103.313972
100.545446 103.313972
100.900068 103.313972
101.254691 102.959350
101.609314 102.959350
101.963936 102.959350
102.673181 102.604727
103.027804 102.604727
103.382426 102.604727
103.737049 102.250105
104.091671 102.250105
104.446294 102.250105
104.800916 102.250105
105.155539 101.895482
105.510162 101.895482
105.864784 101.895482
106.219407 101.540860
106.574029 101.540860
106.928652 101.540860
107.283274 101.186237
107.637897 101.186237
107.992519 101.186237
108.347142 100.831614
109.056387 100.831614
109.411009 100.831614
109.765632 100.831614
110.120255 100.831614
110.829500 100.476992
111.184122 100.476992
111.538745 100.476992
111.893367 100.476992
112.602612 100.122369
112.957235 100.122369
113.311857 100.122369
113.666480 100.122369
114.375725 99.767747
114.730348 99.767747
115.084970 99.767747
115.794215 99.767747
116.148838 99.413124
116.503460 99.413124
116.858083 99.413124
117.567328 99.413124
117.921950 99.413124
118.276573 99.058502
118.631195 99.058502
119.340441 99.058502
119.695063 99.058502
120.049686 98.703879
120.404308 98.703879
121.113553 98.703879
121.468176 98.703879
121.822798 98.349257
122.177421 98.349257
122.532043 98.703879
122.886666 99.058502
123.241289 99.413124
123.595911 99.767747
123.241289 99.767747
122.886666 100.122369
122.532043 100.476992
