116.566107 110.403200
116.337076 110.632231
116.337076 111.090293
116.337076 111.548356
116.337076 111.777387
116.337076 112.235449
116.337076 112.464480
116.337076 112.922542
116.337076 113.151574
116.337076 113.609636
116.337076 114.067698
116.337076 114.296729
116.337076 114.754791
116.337076 114.983822
116.108045 115.212854
116.108045 115.441885
116.108045 115.670916
116.337076 115.670916
116.337076 116.128978
116.108045 115.899947
115.879014 115.899947
115.649983 116.128978
115.420952 116.358009
115.420952 116.587040
115.191921 116.816071
115.191921 117.045103
114.962889 117.274134
114.962889 117.503165
114.733858 117.732196
114.733858 117.961227
114.504827 118.190258
114.504827 118.419289
114.504827 118.648320
114.275796 118.877352
114.275796 119.106383
114.046765 119.335414
114.046765 119.564445
114.046765 119.793476
113.817734 120.022507
113.817734 120.251538
113.817734 120.480569
113.588703 120.709601
113.588703 120.938632
113.588703 121.167663
113.359672 121.396694
113.359672 121.625725
113.359672 121.854756
113.130640 122.083787
113.130640 122.312818
113.130640 122.541849
113.130640 122.770881
112.901609 122.999912
112.901609 123.228943
112.901609 123.457974
112.901609 123.687005
112.672578 123.916036
112.672578 124.145067
112.672578 124.374098
112.672578 124.603130
112.672578 124.832161
112.443547 125.061192
112.443547 125.290223
112.443547 125.519254
112.443547 125.748285
112.443547 125.977316
112.443547 126.206347
112.443547 126.435379
112.214516 126.664410
112.214516 126.893441
112.214516 126.664410
112.214516 126.893441
112.214516 127.122472
112.214516 127.351503
112.214516 127.580534
112.214516 127.809565
112.214516 128.038596
112.214516 128.267627
112.214516 128.496659
112.214516 128.725690
112.214516 128.954721
112.214516 129.183752
112.214516 129.412783
112.214516 129.641814
112.214516 129.870845
112.214516 130.099876
112.214516 130.328908
112.214516 130.557939
112.214516 130.786970
112.214516 131.016001
112.214516 131.245032
112.214516 131.474063
112.214516 131.703094
112.214516 131.932125
112.214516 132.161157
112.214516 132.390188
112.214516 132.619219
112.214516 132.848250
112.443547 132.848250
112.443547 133.077281
112.443547 133.306312
112.443547 133.535343
112.443547 133.306312
112.443547 133.535343
112.443547 133.306312
112.443547 133.535343
112.443547 133.764374
112.443547 133.993406
112.443547 134.222437
112.443547 133.993406
112.443547 134.222437
112.443547 133.993406
112.443547 134.222437
112.443547 133.993406
112.443547 134.222437
112.672578 134.451468
112.672578 134.680499
112.672578 134.451468
112.672578 134.680499
112.672578 134.909530
112.672578 135.138561
112.672578 134.909530
112.672578 135.138561
112.672578 135.367592
112.672578 135.138561
112.672578 135.367592
112.901609 135.596623
112.901609 135.825654
112.901609 136.054686
112.901609 136.283717
112.901609 136.512748
113.130640 136.512748
113.130640 136.741779
113.130640 136.970810
113.130640 137.199841
113.130640 136.970810
113.130640 137.199841
113.130640 136.970810
113.130640 137.199841
113.130640 136.970810
113.130640 137.199841
113.359672 137.428872
113.359672 137.657903
113.359672 137.886935
113.359672 137.657903
113.359672 137.886935
113.588703 138.115966
113.588703 138.344997
113.588703 138.574028
113.588703 138.803059
113.817734 138.803059
113.817734 139.032090
113.817734 139.261121
114.046765 139.490152
114.046765 139.719184
114.046765 139.948215
114.046765 140.177246
114.275796 140.177246
114.275796 140.406277
114.504827 140.635308
114.504827 140.864339
114.504827 141.093370
114.504827 141.322401
114.733858 141.322401
114.733858 141.551432
114.962889 141.780464
114.962889 142.009495
115.191921 142.238526
115.191921 142.467557
115.191921 142.238526
115.191921 142.467557
115.420952 142.696588
115.420952 142.925619
115.649983 143.154650
115.879014 143.383681
115.879014 143.841744
115.879014 144.070775
115.879014 144.528837
115.879014 144.757868
115.879014 145.215930
115.879014 145.673993
115.879014 145.903024
115.879014 146.361086
115.649983 146.590117
115.420952 146.819148
115.191921 147.048179
115.191921 147.277210
114.962889 147.506242
114.733858 147.735273
114.733858 147.964304
114.504827 148.193335
114.275796 148.651397
114.046765 148.880428
114.046765 149.109459
113.817734 149.338491
113.588703 149.567522
113.359672 149.796553
113.359672 150.025584
113.130640 150.254615
112.901609 150.483646
112.901609 150.712677
112.672578 150.941708
112.443547 151.170740
112.214516 151.399771
111.985485 151.399771
111.756454 151.399771
111.527423 151.399771
111.298392 151.628802
111.069360 151.628802
110.840329 151.628802
110.382267 151.628802
110.153236 151.857833
109.924205 151.857833
109.695174 151.857833
109.466143 151.857833
109.237111 152.086864
109.008080 152.086864
108.779049 152.086864
108.550018 152.086864
108.320987 152.315895
108.091956 152.315895
107.862925 152.315895
107.404862 152.315895
107.175831 152.086864
106.946800 152.086864
106.717769 151.857833
106.259707 151.628802
106.030676 151.399771
105.801645 151.170740
105.572614 150.941708
105.114551 150.712677
104.885520 150.483646
104.656489 150.483646
104.427458 150.254615
103.969396 150.025584
103.740365 149.796553
103.511333 149.567522
103.282302 149.338491
102.824240 149.109459
102.595209 149.109459
102.366178 148.880428
102.137147 148.651397
101.679084 148.422366
101.450053 148.193335
101.221022 147.964304
100.991991 147.735273
100.533929 147.506242
100.304898 147.506242
100.075867 147.048179
99.846835 146.819148
99.846835 146.590117
99.617804 146.361086
99.388773 146.132055
99.159742 145.903024
98.930711 145.673993
98.930711 145.444962
98.701680 145.215930
98.472649 144.986899
98.472649 144.757868
98.472649 144.299806
98.243618 144.070775
98.243618 143.841744
98.014587 143.612713
98.014587 143.383681
98.014587 143.154650
97.785555 142.696588
97.785555 142.467557
97.785555 142.238526
97.556524 142.009495
97.556524 141.780464
97.327493 141.551432
97.327493 141.322401
97.327493 140.864339
97.098462 140.635308
97.098462 140.406277
96.869431 140.177246
96.869431 139.948215
96.869431 139.719184
96.640400 139.261121
96.640400 139.032090
96.640400 138.803059
96.411369 138.574028
96.411369 138.344997
96.182338 138.115966
96.182338 137.657903
96.182338 137.428872
95.953306 137.199841
95.953306 136.970810
95.724275 136.741779
95.724275 136.512748
95.724275 136.283717
95.495244 135.825654
95.495244 135.596623
95.266213 135.367592
95.266213 135.138561
95.266213 134.909530
95.037182 134.680499
95.037182 134.222437
95.037182 133.993406
94.808151 133.764374
94.808151 133.535343
94.579120 133.306312
94.579120 133.077281
94.579120 132.619219
94.350089 132.390188
94.350089 132.161157
94.121057 131.932125
94.350089 131.703094
94.579120 131.474063
94.579120 131.245032
94.808151 131.016001
94.808151 130.786970
95.037182 130.328908
95.266213 130.099876
95.266213 129.870845
95.495244 129.641814
95.495244 129.412783
95.724275 129.183752
95.724275 128.954721
95.953306 128.725690
96.182338 128.496659
96.182338 128.267627
96.411369 128.038596
96.411369 127.580534
96.640400 127.351503
96.640400 127.122472
96.869431 126.893441
97.098462 126.664410
97.098462 126.435379
97.327493 126.206347
97.327493 125.977316
97.556524 125.748285
97.785555 125.519254
97.785555 125.290223
98.014587 125.061192
98.014587 124.603130
98.243618 124.374098
98.243618 124.145067
98.472649 123.916036
98.701680 123.687005
98.701680 123.457974
98.930711 123.228943
99.159742 122.999912
99.388773 122.770881
99.388773 122.541849
99.617804 122.312818
99.846835 122.083787
100.075867 121.854756
100.304898 121.625725
100.533929 121.396694
100.762960 121.167663
100.991991 120.938632
101.221022 120.709601
101.450053 120.480569
101.679084 120.251538
101.908116 120.022507
102.137147 119.793476
102.366178 119.793476
102.824240 119.564445
103.053271 119.335414
103.282302 119.106383
103.511333 118.877352
103.740365 118.648320
103.969396 118.419289
104.198427 118.190258
104.427458 118.190258
104.656489 117.961227
104.885520 117.732196
105.114551 117.503165
105.343582 117.274134
105.801645 117.045103
106.030676 116.816071
106.259707 116.816071
106.488738 116.587040
106.717769 116.358009
106.946800 116.128978
107.175831 115.899947
107.404862 115.670916
107.633894 115.441885
107.862925 115.212854
108.091956 115.212854
108.550018 114.983822
108.779049 114.754791
109.008080 114.296729
109.237111 114.067698
109.466143 113.838667
109.695174 113.609636
109.924205 113.380605
110.153236 112.922542
110.382267 112.693511
110.611298 112.464480
110.840329 112.235449
111.298392 112.006418
111.527423 111.548356
111.756454 111.319325
111.985485 111.090293
112.214516 110.861262
112.443547 110.632231
112.443547 110.403200
112.672578 110.403200
112.901609 110.403200
112.672578 110.403200
112.901609 110.403200
113.130640 110.403200
113.359672 110.403200
113.588703 110.403200
113.817734 110.403200
114.046765 110.632231
114.275796 110.632231
114.046765 110.632231
114.275796 110.632231
114.504827 110.632231
114.733858 110.632231
114.962889 110.632231
115.191921 110.632231
115.420952 110.632231
115.191921 110.632231
115.420952 110.632231
115.649983 110.632231
115.420952 110.632231
115.191921 110.632231
115.420952 110.632231
115.649983 110.632231
115.879014 110.632231
116.108045 110.632231
116.337076 110.632231
116.108045 110.632231
116.337076 110.632231
116.108045 110.632231
116.337076 110.632231
116.108045 110.632231
116.337076 110.632231
116.566107 110.632231
116.566107 110.403200
116.795138 110.632231
117.024170 110.403200
117.253201 110.403200
117.024170 110.403200
117.253201 110.403200
117.024170 110.403200
116.795138 110.403200
117.024170 110.403200
116.566107 110.403200
