130.934562 83.084283
130.934562 83.558970
131.409249 83.558970
131.883935 84.033656
131.883935 84.508343
131.409249 84.508343
130.934562 84.508343
130.934562 84.983029
130.459876 85.457716
129.985189 85.457716
129.510503 85.932402
129.035817 86.407089
128.561130 86.407089
128.086444 86.881775
127.611757 86.881775
127.611757 87.356461
127.137071 87.356461
126.662384 87.831148
126.187698 88.305834
125.713011 88.305834
125.713011 88.780521
125.238325 89.255207
124.763638 89.255207
124.763638 89.729894
124.288952 89.729894
123.814266 90.204580
123.339579 90.679267
122.864893 91.153953
122.390206 91.628640
121.915520 92.103326
121.440833 92.578012
120.966147 93.052699
120.966147 93.527385
120.491460 94.002072
120.016774 94.476758
119.542087 94.951445
119.067401 95.426131
118.592714 95.900818
118.592714 96.375504
118.118028 96.850191
117.643342 97.324877
117.643342 97.799563
117.168655 98.274250
116.693969 98.748936
116.693969 99.223623
116.219282 99.698309
115.744596 100.172996
115.744596 100.647682
115.269909 101.122369
115.269909 101.597055
114.795223 102.071742
114.795223 102.546428
114.320536 103.021115
114.320536 103.495801
113.845850 103.970487
113.845850 104.445174
113.371163 104.919860
113.371163 105.394547
112.896477 105.869233
112.896477 106.343920
112.896477 106.818606
112.421791 107.293293
112.421791 107.767979
112.421791 108.242666
111.947104 108.717352
111.947104 109.192038
111.947104 109.666725
111.472418 110.141411
111.472418 110.616098
111.472418 111.090784
111.472418 111.565471
110.997731 112.040157
110.997731 112.514844
110.997731 112.989530
110.523045 113.464217
110.523045 113.938903
110.523045 114.413589
110.523045 114.888276
110.048358 115.362962
110.048358 115.837649
110.048358 116.312335
110.048358 116.787022
109.573672 117.261708
109.573672 117.736395
109.573672 118.211081
109.573672 118.685768
109.573672 119.160454
109.573672 119.635141
109.573672 120.109827
109.098985 120.584513
109.098985 121.059200
109.098985 121.533886
109.098985 122.008573
109.098985 122.483259
109.098985 122.957946
109.098985 123.432632
109.098985 123.907319
109.098985 124.382005
109.098985 124.856692
109.098985 125.331378
109.098985 125.806064
109.098985 126.280751
109.098985 126.755437
109.098985 127.230124
109.098985 127.704810
109.098985 128.179497
109.098985 128.654183
109.098985 129.128870
109.098985 129.603556
109.098985 130.078243
109.573672 130.552929
109.573672 131.027615
109.573672 131.502302
109.573672 131.976988
109.573672 132.451675
109.573672 132.926361
109.573672 133.401048
110.048358 133.875734
110.048358 134.350421
110.048358 134.825107
110.048358 135.299794
110.523045 135.774480
110.523045 136.249167
110.523045 136.723853
110.523045 137.198539
110.997731 137.673226
110.997731 138.147912
110.997731 138.622599
111.472418 139.097285
111.472418 139.571972
111.472418 140.046658
111.947104 140.521345
111.947104 140.996031
111.947104 141.470718
111.947104 141.945404
112.421791 141.945404
112.421791 142.420090
112.421791 142.894777
112.896477 142.894777
112.896477 143.369463
112.896477 143.844150
113.371163 143.844150
113.371163 144.318836
113.845850 144.793523
113.845850 145.268209
114.320536 145.742896
114.320536 146.217582
114.795223 146.692269
114.795223 147.166955
115.269909 147.641641
115.269909 148.116328
115.744596 148.116328
115.744596 148.591014
116.219282 149.065701
116.693969 149.540387
116.693969 150.015074
116.693969 150.489760
117.168655 150.489760
117.168655 150.964447
117.643342 150.964447
117.643342 151.439133
118.118028 151.913820
118.118028 152.388506
118.592714 152.388506
119.067401 152.863193
119.542087 153.337879
119.542087 153.812565
120.016774 153.812565
120.016774 154.287252
120.491460 154.761938
120.966147 155.236625
120.966147 155.711311
121.440833 155.711311
121.915520 156.185998
122.390206 156.660684
122.864893 157.135371
123.339579 157.610057
122.864893 157.610057
122.390206 157.610057
121.915520 158.084744
121.440833 158.084744
120.966147 158.084744
120.016774 158.559430
119.542087 158.559430
119.067401 158.559430
118.592714 158.559430
118.118028 159.034116
117.643342 159.034116
116.693969 159.034116
116.219282 159.508803
115.744596 159.508803
115.269909 159.508803
114.795223 159.508803
114.320536 159.983489
113.371163 159.983489
112.896477 159.983489
112.421791 159.983489
111.947104 159.983489
111.472418 159.983489
110.997731 159.983489
110.523045 159.983489
110.048358 159.983489
109.573672 159.983489
109.098985 159.983489
108.149612 159.508803
107.674926 159.508803
107.200240 159.508803
106.725553 159.034116
106.250867 159.034116
105.776180 159.034116
105.301494 159.034116
104.826807 158.559430
104.352121 158.559430
103.877434 158.559430
103.402748 158.084744
102.928061 158.084744
101.978688 158.084744
101.504002 158.084744
101.029316 157.610057
100.554629 157.610057
100.079943 157.610057
99.605256 157.610057
99.130570 157.135371
98.655883 157.135371
98.181197 157.135371
97.706510 156.660684
97.231824 156.660684
96.757137 156.660684
95.807765 156.660684
95.333078 156.185998
94.858392 156.185998
94.383705 156.185998
93.909019 155.711311
93.434332 155.711311
92.959646 155.711311
92.484959 155.236625
92.010273 154.761938
91.535586 154.287252
91.060900 153.812565
90.586214 153.812565
89.636841 153.337879
89.162154 152.863193
88.687468 152.388506
88.212781 151.913820
87.738095 151.913820
87.263408 151.439133
86.788722 150.964447
86.314035 150.489760
85.839349 150.015074
85.364662 150.015074
84.889976 149.540387
84.415290 149.065701
83.465917 148.591014
82.991230 148.116328
82.516544 148.116328
82.041857 147.641641
81.567171 147.166955
81.092484 146.692269
80.617798 146.217582
80.143111 146.217582
79.668425 145.742896
79.193739 145.268209
78.719052 144.793523
78.244366 144.318836
77.294993 144.318836
76.820306 143.844150
76.345620 143.369463
75.870933 142.894777
75.396247 142.420090
75.396247 141.945404
74.921560 141.470718
74.446874 140.996031
74.446874 140.521345
74.446874 140.046658
74.446874 139.571972
73.972188 139.097285
73.972188 138.622599
73.972188 138.147912
73.972188 137.673226
73.972188 136.723853
73.972188 136.249167
73.972188 135.774480
73.972188 135.299794
73.972188 134.825107
73.972188 134.350421
73.497501 133.875734
73.497501 133.401048
73.497501 132.926361
73.497501 132.451675
73.497501 131.976988
73.497501 131.502302
73.497501 131.027615
73.497501 130.552929
73.497501 129.603556
73.497501 129.128870
73.497501 128.654183
73.022815 128.179497
73.497501 127.704810
73.497501 127.230124
73.972188 126.280751
73.972188 125.806064
74.446874 125.331378
74.446874 124.382005
74.921560 123.907319
74.921560 122.957946
74.921560 122.483259
75.396247 122.008573
75.396247 121.059200
75.870933 120.584513
75.870933 119.635141
76.345620 119.160454
76.345620 118.685768
76.820306 117.736395
76.820306 117.261708
77.294993 116.787022
77.294993 115.837649
77.769679 115.362962
77.769679 114.413589
78.244366 113.938903
78.244366 113.464217
78.719052 112.514844
78.719052 112.040157
79.193739 111.090784
79.193739 110.616098
79.668425 110.141411
79.668425 109.192038
80.143111 108.717352
80.143111 107.767979
80.617798 107.293293
80.617798 106.818606
81.092484 105.869233
81.092484 105.394547
81.567171 104.919860
82.041857 104.445174
82.516544 103.970487
82.516544 103.495801
82.991230 102.546428
83.465917 102.071742
83.940603 101.597055
83.940603 101.122369
84.415290 100.647682
84.889976 100.172996
85.364662 99.698309
85.364662 99.223623
85.839349 98.274250
86.314035 97.799563
86.788722 97.324877
86.788722 96.850191
87.263408 96.375504
87.738095 95.900818
88.212781 95.426131
88.212781 94.951445
88.687468 94.476758
89.162154 93.527385
89.636841 93.052699
89.636841 92.578012
90.111527 92.103326
90.586214 92.103326
91.060900 91.628640
91.535586 91.153953
92.010273 90.679267
92.959646 90.679267
93.434332 90.204580
93.909019 90.204580
94.383705 89.729894
94.858392 89.729894
95.333078 89.729894
95.807765 89.255207
96.757137 89.255207
97.231824 89.255207
97.706510 88.780521
98.181197 88.780521
99.130570 88.305834
99.605256 88.305834
100.079943 88.305834
101.029316 87.831148
101.504002 87.831148
101.978688 87.831148
102.928061 87.356461
103.402748 87.356461
103.877434 86.881775
104.826807 86.881775
105.301494 86.881775
105.776180 86.407089
106.250867 86.407089
107.200240 86.407089
107.674926 85.932402
108.149612 85.932402
109.098985 85.932402
109.573672 85.457716
110.048358 85.457716
110.523045 84.983029
110.997731 84.508343
111.472418 84.033656
111.947104 83.558970
112.896477 83.558970
113.371163 83.558970
113.845850 83.084283
114.795223 83.084283
115.269909 83.084283
115.744596 82.609597
116.693969 82.609597
117.168655 82.609597
117.643342 82.134910
118.592714 82.134910
119.067401 82.134910
119.542087 81.660224
120.491460 81.660224
120.966147 81.660224
121.440833 81.185537
122.390206 81.185537
122.864893 80.710851
123.339579 80.710851
124.288952 80.710851
124.763638 80.236165
125.238325 80.236165
126.187698 80.236165
126.662384 79.761478
127.137071 79.761478
128.086444 79.761478
128.561130 79.286792
128.561130 79.761478
129.035817 79.761478
129.035817 80.236165
129.510503 80.710851
129.510503 81.185537
129.510503 81.660224
129.985189 81.660224
130.459876 82.134910
130.459876 82.609597
130.934562 83.084283
