134.048700 78.914485
134.048700 79.430394
134.048700 80.462213
134.048700 81.494031
133.532791 82.009940
133.532791 83.041758
133.532791 83.557667
133.532791 84.589485
133.532791 85.621304
133.532791 86.137213
133.532791 87.169031
133.532791 87.684940
133.016881 88.716758
132.500972 88.716758
132.500972 89.232667
131.985063 89.232667
131.469154 89.748576
130.953245 90.264485
130.437336 90.264485
130.437336 90.780395
129.921427 91.296304
129.405518 91.296304
128.889609 91.812213
128.373700 92.328122
127.857790 92.844031
127.341881 92.844031
127.341881 93.359940
126.825972 93.875849
126.310063 94.391758
126.310063 94.907667
125.794154 94.907667
125.278245 95.423576
124.762336 95.939486
124.246427 95.939486
124.246427 96.455395
123.730518 96.971304
123.214609 97.487213
122.698700 98.003122
122.182790 98.003122
122.182790 98.519031
121.666881 99.034940
121.150972 99.550849
121.150972 100.066758
120.635063 100.582667
120.119154 101.098577
119.603245 101.614486
119.087336 102.130395
119.087336 102.646304
118.571427 103.162213
118.055518 103.678122
118.055518 104.194031
117.539609 104.709940
117.023699 105.225849
117.023699 105.741758
116.507790 106.257667
116.507790 106.773577
115.991881 107.289486
115.991881 107.805395
115.475972 108.321304
115.475972 108.837213
114.960063 109.353122
114.960063 109.869031
114.960063 110.384940
114.444154 110.900849
114.444154 111.416758
114.444154 111.932668
113.928245 112.448577
113.928245 112.964486
113.928245 113.480395
113.928245 113.996304
113.412336 114.512213
113.412336 115.028122
113.412336 115.544031
113.412336 116.059940
113.412336 116.575849
113.412336 117.091758
113.412336 117.607668
112.896427 118.123577
112.896427 118.639486
112.896427 119.155395
112.896427 119.671304
112.896427 120.187213
112.896427 120.703122
112.896427 121.219031
112.896427 121.734940
112.896427 122.250849
112.896427 122.766759
112.896427 123.282668
112.896427 123.798577
112.896427 124.314486
112.896427 124.830395
112.896427 125.346304
112.896427 125.862213
112.896427 126.378122
112.896427 126.894031
112.896427 127.409940
112.896427 127.925850
113.412336 127.925850
113.412336 128.441759
113.412336 128.957668
113.412336 129.473577
113.412336 129.989486
113.412336 130.505395
113.412336 131.021304
113.928245 131.537213
113.928245 132.053122
113.928245 132.569031
113.928245 133.084940
113.928245 133.600850
114.444154 133.600850
114.444154 134.116759
114.444154 134.632668
114.960063 135.148577
114.960063 135.664486
114.960063 136.180395
114.960063 136.696304
114.960063 137.212213
114.960063 137.728122
114.960063 138.244031
114.960063 138.759941
115.475972 138.759941
115.475972 139.275850
115.475972 139.791759
115.475972 140.307668
115.475972 140.823577
115.991881 140.823577
115.991881 141.339486
115.991881 141.855395
116.507790 142.371304
116.507790 142.887213
116.507790 143.403122
117.023699 143.919031
117.023699 144.434941
117.023699 144.950850
117.539609 144.950850
117.539609 145.466759
118.055518 145.982668
118.055518 146.498577
118.055518 147.014486
118.571427 147.014486
118.571427 147.530395
119.087336 148.046304
119.087336 148.562213
119.603245 148.562213
119.603245 149.078122
120.119154 149.594032
120.119154 150.109941
120.635063 150.109941
120.635063 150.625850
121.150972 151.141759
121.666881 151.657668
122.182790 152.173577
122.698700 152.689486
122.698700 153.205395
122.698700 153.721304
123.214609 153.721304
123.730518 154.237213
123.730518 154.753123
124.246427 154.753123
124.762336 155.269032
124.762336 155.784941
125.278245 155.784941
125.794154 156.300850
126.310063 156.300850
126.825972 156.816759
127.341881 157.332668
127.341881 157.848577
127.857790 158.364486
127.341881 158.880395
127.341881 159.912213
127.341881 160.428123
126.825972 160.944032
126.310063 160.944032
125.794154 161.459941
125.278245 161.459941
124.762336 161.975850
124.246427 161.975850
123.730518 162.491759
123.214609 162.491759
122.698700 163.007668
122.182790 163.007668
121.666881 163.007668
121.150972 163.523577
120.119154 163.523577
119.603245 164.039486
119.087336 164.039486
118.571427 164.039486
118.055518 164.039486
117.539609 164.039486
116.507790 164.039486
115.991881 164.039486
115.475972 164.039486
114.960063 164.039486
114.444154 164.039486
113.412336 164.039486
112.896427 164.039486
112.380518 164.039486
111.864608 164.039486
111.348699 164.039486
110.316881 164.555395
109.800972 164.555395
109.285063 164.555395
108.769154 164.555395
108.253245 164.555395
107.221427 164.555395
106.705518 164.555395
106.189608 164.555395
105.673699 164.555395
105.157790 164.555395
104.125972 164.555395
103.610063 164.555395
103.094154 164.039486
102.578245 164.039486
102.062336 163.523577
101.546427 163.523577
101.030517 163.523577
100.514608 163.007668
99.482790 163.007668
98.966881 162.491759
98.450972 162.491759
97.935063 161.975850
97.419154 161.975850
96.903245 161.975850
96.387336 161.459941
95.871427 161.459941
95.355517 160.944032
94.323699 160.944032
93.807790 160.428123
93.291881 160.428123
92.775972 160.428123
92.260063 159.912213
91.744154 159.912213
91.228245 159.396304
90.712336 159.396304
90.196426 158.880395
89.164608 158.880395
88.648699 158.364486
88.132790 157.848577
87.616881 157.332668
87.100972 157.332668
86.585063 156.816759
86.069154 156.300850
85.553245 155.784941
84.521426 155.784941
84.005517 155.269032
83.489608 154.753123
82.973699 154.237213
82.457790 153.721304
81.941881 153.721304
81.425972 153.205395
80.910063 152.689486
80.394154 152.173577
79.362335 152.173577
78.846426 151.657668
78.330517 151.141759
77.814608 150.625850
77.298699 150.109941
76.782790 150.109941
76.266881 149.594032
75.750972 149.078122
75.235063 148.562213
74.719154 148.046304
74.719154 147.530395
74.203244 147.014486
74.203244 146.498577
73.687335 145.982668
73.171426 145.466759
73.171426 144.950850
72.655517 144.434941
72.655517 143.919031
72.139608 143.403122
72.139608 142.887213
71.623699 142.371304
71.623699 141.855395
71.107790 141.339486
70.591881 140.823577
70.591881 139.791759
70.075972 139.275850
70.075972 138.759941
69.560063 138.244031
69.560063 137.728122
69.044154 137.212213
69.044154 136.696304
68.528244 136.180395
68.012335 135.664486
68.528244 135.148577
68.528244 134.632668
68.528244 134.116759
68.528244 133.600850
68.528244 133.084940
68.528244 132.569031
69.044154 132.053122
69.044154 131.537213
69.044154 131.021304
69.044154 130.505395
69.044154 129.989486
69.044154 129.473577
69.044154 128.957668
69.044154 128.441759
69.044154 127.925850
69.044154 127.409940
69.044154 126.894031
69.044154 126.378122
69.044154 125.862213
69.044154 125.346304
69.044154 124.830395
69.560063 124.314486
69.560063 123.798577
69.560063 122.766759
69.560063 122.250849
70.075972 121.734940
70.075972 121.219031
70.591881 120.703122
70.591881 120.187213
71.107790 119.671304
71.107790 119.155395
71.623699 118.639486
71.623699 118.123577
72.139608 117.607668
72.139608 117.091758
72.655517 116.575849
72.655517 116.059940
73.171426 115.544031
73.171426 115.028122
73.687335 114.512213
73.687335 113.996304
74.203244 112.964486
74.203244 112.448577
74.719154 111.932668
74.719154 111.416758
75.235063 110.900849
75.750972 110.384940
75.750972 109.869031
76.266881 109.353122
76.266881 108.837213
76.782790 108.321304
76.782790 107.805395
77.298699 107.289486
77.298699 106.773577
77.814608 106.257667
77.814608 105.741758
78.330517 105.225849
78.330517 104.194031
78.846426 103.678122
78.846426 103.162213
79.362335 102.646304
79.362335 102.130395
79.878245 101.614486
80.394154 101.098577
80.394154 100.582667
80.910063 100.066758
80.910063 99.550849
81.425972 99.034940
81.941881 98.519031
81.941881 98.003122
82.457790 96.971304
82.457790 96.455395
82.973699 95.939486
83.489608 95.423576
83.489608 94.907667
84.005517 94.391758
84.005517 93.875849
84.521426 93.359940
85.037335 92.844031
85.037335 92.328122
85.553245 91.812213
85.553245 91.296304
86.069154 90.780395
86.585063 90.264485
86.585063 89.232667
87.100972 88.716758
87.616881 88.716758
88.132790 88.200849
89.164608 88.200849
89.680517 88.200849
90.196426 87.684940
91.228245 87.684940
91.744154 87.169031
92.260063 87.169031
93.291881 86.653122
93.807790 86.653122
94.323699 86.653122
95.355517 86.137213
95.871427 86.137213
96.387336 85.621304
96.903245 85.621304
97.935063 85.105395
98.450972 85.105395
98.966881 85.105395
99.998699 84.589485
100.514608 84.589485
101.030517 84.073576
102.062336 84.073576
102.578245 83.557667
103.094154 83.557667
104.125972 83.557667
104.641881 83.041758
105.157790 83.041758
105.673699 82.525849
106.189608 82.525849
106.705518 82.009940
107.737336 82.009940
108.253245 81.494031
108.769154 81.494031
109.285063 80.978122
109.800972 80.978122
110.316881 80.462213
110.832790 80.462213
111.348699 79.946304
111.864608 79.946304
112.896427 79.430394
113.412336 79.430394
113.928245 79.430394
114.444154 78.914485
114.960063 78.914485
115.475972 78.398576
115.991881 78.398576
116.507790 77.882667
117.023699 77.882667
118.055518 77.366758
118.571427 77.366758
119.087336 77.366758
119.603245 76.850849
120.119154 76.850849
120.635063 76.850849
121.150972 76.850849
122.182790 76.850849
122.698700 76.850849
123.214609 76.334940
123.730518 76.334940
124.246427 76.334940
124.762336 76.334940
125.278245 76.334940
125.794154 76.334940
126.825972 75.819031
127.341881 75.819031
127.857790 75.819031
128.373700 75.819031
128.889609 75.819031
129.405518 75.819031
129.921427 75.303122
130.437336 75.819031
130.953245 75.819031
131.469154 75.819031
131.985063 76.334940
132.500972 76.850849
133.016881 77.366758
133.532791 77.882667
134.048700 78.398576
134.048700 78.914485
