140.147951 75.790369
140.147951 76.304878
140.662460 76.819388
140.147951 76.819388
139.633441 76.819388
139.633441 77.333897
139.118932 77.333897
138.604423 77.848406
138.089914 77.848406
137.575405 77.848406
137.575405 78.362915
137.060896 78.362915
136.546386 78.362915
136.546386 78.877424
136.031877 78.877424
135.517368 79.391933
135.002859 79.391933
134.488350 79.906443
133.973841 79.906443
133.459331 79.906443
133.459331 80.420952
132.944822 80.420952
132.944822 80.935461
132.430313 81.449970
131.915804 81.449970
131.401295 81.964479
130.886785 81.964479
130.886785 82.478988
130.372276 82.993498
129.857767 83.508007
129.343258 84.022516
128.828749 84.537025
128.314240 85.051534
127.799730 85.566043
127.799730 86.080553
127.285221 86.595062
126.770712 87.109571
126.256203 87.624080
126.256203 88.138589
125.741694 88.653098
125.741694 89.167608
125.227185 89.682117
125.227185 90.196626
124.712675 90.711135
124.712675 91.225644
124.198166 91.740154
124.198166 92.254663
123.683657 92.769172
123.683657 93.283681
123.683657 93.798190
123.169148 94.312699
123.169148 94.827209
123.169148 95.341718
122.654639 95.856227
122.140130 96.370736
122.140130 96.885245
121.625620 97.399754
121.111111 97.914264
121.111111 98.428773
120.596602 98.943282
120.596602 99.457791
120.082093 99.972300
119.567584 100.486809
119.567584 101.001319
119.053075 101.515828
119.053075 102.030337
118.538565 102.544846
118.538565 103.059355
118.024056 103.573864
118.024056 104.088374
117.509547 104.602883
117.509547 105.117392
117.509547 105.631901
116.995038 106.146410
116.995038 106.660919
116.480529 107.175429
116.480529 107.689938
116.480529 108.204447
115.966020 108.718956
115.966020 109.233465
115.966020 109.747975
115.451510 110.262484
115.451510 110.776993
115.451510 111.291502
115.451510 111.806011
114.937001 112.320520
114.937001 112.835030
114.937001 113.349539
114.937001 113.864048
114.422492 114.378557
114.422492 114.893066
114.422492 115.407575
114.422492 115.922085
114.422492 116.436594
113.907983 116.951103
113.907983 117.465612
113.907983 117.980121
113.907983 118.494630
113.907983 119.009140
113.907983 119.523649
113.907983 120.038158
113.907983 120.552667
113.393474 121.067176
113.393474 121.581685
113.393474 122.096195
113.393474 122.610704
113.393474 123.125213
113.393474 123.639722
113.393474 124.154231
113.393474 124.668740
112.878964 125.183250
112.878964 125.697759
112.878964 126.212268
112.878964 126.726777
112.878964 127.241286
112.878964 127.755796
112.878964 128.270305
112.878964 128.784814
112.878964 129.299323
112.878964 129.813832
112.878964 130.328341
112.878964 130.842851
112.878964 131.357360
112.878964 131.871869
112.878964 132.386378
112.878964 132.900887
112.878964 133.415396
112.878964 133.929906
112.878964 134.444415
112.878964 134.958924
112.878964 135.473433
112.878964 135.987942
112.878964 136.502451
112.878964 137.016961
112.878964 137.531470
112.878964 138.045979
112.878964 138.560488
112.878964 139.074997
112.878964 139.589506
113.393474 140.104016
113.393474 140.618525
113.393474 141.133034
113.393474 141.647543
113.393474 142.162052
113.393474 142.676561
113.393474 143.191071
113.393474 143.705580
113.393474 144.220089
113.907983 144.220089
113.907983 144.734598
113.907983 145.249107
113.907983 145.763617
113.907983 146.278126
114.422492 146.792635
114.422492 147.307144
114.422492 147.821653
114.422492 148.336162
114.937001 148.850672
114.937001 149.365181
114.937001 149.879690
114.937001 150.394199
115.451510 150.908708
115.451510 151.937727
114.937001 152.452236
114.937001 153.481254
113.907983 153.481254
113.393474 153.481254
112.878964 153.995763
112.364455 153.995763
111.849946 153.995763
111.335437 153.995763
110.820928 153.995763
110.306419 154.510272
109.791909 154.510272
109.277400 154.510272
108.762891 154.510272
108.248382 154.510272
107.733873 155.024782
107.219364 155.024782
106.704854 155.024782
106.190345 155.024782
105.675836 155.024782
105.161327 154.510272
104.132309 154.510272
103.617799 153.995763
103.103290 153.481254
102.588781 153.481254
102.074272 152.966745
101.559763 152.452236
100.530744 152.452236
100.016235 151.937727
99.501726 151.423217
98.987217 151.423217
98.472708 150.908708
97.958199 150.908708
96.929180 150.394199
96.414671 149.879690
95.900162 149.879690
95.385653 149.365181
94.871143 148.850672
94.356634 148.850672
93.842125 148.336162
92.813107 147.821653
92.298598 147.821653
91.784088 147.307144
91.269579 146.792635
90.755070 146.792635
90.240561 146.278126
89.726052 145.763617
89.211543 145.763617
88.697033 145.249107
88.182524 144.734598
87.153506 144.734598
86.638997 144.220089
86.124488 143.705580
85.609978 143.705580
85.095469 143.191071
84.580960 142.676561
84.066451 142.162052
83.551942 142.162052
83.037433 141.647543
82.522923 141.133034
82.008414 141.133034
81.493905 140.618525
80.979396 140.104016
79.950378 140.104016
79.435868 139.589506
78.921359 139.074997
78.406850 138.045979
77.892341 137.531470
77.377832 137.016961
77.377832 136.502451
76.863322 135.987942
76.348813 135.473433
75.834304 134.958924
75.319795 134.444415
74.805286 133.415396
74.290777 132.900887
73.776267 132.386378
73.261758 131.871869
72.747249 131.357360
72.747249 130.328341
72.747249 129.813832
72.232740 129.299323
72.232740 128.784814
72.232740 127.755796
72.232740 127.241286
72.232740 126.726777
72.232740 126.212268
72.232740 125.183250
72.232740 124.668740
71.718231 124.154231
71.718231 123.639722
71.718231 123.125213
71.718231 122.096195
71.718231 121.581685
71.718231 121.067176
71.718231 120.552667
71.203722 119.523649
71.203722 119.009140
71.203722 118.494630
71.203722 117.980121
71.203722 116.951103
71.203722 116.436594
71.203722 115.922085
71.203722 115.407575
71.203722 114.893066
71.203722 114.378557
71.203722 113.864048
71.203722 113.349539
71.203722 112.835030
71.203722 111.806011
71.718231 111.291502
71.718231 110.776993
72.232740 110.262484
72.232740 109.747975
72.747249 109.233465
72.747249 108.718956
73.261758 108.204447
73.261758 107.689938
73.776267 107.175429
73.776267 106.660919
74.290777 106.146410
74.290777 105.631901
74.805286 105.117392
74.805286 104.602883
75.319795 104.088374
75.319795 103.573864
75.834304 103.059355
75.834304 102.544846
76.348813 102.030337
76.348813 101.515828
76.863322 101.001319
76.863322 100.486809
77.377832 99.972300
77.892341 99.457791
77.892341 98.943282
78.406850 97.914264
78.406850 97.399754
78.921359 96.885245
79.435868 96.370736
79.435868 95.856227
79.950378 95.341718
80.464887 94.312699
80.464887 93.798190
80.979396 93.283681
81.493905 92.769172
81.493905 92.254663
82.008414 91.740154
82.522923 90.711135
82.522923 90.196626
83.037433 89.682117
83.037433 89.167608
83.551942 88.653098
84.066451 88.138589
84.066451 87.109571
84.580960 86.595062
85.095469 86.080553
85.095469 85.566043
85.609978 85.051534
86.124488 84.537025
86.124488 84.022516
86.638997 83.508007
87.153506 82.478988
87.668015 81.964479
88.182524 81.449970
88.182524 80.935461
88.697033 80.420952
89.211543 79.906443
89.726052 79.391933
89.726052 78.877424
90.240561 78.362915
90.755070 77.848406
91.269579 77.333897
91.269579 76.819388
91.784088 76.304878
92.298598 75.275860
92.813107 74.761351
93.327616 74.246842
93.327616 73.732333
93.842125 73.217823
94.356634 72.703314
94.871143 72.188805
94.871143 71.674296
95.385653 71.159787
95.900162 70.645277
96.414671 70.130768
96.929180 69.616259
97.443689 69.101750
97.958199 69.101750
98.472708 68.587241
99.501726 68.072732
100.016235 67.558222
100.530744 67.558222
101.045254 67.043713
101.559763 66.529204
102.074272 66.014695
102.588781 66.014695
103.103290 65.500186
103.617799 64.985677
104.132309 64.471167
105.161327 63.956658
105.675836 63.956658
106.190345 63.442149
106.704854 63.442149
107.219364 63.442149
107.733873 62.927640
108.248382 62.927640
108.762891 62.927640
109.277400 62.927640
109.791909 62.927640
110.306419 62.927640
111.335437 62.413131
111.849946 62.413131
112.364455 62.413131
112.878964 62.413131
113.393474 62.413131
113.907983 62.413131
114.937001 62.413131
115.451510 62.413131
115.966020 62.413131
116.480529 62.413131
116.995038 62.413131
117.509547 62.413131
118.024056 62.413131
118.538565 62.413131
119.053075 62.413131
120.082093 62.413131
120.596602 62.413131
121.111111 62.413131
121.625620 62.413131
122.140130 62.413131
122.654639 62.413131
123.169148 62.927640
123.683657 62.927640
124.198166 63.442149
124.712675 63.956658
125.227185 63.956658
125.741694 64.471167
126.256203 64.985677
126.770712 65.500186
127.285221 66.014695
127.799730 66.529204
128.314240 67.043713
128.828749 67.558222
129.343258 68.072732
129.857767 68.587241
130.372276 69.101750
130.886785 69.101750
131.915804 69.616259
132.430313 70.130768
132.944822 70.130768
133.459331 70.645277
133.973841 70.645277
134.488350 71.159787
135.002859 71.159787
135.517368 71.674296
136.031877 71.674296
136.546386 72.188805
137.060896 72.188805
137.575405 72.188805
138.089914 72.188805
138.604423 72.703314
138.604423 73.217823
139.118932 73.732333
139.118932 74.246842
139.118932 74.761351
139.633441 74.761351
139.633441 75.275860
140.147951 75.790369
