129.186119 86.033421
128.699112 86.520429
128.699112 87.007436
128.699112 87.494443
128.212105 87.981450
128.212105 88.468458
127.725097 88.955465
127.725097 89.442472
127.725097 89.929479
127.725097 90.416486
127.238090 90.903494
127.238090 91.390501
127.238090 91.877508
127.238090 92.364515
126.751083 92.851523
126.264076 93.338530
125.777068 93.825537
125.290061 93.825537
124.803054 94.312544
124.316047 94.799551
124.316047 95.286559
123.829040 95.773566
123.342032 96.260573
122.855025 96.747580
122.368018 97.234588
121.881011 97.721595
121.394003 98.208602
120.906996 98.695609
120.419989 99.182616
120.419989 99.669624
119.932982 100.156631
119.445975 100.643638
118.958967 101.130645
118.471960 101.617653
117.984953 102.104660
117.497946 102.591667
117.010938 103.078674
116.523931 103.565681
116.523931 104.052689
116.036924 104.539696
115.549917 105.026703
115.549917 105.513710
115.062910 106.000718
114.575902 106.487725
114.575902 106.974732
114.088895 107.461739
114.088895 107.948746
113.601888 108.435754
113.601888 108.922761
113.114881 109.409768
113.114881 109.896775
112.627873 110.383783
112.627873 110.870790
112.627873 111.357797
112.140866 111.844804
112.140866 112.331811
112.140866 112.818819
111.653859 113.305826
111.653859 113.792833
111.653859 114.279840
111.653859 114.766848
111.166852 115.253855
111.166852 115.740862
111.166852 116.227869
111.166852 116.714876
111.166852 117.201884
111.166852 117.688891
110.679845 118.175898
110.679845 118.662905
110.679845 119.149913
110.679845 119.636920
110.679845 120.123927
110.679845 120.610934
110.679845 121.097941
110.679845 121.584949
110.679845 122.071956
110.679845 122.558963
110.679845 123.045970
110.679845 123.532978
110.679845 124.019985
110.679845 124.506992
110.679845 124.993999
110.679845 125.481006
111.166852 125.481006
111.166852 125.968014
111.166852 126.455021
111.166852 126.942028
111.166852 127.429035
111.166852 127.916043
111.166852 128.403050
111.653859 128.403050
111.653859 128.890057
111.653859 129.377064
111.653859 129.864071
111.653859 130.351079
112.140866 130.351079
112.140866 130.838086
112.140866 131.325093
112.140866 131.812100
112.627873 131.812100
112.627873 132.299108
112.627873 132.786115
112.627873 133.273122
113.114881 133.273122
113.114881 133.760129
113.114881 134.247136
113.601888 134.247136
113.601888 134.734144
113.601888 135.221151
114.088895 135.221151
114.088895 135.708158
114.088895 136.195165
114.575902 136.195165
114.575902 136.682173
115.062910 137.169180
115.062910 137.656187
115.549917 137.656187
115.549917 138.143194
116.036924 138.630201
116.523931 139.117209
116.523931 139.604216
117.010938 140.091223
117.010938 140.578230
117.497946 141.065238
117.984953 141.552245
117.984953 142.039252
118.471960 142.526259
118.958967 143.013266
118.958967 143.500274
119.445975 143.987281
119.932982 144.474288
119.932982 144.961295
120.419989 144.961295
120.419989 145.448303
120.906996 145.935310
121.394003 146.422317
121.394003 146.909324
121.394003 147.396331
121.881011 147.883339
121.881011 148.370346
122.368018 148.857353
122.368018 149.344360
122.855025 149.831368
122.855025 150.318375
122.855025 150.805382
123.342032 150.805382
123.829040 151.292389
123.829040 151.779396
123.829040 152.266404
124.316047 152.266404
124.803054 152.753411
124.803054 153.240418
124.803054 153.727425
125.290061 153.727425
125.777068 154.214433
125.777068 154.701440
126.264076 155.188447
125.777068 155.675454
125.290061 155.675454
124.803054 155.675454
124.316047 156.162461
123.829040 156.162461
123.342032 156.649469
122.855025 156.649469
122.368018 157.136476
121.881011 157.136476
121.394003 157.623483
120.906996 158.110490
120.419989 158.110490
119.932982 158.597498
119.445975 158.597498
118.958967 158.110490
118.471960 158.110490
117.984953 157.623483
117.497946 157.623483
117.010938 157.623483
116.523931 157.136476
116.036924 157.136476
115.549917 156.649469
115.062910 156.649469
114.575902 156.649469
114.088895 156.162461
113.601888 156.162461
113.114881 155.675454
112.627873 155.675454
112.140866 155.188447
111.653859 155.188447
111.166852 155.188447
110.679845 155.188447
110.192837 155.188447
109.705830 154.701440
109.218823 154.701440
108.731816 154.214433
108.244808 154.214433
107.757801 154.214433
107.270794 153.727425
106.783787 153.727425
106.296780 153.240418
105.809772 153.240418
105.322765 153.240418
104.835758 152.753411
104.348751 152.753411
103.861743 152.753411
103.374736 152.266404
102.887729 151.779396
102.400722 151.779396
101.913715 151.292389
101.426707 151.292389
100.939700 151.292389
100.452693 150.805382
99.965686 150.805382
99.478678 150.805382
98.991671 150.805382
98.504664 150.318375
98.017657 150.318375
97.530650 149.831368
97.043642 149.831368
96.556635 149.344360
96.069628 149.344360
95.582621 148.857353
95.095613 148.857353
94.608606 148.370346
94.121599 147.883339
93.634592 147.396331
93.147585 147.396331
92.660577 146.909324
92.173570 146.909324
91.686563 146.422317
91.199556 146.422317
90.712548 146.422317
90.225541 145.935310
89.738534 145.935310
89.251527 145.448303
88.764520 145.448303
88.277512 144.961295
87.790505 144.961295
87.303498 144.474288
86.816491 144.474288
86.329483 143.987281
85.842476 143.500274
85.355469 143.500274
84.868462 143.013266
84.381455 142.526259
83.894447 142.039252
83.407440 142.039252
82.920433 141.552245
82.433426 141.065238
81.946418 141.065238
81.459411 140.578230
80.972404 140.091223
80.485397 139.604216
79.998390 139.117209
79.511382 138.630201
79.511382 138.143194
79.024375 137.656187
79.024375 137.169180
78.537368 136.682173
78.050361 136.195165
78.050361 135.708158
77.563353 135.221151
77.563353 134.734144
77.076346 134.247136
77.076346 133.760129
76.589339 133.273122
76.589339 132.786115
76.589339 132.299108
76.102332 131.812100
76.102332 131.325093
76.102332 130.838086
76.102332 130.351079
76.102332 129.864071
76.102332 129.377064
76.589339 128.890057
76.589339 128.403050
76.589339 127.916043
77.076346 127.429035
77.076346 126.942028
77.076346 126.455021
77.563353 125.968014
77.563353 125.481006
78.050361 124.993999
78.050361 124.506992
78.050361 124.019985
78.050361 123.532978
78.537368 123.045970
78.537368 122.558963
79.024375 122.071956
79.024375 121.584949
79.511382 121.097941
79.511382 120.610934
79.511382 120.123927
79.998390 119.636920
79.998390 119.149913
79.998390 118.662905
79.998390 118.175898
80.485397 117.688891
80.485397 117.201884
80.485397 116.714876
80.485397 116.227869
80.972404 115.740862
81.459411 115.253855
81.459411 114.766848
81.459411 114.279840
81.946418 113.792833
81.946418 113.305826
82.433426 112.818819
82.920433 112.331811
82.920433 111.844804
83.407440 111.357797
83.407440 110.870790
83.894447 110.383783
84.381455 109.896775
84.868462 109.409768
84.868462 108.922761
85.355469 108.435754
85.842476 107.948746
86.329483 107.461739
86.329483 106.974732
86.816491 106.487725
87.303498 106.000718
87.303498 105.513710
87.790505 105.026703
88.277512 104.539696
88.764520 104.052689
89.251527 103.565681
89.251527 103.078674
89.738534 102.591667
90.225541 102.104660
90.712548 101.617653
91.199556 101.130645
91.199556 100.643638
91.199556 100.156631
91.686563 99.669624
92.173570 99.182616
92.660577 98.695609
93.147585 98.208602
93.634592 97.721595
93.634592 97.234588
94.121599 96.747580
94.608606 96.260573
95.095613 96.260573
95.582621 95.773566
96.069628 95.286559
96.556635 95.286559
97.043642 94.799551
97.530650 94.799551
98.017657 94.312544
98.504664 93.825537
98.991671 93.825537
99.478678 93.825537
99.965686 93.338530
100.452693 92.851523
100.939700 92.851523
101.426707 92.364515
101.913715 91.877508
102.400722 91.877508
102.887729 91.390501
103.374736 91.390501
103.861743 90.903494
104.348751 90.416486
104.835758 90.416486
105.322765 89.929479
105.809772 89.929479
106.296780 89.442472
106.783787 89.442472
107.270794 88.955465
107.757801 88.468458
108.244808 88.468458
108.731816 87.981450
109.218823 87.981450
109.705830 87.494443
110.192837 87.494443
110.679845 87.007436
111.166852 86.520429
111.653859 86.033421
112.140866 86.033421
112.627873 86.033421
113.114881 85.546414
113.601888 85.546414
114.088895 85.546414
114.575902 85.546414
115.062910 85.546414
115.549917 85.059407
116.036924 85.059407
116.523931 85.059407
117.010938 85.059407
117.497946 85.059407
117.984953 85.059407
118.471960 85.059407
118.958967 85.059407
119.445975 85.059407
119.932982 85.059407
120.419989 85.059407
120.906996 85.059407
121.394003 85.059407
121.881011 85.059407
122.368018 85.059407
122.855025 85.059407
123.342032 85.059407
123.829040 85.059407
124.316047 84.572400
124.803054 84.572400
125.290061 84.572400
125.777068 84.572400
126.264076 84.572400
126.751083 84.572400
127.238090 84.572400
127.725097 84.572400
128.212105 84.572400
128.699112 84.085393
128.699112 84.572400
128.699112 85.059407
129.186119 85.546414
129.186119 86.033421
