137.330062 74.867079
136.722682 75.474459
136.115301 75.474459
136.115301 76.081840
135.507921 76.081840
134.900540 76.081840
134.900540 76.689220
134.293160 77.296600
133.685780 77.903981
133.078399 77.903981
132.471019 77.903981
132.471019 78.511361
131.863638 79.118742
131.256258 79.118742
131.256258 79.726122
130.648877 80.333503
130.041497 80.940883
129.434117 80.940883
129.434117 81.548263
128.826736 82.155644
128.219356 82.155644
128.219356 82.763024
127.611975 83.370405
127.611975 83.977785
127.004595 84.585165
126.397215 84.585165
126.397215 85.192546
125.789834 85.799926
125.789834 86.407307
125.182454 87.014687
124.575073 87.014687
124.575073 87.622068
123.967693 88.229448
123.967693 88.836828
123.360312 89.444209
123.360312 90.051589
122.752932 90.051589
122.752932 90.658970
122.145552 91.266350
122.145552 91.873730
121.538171 92.481111
121.538171 93.088491
120.930791 93.695872
120.323410 94.303252
120.323410 94.910633
119.716030 95.518013
119.716030 96.125393
119.108650 96.732774
119.108650 97.340154
118.501269 97.947535
118.501269 98.554915
117.893889 99.162295
117.286508 99.769676
117.286508 100.377056
116.679128 100.984437
116.679128 101.591817
116.071747 102.199198
115.464367 102.806578
115.464367 103.413958
114.856987 104.021339
114.856987 104.628719
114.249606 105.236100
114.249606 105.843480
113.642226 106.450861
113.642226 107.058241
113.642226 107.665621
113.034845 108.273002
113.034845 108.880382
112.427465 109.487763
112.427465 110.095143
112.427465 110.702523
111.820084 111.309904
111.820084 111.917284
111.820084 112.524665
111.820084 113.132045
111.212704 113.739426
111.212704 114.346806
111.212704 114.954186
111.212704 115.561567
110.605324 116.168947
110.605324 116.776328
110.605324 117.383708
110.605324 117.991088
110.605324 118.598469
110.605324 119.205849
109.997943 119.813230
109.997943 120.420610
109.997943 121.027991
109.997943 121.635371
109.997943 122.242751
109.997943 122.850132
109.997943 123.457512
109.997943 124.064893
109.997943 124.672273
109.997943 125.279653
109.997943 125.887034
109.997943 126.494414
109.997943 127.101795
109.997943 127.709175
109.997943 128.316556
109.997943 128.923936
109.997943 129.531316
109.997943 130.138697
109.997943 130.746077
109.997943 131.353458
109.997943 131.960838
110.605324 131.960838
110.605324 132.568219
110.605324 133.175599
110.605324 133.782979
110.605324 134.390360
110.605324 134.997740
111.212704 135.605121
111.212704 136.212501
111.212704 136.819881
111.212704 137.427262
111.820084 138.034642
111.820084 138.642023
111.820084 139.249403
111.820084 139.856784
111.820084 140.464164
112.427465 140.464164
112.427465 141.071544
112.427465 141.678925
113.034845 142.286305
113.034845 142.893686
113.642226 143.501066
113.642226 144.108446
113.642226 144.715827
114.249606 145.323207
114.249606 145.930588
114.249606 146.537968
114.856987 146.537968
114.856987 147.145349
115.464367 147.752729
115.464367 148.360109
115.464367 148.967490
116.071747 148.967490
116.679128 149.574870
116.679128 150.182251
116.679128 150.789631
116.679128 151.397011
116.679128 152.004392
116.679128 152.611772
116.679128 153.826533
116.679128 154.433914
116.679128 155.041294
116.679128 155.648674
116.679128 156.256055
116.679128 156.863435
116.071747 157.470816
116.071747 158.078196
116.071747 158.685577
115.464367 159.292957
115.464367 159.900337
115.464367 160.507718
114.856987 161.115098
114.856987 161.722479
114.249606 162.329859
113.642226 162.937239
113.642226 163.544620
113.034845 163.544620
112.427465 163.544620
111.820084 163.544620
111.212704 163.544620
110.605324 163.544620
109.997943 163.544620
109.390563 163.544620
108.783182 163.544620
108.175802 163.544620
107.568422 163.544620
106.961041 163.544620
106.353661 163.544620
105.746280 162.937239
105.138900 162.329859
104.531519 162.329859
103.924139 161.722479
103.316759 161.722479
102.709378 161.115098
102.101998 161.115098
101.494617 160.507718
100.887237 160.507718
100.279857 160.507718
99.672476 159.900337
99.065096 159.900337
98.457715 159.900337
97.850335 159.900337
97.242954 159.900337
96.635574 159.900337
96.028194 159.900337
95.420813 159.900337
94.813433 159.900337
94.206052 159.900337
93.598672 159.900337
92.991292 159.292957
92.383911 158.685577
91.776531 158.685577
91.169150 158.078196
90.561770 158.078196
89.954389 158.078196
89.347009 157.470816
88.739629 157.470816
88.132248 156.863435
87.524868 156.863435
86.917487 156.863435
86.310107 156.256055
85.702726 156.256055
85.095346 155.648674
84.487966 155.648674
83.880585 155.648674
83.273205 155.041294
82.665824 155.041294
82.058444 154.433914
81.451064 154.433914
80.843683 154.433914
80.236303 154.433914
79.628922 153.826533
79.021542 153.826533
78.414161 153.826533
77.806781 153.826533
77.199401 153.219153
76.592020 153.219153
76.592020 152.611772
75.984640 152.611772
75.377259 152.004392
74.769879 152.004392
74.162499 151.397011
73.555118 150.789631
72.947738 150.789631
72.947738 150.182251
72.340357 150.182251
71.732977 150.182251
71.125596 149.574870
70.518216 148.967490
69.910836 148.967490
69.303455 148.360109
69.303455 147.752729
68.696075 147.752729
68.088694 147.752729
67.481314 147.145349
66.873934 146.537968
66.266553 146.537968
65.659173 145.930588
65.051792 145.930588
64.444412 145.323207
63.837031 145.323207
63.229651 144.715827
62.622271 144.715827
62.014890 144.108446
61.407510 143.501066
60.800129 143.501066
60.800129 142.893686
60.192749 142.286305
60.192749 141.678925
59.585368 141.071544
59.585368 140.464164
59.585368 139.856784
58.977988 139.249403
58.977988 138.642023
58.977988 138.034642
58.370608 137.427262
58.370608 136.819881
58.370608 136.212501
57.763227 135.605121
57.763227 134.390360
57.763227 133.782979
57.763227 133.175599
57.763227 132.568219
57.763227 131.960838
57.155847 131.353458
57.155847 130.746077
57.155847 130.138697
57.155847 129.531316
57.155847 128.923936
57.155847 128.316556
57.155847 127.709175
57.155847 127.101795
57.155847 126.494414
57.155847 125.887034
57.155847 125.279653
57.763227 124.672273
57.763227 124.064893
57.763227 123.457512
57.763227 122.850132
57.763227 122.242751
57.763227 121.635371
58.370608 121.027991
58.370608 120.420610
58.370608 119.813230
58.370608 119.205849
58.977988 118.598469
58.977988 117.991088
58.977988 117.383708
59.585368 116.776328
59.585368 116.168947
59.585368 115.561567
60.192749 114.954186
60.192749 114.346806
60.192749 113.739426
60.800129 113.132045
60.800129 112.524665
61.407510 111.917284
61.407510 111.309904
61.407510 110.702523
62.014890 110.095143
62.014890 109.487763
62.622271 108.880382
62.622271 108.273002
63.229651 107.665621
63.229651 107.058241
63.837031 106.450861
63.837031 105.843480
64.444412 105.236100
64.444412 104.021339
65.051792 103.413958
65.051792 102.806578
65.659173 102.199198
65.659173 101.591817
66.266553 100.984437
66.266553 100.377056
66.873934 99.769676
66.873934 99.162295
67.481314 98.554915
68.088694 97.947535
68.088694 97.340154
68.696075 96.732774
68.696075 96.125393
69.303455 95.518013
69.303455 94.910633
69.910836 94.303252
70.518216 93.695872
70.518216 93.088491
71.125596 92.481111
71.732977 91.873730
71.732977 91.266350
72.340357 90.658970
72.340357 90.051589
72.947738 89.444209
73.555118 88.836828
73.555118 88.229448
74.162499 87.622068
74.769879 87.014687
74.769879 85.799926
75.377259 85.192546
75.984640 84.585165
76.592020 83.977785
76.592020 83.370405
77.199401 82.763024
77.806781 82.155644
77.806781 81.548263
78.414161 80.940883
79.021542 80.333503
79.628922 79.726122
80.236303 79.118742
80.843683 78.511361
80.843683 77.903981
81.451064 77.296600
82.058444 76.689220
82.665824 76.081840
83.273205 75.474459
83.880585 74.867079
84.487966 74.259698
85.095346 73.652318
85.702726 73.044937
86.310107 72.437557
86.917487 71.830177
87.524868 71.222796
88.132248 70.615416
88.739629 70.008035
89.347009 70.008035
90.561770 69.400655
91.169150 68.793275
91.776531 68.185894
92.383911 68.185894
92.991292 67.578514
93.598672 66.971133
94.206052 66.971133
94.813433 66.363753
95.420813 66.363753
96.028194 65.756372
96.635574 65.148992
97.242954 65.148992
97.850335 64.541612
98.457715 64.541612
99.065096 64.541612
99.672476 63.934231
100.279857 63.934231
100.887237 63.326851
101.494617 63.326851
102.101998 63.326851
102.709378 62.719470
103.316759 62.719470
103.924139 62.719470
104.531519 62.112090
105.138900 62.112090
105.746280 62.112090
106.353661 62.112090
107.568422 61.504710
108.175802 61.504710
108.783182 61.504710
109.390563 61.504710
109.997943 61.504710
110.605324 61.504710
111.212704 61.504710
111.820084 61.504710
112.427465 60.897329
113.034845 60.897329
113.642226 60.897329
114.249606 60.897329
114.856987 60.897329
115.464367 60.897329
116.071747 61.504710
116.679128 61.504710
117.893889 61.504710
118.501269 61.504710
119.108650 61.504710
119.716030 61.504710
120.323410 61.504710
120.930791 61.504710
121.538171 62.112090
122.145552 62.112090
122.752932 62.112090
123.360312 62.112090
123.967693 62.719470
124.575073 62.719470
125.182454 62.719470
125.789834 63.326851
126.397215 63.326851
127.004595 63.326851
127.611975 63.934231
128.219356 63.934231
128.826736 64.541612
129.434117 64.541612
130.041497 64.541612
130.648877 65.148992
131.256258 65.756372
131.863638 65.756372
132.471019 66.363753
133.078399 66.363753
133.685780 66.971133
134.293160 67.578514
134.900540 68.185894
135.507921 68.793275
136.115301 69.400655
136.722682 70.008035
137.330062 70.615416
137.937442 71.222796
137.937442 71.830177
138.544823 72.437557
138.544823 73.044937
138.544823 73.652318
138.544823 74.259698
137.937442 74.259698
137.330062 74.259698
137.330062 74.867079
