133.319634 81.042399
133.873262 81.596028
134.426890 82.149656
134.980519 82.703284
135.534147 83.256912
136.087775 83.810541
136.087775 84.364169
136.087775 84.917797
136.087775 85.471426
136.087775 86.025054
136.087775 86.578682
135.534147 87.132311
134.980519 87.685939
134.426890 88.239567
133.873262 88.793195
133.319634 89.346824
132.766006 89.346824
132.212377 89.900452
131.658749 89.900452
131.658749 90.454080
131.105121 91.007709
130.551492 91.561337
129.997864 92.114965
129.444236 92.668593
128.890607 93.222222
128.336979 93.775850
127.783351 94.329478
127.229723 94.883107
126.676094 95.436735
126.122466 95.990363
125.568838 96.543992
125.015209 97.651248
124.461581 98.204876
123.907953 98.758505
123.354325 99.312133
122.800696 99.865761
122.247068 100.419390
121.693440 100.973018
121.139811 101.526646
120.586183 102.080275
120.586183 102.633903
120.032555 103.187531
119.478926 103.741159
118.925298 104.294788
118.925298 104.848416
118.371670 105.402044
117.818042 105.955673
117.818042 106.509301
117.264413 107.062929
116.710785 107.616557
116.710785 108.170186
116.157157 108.723814
116.157157 109.277442
115.603528 109.831071
115.603528 110.384699
115.049900 110.938327
115.049900 111.491956
114.496272 112.045584
114.496272 112.599212
113.942644 113.152840
113.942644 113.706469
113.942644 114.260097
113.389015 114.813725
113.389015 115.367354
113.389015 115.920982
112.835387 116.474610
112.835387 117.028239
112.835387 117.581867
112.281759 118.135495
112.281759 118.689123
112.281759 119.242752
111.728130 119.796380
111.728130 120.350008
111.728130 120.903637
111.728130 121.457265
111.728130 122.010893
111.174502 122.564521
111.174502 123.118150
111.174502 123.671778
111.174502 124.225406
111.174502 124.779035
111.174502 125.332663
111.174502 125.886291
111.174502 126.439920
111.174502 126.993548
110.620874 127.547176
110.620874 128.100804
110.620874 128.654433
110.620874 129.208061
110.620874 129.761689
110.620874 130.315318
110.620874 130.868946
110.620874 131.422574
110.620874 131.976202
110.620874 132.529831
110.620874 133.083459
110.620874 133.637087
110.620874 134.190716
110.620874 134.744344
110.620874 135.297972
110.620874 135.851601
110.620874 136.405229
110.620874 136.958857
110.620874 137.512485
110.620874 138.066114
111.174502 138.066114
111.174502 138.619742
111.174502 139.173370
111.174502 139.726999
111.174502 140.280627
111.174502 140.834255
111.174502 141.387884
111.174502 141.941512
111.174502 142.495140
111.728130 143.048768
111.728130 143.602397
111.728130 144.156025
111.728130 144.709653
111.728130 145.263282
111.728130 145.816910
112.281759 145.816910
112.281759 146.370538
112.281759 146.924166
112.835387 147.477795
112.835387 148.031423
112.835387 148.585051
113.389015 149.138680
113.389015 149.692308
113.389015 150.245936
113.942644 150.799565
113.942644 151.353193
113.942644 151.906821
114.496272 152.460449
114.496272 153.014078
114.496272 153.567706
115.049900 153.567706
115.049900 154.121334
115.603528 154.674963
115.603528 155.228591
116.157157 155.782219
116.157157 156.335848
116.157157 156.889476
116.710785 156.889476
116.710785 157.443104
117.264413 157.996732
117.818042 158.550361
117.818042 159.103989
117.264413 159.103989
116.710785 159.103989
116.157157 159.103989
115.603528 159.657617
115.049900 159.657617
114.496272 159.657617
113.942644 159.657617
113.389015 159.657617
112.835387 159.657617
112.281759 159.657617
111.728130 159.657617
111.174502 159.657617
110.620874 159.657617
110.067245 159.657617
109.513617 159.103989
108.959989 159.103989
108.406361 159.103989
107.852732 158.550361
107.299104 158.550361
106.745476 158.550361
106.191847 158.550361
105.638219 157.996732
105.084591 157.996732
104.530962 157.996732
103.977334 157.443104
103.423706 157.443104
102.870078 157.443104
102.316449 157.443104
101.762821 157.443104
101.209193 156.889476
100.655564 156.889476
100.101936 156.889476
99.548308 156.335848
98.994680 156.335848
98.441051 156.335848
97.887423 156.335848
97.333795 156.335848
96.780166 155.782219
96.226538 155.782219
95.672910 155.782219
95.119281 155.228591
94.565653 155.228591
94.012025 155.228591
93.458397 155.228591
92.904768 154.674963
92.351140 154.674963
91.797512 154.674963
91.243883 154.121334
90.690255 154.121334
90.136627 154.121334
89.582998 153.567706
89.029370 153.014078
88.475742 153.014078
87.922114 152.460449
87.368485 151.906821
86.814857 151.906821
86.261229 151.906821
85.707600 151.353193
85.153972 150.799565
84.600344 150.799565
84.046716 150.799565
83.493087 150.245936
82.939459 149.692308
82.385831 149.138680
81.832202 149.138680
81.278574 148.585051
80.724946 148.585051
80.171317 148.031423
79.617689 148.031423
79.064061 147.477795
78.510433 146.924166
77.956804 146.370538
77.403176 146.370538
76.849548 145.816910
76.295919 145.263282
75.742291 145.263282
75.188663 144.709653
74.635034 144.156025
74.635034 143.602397
74.081406 143.048768
73.527778 142.495140
73.527778 141.941512
72.974150 141.387884
72.974150 140.834255
72.420521 140.280627
72.420521 139.726999
72.420521 139.173370
71.866893 138.619742
71.866893 138.066114
71.313265 137.512485
71.313265 136.958857
70.759636 136.405229
70.759636 135.851601
70.206008 135.297972
70.206008 134.744344
69.652380 134.190716
69.652380 133.637087
69.098752 133.083459
69.098752 132.529831
68.545123 131.976202
68.545123 131.422574
68.545123 130.868946
67.991495 130.315318
67.991495 129.761689
67.991495 129.208061
67.991495 128.654433
67.991495 128.100804
67.991495 127.547176
68.545123 126.993548
68.545123 126.439920
68.545123 125.886291
69.098752 125.332663
69.098752 124.779035
69.652380 124.225406
69.652380 123.671778
70.206008 123.118150
70.206008 122.564521
70.206008 122.010893
70.759636 121.457265
70.759636 120.903637
71.313265 120.350008
71.313265 119.796380
71.866893 119.242752
71.866893 118.689123
72.420521 118.135495
72.420521 117.581867
72.420521 117.028239
72.974150 116.474610
72.974150 115.920982
73.527778 115.367354
73.527778 114.813725
73.527778 114.260097
74.081406 113.706469
74.081406 113.152840
74.635034 112.599212
74.635034 112.045584
75.188663 111.491956
75.188663 110.938327
75.742291 110.384699
75.742291 109.831071
75.742291 109.277442
75.742291 108.723814
75.742291 108.170186
75.742291 107.616557
75.742291 107.062929
76.295919 106.509301
76.295919 105.955673
76.849548 105.402044
76.849548 104.848416
77.403176 104.294788
77.403176 103.741159
77.956804 103.187531
77.956804 102.633903
78.510433 102.080275
78.510433 101.526646
79.064061 100.973018
79.064061 100.419390
79.617689 99.865761
79.617689 99.312133
80.171317 98.758505
80.171317 98.204876
80.724946 97.651248
80.724946 97.097620
81.278574 96.543992
81.278574 95.990363
81.832202 95.436735
82.385831 94.883107
82.385831 94.329478
82.939459 93.775850
82.939459 93.222222
83.493087 92.668593
84.046716 92.114965
84.046716 91.561337
84.600344 91.007709
84.600344 90.454080
85.153972 89.900452
85.707600 89.346824
85.707600 88.793195
86.261229 88.239567
86.814857 87.685939
87.368485 87.132311
87.922114 86.578682
88.475742 86.025054
89.029370 85.471426
89.582998 84.917797
90.136627 84.364169
90.690255 83.810541
91.243883 83.256912
91.243883 82.703284
91.797512 82.149656
92.351140 81.596028
92.351140 81.042399
92.904768 80.488771
93.458397 79.935143
94.012025 79.381514
94.565653 78.827886
95.119281 78.274258
95.672910 77.720629
96.226538 77.167001
96.780166 77.167001
97.333795 76.613373
97.887423 76.059745
98.441051 76.059745
98.994680 75.506116
99.548308 74.952488
100.101936 74.952488
100.655564 74.398860
101.209193 73.845231
101.762821 73.845231
102.316449 73.291603
102.870078 72.737975
103.423706 72.737975
103.977334 72.184347
104.530962 71.630718
105.084591 71.630718
105.638219 71.077090
106.191847 71.077090
106.745476 70.523462
107.299104 70.523462
107.852732 69.969833
108.406361 69.416205
108.959989 69.416205
109.513617 69.416205
110.067245 69.969833
110.620874 69.969833
111.174502 69.969833
111.728130 69.969833
112.281759 70.523462
112.835387 70.523462
113.389015 71.077090
113.942644 71.077090
114.496272 71.077090
115.049900 71.077090
115.603528 71.630718
116.157157 71.630718
116.710785 71.630718
117.264413 72.184347
117.818042 72.184347
118.371670 72.737975
118.925298 72.737975
119.478926 72.737975
120.032555 72.737975
120.586183 73.291603
121.139811 73.291603
121.693440 73.291603
122.247068 73.845231
122.800696 73.845231
123.354325 73.845231
123.907953 74.398860
124.461581 74.398860
125.015209 74.398860
125.568838 74.952488
126.122466 74.952488
126.676094 74.952488
127.229723 75.506116
127.783351 75.506116
128.336979 75.506116
128.890607 76.059745
129.444236 76.059745
129.997864 76.059745
130.551492 76.613373
130.551492 77.167001
131.105121 77.720629
131.105121 78.274258
131.658749 78.827886
132.212377 79.381514
132.766006 79.935143
133.319634 80.488771
133.319634 81.042399
