143.657520 73.451358
142.913892 73.451358
142.170264 74.194986
141.426636 74.194986
141.426636 74.938614
140.683008 74.938614
139.939380 75.682242
139.195752 76.425870
138.452124 76.425870
137.708496 77.169498
136.964868 77.169498
136.221240 77.169498
136.221240 77.913126
135.477612 77.913126
134.733984 78.656754
133.990356 78.656754
133.246728 78.656754
133.246728 79.400382
132.503100 79.400382
131.759472 79.400382
131.015844 80.144010
130.272215 80.144010
130.272215 80.887638
129.528587 80.887638
128.784959 81.631266
128.041331 81.631266
128.041331 82.374895
127.297703 82.374895
126.554075 83.118523
125.810447 83.862151
125.066819 84.605779
124.323191 85.349407
123.579563 86.093035
122.835935 86.836663
122.092307 87.580291
122.092307 88.323919
121.348679 89.067547
120.605051 89.811175
120.605051 90.554803
119.861423 91.298431
119.117795 92.042059
119.117795 92.785687
119.117795 93.529315
118.374167 94.272943
118.374167 95.016571
117.630539 95.760199
117.630539 96.503827
117.630539 97.247455
117.630539 97.991083
116.886911 98.734711
116.886911 99.478339
116.886911 100.221967
116.886911 100.965595
116.886911 101.709223
116.886911 102.452851
116.886911 103.196479
116.886911 103.940107
116.886911 104.683736
116.886911 105.427364
116.886911 106.170992
116.886911 106.914620
116.886911 107.658248
116.886911 108.401876
116.886911 109.145504
116.886911 109.889132
117.630539 110.632760
117.630539 111.376388
117.630539 112.120016
117.630539 112.863644
117.630539 113.607272
116.886911 114.350900
116.886911 115.094528
116.886911 115.838156
116.886911 116.581784
116.886911 117.325412
116.886911 118.069040
116.886911 118.812668
116.886911 119.556296
116.886911 120.299924
116.886911 121.043552
116.886911 121.787180
116.886911 122.530808
116.886911 123.274436
116.886911 124.018064
116.886911 124.761692
116.886911 125.505320
116.886911 126.248948
116.886911 126.992576
116.886911 127.736205
116.143283 128.479833
116.143283 129.223461
116.143283 129.967089
116.143283 130.710717
116.143283 131.454345
116.143283 132.197973
116.143283 132.941601
116.143283 133.685229
116.143283 134.428857
116.143283 135.172485
116.143283 135.916113
116.143283 136.659741
116.143283 137.403369
116.143283 138.146997
116.143283 138.890625
116.143283 139.634253
116.143283 140.377881
116.143283 141.121509
116.143283 141.865137
115.399655 142.608765
115.399655 143.352393
114.656027 144.096021
114.656027 144.839649
114.656027 145.583277
114.656027 146.326905
113.912399 147.070533
113.912399 147.814161
113.912399 148.557789
113.912399 149.301417
113.912399 150.045045
113.912399 150.788674
113.912399 151.532302
113.912399 152.275930
113.912399 153.019558
113.912399 153.763186
113.912399 154.506814
113.912399 155.250442
113.912399 155.994070
113.168771 156.737698
113.168771 157.481326
112.425143 158.224954
112.425143 158.968582
111.681515 158.968582
110.937887 159.712210
110.194259 159.712210
109.450631 159.712210
108.707003 160.455838
107.963375 160.455838
107.219746 160.455838
106.476118 161.199466
105.732490 161.199466
104.988862 161.199466
104.245234 161.199466
103.501606 161.943094
102.757978 161.943094
101.270722 161.943094
100.527094 162.686722
99.783466 162.686722
99.039838 162.686722
98.296210 162.686722
97.552582 162.686722
96.808954 162.686722
96.065326 162.686722
95.321698 162.686722
93.834442 162.686722
93.090814 162.686722
92.347186 162.686722
91.603558 162.686722
90.859930 161.943094
90.116302 161.943094
89.372674 161.943094
88.629046 161.199466
87.885418 161.199466
87.141790 160.455838
86.398162 160.455838
85.654534 160.455838
84.167277 159.712210
83.423649 159.712210
82.680021 159.712210
81.936393 158.968582
81.192765 158.968582
80.449137 158.224954
79.705509 158.224954
78.961881 158.224954
78.218253 157.481326
77.474625 157.481326
76.730997 156.737698
75.987369 156.737698
75.243741 156.737698
74.500113 155.994070
73.756485 155.994070
73.012857 155.994070
72.269229 155.250442
71.525601 155.250442
70.781973 154.506814
70.038345 154.506814
69.294717 153.763186
68.551089 153.019558
67.807461 153.019558
67.063833 152.275930
66.320205 152.275930
64.832949 151.532302
64.089321 150.788674
63.345693 150.788674
62.602065 150.045045
61.858436 150.045045
61.114808 149.301417
60.371180 149.301417
59.627552 148.557789
58.883924 147.814161
58.140296 147.814161
57.396668 147.070533
56.653040 146.326905
55.909412 145.583277
55.165784 144.839649
54.422156 144.096021
53.678528 143.352393
52.934900 142.608765
52.191272 141.865137
51.447644 141.121509
50.704016 140.377881
49.216760 139.634253
48.473132 138.890625
48.473132 138.146997
47.729504 137.403369
47.729504 136.659741
46.985876 135.916113
46.985876 135.172485
46.242248 134.428857
46.242248 133.685229
45.498620 132.197973
44.754992 131.454345
44.754992 130.710717
44.011364 129.967089
44.011364 129.223461
43.267736 128.479833
43.267736 127.736205
42.524108 126.992576
42.524108 126.248948
41.780480 125.505320
41.036852 124.761692
41.036852 124.018064
40.293224 122.530808
40.293224 121.787180
40.293224 121.043552
40.293224 120.299924
40.293224 119.556296
40.293224 118.812668
40.293224 118.069040
40.293224 117.325412
40.293224 116.581784
40.293224 115.838156
40.293224 115.094528
40.293224 114.350900
40.293224 113.607272
40.293224 112.863644
40.293224 112.120016
40.293224 111.376388
40.293224 110.632760
40.293224 109.889132
40.293224 109.145504
40.293224 108.401876
40.293224 107.658248
40.293224 106.914620
40.293224 106.170992
40.293224 105.427364
40.293224 104.683736
40.293224 103.940107
41.036852 103.196479
41.036852 102.452851
41.036852 100.965595
41.780480 100.221967
41.780480 99.478339
41.780480 97.991083
42.524108 97.247455
42.524108 96.503827
42.524108 95.760199
43.267736 94.272943
43.267736 93.529315
43.267736 92.785687
44.011364 92.042059
44.011364 90.554803
44.011364 89.811175
44.754992 89.067547
44.754992 87.580291
44.754992 86.836663
45.498620 86.093035
45.498620 85.349407
45.498620 83.862151
46.242248 83.118523
46.242248 82.374895
46.242248 80.887638
46.985876 80.144010
47.729504 79.400382
48.473132 78.656754
49.216760 77.913126
49.960388 77.169498
50.704016 76.425870
51.447644 75.682242
52.191272 74.938614
52.934900 74.194986
53.678528 73.451358
54.422156 71.964102
55.165784 71.220474
55.909412 70.476846
56.653040 69.733218
57.396668 68.989590
58.140296 68.245962
58.883924 67.502334
59.627552 66.758706
60.371180 66.015078
61.114808 65.271450
61.858436 64.527822
62.602065 63.784194
63.345693 63.040566
64.089321 63.040566
64.832949 62.296938
65.576577 61.553310
66.320205 60.809682
67.063833 60.809682
67.807461 60.066054
69.294717 59.322426
70.038345 59.322426
70.781973 58.578797
71.525601 57.835169
72.269229 57.091541
73.012857 57.091541
73.756485 56.347913
74.500113 55.604285
75.243741 55.604285
75.987369 54.860657
76.730997 54.117029
77.474625 53.373401
78.218253 53.373401
78.961881 52.629773
80.449137 51.886145
81.192765 51.886145
81.936393 51.142517
82.680021 50.398889
83.423649 50.398889
84.167277 49.655261
84.910906 49.655261
85.654534 48.911633
87.141790 48.168005
87.885418 48.168005
88.629046 47.424377
89.372674 47.424377
90.116302 46.680749
90.859930 45.937121
91.603558 45.937121
93.090814 45.193493
93.834442 45.193493
94.578070 44.449865
95.321698 43.706237
96.065326 43.706237
96.808954 42.962609
98.296210 42.962609
99.039838 42.218981
99.783466 42.218981
100.527094 42.218981
101.270722 41.475353
102.014350 41.475353
102.757978 41.475353
104.245234 40.731725
104.988862 40.731725
105.732490 40.731725
106.476118 39.988097
107.219746 39.988097
107.963375 39.988097
109.450631 39.244469
110.194259 39.244469
110.937887 39.244469
111.681515 38.500841
112.425143 38.500841
113.168771 38.500841
113.912399 38.500841
114.656027 38.500841
115.399655 38.500841
116.143283 38.500841
116.886911 38.500841
117.630539 38.500841
118.374167 38.500841
119.117795 38.500841
119.861423 38.500841
120.605051 38.500841
121.348679 38.500841
122.092307 38.500841
122.835935 37.757213
123.579563 37.757213
124.323191 37.757213
125.066819 37.757213
125.810447 37.757213
126.554075 37.757213
127.297703 37.757213
128.784959 37.757213
129.528587 37.757213
130.272215 37.757213
131.015844 37.757213
131.759472 37.757213
132.503100 37.757213
133.246728 37.757213
133.990356 37.757213
134.733984 37.757213
135.477612 38.500841
136.221240 38.500841
136.964868 39.244469
137.708496 39.988097
138.452124 39.988097
139.195752 40.731725
139.939380 41.475353
140.683008 41.475353
141.426636 42.218981
142.170264 42.962609
142.913892 43.706237
143.657520 44.449865
144.401148 45.193493
145.144776 45.937121
145.888404 46.680749
145.888404 47.424377
146.632032 48.168005
147.375660 48.911633
148.119288 49.655261
148.119288 50.398889
148.862916 51.142517
149.606544 51.886145
150.350172 52.629773
150.350172 53.373401
150.350172 54.117029
150.350172 54.860657
150.350172 55.604285
151.093800 56.347913
151.093800 57.091541
151.093800 57.835169
151.093800 58.578797
151.837428 59.322426
151.837428 60.066054
151.837428 60.809682
151.837428 61.553310
151.837428 62.296938
152.581056 63.040566
151.837428 63.784194
151.837428 64.527822
151.093800 65.271450
151.093800 66.015078
151.093800 66.758706
150.350172 67.502334
150.350172 68.245962
149.606544 68.989590
149.606544 69.733218
148.862916 70.476846
148.119288 70.476846
148.119288 71.220474
147.375660 71.220474
146.632032 71.220474
146.632032 71.964102
145.888404 71.964102
145.144776 71.964102
144.401148 72.707730
143.657520 72.707730
143.657520 73.451358
