123.856969 92.879869
123.856969 93.288972
123.856969 94.107177
123.856969 94.925383
123.856969 95.334486
123.856969 96.152691
123.856969 96.970897
123.856969 97.379999
123.447866 98.198205
123.447866 99.016411
123.447866 99.425513
123.447866 100.243719
123.447866 100.652822
123.038763 101.061924
123.038763 101.471027
122.629660 101.880130
122.629660 102.289233
122.220558 102.698335
121.811455 103.107438
121.402352 103.516541
121.402352 103.925644
120.993249 104.334746
120.993249 104.743849
120.584147 105.152952
120.175044 105.562055
120.175044 105.971157
119.765941 106.380260
119.765941 106.789363
119.356838 107.198466
119.356838 107.607569
118.947735 108.016671
118.947735 108.425774
118.538633 108.834877
118.538633 109.243980
118.129530 109.653082
118.129530 110.062185
118.129530 110.471288
117.720427 110.880391
117.720427 111.289493
117.311324 111.698596
117.311324 112.107699
117.311324 112.516802
116.902222 112.925904
116.902222 113.335007
116.902222 113.744110
116.902222 114.153213
116.493119 114.562316
116.493119 114.971418
116.493119 115.380521
116.084016 115.789624
116.084016 116.198727
116.084016 116.607829
116.084016 117.016932
116.084016 117.426035
115.674913 117.835138
115.674913 118.244240
115.674913 118.653343
115.674913 119.062446
115.674913 119.471549
115.674913 119.880651
115.265811 120.289754
115.265811 120.698857
115.265811 121.107960
115.265811 121.517063
115.265811 121.926165
115.265811 122.335268
115.265811 122.744371
115.265811 123.153474
115.265811 123.562576
115.265811 123.971679
115.265811 124.380782
115.265811 124.789885
115.265811 125.198987
115.265811 125.608090
115.265811 126.017193
115.265811 126.426296
115.265811 126.835398
115.265811 127.244501
115.265811 127.653604
115.265811 128.062707
115.265811 128.471809
115.265811 128.880912
115.265811 129.290015
115.265811 129.699118
115.265811 130.108221
115.265811 130.517323
115.265811 130.926426
115.674913 131.335529
115.674913 131.744632
115.674913 132.153734
115.674913 132.562837
115.674913 132.971940
115.674913 133.381043
115.674913 132.971940
115.674913 133.381043
115.674913 133.790145
116.084016 133.790145
116.084016 134.199248
116.084016 134.608351
116.084016 135.017454
116.084016 135.426556
116.493119 135.835659
116.493119 136.244762
116.493119 136.653865
116.902222 137.062968
116.902222 137.472070
116.902222 137.881173
116.902222 138.290276
116.902222 138.699379
117.311324 138.699379
117.311324 139.108481
117.311324 139.517584
117.720427 139.926687
117.720427 140.335790
117.720427 139.926687
117.720427 140.335790
117.720427 140.744892
118.129530 140.744892
118.129530 141.153995
118.129530 141.563098
118.538633 141.972201
118.538633 142.381303
118.947735 142.790406
118.947735 143.199509
119.356838 143.608612
119.356838 144.017715
119.356838 144.426817
119.765941 144.426817
119.765941 144.835920
119.765941 144.426817
119.765941 144.835920
120.175044 145.245023
120.175044 145.654126
120.584147 146.063228
120.993249 146.472331
120.993249 146.881434
120.993249 147.290537
120.993249 147.699639
120.993249 148.517845
120.993249 148.926948
120.993249 149.745153
120.993249 150.154256
120.993249 150.972462
120.993249 151.790667
120.993249 152.199770
120.993249 153.017975
120.993249 153.836181
120.993249 154.245284
120.993249 155.063489
120.584147 155.881695
120.175044 155.881695
119.765941 156.290797
119.356838 156.699900
118.947735 156.699900
118.538633 157.109003
118.129530 157.518106
117.720427 157.927208
117.311324 157.927208
116.902222 158.336311
116.493119 158.745414
116.084016 159.154517
115.674913 159.154517
115.265811 159.563620
114.856708 159.972722
114.447605 160.381825
114.038502 160.381825
113.629400 160.790928
112.811194 160.790928
112.402091 160.790928
111.992988 160.790928
111.583886 160.790928
111.174783 160.790928
110.765680 160.790928
110.356577 160.790928
109.538372 160.790928
109.129269 160.790928
108.720166 161.200031
108.311064 161.200031
107.901961 161.200031
107.492858 161.200031
107.083755 161.200031
106.265550 161.200031
105.856447 161.200031
105.447344 161.200031
105.038241 160.790928
104.629139 160.790928
104.220036 160.381825
103.810933 160.381825
103.401830 160.381825
102.992728 159.972722
102.583625 159.972722
102.174522 159.563620
101.765419 159.563620
101.356317 159.154517
100.947214 159.154517
100.538111 159.154517
100.129008 158.745414
99.719906 158.745414
99.310803 158.336311
98.901700 158.336311
98.492597 157.927208
98.083495 157.927208
97.674392 157.927208
97.265289 157.518106
96.856186 157.518106
96.447083 157.109003
96.037981 157.109003
95.628878 156.699900
94.810672 156.699900
94.401570 156.699900
93.992467 156.290797
93.583364 156.290797
93.174261 156.290797
92.765159 155.881695
92.356056 155.881695
91.946953 155.472592
91.537850 155.063489
91.128748 155.063489
90.719645 154.654386
90.310542 154.245284
89.901439 153.836181
89.492336 153.427078
89.083234 153.017975
88.674131 152.608873
88.265028 152.199770
87.855925 152.199770
87.446823 151.790667
87.037720 151.381564
86.628617 150.972462
86.219514 150.563359
85.810412 150.154256
85.401309 149.745153
84.992206 149.336050
84.583103 149.336050
84.174001 148.926948
83.764898 148.517845
83.355795 148.108742
82.946692 147.699639
82.537589 147.290537
82.128487 146.881434
81.719384 146.472331
81.310281 146.063228
80.901178 145.654126
80.492076 145.245023
80.082973 144.426817
79.673870 144.017715
79.673870 143.608612
79.264767 143.199509
78.855665 142.790406
78.446562 142.381303
78.037459 141.972201
77.628356 141.563098
77.219254 141.153995
76.810151 140.744892
76.401048 140.335790
75.991945 139.926687
75.582842 139.517584
75.173740 139.108481
75.173740 138.699379
74.764637 138.290276
74.355534 137.881173
73.946431 137.472070
73.946431 137.062968
73.537329 136.653865
73.128226 136.244762
73.128226 135.835659
72.719123 135.426556
72.719123 135.017454
72.719123 134.608351
72.719123 133.790145
72.310020 133.381043
72.310020 132.971940
72.310020 132.562837
72.310020 132.153734
72.310020 131.335529
72.310020 130.926426
72.310020 130.517323
71.900918 130.108221
71.900918 129.290015
71.900918 128.880912
71.900918 128.471809
71.900918 128.062707
71.900918 127.653604
71.900918 126.835398
71.491815 126.426296
71.491815 126.017193
71.491815 125.608090
71.491815 125.198987
71.491815 124.789885
71.900918 124.380782
71.900918 123.971679
71.900918 123.562576
71.900918 123.153474
71.900918 122.744371
72.310020 122.335268
72.719123 121.926165
72.719123 121.107960
73.128226 120.698857
73.537329 120.289754
73.537329 119.880651
73.946431 119.471549
74.355534 119.062446
74.355534 118.653343
74.764637 118.244240
75.173740 117.835138
75.173740 117.426035
75.582842 117.016932
75.991945 116.607829
76.401048 115.789624
76.401048 115.380521
76.810151 114.971418
77.219254 114.562316
77.219254 114.153213
77.628356 113.744110
78.037459 113.335007
78.446562 112.925904
78.855665 112.516802
79.264767 112.107699
79.673870 111.698596
80.082973 111.289493
80.492076 110.880391
80.901178 110.471288
81.310281 110.471288
81.719384 110.062185
82.128487 109.653082
82.537589 109.243980
82.946692 108.834877
83.355795 108.425774
83.764898 108.016671
84.174001 107.607569
84.583103 107.198466
85.401309 106.789363
85.810412 106.380260
86.219514 105.971157
86.628617 105.971157
87.037720 105.562055
87.446823 105.152952
87.855925 104.743849
88.265028 104.334746
88.674131 103.925644
89.083234 103.516541
89.492336 103.516541
89.901439 103.107438
90.310542 102.698335
90.719645 102.289233
91.128748 102.289233
91.537850 101.880130
91.946953 101.471027
92.356056 101.471027
92.765159 101.061924
93.174261 100.652822
93.583364 100.243719
93.992467 100.243719
94.810672 99.834616
95.219775 99.425513
95.628878 99.016411
96.037981 99.016411
96.447083 98.607308
96.856186 98.198205
97.265289 98.198205
97.674392 97.789102
98.083495 97.379999
98.492597 96.970897
98.901700 96.970897
99.310803 96.561794
99.719906 96.152691
100.129008 95.743588
100.538111 95.743588
100.947214 95.334486
101.356317 94.925383
101.765419 94.925383
102.583625 94.516280
102.992728 94.107177
103.401830 94.107177
103.810933 93.698075
104.220036 93.698075
104.629139 93.288972
105.038241 93.288972
105.856447 92.879869
106.265550 92.879869
106.674653 92.470766
107.083755 92.470766
107.492858 92.061664
107.901961 92.061664
108.311064 91.652561
108.720166 91.652561
109.538372 91.243458
109.947475 91.243458
110.356577 90.834355
110.765680 90.834355
111.174783 90.425252
111.583886 90.425252
111.992988 90.016150
112.811194 90.016150
113.220297 89.607047
113.629400 89.607047
114.038502 89.197944
114.447605 89.197944
114.856708 89.197944
115.265811 88.788841
115.674913 88.788841
116.084016 88.379739
116.493119 88.379739
116.902222 87.970636
117.311324 87.970636
117.720427 87.561533
118.129530 87.561533
118.538633 87.970636
119.356838 87.970636
119.765941 88.379739
120.175044 88.788841
120.584147 89.197944
120.993249 89.607047
121.402352 90.016150
121.811455 90.425252
122.220558 90.834355
122.629660 90.834355
123.038763 91.243458
123.447866 91.652561
123.856969 92.061664
123.856969 92.879869
