122.408246 108.114976
122.694538 108.401267
122.980829 108.687559
123.267121 108.973850
123.553412 109.260142
123.553412 109.546433
123.553412 110.119016
123.553412 110.405308
123.553412 110.977891
123.839704 111.264182
123.553412 111.550474
123.553412 111.836765
123.267121 112.123057
123.267121 112.409348
122.980829 112.695639
122.980829 112.981931
122.694538 113.268222
122.694538 113.554514
122.408246 113.840805
122.408246 114.127097
122.121955 114.413388
122.121955 114.699680
121.835663 114.985971
121.835663 115.272263
121.835663 115.558554
121.549372 115.844846
121.549372 116.131137
121.263080 116.417429
121.263080 116.703720
121.263080 116.990012
121.263080 117.276303
120.976789 117.562594
120.976789 117.848886
120.976789 118.135177
120.976789 118.421469
120.690497 118.707760
120.690497 118.994052
120.690497 119.280343
120.690497 119.566635
120.404206 119.852926
120.404206 120.139218
120.404206 120.425509
120.404206 120.711801
120.117915 120.998092
120.117915 121.284384
120.117915 121.570675
120.117915 121.856967
120.117915 122.143258
120.117915 122.429549
120.117915 122.715841
119.831623 123.002132
119.831623 123.288424
119.831623 123.574715
119.831623 123.861007
119.831623 124.147298
119.831623 124.433590
119.831623 124.719881
119.831623 125.006173
119.831623 125.292464
119.831623 125.578756
119.831623 125.865047
119.831623 126.151339
119.831623 126.437630
119.831623 126.723922
119.831623 127.010213
119.831623 127.296504
119.831623 127.582796
119.831623 127.869087
119.831623 127.582796
119.831623 127.869087
119.831623 128.155379
120.117915 128.441670
120.117915 128.727962
120.117915 129.014253
120.117915 129.300545
120.117915 129.586836
120.117915 129.873128
120.117915 130.159419
120.404206 130.445711
120.404206 130.732002
120.404206 131.018294
120.404206 131.304585
120.404206 131.590877
120.690497 131.590877
120.690497 131.877168
120.690497 132.163459
120.690497 132.449751
120.690497 132.736042
120.690497 133.022334
120.690497 133.308625
120.976789 133.594917
120.690497 133.594917
120.976789 133.594917
120.976789 133.881208
120.976789 134.167500
120.976789 134.453791
120.976789 134.740083
120.976789 135.026374
121.263080 135.026374
121.263080 135.312666
121.263080 135.598957
121.263080 135.885249
121.263080 136.171540
121.263080 136.457832
121.263080 136.744123
121.549372 137.030414
121.549372 137.316706
121.549372 137.602997
121.549372 137.889289
121.549372 138.175580
121.835663 138.175580
121.835663 138.461872
121.835663 138.748163
121.835663 139.034455
121.835663 139.320746
122.121955 139.320746
122.121955 139.607038
122.121955 139.893329
122.408246 139.893329
122.408246 140.179621
122.408246 140.465912
122.408246 140.752204
122.694538 140.752204
122.694538 141.038495
122.980829 141.324787
122.980829 141.611078
123.267121 141.897369
123.267121 142.183661
123.553412 142.469952
123.553412 142.756244
123.839704 143.042535
123.839704 143.328827
124.125995 143.615118
124.412287 143.901410
124.412287 144.187701
124.698578 144.473993
124.984870 144.760284
124.984870 145.046576
125.271161 145.046576
125.271161 145.332867
125.557452 145.619159
125.557452 145.905450
125.843744 145.905450
126.130035 146.191742
126.416327 146.478033
126.702618 146.764324
126.988910 147.050616
127.275201 147.336907
127.275201 147.623199
127.275201 148.195782
127.275201 148.482073
127.275201 149.054656
127.275201 149.340948
127.275201 149.627239
127.275201 150.199822
127.275201 150.486114
127.275201 150.772405
127.275201 151.058697
127.275201 151.631279
127.275201 151.917571
127.275201 152.203862
127.275201 152.490154
127.275201 152.776445
127.275201 153.062737
127.275201 153.349028
127.275201 153.921611
127.275201 154.207903
127.275201 154.494194
127.275201 154.780486
127.275201 155.066777
127.275201 155.353069
127.275201 155.639360
126.702618 155.925652
126.416327 155.925652
126.130035 155.925652
125.843744 156.211943
125.271161 156.211943
124.984870 156.211943
124.698578 156.498235
124.412287 156.498235
123.839704 156.498235
123.553412 156.784526
123.267121 156.784526
122.980829 156.784526
122.408246 156.784526
122.121955 157.070817
121.835663 157.070817
121.549372 157.070817
121.263080 157.357109
120.690497 157.357109
120.404206 157.357109
120.117915 157.643400
119.831623 157.643400
119.259040 157.643400
118.972749 157.929692
118.686457 157.929692
118.400166 157.929692
118.113874 157.929692
117.827583 157.929692
117.541291 157.929692
117.255000 157.929692
116.682417 157.929692
116.396125 157.929692
116.109834 157.929692
115.823542 157.929692
115.537251 157.929692
115.250960 157.643400
114.964668 157.643400
114.678377 157.357109
114.105794 157.357109
113.819502 157.070817
113.533211 157.070817
113.246919 156.784526
112.960628 156.784526
112.674336 156.498235
112.388045 156.498235
111.815462 156.498235
111.529170 156.211943
111.242879 156.211943
110.956587 155.925652
110.670296 155.925652
110.384005 155.639360
109.811422 155.639360
109.525130 155.353069
109.238839 155.353069
108.952547 155.066777
108.666256 155.066777
108.379964 154.780486
107.807381 154.780486
107.521090 154.494194
107.234798 154.494194
106.948507 154.494194
106.662215 154.207903
106.375924 154.207903
106.089632 153.921611
105.517050 153.921611
105.230758 153.635320
104.944467 153.635320
104.658175 153.349028
104.371884 153.349028
104.085592 153.062737
103.799301 152.776445
103.513009 152.490154
103.226718 152.490154
102.940426 152.203862
102.654135 151.917571
102.367843 151.631279
102.081552 151.344988
101.795260 151.344988
101.508969 151.058697
101.222677 150.772405
100.936386 150.486114
100.650095 150.199822
100.363803 150.199822
100.077512 149.913531
99.791220 149.627239
99.504929 149.340948
99.218637 149.340948
98.932346 149.054656
98.646054 148.768365
98.359763 148.482073
98.073471 148.482073
97.787180 148.195782
97.500888 147.909490
97.214597 147.623199
96.928305 147.336907
96.642014 147.336907
96.355722 147.050616
96.069431 146.764324
95.783140 146.478033
95.496848 146.478033
95.210557 146.191742
95.210557 145.905450
94.924265 145.332867
94.637974 145.046576
94.637974 144.760284
94.351682 144.473993
94.351682 144.187701
94.065391 143.901410
94.065391 143.615118
93.779099 143.328827
93.779099 143.042535
93.779099 142.756244
93.492808 142.469952
93.492808 142.183661
93.492808 141.897369
93.492808 141.611078
93.492808 141.324787
93.492808 141.038495
93.206516 140.752204
93.206516 140.465912
93.206516 140.179621
93.206516 139.893329
93.206516 139.607038
93.206516 139.320746
93.206516 139.034455
92.920225 138.748163
92.920225 138.461872
92.920225 138.175580
92.920225 137.889289
92.920225 137.602997
92.920225 137.316706
92.633933 137.030414
92.633933 136.744123
92.633933 136.457832
92.633933 136.171540
92.633933 135.885249
92.633933 135.598957
92.633933 135.312666
92.633933 135.026374
92.633933 134.740083
92.633933 134.453791
92.633933 134.167500
92.633933 133.881208
92.633933 133.308625
92.633933 133.022334
92.633933 132.736042
92.920225 132.449751
92.920225 132.163459
93.206516 131.877168
93.206516 131.590877
93.206516 131.018294
93.492808 130.732002
93.492808 130.445711
93.779099 130.159419
93.779099 129.873128
94.065391 129.586836
94.065391 129.014253
94.351682 128.727962
94.351682 128.441670
94.637974 128.155379
94.637974 127.869087
94.924265 127.582796
94.924265 127.010213
94.924265 126.723922
95.210557 126.437630
95.210557 126.151339
95.496848 125.865047
95.496848 125.578756
95.783140 125.292464
95.783140 124.719881
96.069431 124.433590
96.355722 124.147298
96.355722 123.861007
96.642014 123.574715
96.928305 123.288424
97.214597 123.002132
97.214597 122.715841
97.500888 122.429549
97.787180 122.143258
98.073471 121.856967
98.359763 121.284384
98.646054 120.998092
98.932346 120.711801
98.932346 120.425509
99.218637 119.852926
99.504929 119.566635
99.791220 119.280343
100.077512 118.994052
100.363803 118.421469
100.650095 118.135177
100.650095 117.848886
100.936386 117.562594
101.222677 116.990012
101.508969 116.703720
101.795260 116.417429
102.081552 116.131137
102.367843 115.844846
102.367843 115.272263
102.654135 114.985971
102.940426 114.699680
103.226718 114.413388
103.513009 113.840805
103.799301 113.554514
104.085592 113.554514
104.658175 113.268222
104.944467 113.268222
105.230758 112.981931
105.803341 112.981931
106.089632 112.695639
106.375924 112.695639
106.948507 112.409348
107.234798 112.409348
107.521090 112.409348
108.093673 112.123057
108.379964 112.123057
108.666256 111.836765
108.952547 111.836765
109.525130 111.550474
109.811422 111.550474
110.097713 111.264182
110.670296 111.264182
110.956587 110.977891
111.242879 110.977891
111.815462 110.691599
112.101753 110.691599
112.388045 110.691599
112.960628 110.405308
113.246919 110.405308
113.533211 110.119016
114.105794 110.119016
114.392085 109.832725
114.678377 109.832725
114.964668 109.546433
115.537251 109.546433
115.823542 109.260142
116.109834 109.260142
116.682417 108.973850
116.968708 108.973850
117.255000 108.973850
117.827583 108.687559
118.113874 108.687559
118.400166 108.401267
118.972749 108.401267
119.259040 108.114976
119.545332 108.114976
120.117915 107.828684
120.404206 107.828684
120.690497 107.542393
120.976789 107.542393
121.263080 107.828684
121.549372 107.828684
121.835663 108.114976
122.121955 108.114976
122.408246 108.114976
