142.100374 73.042284
142.100374 73.647793
141.494864 74.253302
141.494864 75.464321
140.889355 76.069830
140.283846 76.675339
140.283846 77.280848
139.678337 77.886357
139.072828 78.491866
139.072828 79.097375
138.467319 80.308394
137.861809 80.913903
137.861809 82.124921
137.861809 82.730430
137.861809 83.335940
137.256300 84.546958
136.650791 84.546958
136.650791 85.152467
136.045282 85.152467
135.439773 85.152467
134.834264 85.152467
134.834264 85.757976
134.228755 85.757976
133.623245 86.363485
133.017736 86.363485
133.017736 86.968994
132.412227 86.968994
131.806718 87.574504
131.201209 87.574504
130.595700 88.180013
129.990191 88.180013
129.990191 88.785522
129.384681 88.785522
128.779172 89.391031
128.173663 89.996540
127.568154 90.602049
126.962645 90.602049
126.962645 91.207558
126.357136 91.813068
125.751626 92.418577
125.146117 93.024086
124.540608 93.024086
124.540608 93.629595
123.935099 94.235104
123.329590 94.840613
122.724081 95.446123
122.118572 96.051632
121.513062 96.657141
120.907553 97.262650
120.302044 97.868159
120.302044 98.473668
119.696535 99.079177
119.091026 99.684687
119.091026 100.290196
118.485517 100.895705
118.485517 101.501214
117.880008 102.106723
117.274498 102.712232
117.274498 103.317741
116.668989 103.923251
116.668989 104.528760
116.668989 105.134269
116.063480 105.739778
116.063480 106.345287
115.457971 106.950796
115.457971 107.556305
115.457971 108.161815
114.852462 108.767324
114.852462 109.372833
114.852462 109.978342
114.852462 110.583851
114.246953 111.189360
114.246953 111.794870
114.246953 112.400379
114.246953 113.005888
114.246953 113.611397
113.641444 114.216906
113.641444 114.822415
113.641444 115.427924
113.641444 116.033434
113.641444 116.638943
113.641444 117.244452
113.641444 117.849961
113.641444 118.455470
113.641444 119.060979
113.641444 119.666488
113.641444 120.271998
113.641444 120.877507
113.641444 121.483016
113.641444 122.088525
113.641444 122.694034
113.641444 123.299543
113.641444 123.905053
113.641444 124.510562
113.641444 125.116071
113.641444 125.721580
113.641444 126.327089
113.641444 126.932598
113.641444 127.538107
113.641444 128.143617
113.641444 128.749126
113.641444 129.354635
113.641444 129.960144
113.641444 130.565653
113.641444 131.171162
113.641444 131.776671
113.641444 132.382181
113.641444 132.987690
114.246953 133.593199
114.246953 134.198708
114.246953 134.804217
114.246953 135.409726
114.246953 136.015235
114.852462 136.620745
114.852462 137.226254
114.852462 137.831763
114.852462 138.437272
114.852462 139.042781
115.457971 139.042781
115.457971 139.648290
115.457971 140.253800
115.457971 140.859309
116.063480 140.859309
116.063480 141.464818
116.063480 142.070327
116.668989 142.070327
116.668989 142.675836
116.668989 143.281345
117.274498 143.886854
117.274498 144.492364
117.880008 145.097873
117.880008 145.703382
118.485517 146.308891
118.485517 146.914400
118.485517 147.519909
118.485517 148.125418
118.485517 148.730928
118.485517 149.336437
119.091026 149.941946
119.091026 150.547455
119.091026 151.152964
119.091026 151.758473
119.091026 152.363982
119.696535 152.363982
119.696535 152.969492
119.696535 153.575001
120.302044 153.575001
120.302044 154.180510
120.907553 154.786019
120.907553 155.391528
121.513062 155.391528
121.513062 155.997037
121.513062 156.602547
122.118572 156.602547
122.118572 157.208056
122.724081 157.208056
122.724081 157.813565
123.329590 158.419074
123.329590 159.024583
123.329590 159.630092
123.329590 160.841111
123.329590 161.446620
122.724081 162.052129
122.724081 162.657638
122.118572 163.263147
122.118572 163.868656
121.513062 164.474165
120.907553 165.079675
120.907553 165.685184
120.302044 166.290693
119.696535 167.501711
119.696535 168.107220
119.091026 168.712730
118.485517 168.712730
117.880008 168.712730
117.274498 168.712730
116.668989 168.712730
116.063480 168.712730
115.457971 168.712730
114.852462 168.712730
114.246953 168.712730
113.641444 168.712730
113.035934 168.712730
112.430425 168.712730
111.824916 168.712730
111.219407 168.712730
110.613898 168.712730
110.008389 168.712730
109.402879 168.712730
108.797370 168.712730
108.191861 168.712730
107.586352 168.712730
106.980843 168.712730
106.375334 168.712730
105.769825 168.712730
105.164315 168.712730
104.558806 168.712730
103.953297 168.712730
103.347788 168.107220
102.742279 168.107220
101.531261 168.107220
100.925751 168.107220
100.320242 168.107220
99.714733 167.501711
99.109224 167.501711
98.503715 167.501711
97.898206 167.501711
97.292697 167.501711
96.687187 167.501711
96.081678 166.896202
95.476169 166.896202
94.870660 166.896202
94.265151 166.896202
93.659642 166.896202
93.054132 166.290693
92.448623 166.290693
91.843114 166.290693
90.632096 166.290693
90.026587 165.685184
89.421078 165.079675
88.815568 165.079675
88.210059 164.474165
87.604550 163.868656
86.999041 163.263147
86.393532 162.657638
85.788023 162.657638
85.182514 162.052129
84.577004 161.446620
83.971495 160.841111
83.365986 160.235601
82.760477 159.630092
81.549459 159.630092
80.943949 159.024583
80.338440 158.419074
79.732931 157.813565
79.127422 157.208056
78.521913 156.602547
77.916404 156.602547
77.310895 155.997037
76.705385 155.391528
76.099876 154.786019
74.888858 154.180510
74.283349 154.180510
73.677840 153.575001
73.072331 153.575001
72.466821 152.969492
71.861312 152.363982
71.255803 152.363982
70.650294 151.758473
70.044785 151.152964
69.439276 151.152964
68.833767 150.547455
68.228257 149.941946
67.622748 149.941946
67.017239 149.336437
66.411730 148.730928
65.806221 148.730928
65.200712 148.125418
64.595202 148.125418
63.989693 147.519909
63.384184 146.914400
62.778675 146.308891
62.778675 145.703382
62.173166 145.097873
61.567657 144.492364
60.962148 143.886854
60.356638 143.281345
59.751129 142.675836
59.751129 142.070327
59.145620 141.464818
58.540111 140.859309
57.934602 140.253800
57.934602 139.042781
57.934602 138.437272
57.934602 137.831763
57.934602 137.226254
57.934602 136.620745
57.934602 136.015235
57.934602 135.409726
57.934602 134.198708
57.934602 133.593199
57.934602 132.987690
57.934602 132.382181
57.934602 131.776671
57.934602 131.171162
57.934602 129.960144
57.934602 129.354635
58.540111 128.749126
58.540111 128.143617
58.540111 127.538107
58.540111 126.932598
59.145620 126.327089
59.145620 125.116071
59.145620 124.510562
59.751129 123.905053
59.751129 123.299543
60.356638 122.694034
60.356638 122.088525
60.962148 120.877507
60.962148 120.271998
60.962148 119.666488
61.567657 119.060979
61.567657 118.455470
62.173166 117.849961
62.173166 116.638943
62.173166 116.033434
62.778675 115.427924
62.778675 114.822415
63.384184 114.216906
63.384184 113.611397
63.384184 112.400379
63.989693 111.794870
63.989693 111.189360
64.595202 110.583851
64.595202 109.978342
65.200712 109.372833
65.200712 108.767324
65.806221 108.161815
65.806221 106.950796
66.411730 106.345287
66.411730 105.739778
67.017239 105.134269
67.017239 104.528760
67.622748 103.923251
68.228257 103.317741
68.228257 102.712232
68.833767 102.106723
68.833767 101.501214
69.439276 100.290196
69.439276 99.684687
70.044785 99.079177
70.044785 98.473668
70.650294 97.868159
70.650294 97.262650
71.255803 96.657141
71.861312 96.051632
71.861312 95.446123
72.466821 94.840613
72.466821 94.235104
73.072331 93.024086
73.677840 92.418577
73.677840 91.813068
74.283349 91.207558
74.888858 90.602049
75.494367 89.996540
76.099876 89.391031
76.099876 88.785522
76.705385 88.180013
77.310895 87.574504
77.916404 86.968994
77.916404 86.363485
78.521913 85.757976
79.127422 85.152467
79.732931 84.546958
79.732931 83.941449
80.338440 83.335940
80.943949 82.730430
81.549459 82.124921
81.549459 81.519412
82.154968 80.913903
82.760477 80.308394
83.365986 79.702885
83.971495 79.097375
83.971495 78.491866
85.182514 77.886357
85.788023 77.280848
86.393532 77.280848
86.999041 76.675339
87.604550 76.069830
88.210059 76.069830
88.815568 75.464321
89.421078 74.858811
90.026587 74.253302
90.632096 74.253302
91.237605 73.647793
91.843114 73.042284
92.448623 73.042284
93.054132 72.436775
93.659642 71.831266
94.265151 71.831266
95.476169 71.225757
96.081678 70.620247
96.687187 70.014738
97.292697 70.014738
97.898206 69.409229
98.503715 68.803720
99.109224 68.803720
99.714733 68.198211
100.320242 67.592702
100.925751 67.592702
101.531261 67.592702
102.742279 66.987193
103.347788 66.987193
103.953297 66.987193
104.558806 66.987193
105.769825 66.381683
106.375334 66.381683
106.980843 66.381683
107.586352 66.381683
108.797370 65.776174
109.402879 65.776174
110.008389 65.776174
110.613898 65.170665
111.219407 65.170665
112.430425 65.170665
113.035934 65.170665
113.641444 64.565156
114.246953 64.565156
115.457971 64.565156
116.063480 64.565156
116.668989 63.959647
117.274498 63.959647
117.880008 63.959647
118.485517 63.959647
119.091026 63.959647
119.696535 63.959647
120.302044 63.959647
120.907553 64.565156
121.513062 64.565156
122.118572 64.565156
122.724081 64.565156
123.329590 64.565156
123.935099 64.565156
124.540608 64.565156
125.146117 65.170665
125.751626 65.170665
126.357136 65.170665
126.962645 65.170665
127.568154 65.170665
128.173663 65.170665
128.779172 65.170665
129.384681 65.776174
129.990191 65.776174
130.595700 65.776174
131.201209 65.776174
131.806718 65.776174
132.412227 65.776174
133.017736 66.381683
133.623245 66.381683
134.228755 66.987193
135.439773 66.987193
136.045282 67.592702
136.650791 68.198211
137.256300 68.803720
137.861809 68.803720
138.467319 69.409229
139.072828 70.014738
139.678337 70.620247
140.283846 70.620247
140.889355 71.225757
141.494864 71.831266
142.100374 72.436775
142.100374 73.042284
