191.354690 117.678962
190.601008 118.432644
189.847326 118.432644
188.339961 118.432644
187.586278 117.678962
186.832596 116.925280
186.078913 116.171597
185.325231 115.417915
184.571549 115.417915
183.817866 114.664232
183.064184 113.910550
182.310501 113.910550
181.556819 113.156868
180.803137 112.403185
180.049454 112.403185
179.295772 111.649503
178.542089 111.649503
177.788407 110.895820
177.034725 110.142138
176.281042 110.142138
175.527360 109.388455
174.773677 109.388455
174.019995 108.634773
173.266312 108.634773
172.512630 108.634773
171.758948 107.881091
171.005265 107.881091
170.251583 107.127408
169.497900 107.127408
168.744218 107.127408
167.990536 106.373726
167.236853 106.373726
166.483171 106.373726
165.729488 106.373726
164.975806 106.373726
164.222124 105.620043
163.468441 105.620043
162.714759 105.620043
161.961076 105.620043
161.207394 105.620043
160.453712 105.620043
159.700029 105.620043
158.946347 104.866361
158.192664 104.866361
157.438982 104.866361
156.685299 104.866361
155.931617 104.866361
155.177935 104.866361
154.424252 104.866361
153.670570 104.866361
152.916887 104.866361
152.163205 104.866361
151.409523 104.866361
150.655840 104.866361
149.902158 104.866361
149.148475 104.866361
148.394793 104.866361
147.641111 104.866361
146.887428 104.866361
146.887428 105.620043
146.133746 105.620043
145.380063 105.620043
144.626381 105.620043
143.872698 105.620043
143.119016 105.620043
142.365334 105.620043
141.611651 106.373726
140.857969 106.373726
140.104286 106.373726
139.350604 106.373726
138.596922 106.373726
137.843239 107.127408
137.089557 107.127408
136.335874 107.127408
135.582192 107.127408
135.582192 107.881091
134.828510 107.881091
134.074827 107.881091
134.074827 108.634773
133.321145 108.634773
132.567462 108.634773
131.813780 108.634773
131.813780 109.388455
131.060097 109.388455
130.306415 110.142138
129.552733 110.142138
128.799050 110.142138
128.045368 110.895820
127.291685 110.895820
126.538003 110.895820
126.538003 111.649503
125.784321 111.649503
125.030638 112.403185
124.276956 112.403185
123.523273 112.403185
123.523273 113.156868
122.769591 113.910550
122.015909 113.910550
121.262226 114.664232
120.508544 115.417915
119.754861 115.417915
119.001179 116.171597
118.247497 116.171597
118.247497 116.925280
117.493814 117.678962
116.740132 117.678962
115.986449 118.432644
115.232767 118.432644
115.232767 119.186327
114.479084 119.186327
113.725402 119.940009
112.971720 120.693692
112.218037 120.693692
112.218037 121.447374
111.464355 122.201056
110.710672 122.201056
110.710672 122.954739
109.956990 123.708421
109.203308 124.462104
108.449625 124.462104
108.449625 125.215786
107.695943 125.969469
106.942260 126.723151
106.188578 127.476833
105.434896 128.230516
105.434896 128.984198
104.681213 129.737881
103.927531 130.491563
103.927531 131.245245
103.173848 131.998928
102.420166 132.752610
102.420166 133.506293
101.666483 134.259975
101.666483 135.013657
100.912801 135.767340
100.912801 136.521022
100.912801 137.274705
100.159119 138.028387
100.159119 138.782069
99.405436 139.535752
99.405436 140.289434
99.405436 141.043117
98.651754 141.796799
98.651754 142.550482
98.651754 143.304164
98.651754 144.057846
98.651754 144.811529
97.898071 145.565211
97.898071 146.318894
97.898071 147.072576
96.390707 147.072576
95.637024 147.072576
94.883342 147.826258
93.375977 147.826258
92.622295 148.579941
91.114930 148.579941
90.361247 149.333623
89.607565 148.579941
88.853882 147.826258
88.100200 147.072576
87.346518 146.318894
86.592835 146.318894
85.085470 145.565211
84.331788 144.811529
83.578106 144.057846
82.824423 144.057846
82.070741 143.304164
81.317058 142.550482
80.563376 141.796799
79.809694 141.043117
79.056011 140.289434
79.056011 139.535752
78.302329 138.782069
77.548646 138.028387
77.548646 137.274705
76.794964 135.767340
76.794964 135.013657
76.041282 134.259975
75.287599 133.506293
75.287599 132.752610
74.533917 131.998928
74.533917 131.245245
73.780234 130.491563
73.026552 129.737881
73.026552 128.230516
72.272869 127.476833
72.272869 126.723151
71.519187 125.969469
70.765505 125.215786
70.765505 124.462104
70.011822 123.708421
70.011822 122.954739
69.258140 121.447374
69.258140 120.693692
68.504457 119.940009
67.750775 119.186327
67.750775 118.432644
66.997093 117.678962
66.997093 116.925280
66.243410 116.171597
65.489728 114.664232
65.489728 113.910550
64.736045 113.156868
64.736045 112.403185
64.736045 111.649503
63.982363 110.895820
63.982363 109.388455
63.228681 108.634773
63.228681 107.881091
63.228681 107.127408
62.474998 105.620043
62.474998 104.866361
61.721316 104.112679
61.721316 103.358996
61.721316 101.851631
60.967633 101.097949
60.967633 100.344267
60.967633 99.590584
60.213951 98.836902
60.213951 97.329537
59.460268 96.575854
59.460268 95.822172
59.460268 95.068490
58.706586 93.561125
58.706586 92.807442
58.706586 92.053760
57.952904 91.300078
57.952904 90.546395
57.952904 89.792713
57.952904 88.285348
57.952904 87.531666
57.952904 86.777983
58.706586 86.024301
58.706586 85.270618
58.706586 84.516936
58.706586 83.763254
58.706586 83.009571
58.706586 82.255889
58.706586 81.502206
58.706586 80.748524
59.460268 79.994841
59.460268 79.241159
59.460268 78.487477
59.460268 77.733794
59.460268 76.980112
60.213951 75.472747
60.967633 74.719065
61.721316 73.965382
62.474998 73.211700
63.228681 72.458017
63.982363 71.704335
64.736045 70.950653
65.489728 70.196970
65.489728 69.443288
66.243410 68.689605
66.997093 67.935923
68.504457 67.935923
69.258140 67.182240
70.011822 66.428558
70.765505 66.428558
71.519187 65.674876
72.272869 65.674876
73.026552 64.921193
73.780234 64.921193
74.533917 64.167511
75.287599 63.413828
76.041282 63.413828
76.794964 62.660146
77.548646 62.660146
78.302329 61.906464
79.056011 61.152781
79.809694 61.152781
80.563376 60.399099
81.317058 60.399099
82.070741 59.645416
82.824423 59.645416
83.578106 59.645416
84.331788 59.645416
85.839153 59.645416
86.592835 59.645416
87.346518 58.891734
88.100200 58.891734
88.853882 58.891734
89.607565 58.891734
90.361247 58.891734
91.868612 58.891734
92.622295 58.891734
93.375977 58.138052
94.129659 58.138052
94.883342 58.138052
95.637024 58.138052
96.390707 58.138052
97.898071 58.138052
98.651754 58.138052
99.405436 58.138052
100.159119 58.138052
100.912801 58.138052
102.420166 58.138052
103.173848 58.138052
103.927531 58.138052
104.681213 58.138052
106.188578 58.138052
106.942260 58.138052
107.695943 58.138052
109.203308 58.138052
109.956990 58.138052
110.710672 58.891734
111.464355 58.891734
112.971720 58.891734
113.725402 58.891734
114.479084 58.891734
115.232767 58.891734
116.740132 58.891734
117.493814 58.891734
118.247497 58.891734
119.001179 58.891734
120.508544 58.891734
121.262226 59.645416
122.015909 59.645416
122.769591 59.645416
124.276956 59.645416
125.030638 59.645416
125.784321 59.645416
126.538003 59.645416
128.045368 59.645416
128.799050 59.645416
129.552733 59.645416
130.306415 60.399099
131.060097 60.399099
132.567462 60.399099
133.321145 61.152781
134.074827 61.152781
134.828510 61.152781
135.582192 61.152781
136.335874 61.906464
137.089557 61.906464
137.843239 61.906464
138.596922 62.660146
139.350604 62.660146
140.857969 62.660146
141.611651 63.413828
142.365334 63.413828
143.119016 63.413828
143.872698 64.167511
144.626381 64.167511
145.380063 64.167511
146.133746 64.921193
146.887428 64.921193
147.641111 64.921193
149.148475 65.674876
149.902158 65.674876
150.655840 65.674876
151.409523 66.428558
152.163205 66.428558
152.916887 66.428558
153.670570 67.182240
154.424252 67.182240
155.177935 67.182240
155.931617 67.935923
157.438982 67.935923
158.192664 67.935923
158.946347 68.689605
159.700029 68.689605
160.453712 68.689605
161.207394 69.443288
161.961076 69.443288
162.714759 70.196970
163.468441 70.196970
164.975806 70.196970
165.729488 70.950653
166.483171 70.950653
167.236853 70.950653
167.990536 71.704335
168.744218 71.704335
169.497900 71.704335
170.251583 72.458017
171.005265 72.458017
172.512630 72.458017
173.266312 73.211700
174.019995 73.211700
174.773677 73.211700
175.527360 73.965382
176.281042 73.965382
177.034725 74.719065
177.788407 74.719065
179.295772 74.719065
180.049454 75.472747
180.803137 76.226429
181.556819 76.980112
182.310501 77.733794
183.064184 77.733794
183.817866 78.487477
184.571549 79.241159
185.325231 79.994841
186.078913 80.748524
186.832596 81.502206
187.586278 81.502206
188.339961 82.255889
189.093643 83.009571
189.847326 83.763254
190.601008 84.516936
191.354690 85.270618
192.108373 86.024301
193.615738 86.777983
194.369420 87.531666
195.123102 88.285348
195.876785 89.039030
196.630467 89.792713
197.384150 90.546395
198.137832 91.300078
198.891514 92.807442
200.398879 93.561125
201.152562 94.314807
201.906244 95.068490
201.906244 95.822172
201.152562 96.575854
201.152562 97.329537
201.152562 98.083219
201.152562 98.836902
201.152562 99.590584
201.152562 100.344267
201.152562 101.097949
201.152562 101.851631
201.152562 103.358996
201.152562 104.112679
201.152562 104.866361
201.152562 105.620043
201.152562 106.373726
200.398879 107.127408
200.398879 107.881091
199.645197 108.634773
199.645197 109.388455
198.891514 110.142138
198.891514 110.895820
198.137832 112.403185
198.137832 113.156868
197.384150 113.910550
197.384150 114.664232
197.384150 115.417915
196.630467 115.417915
195.876785 115.417915
195.123102 115.417915
195.123102 116.171597
194.369420 116.171597
193.615738 116.925280
192.862055 116.925280
192.108373 116.925280
191.354690 117.678962
