154.088900 97.905384
154.088900 98.302985
153.691298 98.700587
153.691298 99.098188
153.691298 99.495789
153.293697 99.893391
153.293697 100.290992
152.896096 100.290992
152.498495 100.290992
152.100893 100.290992
151.703292 100.290992
151.305691 100.290992
150.908089 100.290992
150.510488 100.290992
150.112887 100.290992
149.715286 100.290992
150.112887 100.290992
149.715286 100.290992
149.317684 100.290992
148.920083 100.290992
148.522482 100.290992
148.124880 100.290992
147.727279 100.290992
147.329678 100.290992
146.932077 100.290992
146.534475 100.290992
146.136874 100.290992
145.739273 100.290992
145.341671 100.290992
144.944070 100.290992
144.546469 100.290992
144.148868 100.290992
143.751266 100.290992
143.353665 100.290992
142.956064 100.290992
142.558462 100.290992
142.160861 100.290992
141.763260 100.290992
141.365659 100.290992
140.968057 100.290992
140.570456 100.290992
140.172855 100.290992
139.775254 100.290992
139.377652 100.290992
138.980051 100.688593
138.582450 100.688593
138.184848 100.688593
137.787247 100.688593
137.389646 100.688593
136.992045 100.688593
136.594443 100.688593
136.196842 101.086194
135.799241 101.086194
135.401639 101.086194
135.004038 101.086194
134.606437 101.086194
134.208836 101.086194
134.208836 101.483796
133.811234 101.483796
133.413633 101.483796
133.016032 101.483796
132.618430 101.881397
132.220829 101.881397
131.823228 101.881397
131.425627 101.881397
131.028025 101.881397
131.028025 102.278998
130.630424 102.278998
130.232823 102.278998
129.835221 102.676600
129.437620 102.676600
129.040019 102.676600
128.642418 103.074201
128.244816 103.074201
127.847215 103.074201
127.449614 103.471802
127.052012 103.471802
126.654411 103.471802
126.654411 103.869403
126.256810 103.869403
125.859209 103.869403
125.859209 104.267005
125.461607 104.267005
125.064006 104.267005
124.666405 104.267005
124.666405 104.664606
124.268804 104.664606
123.871202 105.062207
123.473601 105.062207
123.076000 105.459809
122.678398 105.459809
122.280797 105.459809
122.280797 105.857410
121.883196 106.255011
121.485595 106.255011
121.087993 106.255011
121.087993 106.652612
120.690392 106.652612
120.292791 107.050214
119.895189 107.050214
119.895189 107.447815
119.497588 107.447815
119.099987 107.845416
118.702386 108.243018
118.304784 108.243018
117.907183 108.243018
117.907183 108.640619
117.509582 108.640619
117.509582 109.038220
117.111980 109.038220
116.714379 109.435821
116.316778 109.435821
116.316778 109.833423
115.919177 110.231024
115.521575 110.231024
115.521575 110.628625
115.123974 110.628625
114.726373 111.026226
114.328771 111.026226
114.328771 111.423828
113.931170 111.821429
113.533569 112.219030
113.135968 112.616632
112.738366 113.014233
112.340765 113.411834
111.943164 113.809435
111.545562 114.207037
111.147961 114.604638
110.750360 115.002239
110.352759 115.399841
109.955157 115.797442
109.557556 116.195043
109.159955 116.592644
109.159955 116.990246
108.762354 117.387847
108.364752 117.785448
107.967151 118.183050
107.569550 118.580651
107.569550 118.978252
107.171948 119.375853
106.774347 119.773455
106.774347 120.171056
106.376746 120.568657
105.979145 120.966259
105.979145 121.363860
105.581543 121.761461
105.183942 122.159062
105.183942 122.556664
104.786341 122.954265
104.786341 123.351866
104.388739 123.749468
103.991138 124.147069
103.991138 124.544670
103.593537 124.942271
103.593537 125.339873
103.195936 125.737474
103.195936 126.135075
102.798334 126.532676
102.798334 126.930278
102.798334 127.327879
102.400733 127.725480
102.400733 128.123082
102.003132 128.520683
102.003132 128.918284
101.605530 129.315885
101.605530 129.713487
101.605530 130.111088
101.207929 130.508689
101.207929 130.906291
101.207929 131.303892
100.810328 131.701493
100.810328 132.099094
100.810328 132.496696
100.412727 132.894297
100.412727 133.291898
100.412727 133.689500
100.015125 133.689500
99.617524 133.689500
99.219923 134.087101
99.219923 133.689500
98.822321 133.291898
98.424720 132.894297
98.027119 132.496696
97.629518 132.099094
97.231916 132.099094
96.834315 131.701493
96.039112 131.303892
95.641511 130.906291
95.243910 130.508689
94.846309 130.111088
94.448707 129.713487
94.051106 129.315885
93.653505 128.918284
92.858302 128.520683
92.460701 128.123082
92.063100 127.725480
91.665498 127.327879
91.267897 126.930278
91.267897 126.532676
90.870296 126.135075
90.472695 125.737474
90.075093 125.339873
90.075093 124.942271
89.677492 124.544670
89.279891 124.147069
89.279891 123.749468
88.882289 123.351866
88.484688 122.954265
88.087087 122.556664
88.087087 121.761461
87.689486 121.363860
87.291884 120.966259
87.291884 120.568657
86.894283 120.171056
86.496682 119.773455
86.099080 119.375853
86.099080 118.978252
85.701479 118.580651
85.303878 118.183050
85.303878 117.785448
84.906277 117.387847
84.508675 116.592644
84.508675 116.195043
84.111074 115.797442
83.713473 115.399841
83.315871 115.002239
83.315871 114.604638
82.918270 114.207037
82.520669 113.809435
82.520669 113.411834
82.123068 113.014233
82.123068 112.219030
82.123068 111.821429
82.123068 111.423828
82.123068 111.026226
82.123068 110.628625
82.123068 109.833423
82.123068 109.435821
82.123068 109.038220
81.725466 108.640619
81.725466 108.243018
81.725466 107.845416
81.725466 107.050214
81.725466 106.652612
81.725466 106.255011
81.725466 105.857410
81.725466 105.459809
81.725466 104.664606
81.725466 104.267005
81.725466 103.869403
81.725466 103.471802
81.725466 103.074201
81.725466 102.676600
82.123068 102.278998
82.123068 101.881397
82.123068 101.483796
82.123068 101.086194
82.520669 100.688593
82.520669 100.290992
82.520669 99.893391
82.520669 99.495789
82.918270 99.098188
82.918270 98.700587
82.918270 98.302985
82.918270 97.905384
83.315871 97.507783
83.315871 97.110182
83.713473 96.712580
84.111074 96.712580
84.508675 96.314979
84.906277 95.917378
85.701479 95.917378
86.099080 95.519776
86.496682 95.122175
86.894283 95.122175
87.689486 94.724574
88.087087 94.326973
88.484688 94.326973
88.882289 93.929371
89.279891 93.531770
90.075093 93.531770
90.472695 93.134169
90.870296 92.736568
91.267897 92.736568
92.063100 92.338966
92.460701 91.941365
92.858302 91.941365
93.255904 91.543764
93.653505 91.146162
94.448707 91.146162
94.846309 90.748561
95.243910 90.350960
95.641511 90.350960
96.039112 89.953359
96.436714 89.953359
96.834315 89.555757
97.231916 89.555757
97.629518 89.555757
98.027119 89.158156
98.424720 89.158156
98.822321 89.158156
99.617524 89.158156
100.015125 89.158156
100.412727 89.158156
100.810328 89.158156
101.207929 89.158156
101.605530 89.158156
102.003132 89.158156
102.400733 89.555757
102.798334 89.555757
103.195936 89.555757
103.593537 89.555757
103.991138 89.555757
104.388739 89.555757
104.786341 89.555757
105.183942 89.555757
105.581543 89.555757
105.979145 89.555757
106.376746 89.555757
106.774347 89.555757
107.171948 89.555757
107.569550 89.555757
107.967151 89.555757
108.364752 89.555757
108.762354 89.555757
109.159955 89.555757
109.557556 89.555757
109.955157 89.555757
110.352759 89.555757
110.750360 89.555757
111.147961 89.555757
111.545562 89.555757
111.943164 89.555757
112.340765 89.555757
112.738366 89.555757
113.135968 89.555757
113.931170 89.555757
114.328771 89.555757
114.726373 89.555757
115.123974 89.555757
115.521575 89.555757
115.919177 89.555757
116.316778 89.555757
116.714379 89.555757
117.111980 89.953359
117.509582 89.953359
117.907183 89.953359
118.304784 89.953359
118.702386 89.953359
119.099987 89.953359
119.497588 89.953359
119.895189 89.953359
120.292791 89.953359
121.087993 89.953359
121.485595 89.953359
121.883196 89.953359
122.280797 89.953359
122.678398 89.953359
123.076000 89.953359
123.473601 89.953359
124.268804 89.953359
124.666405 89.953359
125.064006 89.953359
125.461607 89.953359
125.859209 90.350960
126.256810 90.350960
126.654411 90.350960
127.449614 90.350960
127.847215 90.350960
128.244816 90.350960
128.642418 90.350960
129.040019 90.350960
129.437620 90.350960
129.835221 90.350960
130.630424 90.350960
131.028025 90.350960
131.425627 90.350960
131.823228 90.350960
132.220829 90.350960
132.618430 90.350960
133.016032 90.350960
133.811234 90.350960
134.208836 90.748561
134.606437 90.748561
135.004038 90.748561
135.401639 90.748561
135.799241 90.748561
136.196842 90.748561
136.594443 90.748561
137.389646 90.748561
137.787247 90.748561
138.184848 90.748561
138.582450 90.748561
138.980051 90.748561
139.377652 90.748561
139.775254 90.748561
140.570456 90.748561
140.968057 90.748561
141.365659 90.748561
141.763260 91.146162
142.160861 91.146162
142.558462 91.543764
142.956064 91.543764
143.751266 91.941365
144.148868 91.941365
144.546469 92.338966
144.944070 92.338966
145.341671 92.736568
145.739273 92.736568
146.136874 92.736568
146.534475 93.134169
147.329678 93.134169
147.727279 93.531770
148.124880 93.531770
148.522482 93.929371
148.920083 93.929371
149.317684 94.326973
149.715286 94.326973
150.112887 94.724574
150.908089 94.724574
151.305691 95.122175
151.703292 95.122175
152.100893 95.122175
152.498495 95.519776
152.896096 95.519776
153.293697 95.917378
153.691298 95.917378
154.486501 96.314979
154.884102 96.314979
154.884102 96.712580
154.486501 96.712580
154.486501 97.110182
154.486501 97.507783
154.088900 97.905384
