155.385395 103.166829
155.385395 103.601840
154.950384 104.036852
154.515373 104.471863
154.080361 104.471863
153.645350 104.906874
153.210338 105.341886
152.775327 105.341886
152.340316 105.776897
151.905304 106.211909
151.470293 106.211909
151.035281 106.211909
150.600270 106.211909
150.165258 105.776897
149.730247 105.776897
149.295236 105.776897
149.730247 105.776897
149.295236 105.776897
148.860224 105.776897
148.425213 105.776897
147.990201 105.776897
147.555190 105.776897
147.120179 105.776897
146.685167 105.776897
146.250156 105.776897
145.815144 105.776897
145.380133 105.776897
144.945121 105.776897
144.510110 105.776897
144.075099 105.776897
143.640087 105.776897
143.205076 105.776897
142.770064 105.776897
142.335053 105.776897
141.900042 106.211909
141.465030 106.211909
141.030019 106.211909
140.595007 106.211909
140.159996 106.211909
139.724984 106.211909
139.289973 106.211909
138.854962 106.211909
138.419950 106.646920
137.984939 106.646920
137.549927 106.646920
137.114916 106.646920
136.679905 106.646920
136.244893 107.081932
135.809882 107.081932
135.374870 107.081932
134.939859 107.081932
134.504847 107.516943
134.069836 107.516943
133.634825 107.516943
133.199813 107.951954
132.764802 107.951954
132.329790 107.951954
131.894779 108.386966
131.459768 108.386966
131.024756 108.386966
130.589745 108.386966
130.589745 108.821977
130.154733 108.821977
129.719722 108.821977
129.719722 109.256989
129.284710 109.256989
128.849699 109.256989
128.849699 109.692000
128.414688 109.692000
127.979676 109.692000
127.544665 109.692000
127.544665 110.127011
127.109653 110.127011
126.674642 110.562023
126.239630 110.562023
126.239630 110.997034
125.804619 110.997034
125.369608 111.432046
124.934596 111.432046
124.499585 111.867057
124.064573 111.867057
123.629562 112.302069
123.194551 112.737080
122.759539 112.737080
122.324528 113.172091
121.889516 113.172091
121.454505 113.607103
121.019493 113.607103
120.584482 114.042114
120.149471 114.042114
119.714459 114.477126
119.279448 114.477126
118.844436 114.912137
118.409425 114.912137
117.974414 115.347148
117.539402 115.347148
117.104391 115.782160
116.669379 116.217171
116.234368 116.652183
115.799356 117.087194
115.364345 117.087194
114.929334 117.522206
114.494322 117.957217
114.059311 118.392228
113.624299 118.827240
113.189288 119.262251
112.754277 119.262251
112.319265 119.697263
111.884254 120.132274
111.449242 120.567285
111.014231 121.002297
110.579219 121.437308
110.579219 121.872320
110.144208 122.307331
109.709197 122.742343
109.274185 123.177354
108.839174 123.612365
108.404162 124.047377
108.404162 124.482388
107.969151 124.917400
107.534140 125.352411
107.099128 125.787422
107.099128 126.222434
106.664117 126.657445
106.229105 127.092457
106.229105 127.527468
106.229105 127.962480
105.794094 128.397491
105.359082 128.832502
105.359082 129.267514
104.924071 129.702525
104.924071 130.137537
104.489060 130.572548
104.489060 131.007559
104.054048 131.442571
104.054048 131.877582
104.054048 132.312594
103.619037 132.747605
103.619037 133.182617
103.184025 133.617628
103.184025 134.052639
102.749014 134.487651
102.749014 134.922662
102.314003 135.357674
102.314003 135.792685
102.314003 136.227696
102.314003 136.662708
101.878991 137.097719
101.878991 137.532731
101.878991 137.967742
101.443980 138.402754
101.443980 138.837765
101.443980 139.272776
101.443980 139.707788
101.443980 140.142799
101.008968 140.577811
100.573957 140.577811
100.138945 140.577811
99.703934 140.142799
99.268923 139.707788
98.833911 139.707788
98.398900 139.272776
97.963888 138.837765
97.528877 138.402754
97.093866 137.967742
96.658854 137.967742
96.223843 137.967742
95.788831 137.532731
95.353820 137.097719
94.918808 137.097719
94.483797 136.662708
94.048786 136.662708
93.613774 136.227696
93.178763 135.792685
92.743751 135.357674
92.308740 134.922662
92.308740 134.487651
91.873728 134.052639
91.438717 133.617628
91.003706 133.182617
90.568694 132.747605
90.568694 132.312594
90.133683 131.877582
89.698671 131.442571
89.263660 131.007559
88.828649 130.572548
88.828649 130.137537
88.393637 129.702525
87.958626 129.267514
87.523614 128.832502
87.523614 128.397491
87.088603 127.962480
86.653591 127.527468
86.218580 127.092457
86.218580 126.657445
85.783569 126.222434
85.783569 125.787422
85.348557 125.352411
84.913546 124.917400
84.913546 124.482388
84.478534 124.047377
84.043523 123.612365
83.608512 123.177354
83.173500 122.742343
83.173500 122.307331
83.173500 121.872320
83.173500 121.437308
83.173500 121.002297
82.738489 120.567285
82.738489 120.132274
82.738489 119.697263
82.738489 119.262251
82.303477 118.827240
82.303477 118.392228
82.303477 117.957217
82.303477 117.522206
82.303477 117.087194
82.303477 116.652183
81.868466 116.217171
81.868466 115.782160
81.868466 115.347148
81.868466 114.912137
81.433454 114.477126
81.433454 114.042114
81.433454 113.607103
81.433454 113.172091
81.433454 112.737080
80.998443 112.302069
80.998443 111.867057
80.998443 111.432046
81.433454 110.997034
81.433454 110.562023
81.433454 110.127011
81.433454 109.692000
81.433454 109.256989
81.433454 108.821977
81.868466 108.386966
81.868466 107.951954
81.868466 107.516943
82.303477 107.081932
82.303477 106.646920
82.303477 106.211909
82.303477 105.776897
82.303477 105.341886
82.303477 104.906874
82.738489 104.471863
82.738489 104.036852
82.738489 103.601840
82.738489 103.166829
82.738489 102.731817
82.738489 102.296806
83.173500 101.861795
83.173500 101.426783
83.173500 100.991772
83.173500 100.556760
83.608512 100.121749
84.043523 99.686737
84.478534 99.251726
84.913546 99.251726
85.348557 99.251726
85.783569 98.816715
86.218580 98.381703
86.653591 97.946692
87.088603 97.511680
87.523614 97.076669
87.958626 97.076669
88.393637 96.641657
88.828649 96.206646
89.263660 95.771635
89.698671 95.336623
90.133683 95.336623
90.568694 94.901612
91.003706 94.466600
91.438717 94.031589
91.873728 93.596578
92.308740 93.596578
92.743751 93.161566
93.178763 92.726555
93.613774 92.291543
94.048786 92.291543
94.483797 92.291543
94.918808 92.291543
95.353820 92.291543
95.788831 92.291543
96.223843 91.856532
96.658854 91.856532
97.093866 91.856532
97.528877 91.421520
97.963888 91.421520
98.398900 91.421520
98.833911 91.421520
99.268923 91.421520
99.703934 90.986509
100.138945 90.986509
100.573957 90.986509
101.008968 90.986509
101.443980 90.551498
101.878991 90.551498
102.314003 90.116486
102.749014 90.116486
103.184025 90.116486
103.619037 90.116486
104.054048 90.116486
104.489060 89.681475
104.924071 89.681475
105.359082 89.681475
105.794094 89.681475
106.229105 89.681475
106.664117 89.246463
107.099128 89.246463
107.534140 89.246463
107.969151 89.246463
108.404162 89.246463
108.839174 88.811452
109.274185 88.811452
109.709197 88.811452
110.144208 88.376441
110.579219 88.376441
111.014231 88.376441
111.449242 88.376441
111.884254 88.376441
112.319265 87.941429
112.754277 87.941429
113.189288 87.941429
113.624299 87.941429
114.059311 87.941429
114.494322 87.941429
114.929334 87.941429
115.364345 87.941429
115.799356 87.941429
116.234368 87.941429
116.669379 87.941429
117.104391 87.941429
117.539402 87.941429
117.974414 87.941429
118.409425 87.941429
118.844436 87.941429
119.279448 87.941429
119.714459 87.941429
120.149471 87.941429
120.584482 87.941429
121.019493 87.941429
121.454505 87.941429
121.889516 87.941429
122.324528 87.941429
122.759539 87.941429
123.194551 87.506418
123.629562 87.506418
124.064573 87.506418
124.499585 87.506418
124.934596 87.506418
125.369608 87.506418
125.804619 87.506418
126.239630 87.071406
126.674642 87.071406
127.109653 87.071406
127.544665 87.071406
127.979676 87.071406
128.414688 87.071406
128.849699 87.071406
129.284710 87.071406
129.719722 87.506418
130.154733 87.941429
130.589745 88.376441
131.024756 88.376441
131.459768 88.376441
131.894779 88.811452
132.329790 89.246463
132.764802 89.246463
133.199813 89.681475
133.634825 89.681475
134.069836 90.116486
134.504847 90.116486
134.939859 90.551498
135.374870 90.986509
135.809882 90.986509
136.244893 91.421520
136.679905 91.421520
137.114916 91.856532
137.549927 92.291543
137.984939 92.291543
138.419950 92.726555
138.854962 92.726555
139.289973 92.726555
139.724984 93.161566
140.159996 93.596578
140.595007 94.031589
141.030019 94.031589
141.465030 94.466600
141.900042 94.466600
142.335053 94.901612
142.770064 94.901612
143.205076 95.336623
143.640087 95.771635
144.075099 95.771635
144.510110 95.771635
144.945121 96.206646
145.380133 96.641657
145.815144 96.641657
146.250156 97.076669
146.685167 97.076669
147.120179 97.076669
147.555190 97.511680
147.990201 97.511680
148.425213 97.511680
148.860224 97.946692
149.295236 97.946692
149.730247 98.381703
150.165258 98.381703
150.600270 98.381703
151.035281 98.816715
151.470293 98.816715
151.905304 98.816715
152.340316 98.816715
152.775327 99.251726
153.210338 99.251726
153.645350 99.251726
154.080361 99.251726
154.515373 99.686737
154.950384 100.121749
154.950384 100.556760
154.950384 100.991772
154.950384 101.426783
154.950384 101.861795
155.385395 102.296806
155.385395 102.731817
155.385395 103.166829
