155.660253 102.012156
155.660253 102.473348
155.660253 102.934539
155.199062 103.395730
154.737871 102.934539
154.276679 102.934539
153.815488 102.934539
153.354297 102.934539
152.893106 102.934539
152.431914 102.934539
151.970723 102.934539
151.509532 102.934539
151.048341 102.473348
150.587150 102.473348
150.125958 102.473348
149.664767 102.473348
149.203576 102.473348
148.742385 102.473348
148.281194 102.473348
147.820002 102.473348
147.358811 102.473348
146.897620 102.473348
146.436429 102.473348
145.975238 102.473348
145.514046 102.473348
145.052855 102.473348
144.591664 102.934539
144.130473 102.934539
143.669282 102.934539
143.208090 102.934539
142.746899 102.934539
142.285708 102.934539
141.824517 102.934539
141.363325 102.934539
140.902134 103.395730
140.440943 103.395730
139.979752 103.395730
139.518561 103.395730
139.057369 103.395730
138.596178 103.395730
138.134987 103.856921
137.673796 103.856921
137.212605 103.856921
136.751413 103.856921
136.290222 104.318112
135.829031 104.318112
135.367840 104.318112
134.906649 104.318112
134.445457 104.779304
133.984266 104.779304
133.523075 104.779304
133.061884 105.240495
132.600693 105.240495
132.139501 105.240495
131.678310 105.701686
131.217119 105.701686
130.755928 105.701686
130.294736 106.162877
129.833545 106.162877
129.372354 106.624068
128.911163 106.624068
128.449972 107.085260
127.988780 107.085260
127.527589 107.085260
127.066398 107.085260
126.605207 107.085260
126.605207 107.546451
126.144016 108.007642
125.682824 108.468833
125.221633 108.468833
124.760442 108.930024
124.299251 108.930024
123.838060 109.391216
123.376868 109.852407
122.915677 109.852407
122.454486 110.313598
121.993295 110.313598
121.532104 110.774789
121.070912 111.235981
120.609721 111.697172
120.148530 111.697172
119.687339 111.697172
119.226147 112.158363
118.764956 112.619554
118.303765 113.080745
117.842574 113.541937
117.381383 114.003128
116.920191 114.003128
116.459000 114.464319
115.997809 114.925510
115.536618 114.925510
115.075427 114.925510
115.075427 115.386701
114.614235 115.386701
114.153044 115.386701
114.153044 115.847893
113.691853 116.309084
113.230662 116.309084
113.691853 116.309084
113.230662 116.309084
112.769471 116.770275
112.308279 116.770275
111.847088 116.770275
111.847088 117.231466
111.385897 117.692657
110.924706 118.153849
110.463515 118.153849
110.002323 118.153849
110.002323 118.615040
109.541132 119.076231
109.079941 119.076231
109.079941 119.537422
108.618750 119.998613
108.157558 120.459805
107.696367 120.920996
107.235176 121.382187
106.773985 121.843378
106.312794 122.304570
105.851602 122.304570
105.851602 122.765761
105.390411 123.226952
105.390411 123.688143
104.929220 124.149334
104.468029 124.610526
104.006838 125.071717
104.006838 125.532908
103.545646 125.994099
103.545646 126.455290
103.084455 126.916482
102.623264 127.377673
102.623264 127.838864
102.162073 128.300055
102.162073 128.761246
101.700882 129.222438
101.700882 129.683629
101.700882 130.144820
101.239690 130.606011
101.239690 131.067202
100.778499 131.528394
100.778499 131.989585
100.778499 132.450776
100.317308 132.911967
99.856117 133.373159
99.856117 133.834350
99.394926 134.295541
98.933734 134.756732
98.933734 135.217923
98.472543 135.679115
98.472543 136.140306
98.011352 136.601497
98.011352 137.062688
97.550161 137.523879
97.550161 137.985071
97.088969 138.446262
97.088969 138.907453
97.088969 139.368644
96.627778 139.829835
96.166587 139.829835
95.705396 139.368644
95.705396 138.907453
95.244205 138.446262
94.783013 137.985071
94.321822 137.523879
93.860631 137.062688
93.399440 136.601497
93.399440 136.140306
92.938249 136.140306
92.477057 135.679115
92.015866 135.217923
91.554675 134.756732
91.093484 134.295541
90.632293 133.834350
90.171101 133.373159
89.709910 132.911967
89.248719 132.450776
89.248719 131.989585
89.248719 131.528394
88.787528 131.067202
88.787528 130.606011
88.787528 130.144820
88.326336 129.683629
88.326336 129.222438
88.326336 128.761246
87.865145 128.300055
87.403954 127.838864
87.403954 127.377673
87.403954 126.916482
86.942763 126.455290
86.942763 125.994099
86.481572 125.532908
86.481572 125.071717
86.020380 124.610526
86.020380 124.149334
86.020380 123.688143
85.559189 123.226952
85.559189 122.765761
85.097998 122.304570
85.097998 121.843378
84.636807 121.382187
84.636807 120.920996
84.636807 120.459805
84.175616 119.998613
84.175616 119.537422
84.175616 119.076231
83.714424 118.615040
83.714424 118.153849
83.253233 117.692657
83.253233 117.231466
82.792042 116.770275
82.792042 116.309084
82.792042 115.847893
82.792042 115.386701
82.792042 114.925510
82.792042 114.464319
82.792042 114.003128
82.792042 113.541937
82.792042 113.080745
82.792042 112.619554
82.792042 112.158363
82.792042 111.697172
82.792042 111.235981
82.792042 110.774789
82.792042 110.313598
82.792042 109.852407
82.792042 109.391216
82.792042 108.930024
82.792042 108.468833
82.792042 108.007642
82.792042 107.546451
82.792042 107.085260
82.792042 106.624068
82.792042 106.162877
82.792042 105.701686
82.792042 105.240495
82.792042 104.779304
83.253233 104.318112
83.253233 103.856921
83.253233 103.395730
83.253233 102.934539
83.714424 102.473348
83.714424 102.012156
83.714424 101.550965
84.175616 101.089774
84.175616 100.628583
84.636807 100.167392
84.636807 99.706200
85.097998 99.245009
85.097998 98.783818
85.559189 98.322627
85.559189 97.861435
86.020380 97.400244
86.020380 96.477862
86.481572 96.016671
86.481572 95.555479
86.481572 95.094288
86.942763 94.633097
86.942763 94.171906
87.403954 93.710715
87.403954 93.249523
87.865145 92.788332
87.865145 92.327141
88.326336 91.865950
88.326336 91.404759
88.787528 90.943567
88.787528 90.482376
88.787528 90.021185
88.787528 89.559994
89.248719 89.098803
89.248719 88.637611
89.709910 88.176420
89.709910 87.715229
90.171101 87.254038
90.632293 87.254038
91.093484 86.792846
91.554675 86.792846
92.015866 86.792846
92.477057 86.331655
92.938249 86.331655
93.399440 85.870464
93.860631 85.870464
94.321822 85.409273
94.783013 85.409273
95.244205 84.948082
95.705396 84.948082
96.166587 84.948082
96.627778 84.486890
97.088969 84.486890
97.550161 84.025699
98.011352 84.025699
98.472543 83.564508
98.933734 83.564508
99.394926 83.103317
99.856117 83.103317
100.317308 83.103317
100.778499 82.642126
101.239690 82.642126
101.700882 82.642126
102.162073 82.180934
102.623264 82.180934
103.084455 82.180934
103.545646 82.180934
104.006838 82.180934
104.468029 82.180934
104.929220 82.180934
105.390411 82.180934
105.851602 82.180934
106.312794 82.180934
106.773985 82.180934
107.235176 82.180934
107.696367 82.180934
108.157558 82.180934
108.618750 82.180934
109.079941 82.180934
109.541132 82.180934
110.002323 82.180934
110.463515 82.180934
110.924706 82.180934
111.385897 82.180934
111.847088 82.180934
112.308279 82.180934
112.769471 82.180934
113.230662 82.180934
113.691853 82.180934
114.153044 82.180934
114.614235 82.180934
115.075427 82.180934
115.536618 82.180934
115.997809 82.180934
116.459000 82.180934
116.920191 82.180934
117.381383 82.180934
117.842574 82.180934
118.303765 82.180934
118.764956 82.180934
119.226147 82.180934
119.687339 82.180934
120.148530 82.180934
120.609721 82.180934
121.070912 82.642126
121.532104 82.642126
121.993295 82.642126
122.454486 82.642126
122.915677 82.642126
123.376868 82.642126
123.838060 82.642126
124.299251 82.642126
124.760442 82.642126
125.221633 82.642126
125.682824 82.642126
126.144016 82.642126
126.605207 82.642126
127.066398 82.642126
127.527589 82.642126
127.988780 82.642126
128.449972 82.642126
128.911163 82.642126
129.372354 82.642126
129.833545 82.642126
130.755928 82.642126
131.217119 82.642126
131.678310 82.642126
132.139501 82.642126
132.600693 82.642126
133.061884 82.642126
133.523075 82.642126
133.984266 82.642126
134.445457 82.642126
134.906649 82.642126
135.367840 82.642126
135.829031 82.642126
136.290222 82.642126
136.751413 83.103317
137.212605 83.103317
137.673796 83.103317
138.134987 83.564508
138.596178 83.564508
139.057369 84.025699
139.518561 84.025699
139.979752 84.486890
140.440943 84.486890
140.902134 84.948082
141.363325 84.948082
141.824517 85.409273
142.285708 85.409273
142.746899 85.409273
143.208090 85.870464
143.669282 86.331655
144.130473 86.331655
144.591664 86.792846
145.052855 87.254038
145.514046 87.254038
145.975238 87.715229
146.436429 87.715229
146.897620 87.715229
147.358811 88.176420
147.820002 88.637611
148.281194 88.637611
148.742385 89.098803
149.203576 89.098803
149.664767 89.098803
150.125958 89.559994
150.587150 90.021185
151.048341 90.482376
151.509532 90.943567
151.970723 91.404759
152.431914 91.865950
152.893106 92.327141
153.354297 92.788332
153.815488 93.249523
154.276679 93.249523
154.737871 93.710715
155.199062 94.171906
155.660253 94.633097
156.121444 95.094288
156.121444 95.555479
156.121444 96.016671
156.121444 96.477862
156.121444 96.939053
156.121444 97.400244
156.121444 97.861435
156.121444 98.322627
156.121444 98.783818
155.660253 99.245009
155.660253 99.706200
155.660253 100.167392
155.660253 100.628583
155.660253 101.089774
155.660253 101.550965
155.660253 102.012156
