119.121798 119.181302
119.121798 119.380783
118.922317 119.779745
118.922317 119.979226
118.722836 120.378188
118.523355 120.577669
118.523355 120.976631
118.323874 121.375594
118.323874 121.575075
118.124393 121.974037
117.924912 122.173518
117.924912 122.572480
117.725431 122.771961
117.525950 123.170923
117.525950 123.370404
117.326469 123.769366
117.326469 123.968847
117.126988 124.367809
116.927507 124.766771
116.927507 124.966252
116.728026 125.365214
116.728026 125.564695
116.528545 125.963657
116.329064 126.163138
116.329064 126.562100
116.129583 126.761581
115.930102 126.961062
115.730621 127.160543
115.531140 127.160543
115.531140 127.360024
115.331659 127.559505
115.132178 127.758986
114.932697 127.758986
114.932697 127.958467
114.733215 128.157948
114.533734 128.357429
114.334253 128.357429
114.334253 128.556910
114.334253 128.756391
114.134772 128.955873
113.935291 129.155354
113.735810 129.155354
113.735810 129.354835
113.536329 129.554316
113.336848 129.753797
113.336848 129.953278
113.137367 130.152759
112.937886 130.352240
112.738405 130.551721
112.738405 130.751202
112.538924 130.950683
112.339443 131.150164
112.339443 131.349645
112.139962 131.549126
112.139962 131.748607
111.940481 131.948088
111.940481 132.147569
111.741000 132.347050
111.741000 132.546531
111.541519 132.746012
111.541519 132.945493
111.342038 133.144974
111.342038 133.344455
111.142557 133.543936
111.142557 133.743417
110.943076 133.942898
110.943076 134.142379
110.943076 134.341860
110.743595 134.541341
110.743595 134.740822
110.743595 134.940303
110.544114 135.139784
110.544114 135.339265
110.544114 135.538746
110.344633 135.738227
110.344633 135.937708
110.344633 136.137189
110.344633 136.336670
110.145152 136.536151
110.145152 136.735633
110.145152 136.935114
110.145152 137.134595
110.145152 137.334076
110.145152 137.533557
109.945671 137.733038
109.945671 137.932519
109.945671 138.132000
109.945671 138.331481
109.945671 138.530962
109.945671 138.730443
109.945671 138.929924
109.945671 139.129405
109.945671 139.328886
109.945671 139.528367
109.945671 139.727848
109.945671 139.927329
109.945671 140.126810
109.945671 140.326291
109.945671 140.525772
109.945671 140.725253
109.945671 140.924734
109.945671 141.124215
109.945671 141.323696
109.945671 141.523177
109.945671 141.722658
109.945671 141.922139
109.945671 142.121620
109.945671 142.321101
109.945671 142.520582
109.945671 142.720063
109.746190 142.919544
109.746190 143.318506
109.546709 143.517987
109.546709 143.916949
109.347228 144.116430
109.147747 144.515393
109.147747 144.714874
108.948266 145.113836
108.948266 145.512798
108.748785 145.712279
108.549304 146.111241
108.549304 146.310722
108.349823 146.709684
108.349823 146.909165
108.150342 147.308127
107.950861 147.507608
107.950861 147.906570
107.751380 148.305532
107.551899 148.505013
107.551899 148.903975
107.352418 149.103456
107.352418 149.502418
107.152937 149.701899
106.953455 150.100861
106.753974 149.901380
106.554493 149.701899
106.355012 149.701899
106.155531 149.502418
105.956050 149.302937
105.756569 149.103456
105.557088 149.103456
105.357607 148.903975
105.158126 148.704494
104.958645 148.505013
104.759164 148.505013
104.360202 148.305532
104.160721 148.106051
103.961240 147.906570
103.761759 147.906570
103.562278 147.707089
103.362797 147.507608
103.163316 147.308127
102.963835 147.308127
102.764354 147.108646
102.564873 146.909165
102.365392 146.709684
102.165911 146.709684
101.966430 146.510203
101.567468 146.310722
101.367987 146.111241
101.168506 146.111241
100.969025 145.911760
100.769544 145.712279
100.570063 145.512798
100.370582 145.512798
100.171101 145.313317
99.971620 145.113836
99.772139 144.714874
99.572658 144.515393
99.373177 144.116430
99.373177 143.916949
99.173695 143.517987
98.974214 143.318506
98.974214 142.919544
98.774733 142.720063
98.575252 142.321101
98.575252 142.121620
98.375771 141.722658
98.176290 141.523177
98.176290 141.124215
97.976809 140.924734
97.777328 140.525772
97.777328 140.326291
97.577847 139.927329
97.378366 139.727848
97.378366 139.328886
97.178885 139.129405
96.979404 138.730443
96.979404 138.530962
96.779923 138.132000
96.580442 137.932519
96.580442 137.733038
96.380961 137.334076
96.181480 137.134595
96.181480 136.735633
95.981999 136.536151
95.782518 136.137189
95.782518 135.937708
95.583037 135.538746
95.383556 135.339265
95.383556 134.940303
95.184075 134.740822
94.984594 134.341860
94.984594 134.142379
94.785113 133.743417
94.585632 133.543936
94.585632 133.144974
94.386151 132.945493
94.186670 132.546531
94.186670 132.347050
93.987189 131.948088
93.787708 131.748607
93.787708 131.349645
93.588227 131.150164
93.388746 130.751202
93.388746 130.551721
93.189265 130.152759
93.189265 129.953278
93.189265 129.753797
93.189265 129.354835
93.189265 129.155354
93.189265 128.955873
93.189265 128.756391
93.189265 128.357429
93.189265 128.157948
93.189265 127.958467
93.189265 127.758986
93.189265 127.360024
93.189265 127.160543
93.189265 126.961062
93.189265 126.761581
93.189265 126.362619
93.189265 126.163138
93.189265 125.963657
93.189265 125.764176
93.189265 125.365214
93.189265 125.165733
93.189265 124.966252
93.189265 124.766771
93.189265 124.367809
93.189265 124.168328
93.189265 123.968847
93.189265 123.769366
93.189265 123.370404
93.189265 123.170923
93.189265 122.971442
93.189265 122.771961
93.189265 122.372999
93.189265 122.173518
93.189265 121.974037
93.388746 121.774556
93.588227 121.575075
93.787708 121.176113
93.987189 120.976631
94.186670 120.777150
94.386151 120.378188
94.585632 120.178707
94.785113 119.979226
95.184075 119.580264
95.383556 119.380783
95.583037 119.181302
95.782518 118.782340
95.981999 118.582859
96.181480 118.383378
96.380961 117.984416
96.580442 117.784935
96.779923 117.585454
97.178885 117.186492
97.378366 116.987011
97.577847 116.787530
97.777328 116.388568
97.976809 116.189087
98.176290 115.989606
98.375771 115.590644
98.575252 115.391163
98.774733 115.191682
99.173695 115.191682
99.373177 115.191682
99.572658 115.191682
99.772139 115.191682
99.971620 115.191682
100.171101 115.191682
100.370582 115.191682
100.570063 115.191682
100.769544 115.191682
101.168506 115.191682
101.367987 115.191682
101.567468 115.191682
101.766949 114.992201
101.966430 114.992201
102.165911 114.992201
102.365392 114.992201
102.564873 114.992201
102.764354 114.992201
102.963835 114.992201
103.362797 114.992201
103.562278 114.992201
103.761759 114.992201
103.961240 114.992201
104.160721 114.992201
104.360202 114.992201
104.559683 114.992201
104.759164 114.992201
104.958645 114.992201
105.357607 114.992201
105.557088 114.992201
105.756569 114.992201
105.956050 114.792720
106.155531 114.792720
106.355012 114.792720
106.554493 114.792720
106.753974 114.792720
106.953455 114.792720
107.352418 114.792720
107.551899 114.792720
107.751380 114.792720
107.950861 114.792720
108.150342 114.792720
108.349823 114.792720
108.549304 114.792720
108.748785 114.792720
108.948266 114.792720
109.347228 114.792720
109.546709 114.792720
109.746190 114.792720
109.945671 114.792720
110.145152 114.792720
110.344633 114.792720
110.544114 114.792720
110.743595 114.792720
110.943076 114.992201
111.342038 114.992201
111.541519 114.992201
111.741000 114.992201
111.940481 115.191682
112.139962 115.191682
112.339443 115.191682
112.538924 115.191682
112.738405 115.191682
112.937886 115.191682
113.137367 115.191682
113.336848 115.391163
113.735810 115.391163
113.935291 115.391163
114.134772 115.391163
114.334253 115.391163
114.533734 115.391163
114.733215 115.391163
114.932697 115.391163
115.132178 115.391163
115.331659 115.391163
115.531140 115.391163
115.730621 115.391163
115.930102 115.590644
116.329064 115.590644
116.528545 115.590644
116.728026 115.590644
116.927507 115.590644
117.126988 115.590644
117.326469 115.590644
117.525950 115.590644
117.725431 115.590644
117.924912 115.590644
118.124393 115.590644
118.323874 115.590644
118.523355 115.790125
118.922317 115.790125
119.121798 115.790125
119.321279 115.790125
119.520760 115.790125
119.720241 115.790125
119.720241 115.989606
119.720241 116.189087
119.720241 116.388568
119.520760 116.787530
119.520760 116.987011
119.520760 117.186492
119.520760 117.385973
119.520760 117.585454
119.321279 117.784935
119.321279 117.984416
119.321279 118.383378
119.321279 118.582859
119.321279 118.782340
119.321279 118.981821
119.121798 119.181302
