136.318838 110.328738
136.014468 110.633107
135.710099 110.937477
135.405730 111.546215
135.101360 111.850584
134.796991 112.154954
134.492622 112.763692
134.188253 112.763692
133.883883 112.763692
133.579514 112.763692
133.275145 112.763692
132.970775 112.763692
132.666406 112.763692
132.666406 113.068062
132.362037 113.068062
132.057668 113.068062
131.753298 113.068062
131.448929 113.068062
131.448929 113.372431
131.144560 113.372431
130.840190 113.372431
130.535821 113.676800
130.231452 113.372431
129.927083 113.676800
129.622713 113.676800
129.622713 113.981169
129.318344 113.981169
129.013975 113.981169
128.709605 113.981169
128.709605 114.285539
128.405236 114.285539
128.100867 114.589908
127.796498 114.589908
127.492128 114.589908
127.492128 114.894277
127.187759 114.894277
126.883390 114.894277
126.579020 115.198647
126.274651 115.198647
126.274651 115.503016
125.970282 115.503016
125.665913 115.807385
125.361543 115.807385
125.057174 115.807385
125.057174 116.111754
124.752805 116.111754
124.448435 116.416124
124.144066 116.720493
123.839697 116.720493
123.535328 116.720493
123.535328 117.024862
123.230958 117.024862
123.230958 117.329232
122.926589 117.329232
122.622220 117.633601
122.317850 117.633601
122.013481 117.937970
121.709112 117.937970
121.709112 118.242339
121.404743 118.242339
121.100373 118.546709
120.796004 118.546709
120.796004 118.851078
120.491635 118.851078
120.491635 119.155447
120.187265 119.155447
119.882896 119.155447
119.882896 119.459817
119.578527 119.764186
119.274158 120.068555
118.969788 120.068555
118.969788 120.372924
118.665419 120.372924
118.361050 120.677294
118.056680 120.677294
118.056680 120.981663
117.752311 120.981663
117.447942 121.286032
117.143573 121.286032
117.143573 121.590402
116.839203 121.894771
116.534834 121.894771
116.230465 122.199140
115.926095 122.199140
115.926095 122.503509
115.621726 122.807879
115.317357 122.807879
115.317357 123.112248
115.012988 123.416617
114.708618 123.416617
114.708618 123.720987
114.404249 124.025356
114.099880 124.329725
113.795510 124.329725
113.795510 124.634094
113.491141 124.938464
113.186772 125.242833
112.882403 125.547202
112.578033 125.851572
112.273664 126.155941
112.273664 126.460310
111.969295 126.764679
111.664925 127.069049
111.360556 127.373418
111.360556 127.677787
111.056187 127.982157
110.751818 128.286526
110.751818 128.590895
110.447448 128.895264
110.447448 129.199634
110.143079 129.504003
110.143079 129.808372
109.838710 130.112742
109.534340 130.417111
109.534340 130.721480
109.534340 131.025849
109.229971 131.330219
109.229971 131.634588
108.925602 131.938957
108.925602 132.243327
108.621233 132.547696
108.621233 132.852065
108.621233 133.156434
108.316863 133.460804
108.316863 133.765173
108.316863 134.069542
108.012494 134.373912
108.012494 134.678281
108.012494 134.982650
107.708125 135.287019
107.708125 135.591389
107.708125 135.895758
107.708125 136.200127
107.403755 136.504497
107.403755 136.808866
107.403755 137.113235
107.403755 137.417604
107.403755 137.721974
107.403755 138.026343
107.099386 138.330712
107.099386 138.635082
107.099386 138.939451
107.099386 139.243820
107.099386 139.548189
107.099386 139.852559
107.099386 140.156928
107.099386 140.461297
107.099386 140.765667
107.099386 141.070036
107.099386 141.374405
107.099386 141.678774
107.099386 141.983144
107.099386 142.287513
107.099386 142.591882
107.099386 142.896252
107.099386 143.200621
107.099386 143.504990
107.099386 143.809359
107.099386 144.113729
107.099386 144.418098
107.099386 144.722467
107.099386 145.026837
107.099386 145.331206
107.099386 145.635575
107.403755 145.939944
107.403755 146.244314
107.099386 146.853052
106.795017 147.157422
106.490648 147.461791
106.186278 148.070529
105.881909 148.374899
105.577540 148.679268
105.273170 148.983637
104.968801 149.592376
104.360063 149.288007
104.055693 149.288007
103.751324 149.288007
103.446955 148.983637
103.142585 148.983637
102.838216 148.679268
102.533847 148.679268
101.925108 148.679268
101.620739 148.374899
101.316370 148.374899
101.012000 148.374899
100.707631 148.070529
100.403262 148.070529
100.098893 147.766160
99.490154 147.461791
99.490154 147.157422
99.185785 146.853052
98.881415 146.244314
98.577046 145.939944
98.272677 145.635575
98.272677 145.331206
97.968308 144.722467
97.663938 144.418098
97.359569 144.113729
97.055200 143.809359
97.055200 143.200621
96.750830 142.896252
96.446461 142.591882
96.142092 142.287513
95.837723 141.983144
95.837723 141.374405
95.533353 141.070036
95.228984 140.765667
94.924615 140.461297
94.620245 139.852559
94.620245 139.548189
94.315876 139.243820
94.011507 138.939451
93.707138 138.330712
93.402768 138.026343
93.402768 137.721974
93.098399 137.417604
92.794030 136.808866
92.489660 136.504497
92.185291 136.200127
92.185291 135.895758
91.880922 135.591389
91.576553 134.982650
91.272183 134.678281
90.967814 134.373912
90.967814 134.069542
90.663445 133.460804
90.359075 133.156434
90.054706 132.852065
89.750337 132.547696
89.750337 131.938957
89.445968 131.634588
89.141598 131.330219
88.837229 131.025849
88.532860 130.417111
88.532860 130.112742
88.228490 129.808372
87.924121 129.504003
87.619752 129.199634
87.619752 128.590895
87.619752 128.286526
87.619752 127.982157
87.619752 127.677787
87.619752 127.373418
87.315383 127.069049
87.315383 126.764679
87.315383 126.460310
87.315383 126.155941
87.315383 125.851572
87.315383 125.547202
87.011013 125.242833
87.011013 124.938464
87.011013 124.634094
87.011013 124.329725
87.011013 124.025356
87.011013 123.720987
87.011013 123.416617
86.706644 123.112248
86.706644 122.503509
86.706644 122.199140
86.706644 121.894771
86.706644 121.590402
86.706644 121.286032
86.706644 120.981663
86.402275 120.677294
86.402275 120.372924
86.402275 120.068555
86.402275 119.764186
86.402275 119.459817
86.402275 119.155447
86.402275 118.851078
86.097905 118.546709
86.097905 118.242339
86.097905 117.937970
86.097905 117.633601
86.097905 117.329232
86.097905 117.024862
86.097905 116.416124
85.793536 116.111754
85.793536 115.807385
85.793536 115.503016
85.793536 115.198647
85.793536 114.894277
85.793536 114.589908
85.793536 114.285539
85.489167 113.981169
85.489167 113.676800
85.489167 113.372431
85.489167 113.068062
85.793536 112.763692
86.097905 112.459323
86.402275 112.154954
86.706644 111.850584
87.011013 111.546215
87.315383 111.241846
87.619752 110.937477
87.924121 110.633107
87.924121 110.328738
88.228490 110.024369
88.532860 109.719999
88.837229 109.415630
89.141598 109.111261
89.445968 108.806892
89.750337 108.502522
90.054706 108.198153
90.359075 107.893784
90.663445 107.589414
90.967814 107.285045
91.272183 106.980676
91.576553 106.676307
91.880922 106.067568
92.185291 105.763199
92.489660 105.458829
92.794030 105.154460
93.098399 105.154460
93.707138 105.154460
94.315876 105.154460
94.620245 105.154460
95.228984 105.154460
95.837723 105.154460
96.142092 105.154460
96.750830 105.154460
97.359569 105.154460
97.663938 105.154460
98.272677 105.154460
98.881415 105.154460
99.185785 105.154460
99.794523 105.154460
100.403262 105.154460
100.707631 105.154460
101.316370 105.154460
101.925108 105.154460
102.229478 105.154460
102.838216 105.154460
103.446955 105.154460
103.751324 105.154460
104.360063 105.154460
104.968801 105.154460
105.273170 105.154460
105.881909 105.154460
106.490648 105.154460
106.795017 105.154460
107.403755 105.154460
108.012494 105.154460
108.316863 105.154460
108.925602 105.154460
109.534340 105.154460
109.838710 105.154460
110.447448 105.154460
111.056187 105.154460
111.360556 105.154460
111.969295 105.154460
112.578033 105.154460
112.882403 105.154460
113.491141 105.154460
114.099880 105.154460
114.404249 105.154460
115.012988 105.154460
115.621726 105.154460
115.926095 105.154460
116.534834 105.154460
117.143573 105.154460
117.447942 105.154460
118.056680 105.154460
118.361050 105.458829
118.969788 105.458829
119.274158 105.458829
119.578527 105.458829
120.187265 105.458829
120.491635 105.763199
120.796004 105.763199
121.100373 105.763199
121.709112 105.763199
122.013481 105.763199
122.317850 105.763199
122.622220 106.067568
123.230958 106.067568
123.535328 106.067568
123.839697 106.067568
124.144066 106.067568
124.752805 106.371937
125.057174 106.371937
125.361543 106.371937
125.970282 106.371937
126.274651 106.371937
126.579020 106.371937
126.883390 106.676307
127.492128 106.676307
127.796498 106.676307
128.100867 106.676307
128.405236 106.676307
129.013975 106.980676
129.318344 106.980676
129.622713 106.980676
130.231452 106.980676
130.535821 106.980676
130.840190 106.980676
131.144560 107.285045
131.753298 107.285045
132.057668 107.285045
132.362037 107.285045
132.666406 107.285045
133.275145 107.589414
133.579514 107.589414
133.883883 107.589414
134.492622 107.589414
134.796991 107.589414
135.101360 107.589414
135.405730 107.893784
136.014468 107.893784
136.318838 107.893784
136.623207 107.893784
136.927576 107.893784
137.536315 108.198153
137.231945 108.502522
137.231945 108.806892
136.927576 109.111261
136.927576 109.415630
136.623207 109.719999
136.623207 110.024369
136.318838 110.328738
