201.323600 110.883094
199.949180 110.883094
199.261971 111.570303
197.887551 111.570303
197.200341 112.257513
196.513132 112.257513
195.825922 111.570303
195.138712 110.883094
194.451503 110.883094
193.764293 110.195884
193.077083 110.195884
192.389873 109.508674
191.702664 108.821465
191.015454 108.821465
190.328244 108.134255
189.641035 108.134255
188.953825 107.447045
188.266615 107.447045
187.579405 106.759835
186.892196 106.759835
186.204986 106.072626
185.517776 106.072626
184.830566 106.072626
184.143357 105.385416
183.456147 105.385416
182.768937 105.385416
182.081728 104.698206
181.394518 104.698206
180.707308 104.698206
180.020098 104.010997
179.332889 104.010997
178.645679 104.010997
177.958469 103.323787
177.271260 103.323787
176.584050 103.323787
175.896840 103.323787
175.209630 102.636577
174.522421 102.636577
173.835211 102.636577
173.148001 101.949367
172.460792 101.949367
171.773582 101.949367
171.086372 101.949367
170.399162 101.949367
169.711953 101.262158
169.024743 101.262158
168.337533 101.262158
167.650324 101.262158
166.963114 101.262158
166.275904 101.262158
165.588694 101.262158
164.901485 100.574948
164.214275 100.574948
163.527065 100.574948
162.839856 100.574948
162.152646 100.574948
161.465436 100.574948
160.778226 100.574948
160.091017 100.574948
159.403807 100.574948
158.716597 100.574948
158.029388 100.574948
157.342178 100.574948
156.654968 100.574948
155.967758 100.574948
155.280549 100.574948
154.593339 100.574948
153.906129 100.574948
153.218920 100.574948
153.218920 101.262158
152.531710 101.262158
151.844500 101.262158
151.157290 101.262158
150.470081 101.262158
149.782871 101.262158
149.095661 101.262158
148.408452 101.262158
148.408452 101.949367
147.721242 101.949367
147.034032 101.949367
146.346822 101.949367
145.659613 101.949367
144.972403 102.636577
144.285193 102.636577
143.597984 102.636577
142.910774 102.636577
142.223564 103.323787
141.536354 103.323787
140.849145 103.323787
140.161935 104.010997
139.474725 104.010997
138.787516 104.010997
138.100306 104.698206
137.413096 104.698206
136.725886 104.698206
136.038677 105.385416
135.351467 105.385416
134.664257 105.385416
133.977048 105.385416
133.977048 106.072626
133.289838 106.072626
132.602628 106.072626
131.915418 106.759835
131.228209 106.759835
130.540999 106.759835
130.540999 107.447045
129.853789 107.447045
129.166579 108.134255
128.479370 108.134255
127.792160 108.821465
127.104950 108.821465
126.417741 108.821465
126.417741 109.508674
125.730531 109.508674
125.730531 110.195884
125.043321 110.195884
124.356111 110.883094
123.668902 110.883094
122.981692 111.570303
122.294482 112.257513
121.607273 112.257513
121.607273 112.944723
120.920063 112.944723
120.232853 113.631933
119.545643 113.631933
119.545643 114.319142
118.858434 115.006352
118.171224 115.006352
118.171224 115.693562
117.484014 115.693562
116.796805 116.380771
116.109595 117.067981
115.422385 117.755191
114.735175 117.755191
114.735175 118.442401
114.047966 119.129610
113.360756 119.816820
112.673546 120.504030
112.673546 121.191239
111.986337 121.878449
111.299127 122.565659
110.611917 123.252869
109.924707 123.940078
109.924707 124.627288
109.237498 125.314498
108.550288 126.001707
107.863078 126.688917
107.863078 127.376127
107.175869 128.063337
107.175869 128.750546
106.488659 129.437756
105.801449 130.124966
105.801449 130.812175
105.114239 131.499385
105.114239 132.186595
104.427030 132.873805
104.427030 133.561014
103.739820 134.248224
103.739820 134.935434
103.052610 135.622643
103.052610 136.309853
103.052610 136.997063
102.365401 137.684273
102.365401 138.371482
102.365401 139.058692
101.678191 139.058692
100.990981 139.058692
100.303771 139.058692
99.616562 139.058692
98.929352 139.058692
97.554933 139.058692
96.867723 139.058692
96.180513 139.058692
95.493303 138.371482
94.806094 137.684273
94.806094 136.997063
94.118884 136.309853
93.431674 135.622643
92.744465 134.935434
92.057255 134.248224
91.370045 133.561014
90.682835 132.873805
90.682835 132.186595
89.995626 131.499385
89.308416 130.812175
88.621206 130.124966
87.933997 129.437756
87.246787 128.750546
87.246787 128.063337
86.559577 127.376127
86.559577 126.688917
85.872367 126.001707
85.872367 124.627288
85.185158 123.940078
85.185158 123.252869
84.497948 122.565659
84.497948 121.878449
83.810738 121.191239
83.810738 120.504030
83.123529 119.816820
83.123529 119.129610
82.436319 118.442401
82.436319 117.067981
81.749109 116.380771
81.749109 115.693562
81.061899 115.006352
81.061899 114.319142
80.374690 113.631933
80.374690 112.944723
79.687480 112.257513
79.687480 111.570303
79.000270 110.883094
79.000270 109.508674
78.313061 108.821465
78.313061 108.134255
78.313061 107.447045
77.625851 106.072626
77.625851 105.385416
77.625851 104.698206
77.625851 104.010997
76.938641 102.636577
76.938641 101.949367
76.938641 101.262158
76.251431 100.574948
76.251431 99.200528
76.251431 98.513319
76.251431 97.826109
75.564222 97.138899
75.564222 95.764480
75.564222 95.077270
74.877012 94.390060
74.877012 93.702851
74.877012 92.328431
74.877012 91.641222
74.189802 90.954012
74.189802 90.266802
74.189802 88.892383
73.502592 88.205173
73.502592 87.517963
73.502592 86.830754
73.502592 86.143544
73.502592 85.456334
73.502592 84.769124
73.502592 84.081915
72.815383 83.394705
72.815383 82.707495
72.815383 82.020286
72.815383 81.333076
72.815383 80.645866
72.815383 79.271447
72.815383 78.584237
72.128173 77.897027
72.128173 77.209818
72.128173 76.522608
72.128173 75.835398
72.128173 75.148188
72.128173 74.460979
72.128173 73.773769
72.815383 73.086559
72.815383 72.399350
73.502592 71.712140
73.502592 71.024930
74.189802 70.337720
74.189802 69.650511
74.877012 68.963301
74.877012 68.276091
75.564222 67.588882
75.564222 66.214462
76.251431 65.527252
76.251431 64.840043
76.938641 64.152833
76.938641 63.465623
77.625851 62.778414
78.313061 62.778414
79.687480 62.778414
80.374690 62.778414
81.061899 62.091204
81.749109 62.091204
83.123529 62.091204
83.810738 61.403994
84.497948 61.403994
85.185158 61.403994
86.559577 61.403994
87.246787 60.716784
87.933997 60.716784
88.621206 60.716784
89.308416 60.029575
90.682835 60.029575
91.370045 60.029575
92.057255 60.029575
92.744465 59.342365
94.118884 59.342365
94.806094 59.342365
95.493303 58.655155
96.180513 58.655155
96.867723 58.655155
98.242142 58.655155
98.929352 58.655155
99.616562 58.655155
100.303771 58.655155
100.990981 58.655155
101.678191 59.342365
102.365401 59.342365
103.739820 59.342365
104.427030 59.342365
105.114239 59.342365
105.801449 60.029575
106.488659 60.029575
107.175869 60.029575
107.863078 60.029575
108.550288 60.716784
109.237498 60.716784
109.924707 60.716784
111.299127 60.716784
111.986337 61.403994
112.673546 61.403994
113.360756 61.403994
114.047966 61.403994
114.735175 61.403994
115.422385 62.091204
116.109595 62.091204
116.796805 62.091204
117.484014 62.091204
118.171224 62.778414
119.545643 62.778414
120.232853 62.778414
120.920063 62.778414
121.607273 62.778414
122.294482 63.465623
122.981692 63.465623
123.668902 63.465623
124.356111 63.465623
125.043321 64.152833
125.730531 64.152833
127.104950 64.152833
127.792160 64.152833
128.479370 64.152833
129.166579 64.840043
129.853789 64.840043
130.540999 64.840043
131.228209 64.840043
131.915418 65.527252
132.602628 65.527252
133.289838 65.527252
133.977048 65.527252
135.351467 66.214462
136.038677 66.214462
136.725886 66.214462
137.413096 66.214462
138.100306 66.901672
138.787516 66.901672
139.474725 66.901672
140.161935 67.588882
140.849145 67.588882
142.223564 67.588882
142.910774 68.276091
143.597984 68.276091
144.285193 68.276091
144.972403 68.963301
146.346822 68.963301
147.034032 68.963301
147.721242 69.650511
148.408452 69.650511
149.782871 70.337720
150.470081 70.337720
151.157290 70.337720
151.844500 71.024930
153.218920 71.024930
153.906129 71.024930
154.593339 71.712140
155.280549 71.712140
156.654968 71.712140
157.342178 72.399350
158.029388 72.399350
158.716597 72.399350
159.403807 73.086559
160.778226 73.086559
161.465436 73.086559
162.152646 73.773769
162.839856 73.773769
164.214275 73.773769
164.901485 74.460979
165.588694 74.460979
166.275904 74.460979
167.650324 75.148188
168.337533 75.148188
169.024743 75.835398
169.711953 76.522608
170.399162 77.209818
171.086372 77.209818
171.773582 77.897027
172.460792 77.897027
173.835211 78.584237
174.522421 79.271447
175.209630 79.271447
175.896840 79.958656
176.584050 79.958656
177.958469 80.645866
178.645679 81.333076
179.332889 81.333076
180.020098 82.020286
180.707308 82.020286
182.081728 82.707495
182.768937 83.394705
183.456147 83.394705
184.143357 84.081915
184.830566 84.081915
186.204986 84.769124
186.892196 84.769124
187.579405 85.456334
188.266615 86.143544
188.953825 86.143544
189.641035 86.830754
190.328244 86.830754
191.015454 87.517963
191.702664 87.517963
192.389873 88.205173
193.077083 88.892383
193.764293 88.892383
194.451503 89.579592
195.138712 89.579592
196.513132 90.266802
197.200341 90.954012
197.200341 91.641222
197.887551 92.328431
198.574761 93.015641
199.261971 93.702851
199.949180 94.390060
199.949180 95.077270
200.636390 95.764480
201.323600 96.451690
201.323600 97.138899
201.323600 97.826109
201.323600 98.513319
201.323600 99.200528
201.323600 100.574948
201.323600 101.262158
201.323600 101.949367
201.323600 102.636577
201.323600 103.323787
201.323600 104.010997
201.323600 104.698206
201.323600 105.385416
201.323600 106.072626
201.323600 106.759835
201.323600 107.447045
201.323600 108.134255
201.323600 108.821465
200.636390 109.508674
200.636390 110.195884
199.949180 110.883094
199.949180 111.570303
199.949180 110.883094
200.636390 110.195884
201.323600 110.883094
