186.714058 112.364231
186.063849 113.014440
185.413640 112.364231
184.763432 112.364231
184.113223 111.714022
183.463014 111.714022
182.812805 111.063813
182.162596 110.413604
181.512387 110.413604
180.862178 109.763395
180.211969 109.763395
179.561760 109.113186
178.911551 109.113186
178.261342 108.462977
177.611133 108.462977
176.960924 107.812768
176.310715 107.812768
175.660506 107.162559
175.010297 107.162559
174.360088 107.162559
173.709879 106.512350
173.059670 106.512350
172.409461 105.862141
171.759252 105.862141
171.109044 105.862141
170.458835 105.211932
169.808626 105.211932
169.158417 105.211932
168.508208 105.211932
167.857999 105.211932
167.207790 104.561723
166.557581 104.561723
165.907372 104.561723
165.257163 104.561723
164.606954 104.561723
163.956745 104.561723
163.306536 103.911514
162.656327 103.911514
162.006118 103.911514
161.355909 103.911514
160.705700 103.911514
160.055491 103.911514
159.405282 103.911514
158.755073 103.911514
158.104864 103.911514
157.454656 103.911514
156.804447 103.911514
156.154238 103.911514
155.504029 103.261305
154.853820 103.261305
154.203611 103.261305
153.553402 103.261305
152.903193 103.261305
152.252984 103.261305
151.602775 103.261305
150.952566 103.261305
150.302357 103.261305
149.652148 103.261305
149.001939 103.261305
148.351730 103.261305
147.701521 103.261305
147.051312 103.261305
147.701521 103.261305
147.051312 103.261305
146.401103 103.261305
145.750894 103.261305
145.100685 103.261305
144.450476 103.261305
143.800267 103.261305
143.150059 103.261305
142.499850 103.261305
141.849641 103.911514
141.199432 103.911514
140.549223 103.911514
139.899014 103.261305
139.248805 103.911514
138.598596 104.561723
137.948387 104.561723
137.298178 104.561723
136.647969 104.561723
135.997760 104.561723
135.997760 105.211932
135.347551 105.211932
134.697342 105.211932
134.047133 105.211932
134.047133 105.862141
133.396924 105.862141
132.746715 105.862141
132.096506 106.512350
131.446297 106.512350
130.796088 106.512350
130.796088 107.162559
130.145879 107.162559
129.495671 107.812768
128.845462 107.812768
128.195253 108.462977
127.545044 108.462977
126.894835 109.113186
126.244626 109.113186
125.594417 109.113186
125.594417 109.763395
124.944208 110.413604
124.293999 110.413604
123.643790 110.413604
123.643790 111.063813
122.993581 111.714022
122.343372 111.714022
121.693163 111.714022
121.693163 112.364231
121.042954 113.014440
120.392745 113.014440
119.742536 113.664649
119.742536 114.314858
119.092327 114.314858
118.442118 114.314858
118.442118 114.965067
117.791909 115.615275
117.141700 116.265484
116.491491 116.915693
115.841283 117.565902
115.191074 117.565902
114.540865 118.216111
113.890656 118.866320
113.240447 119.516529
112.590238 120.166738
111.940029 120.816947
111.289820 121.467156
110.639611 122.117365
109.989402 122.767574
109.339193 123.417783
108.688984 124.067992
108.038775 124.718201
107.388566 125.368410
106.738357 126.018619
106.088148 126.668828
106.088148 127.319037
105.437939 127.969246
104.787730 128.619455
104.787730 129.269663
104.137521 129.919872
103.487312 130.570081
103.487312 131.220290
102.837103 131.870499
102.837103 132.520708
102.186894 133.170917
102.186894 133.821126
101.536686 134.471335
101.536686 135.121544
100.886477 135.121544
100.236268 135.121544
99.586059 135.121544
98.935850 135.121544
98.285641 134.471335
97.635432 134.471335
96.985223 134.471335
96.335014 134.471335
95.684805 133.821126
95.034596 133.821126
94.384387 133.821126
93.734178 133.821126
93.083969 133.170917
92.433760 133.170917
91.783551 133.170917
91.133342 133.170917
90.483133 132.520708
89.832924 131.870499
89.182715 131.220290
88.532506 130.570081
87.882298 129.919872
87.232089 129.269663
86.581880 128.619455
85.931671 127.969246
85.281462 127.319037
85.281462 126.668828
84.631253 126.018619
83.981044 125.368410
83.330835 124.718201
82.030417 124.067992
81.380208 123.417783
80.729999 122.767574
80.079790 122.117365
79.429581 121.467156
79.429581 120.816947
78.779372 120.166738
78.129163 119.516529
77.478954 118.866320
77.478954 118.216111
76.828745 117.565902
76.178536 116.915693
76.178536 116.265484
76.828745 115.615275
76.828745 114.965067
76.828745 114.314858
76.828745 113.664649
76.828745 113.014440
76.828745 112.364231
76.828745 111.714022
76.828745 111.063813
76.828745 110.413604
76.828745 109.763395
76.828745 109.113186
76.828745 108.462977
76.828745 107.812768
76.828745 107.162559
76.828745 106.512350
76.828745 105.862141
76.828745 105.211932
76.828745 104.561723
76.828745 103.911514
76.828745 103.261305
76.828745 102.611096
76.828745 101.960887
76.828745 101.310679
76.828745 100.660470
76.828745 100.010261
76.828745 99.360052
77.478954 98.709843
77.478954 98.059634
77.478954 97.409425
77.478954 96.759216
77.478954 96.109007
77.478954 95.458798
78.129163 94.808589
78.129163 94.158380
78.129163 93.508171
78.129163 92.857962
78.129163 92.207753
78.129163 91.557544
78.779372 90.907335
78.779372 90.257126
78.779372 89.606917
78.779372 88.956708
78.779372 88.306499
78.779372 87.656290
79.429581 87.006082
79.429581 86.355873
79.429581 85.705664
80.079790 85.055455
80.729999 84.405246
81.380208 83.755037
82.030417 83.104828
82.680626 82.454619
83.330835 82.454619
83.981044 81.804410
84.631253 81.154201
85.281462 80.503992
85.931671 79.853783
86.581880 79.203574
87.232089 78.553365
87.882298 78.553365
88.532506 77.903156
89.182715 77.252947
89.832924 77.252947
90.483133 76.602738
91.133342 75.952529
91.783551 75.952529
92.433760 75.952529
93.083969 75.952529
93.734178 75.952529
94.384387 75.952529
95.034596 75.302320
95.684805 75.302320
96.335014 75.302320
96.985223 74.652111
97.635432 74.652111
98.285641 74.001902
98.935850 74.001902
99.586059 73.351694
100.236268 73.351694
100.886477 73.351694
101.536686 72.701485
102.186894 72.701485
102.837103 72.701485
103.487312 72.051276
104.137521 72.051276
104.787730 72.051276
105.437939 72.051276
106.088148 72.051276
106.738357 72.051276
107.388566 71.401067
108.038775 71.401067
108.688984 71.401067
109.339193 71.401067
109.989402 70.750858
110.639611 70.750858
111.289820 70.750858
111.940029 70.750858
112.590238 70.750858
113.240447 70.750858
113.890656 70.750858
114.540865 70.750858
115.191074 70.750858
115.841283 70.750858
116.491491 70.750858
117.141700 70.750858
117.791909 70.750858
118.442118 70.750858
119.092327 70.750858
119.742536 70.750858
120.392745 70.750858
121.042954 70.750858
121.693163 70.750858
122.343372 70.750858
122.993581 70.750858
123.643790 70.750858
124.293999 70.750858
124.944208 70.750858
125.594417 70.750858
126.244626 70.750858
126.894835 71.401067
127.545044 71.401067
128.195253 71.401067
128.845462 71.401067
129.495671 71.401067
130.145879 72.051276
130.796088 72.051276
131.446297 72.051276
132.096506 72.701485
132.746715 72.701485
133.396924 72.701485
134.047133 73.351694
134.697342 73.351694
135.347551 73.351694
135.997760 74.001902
136.647969 74.001902
137.298178 74.001902
137.948387 74.652111
138.598596 74.652111
139.248805 74.652111
139.899014 74.652111
140.549223 75.302320
141.199432 75.302320
141.849641 75.302320
143.150059 75.952529
143.800267 75.952529
144.450476 75.952529
145.100685 75.952529
145.750894 75.952529
146.401103 75.952529
147.051312 76.602738
147.701521 76.602738
148.351730 76.602738
149.001939 76.602738
149.652148 76.602738
150.302357 76.602738
150.952566 77.252947
151.602775 77.252947
152.252984 77.252947
152.903193 77.252947
153.553402 77.252947
154.203611 77.252947
154.853820 77.252947
155.504029 77.252947
156.154238 77.252947
156.804447 77.903156
157.454656 77.903156
158.104864 77.903156
158.755073 77.903156
159.405282 77.903156
160.055491 77.903156
160.705700 78.553365
161.355909 78.553365
162.006118 78.553365
162.656327 78.553365
163.306536 79.203574
163.956745 79.203574
164.606954 79.853783
165.257163 79.853783
165.907372 79.853783
166.557581 80.503992
167.207790 80.503992
167.857999 81.154201
168.508208 81.154201
169.158417 81.804410
169.808626 81.804410
170.458835 82.454619
171.109044 82.454619
171.759252 83.104828
172.409461 83.104828
173.059670 83.755037
173.709879 84.405246
174.360088 84.405246
175.010297 85.055455
175.660506 85.055455
176.310715 85.055455
176.960924 85.055455
177.611133 85.055455
178.261342 85.055455
178.911551 85.705664
179.561760 85.705664
180.211969 86.355873
180.862178 87.006082
181.512387 87.006082
182.162596 87.656290
182.812805 88.306499
183.463014 88.956708
184.113223 88.956708
184.763432 89.606917
185.413640 90.257126
186.063849 90.907335
186.714058 91.557544
187.364267 92.207753
187.364267 92.857962
188.014476 93.508171
188.014476 94.158380
188.664685 94.808589
188.664685 95.458798
189.314894 96.109007
189.314894 96.759216
189.965103 97.409425
189.965103 98.059634
190.615312 98.709843
190.615312 99.360052
190.615312 100.010261
191.265521 100.660470
191.265521 101.310679
191.915730 101.960887
191.915730 102.611096
191.915730 103.261305
191.915730 103.911514
191.915730 104.561723
191.915730 105.211932
191.915730 105.862141
191.915730 106.512350
191.915730 107.162559
191.915730 107.812768
191.915730 108.462977
191.915730 109.113186
191.915730 109.763395
191.265521 110.413604
190.615312 110.413604
189.965103 111.063813
189.314894 111.063813
188.664685 111.714022
188.014476 111.714022
187.364267 111.714022
186.714058 112.364231
