188.777329 115.233541
188.095546 115.233541
187.413764 115.915323
186.731982 115.915323
186.050199 115.915323
185.368417 115.915323
184.686634 115.915323
184.004852 115.233541
183.323070 115.233541
182.641287 114.551759
181.959505 114.551759
181.277723 114.551759
180.595940 113.869976
179.914158 113.869976
179.232375 113.869976
178.550593 113.869976
177.868811 113.188194
177.187028 113.188194
176.505246 112.506411
175.823463 112.506411
175.141681 111.824629
174.459899 111.824629
173.778116 111.142847
173.096334 111.142847
172.414552 110.461064
171.732769 110.461064
171.050987 110.461064
170.369204 109.779282
169.687422 109.779282
169.005640 109.097500
168.323857 109.097500
167.642075 109.097500
166.960293 108.415717
166.278510 108.415717
165.596728 108.415717
164.914945 107.733935
164.233163 107.733935
163.551381 107.733935
162.869598 107.733935
162.187816 107.052152
161.506034 107.052152
160.824251 107.052152
160.142469 107.052152
159.460686 107.052152
158.778904 107.052152
158.097122 106.370370
157.415339 106.370370
156.733557 106.370370
156.051775 106.370370
155.369992 106.370370
154.688210 106.370370
154.006427 106.370370
153.324645 106.370370
152.642863 106.370370
151.961080 106.370370
151.279298 106.370370
150.597515 106.370370
149.915733 106.370370
149.233951 106.370370
148.552168 106.370370
147.870386 106.370370
147.188604 106.370370
146.506821 106.370370
145.825039 106.370370
145.825039 107.052152
145.143256 107.052152
144.461474 107.052152
143.779692 107.052152
143.097909 107.052152
142.416127 107.052152
141.734345 107.052152
141.734345 107.733935
141.052562 107.733935
140.370780 107.733935
139.688997 107.733935
139.007215 108.415717
138.325433 108.415717
137.643650 108.415717
136.961868 108.415717
136.961868 109.097500
136.280086 109.097500
135.598303 109.779282
134.916521 109.779282
134.234738 109.779282
133.552956 109.779282
133.552956 110.461064
132.871174 110.461064
132.189391 111.142847
131.507609 111.142847
130.825827 111.824629
130.144044 111.824629
129.462262 112.506411
128.780479 112.506411
128.780479 113.188194
128.098697 113.188194
127.416915 113.869976
126.735132 114.551759
126.053350 114.551759
125.371567 115.233541
124.689785 115.233541
124.689785 115.915323
124.008003 115.915323
124.008003 116.597106
123.326220 116.597106
123.326220 117.278888
122.644438 117.278888
122.644438 117.960671
121.962656 117.960671
121.280873 118.642453
120.599091 118.642453
120.599091 119.324235
119.917308 119.324235
119.235526 120.006018
118.553744 120.687800
117.871961 120.687800
117.190179 120.687800
117.190179 121.369582
116.508397 121.369582
116.508397 122.051365
115.826614 122.051365
115.144832 122.051365
115.144832 122.733147
114.463049 123.414930
113.781267 123.414930
113.099485 123.414930
113.099485 124.096712
112.417702 124.096712
112.417702 124.778494
111.735920 125.460277
111.054138 125.460277
111.054138 126.142059
110.372355 126.823841
109.690573 126.823841
109.690573 127.505624
109.008790 128.187406
108.327008 128.869189
107.645226 129.550971
106.963443 130.232753
106.281661 130.914536
105.599879 131.596318
104.918096 132.278100
104.918096 132.959883
104.236314 133.641665
103.554531 134.323448
103.554531 135.005230
102.872749 135.687012
102.190967 136.368795
102.190967 137.050577
101.509184 137.732359
101.509184 138.414142
100.827402 138.414142
99.463837 139.095924
98.782055 139.095924
98.100272 139.095924
96.736708 139.095924
96.054925 139.777707
95.373143 139.095924
94.691360 139.095924
93.327796 138.414142
92.646013 138.414142
91.964231 137.732359
91.282449 137.050577
90.600666 137.050577
89.918884 136.368795
88.555319 136.368795
87.873537 135.687012
87.191754 135.687012
86.509972 135.005230
85.828190 135.005230
85.146407 134.323448
83.782842 134.323448
83.101060 133.641665
82.419278 132.959883
81.737495 132.278100
81.055713 131.596318
81.055713 130.914536
80.373931 130.232753
79.692148 129.550971
79.010366 128.869189
78.328583 128.187406
77.646801 127.505624
76.965019 126.823841
76.283236 126.142059
76.283236 125.460277
75.601454 124.778494
74.919671 123.414930
74.237889 122.733147
73.556107 122.051365
72.874324 121.369582
72.874324 120.687800
72.874324 120.006018
72.874324 119.324235
72.192542 118.642453
72.192542 117.960671
72.192542 116.597106
72.192542 115.915323
72.192542 115.233541
72.192542 114.551759
72.192542 113.869976
72.192542 112.506411
71.510760 111.824629
71.510760 111.142847
71.510760 110.461064
71.510760 109.779282
71.510760 109.097500
71.510760 107.733935
71.510760 107.052152
71.510760 106.370370
70.828977 105.688588
70.828977 105.006805
71.510760 104.325023
71.510760 103.643241
71.510760 102.961458
71.510760 101.597893
71.510760 100.916111
71.510760 100.234329
71.510760 99.552546
71.510760 98.870764
71.510760 98.188982
71.510760 97.507199
71.510760 96.825417
71.510760 96.143634
71.510760 95.461852
71.510760 94.780070
71.510760 94.098287
71.510760 93.416505
72.192542 92.734723
72.192542 92.052940
72.192542 91.371158
72.192542 90.689375
72.192542 90.007593
72.192542 89.325811
72.192542 88.644028
72.192542 87.962246
72.192542 87.280463
72.874324 86.598681
72.874324 85.916899
72.874324 84.553334
73.556107 83.871552
73.556107 83.189769
73.556107 82.507987
74.237889 81.826204
74.237889 81.144422
74.237889 80.462640
74.919671 79.780857
74.919671 79.099075
74.919671 78.417293
75.601454 77.735510
75.601454 77.053728
76.283236 76.371945
76.965019 75.690163
78.328583 75.008381
79.010366 75.008381
79.692148 74.326598
80.373931 73.644816
81.055713 72.963034
81.737495 72.281251
82.419278 72.281251
83.101060 71.599469
83.782842 70.917686
84.464625 70.235904
85.828190 70.235904
86.509972 69.554122
87.191754 68.872339
87.873537 68.190557
88.555319 67.508775
89.237101 66.826992
89.918884 66.145210
90.600666 65.463427
91.282449 64.781645
91.964231 64.099863
92.646013 64.099863
93.327796 63.418080
94.009578 63.418080
94.691360 63.418080
95.373143 63.418080
96.054925 62.736298
96.736708 62.736298
97.418490 62.736298
98.100272 62.736298
98.782055 62.736298
99.463837 62.736298
100.145619 62.736298
100.827402 62.736298
101.509184 62.736298
102.190967 62.736298
102.872749 62.736298
103.554531 62.736298
104.236314 62.736298
104.918096 62.736298
105.599879 62.736298
106.281661 62.736298
106.963443 62.736298
107.645226 62.736298
108.327008 62.736298
109.008790 62.736298
109.690573 62.736298
111.054138 62.736298
111.735920 62.736298
112.417702 62.736298
113.099485 62.736298
113.781267 62.736298
114.463049 62.736298
115.826614 62.736298
116.508397 62.736298
117.190179 62.736298
117.871961 62.736298
119.235526 62.736298
119.917308 62.736298
120.599091 62.736298
121.962656 62.736298
122.644438 62.736298
123.326220 62.736298
124.008003 62.736298
125.371567 62.736298
126.053350 62.736298
126.735132 62.736298
128.098697 62.736298
128.780479 62.736298
129.462262 62.736298
130.144044 62.736298
131.507609 62.736298
132.189391 62.736298
132.871174 62.736298
134.234738 62.736298
134.916521 62.736298
135.598303 62.736298
136.280086 62.736298
137.643650 62.736298
138.325433 62.736298
139.007215 62.736298
140.370780 62.736298
141.052562 62.736298
141.734345 62.736298
142.416127 62.736298
143.097909 62.736298
143.779692 63.418080
144.461474 63.418080
145.825039 63.418080
146.506821 63.418080
147.188604 64.099863
147.870386 64.099863
148.552168 64.099863
149.233951 64.099863
149.915733 64.099863
150.597515 64.781645
151.279298 64.781645
151.961080 64.781645
152.642863 64.781645
153.324645 65.463427
154.006427 65.463427
154.688210 65.463427
156.051775 65.463427
156.733557 66.145210
157.415339 66.145210
158.097122 66.145210
158.778904 66.145210
159.460686 66.145210
160.142469 66.826992
160.824251 66.826992
161.506034 66.826992
162.187816 66.826992
162.869598 66.826992
163.551381 67.508775
164.233163 67.508775
164.914945 68.190557
165.596728 68.190557
166.278510 68.872339
166.960293 68.872339
167.642075 68.872339
168.323857 69.554122
169.005640 69.554122
169.687422 70.235904
170.369204 70.235904
171.050987 70.917686
171.732769 70.917686
172.414552 70.917686
173.096334 71.599469
173.778116 71.599469
174.459899 72.281251
175.141681 72.281251
175.823463 72.281251
176.505246 72.963034
177.187028 72.963034
177.868811 73.644816
178.550593 73.644816
179.232375 74.326598
179.914158 74.326598
180.595940 74.326598
181.277723 75.008381
181.959505 75.008381
182.641287 75.690163
183.323070 75.690163
184.004852 75.690163
185.368417 76.371945
186.050199 76.371945
186.731982 77.053728
187.413764 77.053728
188.095546 77.053728
188.777329 77.735510
189.459111 77.735510
190.140893 78.417293
190.140893 79.099075
190.822676 79.780857
190.822676 80.462640
191.504458 81.144422
191.504458 81.826204
192.186241 82.507987
192.186241 83.189769
192.868023 83.871552
192.868023 84.553334
193.549805 85.235116
193.549805 85.916899
194.231588 86.598681
194.913370 87.280463
194.913370 87.962246
195.595152 88.644028
195.595152 89.325811
195.595152 90.007593
196.276935 90.689375
196.276935 92.052940
196.276935 92.734723
196.958717 93.416505
196.958717 94.098287
196.958717 94.780070
196.958717 95.461852
197.640500 96.825417
197.640500 97.507199
197.640500 98.188982
198.322282 98.870764
198.322282 99.552546
198.322282 100.234329
198.322282 101.597893
199.004064 102.279676
199.004064 102.961458
199.004064 103.643241
199.004064 104.325023
199.004064 105.006805
199.004064 106.370370
199.004064 107.052152
198.322282 107.733935
198.322282 108.415717
198.322282 109.097500
198.322282 109.779282
197.640500 110.461064
197.640500 111.142847
197.640500 112.506411
197.640500 113.188194
196.958717 113.869976
196.276935 113.869976
195.595152 113.869976
194.913370 113.869976
194.231588 113.869976
193.549805 113.869976
193.549805 114.551759
192.868023 114.551759
192.186241 114.551759
191.504458 114.551759
190.822676 114.551759
190.140893 115.233541
189.459111 115.233541
188.777329 115.233541
