161.785581 106.108917
160.083136 106.108917
158.380692 104.406473
156.678247 104.406473
154.975802 104.406473
153.273357 104.406473
151.570912 104.406473
149.868468 104.406473
148.166023 104.406473
146.463578 104.406473
144.761133 104.406473
146.463578 104.406473
144.761133 104.406473
146.463578 104.406473
144.761133 104.406473
146.463578 104.406473
144.761133 104.406473
146.463578 104.406473
144.761133 104.406473
143.058689 104.406473
141.356244 104.406473
139.653799 104.406473
137.951354 106.108917
136.248910 106.108917
134.546465 106.108917
132.844020 106.108917
132.844020 107.811362
131.141575 107.811362
129.439130 107.811362
129.439130 109.513807
127.736686 109.513807
126.034241 111.216252
124.331796 112.918697
122.629351 112.918697
120.926907 114.621141
119.224462 116.323586
117.522017 118.026031
115.819572 118.026031
114.117127 119.728476
112.414683 121.430920
110.712238 123.133365
109.009793 124.835810
107.307348 126.538255
107.307348 128.240699
105.604904 129.943144
105.604904 131.645589
103.902459 133.348034
102.200014 135.050479
102.200014 136.752923
102.200014 138.455368
100.497569 140.157813
98.795125 141.860258
97.092680 140.157813
97.092680 138.455368
95.390235 136.752923
95.390235 135.050479
93.687790 133.348034
93.687790 131.645589
91.985345 129.943144
91.985345 128.240699
90.282901 126.538255
90.282901 124.835810
88.580456 123.133365
88.580456 121.430920
88.580456 119.728476
88.580456 118.026031
86.878011 116.323586
86.878011 114.621141
86.878011 112.918697
85.175566 111.216252
85.175566 109.513807
85.175566 107.811362
85.175566 106.108917
85.175566 104.406473
85.175566 102.704028
85.175566 101.001583
85.175566 99.299138
85.175566 97.596694
85.175566 95.894249
85.175566 94.191804
86.878011 92.489359
86.878011 90.786914
86.878011 89.084470
86.878011 87.382025
88.580456 85.679580
90.282901 83.977135
91.985345 83.977135
93.687790 82.274691
95.390235 82.274691
97.092680 80.572246
98.795125 78.869801
100.497569 77.167356
102.200014 77.167356
103.902459 77.167356
105.604904 77.167356
107.307348 77.167356
109.009793 77.167356
110.712238 77.167356
112.414683 77.167356
114.117127 77.167356
115.819572 77.167356
117.522017 77.167356
119.224462 77.167356
120.926907 77.167356
122.629351 77.167356
124.331796 77.167356
126.034241 77.167356
127.736686 77.167356
129.439130 78.869801
131.141575 78.869801
132.844020 78.869801
134.546465 80.572246
136.248910 80.572246
137.951354 82.274691
139.653799 83.977135
141.356244 83.977135
143.058689 85.679580
144.761133 85.679580
146.463578 87.382025
148.166023 87.382025
149.868468 89.084470
151.570912 89.084470
153.273357 90.786914
154.975802 92.489359
156.678247 92.489359
158.380692 94.191804
160.083136 94.191804
161.785581 95.894249
163.488026 95.894249
165.190471 97.596694
166.892915 97.596694
168.595360 97.596694
170.297805 99.299138
170.297805 101.001583
170.297805 102.704028
168.595360 104.406473
166.892915 106.108917
165.190471 106.108917
163.488026 106.108917
161.785581 106.108917
