141.910178 106.945720
141.910178 107.301167
141.554731 107.656615
141.554731 108.012062
141.554731 108.367509
141.554731 108.722957
141.554731 109.078404
141.199283 109.433851
140.843836 110.144746
140.488388 110.144746
140.132941 110.500194
139.777494 110.855641
139.422046 111.211088
139.066599 111.211088
138.711152 111.211088
138.355704 111.211088
138.000257 111.211088
137.644809 111.211088
137.289362 111.211088
136.933915 111.211088
136.578467 111.211088
136.223020 111.211088
136.223020 111.566536
135.867572 111.566536
135.512125 111.566536
135.156678 111.566536
134.801230 111.566536
134.445783 111.566536
134.090335 111.566536
134.090335 111.921983
133.734888 111.921983
133.379441 111.921983
133.734888 111.921983
133.379441 111.921983
133.023993 111.921983
132.668546 112.277431
132.313098 112.277431
131.957651 112.277431
131.602204 112.277431
131.246756 112.277431
131.246756 112.632878
130.891309 112.632878
130.535861 112.632878
130.180414 112.988325
129.824967 112.988325
129.469519 112.988325
129.824967 112.988325
129.469519 112.988325
129.114072 113.343773
128.758624 113.343773
128.403177 113.343773
128.047730 113.343773
128.047730 113.699220
127.692282 113.699220
127.336835 113.699220
127.336835 114.054668
126.981387 114.054668
126.625940 114.054668
126.625940 114.410115
126.270493 114.410115
125.915045 114.410115
125.559598 114.410115
125.559598 114.765562
125.204150 114.765562
124.848703 115.121010
124.493256 115.121010
124.493256 115.476457
124.137808 115.476457
123.782361 115.831905
123.426913 115.831905
123.071466 116.187352
122.716019 116.187352
122.360571 116.542799
122.005124 116.898247
121.649677 116.898247
121.294229 117.253694
120.938782 117.253694
120.583334 117.609142
120.583334 117.964589
120.227887 117.964589
119.872440 118.320036
119.516992 118.320036
119.516992 118.675484
119.161545 119.030931
118.806097 119.030931
118.450650 119.030931
118.450650 119.386379
118.095203 119.741826
117.739755 119.741826
117.739755 120.097273
117.384308 120.452721
117.028860 120.452721
117.028860 120.808168
116.673413 121.163616
116.317966 121.163616
116.317966 121.519063
115.962518 121.874510
115.607071 121.874510
115.607071 122.229958
115.251623 122.585405
114.896176 122.940853
114.540729 122.940853
114.540729 123.296300
114.185281 123.651747
114.185281 124.007195
113.829834 124.362642
113.474386 124.362642
113.474386 124.718090
113.118939 125.073537
112.763492 125.428984
112.408044 125.784432
112.052597 126.139879
111.697149 126.495327
111.341702 126.850774
110.986255 127.206221
110.986255 127.561669
110.630807 127.917116
110.275360 128.272563
109.919912 128.628011
109.919912 128.983458
109.564465 129.338906
109.209018 129.694353
108.853570 130.049800
108.853570 130.405248
108.498123 130.760695
108.142675 131.116143
108.142675 131.471590
107.787228 131.827037
107.787228 132.182485
107.431781 132.537932
107.431781 132.893380
107.076333 133.248827
106.720886 133.604274
106.720886 133.959722
106.365438 134.315169
106.365438 134.670617
106.365438 135.026064
106.009991 135.381511
106.009991 135.736959
105.654544 136.092406
105.654544 136.447854
105.299096 136.803301
105.299096 137.158748
105.299096 137.514196
104.943649 137.869643
104.943649 138.225091
104.943649 138.580538
104.588201 138.935985
104.588201 139.291433
104.232754 139.291433
103.877307 139.646880
103.521859 139.646880
103.166412 140.002328
102.810965 140.002328
102.455517 140.002328
101.744622 140.357775
101.389175 140.357775
101.033728 140.713222
100.678280 140.713222
100.322833 140.713222
99.967385 141.068670
99.611938 141.068670
99.256491 141.068670
98.901043 141.424117
98.545596 141.424117
98.190148 141.779565
97.479254 141.779565
97.123806 141.424117
96.768359 141.424117
96.412911 141.068670
95.702017 140.713222
95.346569 140.713222
94.991122 140.357775
94.635674 140.002328
94.280227 139.646880
93.569332 139.646880
93.213885 139.291433
92.858437 138.935985
92.502990 138.935985
91.792095 138.580538
91.436648 138.225091
91.081200 138.225091
90.725753 137.869643
90.014858 137.514196
89.659411 137.158748
89.303963 137.158748
88.948516 136.803301
88.593069 136.447854
87.882174 136.092406
87.526726 135.736959
87.171279 135.381511
86.815832 135.026064
86.460384 134.670617
86.104937 133.959722
85.749489 133.604274
85.749489 133.248827
85.394042 132.893380
85.038595 132.537932
84.683147 132.182485
84.327700 131.827037
83.972253 131.471590
83.616805 131.116143
83.616805 130.760695
83.261358 130.405248
82.905910 129.694353
82.550463 129.338906
82.195016 128.983458
81.839568 128.628011
81.484121 128.272563
81.484121 127.917116
81.128673 127.561669
80.773226 127.206221
80.417779 126.850774
80.417779 126.495327
80.417779 125.784432
80.417779 125.428984
80.773226 125.073537
80.773226 124.718090
80.773226 124.007195
80.773226 123.651747
80.773226 123.296300
80.773226 122.940853
80.773226 122.229958
80.773226 121.874510
80.773226 121.519063
80.773226 121.163616
80.773226 120.452721
80.773226 120.097273
80.773226 119.741826
81.128673 119.386379
81.128673 118.675484
81.128673 118.320036
81.128673 117.964589
81.128673 117.609142
81.484121 117.253694
81.484121 116.542799
81.484121 116.187352
81.839568 115.831905
81.839568 115.476457
82.195016 115.121010
82.195016 114.765562
82.195016 114.054668
82.550463 113.699220
82.550463 113.343773
82.905910 112.988325
82.905910 112.632878
82.905910 112.277431
83.261358 111.566536
83.261358 111.211088
83.261358 110.855641
83.616805 110.500194
83.616805 110.144746
83.972253 109.789299
83.972253 109.078404
83.972253 108.722957
83.972253 108.367509
83.972253 108.012062
83.972253 107.656615
83.972253 107.301167
83.972253 106.945720
83.972253 106.590272
83.972253 106.234825
84.327700 105.523930
84.327700 105.168483
84.327700 104.813035
84.327700 104.457588
84.327700 104.102141
84.327700 103.746693
84.327700 103.391246
84.327700 103.035798
84.327700 102.324904
84.327700 101.969456
84.683147 101.614009
84.683147 101.258561
84.683147 100.903114
84.683147 100.547667
84.683147 100.192219
84.683147 99.836772
84.683147 99.125877
84.683147 98.770430
85.038595 98.414982
85.038595 98.059535
85.394042 97.704087
85.394042 97.348640
85.749489 96.993193
86.104937 96.637745
86.460384 96.282298
86.815832 95.926850
87.171279 95.215956
87.526726 94.860508
87.882174 94.505061
87.882174 94.149613
88.237621 93.794166
88.593069 93.438719
88.948516 93.083271
89.303963 92.727824
89.659411 92.372376
90.014858 92.372376
90.370306 92.372376
90.725753 92.016929
91.436648 92.016929
91.792095 91.661482
92.147543 91.661482
92.502990 91.661482
92.858437 91.306034
93.213885 91.306034
93.569332 91.306034
93.924780 90.950587
94.280227 90.950587
94.991122 90.595139
95.346569 90.595139
95.702017 90.595139
96.057464 90.239692
96.768359 90.239692
97.123806 90.239692
97.479254 90.239692
97.834701 90.239692
98.545596 90.239692
98.901043 90.239692
99.256491 90.239692
99.967385 90.239692
100.322833 90.239692
100.678280 90.239692
101.389175 90.239692
101.744622 90.239692
102.100070 90.239692
102.810965 90.239692
103.166412 90.239692
103.521859 90.239692
103.877307 90.239692
104.588201 90.239692
104.943649 90.239692
105.299096 90.239692
106.009991 90.239692
106.365438 90.239692
106.720886 90.239692
107.431781 90.239692
107.787228 90.239692
108.142675 90.239692
108.853570 90.239692
109.209018 90.239692
109.564465 90.239692
109.919912 90.239692
110.630807 90.239692
110.986255 90.239692
111.341702 90.239692
112.052597 90.239692
112.408044 90.239692
112.763492 90.595139
113.118939 90.595139
113.474386 90.595139
113.829834 90.595139
114.540729 90.595139
114.896176 90.595139
115.251623 90.595139
115.607071 90.595139
115.962518 90.595139
116.317966 90.595139
117.028860 90.595139
117.384308 90.595139
117.739755 90.950587
118.095203 90.950587
118.450650 90.950587
118.806097 90.950587
119.516992 90.950587
119.872440 90.950587
120.227887 91.306034
120.583334 91.306034
121.294229 91.661482
121.649677 91.661482
122.005124 92.016929
122.716019 92.372376
123.071466 92.372376
123.426913 92.727824
123.782361 92.727824
124.493256 93.083271
124.848703 93.438719
125.204150 93.438719
125.915045 93.794166
126.270493 94.149613
126.625940 94.149613
127.336835 94.505061
127.692282 94.505061
128.047730 94.860508
128.758624 95.215956
129.114072 95.215956
129.469519 95.571403
129.824967 95.926850
130.535861 95.926850
130.891309 96.282298
131.246756 96.282298
131.602204 96.637745
131.957651 96.993193
132.313098 96.993193
132.668546 97.348640
133.023993 97.348640
133.379441 97.704087
133.734888 97.704087
134.090335 98.059535
134.445783 98.059535
134.801230 98.414982
135.156678 98.414982
135.512125 98.770430
135.867572 99.125877
136.578467 99.125877
136.933915 99.481324
137.289362 99.481324
137.644809 99.836772
138.000257 99.836772
138.355704 100.192219
138.711152 100.192219
139.066599 100.547667
139.422046 100.903114
139.777494 101.258561
140.132941 101.614009
140.488388 101.969456
140.843836 101.969456
141.199283 102.324904
141.910178 102.680351
142.265625 103.035798
142.621073 103.391246
142.976520 103.746693
142.976520 104.102141
142.621073 104.457588
142.621073 104.813035
142.621073 105.168483
142.265625 105.523930
142.265625 105.879378
142.265625 106.234825
141.910178 106.590272
141.910178 106.945720
