159.010900 99.619810
159.010900 100.061844
158.126831 100.503879
157.684796 100.945913
157.242762 101.387947
156.358693 101.829982
155.916659 102.272016
155.474624 102.714051
154.590556 103.156085
154.148521 103.156085
153.706487 103.598119
152.822418 104.040154
152.380384 104.482188
151.938349 104.040154
151.496315 104.040154
151.054281 104.040154
150.612246 104.040154
150.170212 104.040154
149.728177 104.040154
149.286143 104.040154
148.844109 104.040154
148.402074 103.598119
147.960040 103.598119
147.518005 103.598119
147.075971 103.598119
146.633937 103.598119
146.191902 103.598119
145.749868 103.598119
145.307834 103.598119
144.865799 103.598119
144.423765 103.598119
143.981730 103.598119
143.539696 103.598119
143.097662 103.598119
142.655627 103.598119
142.213593 103.598119
141.771558 103.598119
141.329524 103.598119
140.887490 103.598119
140.445455 103.598119
140.003421 103.598119
139.561386 103.598119
139.119352 103.598119
138.677318 103.598119
138.235283 104.040154
137.793249 104.040154
137.351215 104.040154
136.909180 104.040154
136.467146 104.040154
136.025111 104.040154
135.583077 104.040154
135.141043 104.040154
134.699008 104.482188
134.256974 104.482188
133.814939 104.482188
133.372905 104.482188
132.930871 104.482188
132.488836 104.924223
132.046802 104.924223
131.604767 104.924223
131.162733 104.924223
130.720699 105.366257
130.278664 105.366257
129.836630 105.366257
129.394596 105.808291
128.952561 105.808291
128.510527 105.808291
128.510527 106.250326
128.068492 106.250326
127.626458 106.250326
127.184424 106.250326
127.184424 106.692360
126.742389 106.692360
126.300355 107.134395
125.858320 107.134395
125.416286 107.576429
124.974252 107.576429
124.532217 108.018463
124.090183 108.018463
123.648148 108.460498
123.206114 108.460498
122.764080 108.902532
122.322045 108.902532
122.322045 109.344566
121.880011 109.344566
121.437977 109.786601
120.995942 109.786601
120.995942 110.228635
120.553908 110.228635
120.111873 110.670670
119.669839 110.670670
119.669839 111.112704
119.227805 111.554738
118.785770 111.554738
118.785770 111.996773
118.343736 111.996773
118.343736 112.438807
117.901701 112.438807
117.459667 112.880842
117.017633 113.322876
116.575598 113.764910
116.133564 113.764910
116.133564 114.206945
115.691529 114.648979
115.249495 115.091014
115.249495 115.533048
114.807461 115.533048
114.807461 115.975082
114.365426 115.975082
114.365426 116.417117
113.923392 116.859151
113.481358 117.301185
113.039323 117.743220
113.039323 118.185254
112.597289 118.627289
112.155254 119.069323
112.155254 119.511357
111.713220 119.953392
111.271186 120.395426
111.271186 120.837461
110.829151 121.279495
110.387117 121.721529
109.945082 122.163564
109.503048 122.605598
109.061014 123.047633
109.061014 123.489667
108.618979 123.931701
108.176945 124.373736
108.176945 124.815770
107.734910 125.257804
107.292876 125.699839
107.292876 126.141873
106.850842 126.583908
106.850842 127.025942
106.408807 127.467976
106.408807 127.910011
105.966773 128.352045
105.966773 128.794080
105.524739 129.236114
105.524739 129.678148
105.082704 130.120183
105.082704 130.562217
105.082704 131.004252
104.640670 131.446286
104.640670 131.888320
104.198635 132.330355
104.198635 132.772389
104.198635 133.214423
103.756601 133.656458
103.756601 134.098492
103.756601 134.540527
103.756601 134.982561
103.314567 135.424595
103.314567 135.866630
103.314567 136.308664
103.314567 136.750699
103.314567 137.192733
102.872532 137.634767
101.988463 138.076802
101.546429 137.634767
101.104395 137.634767
100.662360 137.634767
100.220326 137.192733
99.778291 137.192733
99.336257 137.192733
98.894223 137.192733
98.452188 136.750699
98.010154 136.750699
97.568120 136.750699
97.126085 136.308664
96.684051 136.308664
96.242016 136.308664
95.357948 135.866630
94.915913 135.866630
94.473879 135.866630
94.031844 135.424595
93.589810 134.982561
93.147776 134.098492
92.705741 133.656458
92.263707 133.214423
91.821672 132.772389
91.379638 131.888320
90.495569 131.446286
90.053535 131.004252
89.611501 130.562217
89.169466 129.678148
88.727432 129.236114
88.285397 128.794080
87.843363 128.352045
87.401329 127.467976
86.959294 127.025942
86.517260 126.583908
85.633191 126.141873
85.191157 125.257804
84.749122 124.815770
84.307088 124.373736
83.865054 123.931701
83.423019 123.047633
82.980985 122.605598
82.538950 122.163564
82.096916 121.721529
82.096916 121.279495
81.654882 120.837461
81.654882 120.395426
81.212847 119.511357
81.212847 119.069323
80.770813 118.627289
80.770813 118.185254
80.328778 117.743220
80.328778 117.301185
79.886744 116.859151
79.886744 116.417117
79.886744 115.533048
79.444710 115.091014
79.444710 114.648979
79.002675 114.206945
79.002675 113.764910
78.560641 113.322876
78.560641 112.880842
78.118606 112.438807
78.118606 111.554738
78.118606 111.112704
77.676572 110.670670
77.676572 110.228635
77.234538 109.786601
77.234538 109.344566
76.792503 108.902532
76.792503 108.460498
76.350469 107.576429
76.350469 107.134395
75.908435 106.692360
75.908435 106.250326
75.908435 105.808291
75.466400 105.366257
75.466400 104.924223
75.466400 104.482188
75.466400 104.040154
75.466400 103.598119
75.908435 103.156085
75.908435 102.714051
75.908435 101.829982
75.908435 101.387947
75.908435 100.945913
75.908435 100.503879
75.908435 100.061844
75.908435 99.619810
75.908435 99.177776
75.908435 98.735741
75.908435 98.293707
75.908435 97.851672
76.350469 97.409638
76.792503 96.967604
77.234538 96.525569
77.676572 96.083535
78.118606 95.641500
78.560641 95.199466
79.002675 94.757432
79.444710 93.873363
79.886744 93.431328
80.328778 92.989294
80.770813 92.547260
81.654882 92.105225
82.096916 91.663191
82.538950 91.221157
82.980985 90.779122
83.423019 90.337088
83.865054 89.895053
84.307088 89.453019
84.749122 89.010985
85.191157 88.568950
85.633191 88.126916
86.075225 88.126916
86.517260 88.126916
86.959294 88.126916
87.401329 87.684881
87.843363 87.684881
88.727432 87.684881
89.169466 87.684881
89.611501 87.684881
90.053535 87.684881
90.495569 87.242847
90.937604 87.242847
91.379638 87.242847
91.821672 87.242847
92.263707 87.242847
92.705741 87.242847
93.147776 87.242847
94.031844 86.800813
94.473879 86.800813
94.915913 86.800813
95.357948 86.800813
95.799982 86.800813
96.242016 86.800813
96.684051 86.800813
97.126085 86.358778
97.568120 86.358778
98.010154 86.358778
98.452188 86.358778
98.894223 86.358778
99.778291 86.358778
100.220326 85.916744
100.662360 85.916744
101.104395 85.916744
101.546429 85.916744
101.988463 85.916744
102.430498 85.916744
102.872532 85.916744
103.314567 85.916744
103.756601 85.916744
104.198635 85.916744
104.640670 85.916744
105.082704 85.916744
105.524739 85.916744
105.966773 85.916744
106.408807 85.916744
107.292876 85.916744
107.734910 85.916744
108.176945 85.916744
108.618979 85.916744
109.061014 85.916744
109.503048 85.916744
109.945082 85.916744
110.387117 85.916744
110.829151 85.916744
111.271186 85.916744
111.713220 85.916744
112.155254 85.916744
112.597289 85.916744
113.039323 85.916744
113.481358 85.916744
113.923392 85.916744
114.365426 85.916744
114.807461 85.916744
115.249495 85.916744
115.691529 85.916744
116.575598 85.916744
117.017633 85.916744
117.459667 85.916744
117.901701 85.916744
118.343736 85.916744
118.785770 85.916744
119.227805 85.916744
119.669839 85.916744
120.111873 85.916744
120.553908 85.916744
120.995942 85.916744
121.437977 85.916744
121.880011 85.916744
122.322045 85.916744
122.764080 85.916744
123.206114 85.916744
123.648148 85.916744
124.090183 85.916744
124.532217 85.916744
125.416286 85.916744
125.858320 85.916744
126.300355 85.916744
126.742389 85.916744
127.184424 85.916744
127.626458 85.916744
128.068492 85.916744
128.510527 85.916744
128.952561 85.916744
129.394596 86.358778
130.278664 86.358778
130.720699 86.358778
131.162733 86.358778
131.604767 86.358778
132.046802 86.800813
132.488836 86.800813
133.372905 86.800813
133.814939 86.800813
134.256974 86.800813
134.699008 86.800813
135.141043 87.242847
135.583077 87.242847
136.467146 87.242847
136.909180 87.242847
137.351215 87.242847
137.793249 87.684881
138.235283 87.684881
138.677318 87.684881
139.561386 87.684881
140.003421 87.684881
140.445455 88.126916
140.887490 88.126916
141.329524 88.126916
141.771558 88.126916
142.655627 88.126916
143.097662 88.126916
143.539696 88.568950
143.981730 88.568950
144.423765 88.568950
144.865799 88.568950
145.749868 89.010985
146.191902 89.010985
146.633937 89.453019
147.075971 89.453019
147.518005 89.895053
147.960040 89.895053
148.844109 90.337088
149.286143 90.337088
149.728177 90.779122
150.170212 90.779122
150.612246 91.221157
151.054281 91.221157
151.496315 91.663191
152.380384 91.663191
152.822418 92.105225
153.264453 92.105225
153.706487 92.547260
154.148521 92.547260
154.590556 92.989294
155.032590 92.989294
155.916659 93.431328
156.358693 93.431328
156.800728 93.873363
157.242762 93.873363
157.684796 94.315397
158.126831 94.315397
158.568865 94.757432
159.452934 95.199466
159.894968 95.641500
160.337003 96.083535
160.337003 96.525569
160.337003 96.967604
159.894968 97.409638
159.894968 97.851672
159.452934 98.293707
159.452934 98.735741
159.452934 99.177776
159.010900 99.619810
