137.477062 106.055162
137.477062 106.366363
137.477062 106.677564
137.477062 106.988765
137.477062 107.299966
137.165861 107.299966
136.854659 107.299966
136.543458 107.611168
136.232257 107.611168
135.921056 107.611168
135.609855 107.611168
135.298653 107.922369
134.987452 107.922369
134.676251 107.922369
134.365050 107.922369
134.053849 108.233570
133.742647 108.233570
133.431446 108.233570
133.120245 108.233570
132.809044 108.544771
132.497842 108.544771
132.186641 108.544771
131.875440 108.544771
131.875440 108.855972
131.564239 108.855972
131.253038 108.855972
130.941836 108.855972
130.941836 109.167174
130.630635 109.167174
130.319434 109.167174
130.008233 109.478375
129.697032 109.478375
129.385830 109.478375
129.074629 109.478375
129.074629 109.789576
128.763428 109.789576
128.452227 109.789576
128.141025 109.789576
128.141025 110.100777
127.829824 110.100777
127.518623 110.100777
127.518623 110.411979
127.207422 110.411979
126.896221 110.411979
126.896221 110.723180
126.585019 110.723180
126.273818 110.723180
125.962617 110.723180
125.962617 111.034381
125.651416 111.034381
125.340215 111.034381
125.340215 111.345582
125.029013 111.345582
124.717812 111.345582
124.717812 111.656783
124.406611 111.656783
124.095410 111.656783
124.095410 111.967985
123.784208 111.967985
123.473007 112.279186
123.161806 112.279186
122.850605 112.590387
122.539404 112.590387
122.539404 112.901588
122.228202 112.901588
121.917001 113.212789
121.605800 113.212789
121.294599 113.523991
120.983397 113.523991
120.672196 113.835192
120.360995 113.835192
120.360995 114.146393
120.049794 114.146393
119.738593 114.457594
119.427391 114.768796
119.116190 114.768796
118.804989 115.079997
118.493788 115.079997
118.493788 115.391198
118.182587 115.702399
117.871385 115.702399
117.560184 116.013600
117.248983 116.324802
116.937782 116.324802
116.937782 116.636003
116.626580 116.636003
116.315379 116.947204
116.004178 116.947204
116.004178 117.258405
115.692977 117.569606
115.381776 117.569606
115.381776 117.880808
115.070574 117.880808
114.759373 118.192009
114.448172 118.192009
114.448172 118.503210
114.136971 118.814411
113.825770 118.814411
113.825770 119.125613
113.514568 119.436814
113.203367 119.748015
112.892166 119.748015
112.892166 120.059216
112.580965 120.370417
112.269763 120.681619
111.958562 120.992820
111.647361 121.304021
111.336160 121.615222
111.024959 121.926424
110.713757 122.237625
110.402556 122.548826
110.091355 122.860027
109.780154 123.171228
109.468953 123.482430
109.468953 123.793631
109.157751 124.104832
108.846550 124.416033
108.535349 124.727234
108.224148 125.038436
108.224148 125.349637
107.912946 125.660838
107.601745 125.972039
107.290544 126.283241
107.290544 126.594442
106.979343 126.905643
106.668142 127.216844
106.356940 127.528045
106.356940 127.839247
106.045739 128.150448
105.734538 128.461649
105.734538 128.772850
105.423337 129.084051
105.423337 129.395253
105.112135 129.706454
104.800934 130.017655
104.800934 130.328856
104.489733 130.640058
104.489733 130.951259
104.178532 131.262460
103.867331 131.573661
103.867331 131.884862
103.556129 132.196064
103.556129 132.507265
103.244928 132.818466
103.244928 133.129667
102.933727 133.440868
102.933727 133.752070
102.622526 134.063271
102.622526 134.374472
102.311325 134.685673
102.311325 134.996875
102.311325 135.308076
102.000123 135.619277
102.000123 135.930478
101.688922 136.241679
101.066520 136.241679
100.755318 136.241679
100.444117 136.552881
100.132916 136.552881
99.821715 136.552881
99.510514 136.552881
98.888111 136.552881
98.576910 136.552881
98.265709 136.552881
97.954508 136.552881
97.643306 136.552881
97.332105 136.552881
97.020904 136.552881
96.398501 136.864082
96.087300 136.864082
95.776099 136.864082
95.464898 136.864082
95.153697 136.552881
94.842495 135.930478
94.531294 135.619277
94.220093 135.308076
93.908892 134.996875
93.597691 134.685673
93.286489 134.063271
92.975288 133.752070
92.664087 133.440868
92.352886 133.129667
92.041684 132.818466
91.730483 132.196064
91.419282 131.884862
91.108081 131.573661
90.796880 131.262460
90.485678 130.640058
90.174477 130.328856
89.863276 130.017655
89.552075 129.706454
89.240873 129.395253
88.929672 128.772850
88.618471 128.461649
88.307270 128.150448
87.996069 127.839247
87.684867 127.528045
87.684867 126.905643
87.373666 126.594442
87.373666 126.283241
87.062465 125.660838
87.062465 125.349637
86.751264 125.038436
86.751264 124.727234
86.440063 124.104832
86.440063 123.793631
86.128861 123.482430
86.128861 123.171228
85.817660 122.548826
85.817660 122.237625
85.506459 121.926424
85.506459 121.304021
85.195258 120.992820
85.195258 120.681619
84.884056 120.370417
84.884056 119.748015
84.572855 119.436814
84.572855 119.125613
84.261654 118.503210
84.261654 118.192009
83.950453 117.880808
83.950453 117.569606
83.950453 117.258405
83.950453 116.636003
84.261654 116.324802
84.261654 116.013600
84.572855 115.702399
84.572855 115.391198
84.884056 115.079997
84.884056 114.768796
85.195258 114.457594
85.195258 114.146393
85.506459 113.835192
85.506459 113.523991
85.817660 113.212789
86.128861 112.901588
86.128861 112.279186
86.440063 111.967985
86.751264 111.656783
86.751264 111.345582
87.062465 111.034381
87.062465 110.723180
87.373666 110.411979
87.684867 110.100777
87.684867 109.789576
87.996069 109.478375
88.307270 109.167174
88.307270 108.855972
88.618471 108.544771
88.618471 108.233570
88.929672 107.922369
88.929672 107.299966
88.929672 106.988765
88.929672 106.677564
88.929672 106.366363
88.929672 105.743960
89.240873 105.432759
89.240873 105.121558
89.240873 104.810357
89.240873 104.499155
89.240873 103.876753
89.240873 103.565552
89.240873 103.254351
89.552075 102.943149
89.552075 102.631948
89.552075 102.009546
89.552075 101.698344
89.552075 101.387143
89.552075 101.075942
89.552075 100.764741
89.863276 100.142338
89.863276 99.831137
89.863276 99.519936
89.863276 99.208735
89.863276 98.897534
90.174477 98.586332
90.485678 98.275131
90.796880 97.963930
91.108081 97.963930
91.419282 97.652729
92.041684 97.341527
92.352886 97.341527
92.664087 97.030326
92.975288 97.030326
93.286489 96.719125
93.597691 96.407924
93.908892 96.407924
94.220093 96.096723
94.531294 96.096723
94.842495 95.785521
95.153697 95.474320
95.464898 95.474320
95.776099 95.163119
96.087300 94.851918
96.398501 94.851918
97.020904 94.851918
97.332105 94.851918
97.643306 94.851918
97.954508 94.851918
98.265709 94.851918
98.576910 94.851918
98.888111 94.851918
99.510514 94.851918
99.821715 94.851918
100.132916 94.851918
100.444117 94.851918
100.755318 94.851918
101.066520 94.851918
101.377721 94.851918
102.000123 94.851918
102.311325 94.851918
102.622526 94.851918
102.933727 94.851918
103.244928 94.851918
103.556129 94.851918
103.867331 94.851918
104.178532 94.851918
104.800934 94.851918
105.112135 94.851918
105.423337 94.851918
105.734538 94.851918
106.045739 94.851918
106.356940 94.851918
106.668142 94.851918
107.290544 94.851918
107.601745 94.851918
107.912946 94.851918
108.224148 94.851918
108.535349 94.851918
108.846550 94.851918
109.157751 94.851918
109.780154 94.851918
110.091355 94.851918
110.402556 94.851918
110.713757 94.851918
111.024959 94.851918
111.336160 94.851918
111.647361 94.851918
111.958562 94.851918
112.580965 94.851918
112.892166 94.851918
113.203367 94.851918
113.514568 94.851918
113.825770 94.851918
114.136971 94.851918
114.759373 94.851918
115.070574 95.163119
115.381776 95.163119
116.004178 95.474320
116.315379 95.474320
116.626580 95.785521
117.248983 96.096723
117.560184 96.096723
117.871385 96.407924
118.182587 96.407924
118.804989 96.719125
119.116190 96.719125
119.427391 97.030326
120.049794 97.030326
120.360995 97.341527
120.672196 97.341527
121.294599 97.652729
121.605800 97.652729
121.917001 97.963930
122.539404 97.963930
122.850605 98.275131
123.161806 98.586332
123.784208 98.586332
124.095410 98.897534
124.406611 98.897534
124.717812 99.208735
125.340215 99.208735
125.651416 99.519936
125.962617 99.519936
126.585019 99.831137
126.896221 99.831137
127.207422 100.142338
127.829824 100.142338
128.141025 100.453540
128.452227 100.453540
129.074629 100.764741
129.385830 100.764741
129.697032 101.075942
130.319434 101.387143
130.630635 101.387143
130.941836 101.698344
131.564239 101.698344
131.875440 102.009546
132.186641 102.009546
132.497842 102.320747
133.120245 102.320747
133.431446 102.631948
133.742647 102.631948
134.365050 102.943149
134.676251 102.943149
134.987452 103.254351
135.298653 103.254351
135.921056 103.254351
136.232257 103.254351
136.543458 103.254351
136.854659 103.254351
137.165861 103.565552
137.165861 103.876753
137.165861 103.565552
137.165861 103.876753
137.165861 104.187954
137.165861 104.499155
137.165861 104.187954
137.165861 104.499155
137.165861 104.810357
137.165861 105.121558
137.165861 105.432759
137.477062 105.743960
137.477062 106.055162
