161.426906 105.773943
160.408551 106.283120
159.899374 106.792297
159.390197 106.283120
158.881020 106.283120
158.371843 106.283120
157.862666 106.283120
157.353489 106.283120
156.844312 106.283120
156.335135 106.283120
155.825958 106.283120
155.316781 105.773943
154.807604 105.773943
154.298427 105.773943
153.789250 105.773943
153.280072 105.773943
152.770895 105.773943
152.261718 105.773943
151.752541 105.773943
151.243364 105.773943
150.734187 105.773943
150.225010 105.773943
149.715833 105.773943
149.206656 105.773943
148.697479 105.773943
148.188302 105.773943
147.679125 105.773943
147.169948 106.283120
146.660771 106.283120
146.151594 106.283120
145.642417 106.283120
145.133239 106.283120
144.624062 106.283120
144.114885 106.283120
143.605708 106.283120
143.096531 106.283120
142.587354 106.792297
142.078177 106.792297
141.569000 106.792297
141.059823 106.792297
140.550646 106.792297
140.041469 106.792297
140.550646 106.792297
140.041469 106.792297
139.532292 106.792297
139.023115 106.792297
138.513938 107.301474
138.004761 107.301474
137.495584 107.301474
136.986406 107.301474
136.477229 107.301474
135.968052 107.810651
135.458875 107.810651
134.949698 107.810651
134.440521 107.810651
134.440521 108.319828
133.931344 108.319828
133.422167 108.319828
132.912990 108.319828
132.912990 108.829005
132.403813 108.829005
131.894636 108.829005
131.385459 109.338182
130.876282 109.338182
130.367105 109.338182
129.857928 109.847359
129.348750 109.847359
128.839573 110.356536
128.330396 110.356536
127.821219 110.865714
127.312042 110.865714
126.802865 111.374891
126.293688 111.374891
125.784511 111.884068
125.275334 111.884068
125.275334 112.393245
124.766157 112.393245
124.256980 112.393245
124.256980 112.902422
123.747803 113.411599
123.238626 113.411599
122.729449 113.920776
122.220272 114.429953
121.711095 114.429953
121.711095 114.939130
121.201917 114.939130
120.692740 114.939130
120.692740 115.448307
120.183563 115.957484
119.674386 115.957484
119.165209 116.466661
118.656032 116.466661
118.656032 116.975838
118.146855 116.975838
117.637678 117.485015
117.128501 117.485015
117.128501 117.994192
116.619324 118.503370
116.110147 118.503370
115.600970 119.012547
115.091793 119.012547
115.091793 119.521724
114.582616 120.030901
114.073439 120.540078
113.564262 120.540078
113.564262 121.049255
113.055084 121.558432
112.545907 121.558432
112.545907 122.067609
112.036730 122.576786
111.527553 123.085963
111.018376 123.085963
111.018376 123.595140
110.509199 124.104317
110.000022 124.613494
110.000022 125.122671
109.490845 125.631848
108.981668 126.141025
108.472491 126.650203
108.472491 127.159380
107.963314 127.668557
107.454137 128.177734
107.454137 128.686911
106.944960 129.196088
106.435783 129.705265
106.435783 130.214442
105.926606 130.723619
105.926606 131.232796
105.417428 131.741973
105.417428 132.251150
104.908251 132.760327
104.908251 133.269504
104.399074 133.778681
104.399074 134.287858
103.889897 134.797036
103.889897 135.306213
103.889897 135.815390
103.380720 136.324567
103.380720 136.833744
103.380720 137.342921
102.871543 137.852098
102.871543 138.361275
102.871543 138.870452
102.362366 139.379629
102.362366 139.888806
102.362366 140.397983
101.853189 140.907160
101.853189 141.416337
101.853189 141.925514
101.344012 142.434692
101.344012 142.943869
101.344012 143.453046
101.344012 143.962223
101.344012 144.471400
100.834835 144.980577
100.834835 145.489754
100.834835 145.998931
100.325658 146.508108
99.307304 147.017285
98.798127 147.526462
98.288950 148.035639
97.779773 147.526462
96.761418 147.017285
96.252241 147.017285
95.743064 146.508108
95.233887 145.998931
94.724710 145.998931
93.706356 145.489754
93.197179 144.980577
92.688002 144.980577
92.178825 144.471400
91.669648 143.962223
90.651294 143.962223
90.142117 143.453046
89.632939 143.453046
89.123762 142.943869
88.614585 142.434692
88.105408 142.434692
87.087054 141.925514
86.577877 141.416337
86.068700 141.416337
85.559523 140.397983
85.559523 139.888806
85.050346 139.379629
85.050346 138.361275
84.541169 137.852098
84.031992 137.342921
84.031992 136.324567
83.522815 135.815390
83.522815 135.306213
83.013638 134.287858
82.504461 133.778681
82.504461 133.269504
81.995284 132.251150
81.995284 131.741973
81.486106 131.232796
81.486106 130.214442
80.976929 129.705265
80.467752 129.196088
80.467752 128.177734
79.958575 127.668557
79.958575 127.159380
79.449398 126.141025
78.940221 125.631848
78.940221 125.122671
78.431044 124.104317
78.431044 123.595140
77.921867 123.085963
77.921867 122.067609
77.412690 121.558432
76.903513 121.049255
76.903513 120.030901
76.394336 119.521724
76.394336 119.012547
75.885159 118.503370
75.885159 117.485015
75.885159 116.975838
75.885159 116.466661
75.885159 115.957484
75.885159 115.448307
75.885159 114.939130
75.885159 114.429953
76.394336 113.920776
76.394336 112.902422
76.394336 112.393245
76.394336 111.884068
76.394336 111.374891
76.394336 110.865714
76.394336 110.356536
76.394336 109.338182
76.394336 108.829005
76.394336 108.319828
76.394336 107.810651
76.394336 107.301474
76.394336 106.792297
76.394336 105.773943
76.394336 105.264766
76.394336 104.755589
76.394336 104.246412
76.394336 103.737235
76.394336 102.718881
76.394336 102.209703
76.394336 101.700526
76.394336 101.191349
76.903513 100.682172
76.903513 100.172995
76.903513 99.663818
76.903513 98.645464
76.903513 98.136287
77.412690 97.627110
77.412690 97.117933
77.412690 96.608756
77.412690 96.099579
77.921867 95.590402
77.921867 95.081225
77.921867 94.062870
77.921867 93.553693
77.921867 93.044516
78.431044 92.535339
78.431044 92.026162
78.431044 91.516985
78.431044 91.007808
78.431044 89.989454
78.940221 89.480277
78.940221 88.971100
78.940221 88.461923
78.940221 87.952746
79.449398 87.443569
79.449398 86.934392
79.449398 86.425214
79.958575 85.406860
80.467752 84.897683
80.976929 84.388506
81.486106 83.879329
81.995284 83.370152
82.504461 82.860975
83.013638 82.351798
83.522815 81.842621
84.031992 81.333444
84.541169 80.824267
85.050346 80.315090
85.559523 79.805913
86.068700 79.296736
86.577877 78.787559
87.087054 78.278381
87.596231 77.769204
88.105408 77.260027
88.614585 76.750850
89.123762 76.241673
89.632939 75.732496
90.142117 75.732496
91.160471 75.732496
91.669648 75.732496
92.178825 75.223319
92.688002 75.223319
93.197179 75.223319
94.215533 75.223319
94.724710 75.223319
95.233887 74.714142
95.743064 74.714142
96.761418 74.714142
97.270595 74.714142
97.779773 74.204965
98.288950 74.204965
98.798127 74.204965
99.816481 74.204965
100.325658 73.695788
100.834835 73.695788
101.344012 73.695788
101.853189 73.695788
102.871543 73.695788
103.380720 73.186611
103.889897 73.186611
104.399074 73.186611
104.908251 73.186611
105.926606 72.677434
106.435783 72.677434
106.944960 72.677434
107.454137 72.677434
107.963314 72.677434
108.981668 72.168257
109.490845 72.168257
110.000022 72.168257
110.509199 72.168257
111.018376 71.659080
111.527553 71.659080
112.036730 71.659080
112.545907 71.659080
113.055084 71.659080
113.564262 71.659080
114.582616 71.659080
115.091793 72.168257
115.600970 72.168257
116.110147 72.168257
116.619324 72.168257
117.128501 72.168257
118.146855 72.168257
118.656032 72.677434
119.165209 72.677434
119.674386 72.677434
120.183563 72.677434
120.692740 72.677434
121.711095 72.677434
122.220272 73.186611
122.729449 73.186611
123.238626 73.186611
123.747803 73.186611
124.766157 73.186611
125.275334 73.186611
125.784511 73.695788
126.293688 73.695788
126.802865 73.695788
127.312042 73.695788
127.821219 73.695788
128.839573 74.204965
129.348750 74.204965
129.857928 74.204965
130.367105 74.204965
130.876282 74.714142
131.385459 74.714142
131.894636 74.714142
132.403813 74.714142
132.912990 75.223319
133.931344 75.223319
134.440521 75.223319
134.949698 75.732496
135.458875 75.732496
135.968052 75.732496
136.477229 75.732496
136.986406 76.241673
137.495584 76.241673
138.004761 76.241673
139.023115 76.241673
139.532292 76.750850
140.041469 76.750850
140.550646 76.750850
141.059823 76.750850
141.569000 77.260027
142.078177 77.260027
142.587354 77.260027
143.096531 77.260027
143.605708 77.769204
144.624062 77.769204
145.133239 77.769204
145.642417 77.769204
146.151594 78.278381
146.660771 78.278381
147.169948 78.787559
147.679125 79.296736
148.188302 79.805913
148.697479 80.315090
149.206656 80.315090
149.715833 80.824267
150.225010 81.333444
150.734187 81.842621
151.243364 81.842621
151.752541 82.351798
152.770895 82.860975
153.280072 83.370152
153.789250 83.879329
154.298427 83.879329
154.807604 84.388506
155.316781 84.897683
155.825958 85.406860
156.335135 85.406860
156.844312 85.916037
157.353489 86.425214
157.862666 86.934392
158.371843 87.443569
158.881020 87.443569
159.390197 87.952746
159.899374 88.461923
159.899374 88.971100
159.899374 89.480277
160.408551 89.989454
160.408551 90.498631
160.917728 91.007808
160.917728 91.516985
160.917728 92.026162
161.426906 92.535339
161.426906 93.044516
161.426906 94.062870
161.936083 94.572048
161.936083 95.081225
162.445260 95.590402
162.445260 96.099579
162.445260 96.608756
162.954437 97.117933
162.954437 97.627110
162.954437 98.136287
163.463614 98.645464
163.463614 99.154641
163.463614 99.663818
163.463614 100.172995
162.954437 100.682172
162.954437 101.191349
162.954437 101.700526
162.445260 102.209703
162.445260 102.718881
161.936083 103.228058
161.936083 103.737235
161.936083 104.755589
161.426906 105.264766
161.426906 105.773943
