193.884390 112.814808
193.139215 112.814808
192.394039 112.814808
191.648864 112.814808
190.158513 112.814808
190.158513 112.069633
189.413337 112.069633
188.668162 111.324457
187.922986 111.324457
187.177811 110.579282
186.432635 109.834106
185.687460 109.834106
184.942284 109.088931
184.197108 109.088931
183.451933 108.343755
182.706757 108.343755
181.961582 107.598580
181.216406 107.598580
180.471231 106.853404
179.726055 106.853404
178.980880 106.853404
178.235704 106.108229
177.490529 105.363053
176.745353 105.363053
176.000178 104.617878
175.255002 104.617878
174.509827 103.872702
173.764651 103.872702
173.019476 103.127527
172.274300 103.127527
171.529124 102.382351
170.783949 102.382351
170.038773 102.382351
169.293598 101.637176
168.548422 101.637176
167.803247 101.637176
167.058071 100.892000
166.312896 100.892000
165.567720 100.892000
164.822545 100.892000
164.077369 100.892000
163.332194 100.146824
162.587018 100.146824
161.841843 100.146824
161.096667 100.146824
160.351492 100.146824
159.606316 100.146824
158.861141 100.146824
158.115965 100.146824
157.370789 100.146824
156.625614 100.146824
155.880438 100.146824
155.135263 100.146824
154.390087 100.146824
153.644912 100.146824
152.899736 100.146824
152.154561 100.146824
151.409385 100.146824
150.664210 100.146824
149.919034 100.146824
149.173859 100.146824
148.428683 100.146824
147.683508 100.146824
146.938332 100.146824
146.938332 100.892000
146.193157 100.892000
145.447981 100.892000
144.702806 100.892000
143.957630 100.892000
143.212454 100.892000
143.212454 101.637176
142.467279 101.637176
141.722103 101.637176
140.976928 101.637176
140.976928 102.382351
140.231752 102.382351
139.486577 102.382351
138.741401 102.382351
138.741401 103.127527
137.996226 103.127527
137.251050 103.872702
136.505875 103.872702
135.760699 103.872702
135.760699 104.617878
135.015524 104.617878
134.270348 104.617878
134.270348 105.363053
133.525173 105.363053
132.779997 106.108229
132.034822 106.108229
132.034822 106.853404
131.289646 106.853404
130.544471 106.853404
130.544471 107.598580
129.799295 107.598580
129.799295 108.343755
129.054119 108.343755
128.308944 108.343755
128.308944 109.088931
127.563768 109.834106
126.818593 109.834106
126.073417 110.579282
125.328242 110.579282
125.328242 111.324457
124.583066 112.069633
123.837891 112.814808
123.092715 112.814808
123.092715 113.559984
122.347540 114.305159
121.602364 115.050335
120.857189 115.795511
120.112013 116.540686
119.366838 117.285862
118.621662 118.031037
117.876487 118.776213
117.876487 119.521388
117.131311 120.266564
116.386135 121.011739
116.386135 121.756915
115.640960 122.502090
114.895784 123.247266
114.895784 123.992441
114.150609 124.737617
114.150609 125.482792
113.405433 126.227968
113.405433 126.973143
112.660258 127.718319
112.660258 128.463494
111.915082 129.208670
111.915082 129.953846
111.169907 130.699021
111.169907 131.444197
110.424731 132.189372
110.424731 132.934548
110.424731 133.679723
109.679556 134.424899
109.679556 135.170074
109.679556 135.915250
108.934380 136.660425
108.934380 137.405601
108.934380 138.150776
107.444029 137.405601
106.698854 137.405601
105.953678 137.405601
105.208503 137.405601
104.463327 137.405601
103.718152 136.660425
102.972976 136.660425
101.482625 136.660425
100.737449 136.660425
99.992274 136.660425
99.247098 135.915250
98.501923 135.170074
97.756747 134.424899
97.011572 133.679723
96.266396 132.934548
95.521221 132.189372
94.030870 131.444197
93.285694 130.699021
92.540519 129.953846
91.795343 129.208670
91.050168 128.463494
90.304992 127.718319
89.559817 126.973143
88.814641 126.227968
88.069465 125.482792
87.324290 124.737617
86.579114 123.992441
85.833939 123.247266
85.088763 122.502090
84.343588 121.756915
83.598412 121.011739
82.853237 120.266564
82.853237 119.521388
82.853237 118.776213
82.108061 117.285862
82.108061 116.540686
81.362886 115.795511
81.362886 115.050335
81.362886 114.305159
80.617710 113.559984
80.617710 112.814808
79.872535 112.069633
79.872535 110.579282
79.872535 109.834106
79.127359 109.088931
79.127359 108.343755
78.382184 107.598580
78.382184 106.853404
78.382184 106.108229
77.637008 104.617878
77.637008 103.872702
76.891833 103.127527
76.891833 102.382351
76.891833 101.637176
76.146657 100.892000
76.146657 100.146824
75.401481 99.401649
75.401481 97.911298
75.401481 97.166122
74.656306 96.420947
74.656306 95.675771
73.911130 94.930596
73.911130 94.185420
73.911130 93.440245
73.165955 91.949894
73.165955 91.204718
73.165955 90.459543
72.420779 89.714367
72.420779 88.969192
72.420779 87.478840
71.675604 86.733665
71.675604 85.988489
71.675604 85.243314
70.930428 84.498138
70.930428 83.752963
70.930428 82.262612
70.185253 81.517436
70.185253 80.772261
70.185253 80.027085
69.440077 79.281910
69.440077 77.791559
69.440077 77.046383
68.694902 76.301208
68.694902 75.556032
68.694902 74.810857
68.694902 74.065681
68.694902 73.320505
68.694902 72.575330
68.694902 71.830154
68.694902 71.084979
68.694902 70.339803
68.694902 69.594628
68.694902 68.849452
68.694902 68.104277
68.694902 67.359101
68.694902 66.613926
68.694902 65.123575
68.694902 64.378399
68.694902 63.633224
68.694902 62.888048
68.694902 62.142873
69.440077 61.397697
70.185253 60.652522
70.185253 59.907346
70.930428 59.162170
71.675604 58.416995
72.420779 57.671819
73.165955 56.926644
73.165955 56.181468
74.656306 55.436293
75.401481 55.436293
76.146657 55.436293
76.891833 55.436293
77.637008 55.436293
78.382184 55.436293
79.127359 55.436293
79.872535 55.436293
80.617710 56.181468
81.362886 56.181468
82.853237 56.181468
83.598412 56.181468
84.343588 56.181468
85.088763 56.181468
85.833939 56.181468
86.579114 56.181468
87.324290 56.181468
88.069465 56.181468
88.814641 56.181468
89.559817 56.181468
90.304992 56.181468
91.795343 56.181468
92.540519 56.181468
93.285694 56.181468
94.030870 56.181468
94.776045 56.181468
95.521221 56.181468
96.266396 56.181468
97.011572 56.181468
97.756747 56.181468
98.501923 56.181468
99.247098 56.926644
100.737449 56.926644
101.482625 56.926644
102.227800 56.926644
102.972976 56.926644
103.718152 56.926644
104.463327 56.926644
105.208503 57.671819
105.953678 57.671819
106.698854 57.671819
107.444029 57.671819
108.189205 57.671819
108.934380 58.416995
109.679556 58.416995
110.424731 58.416995
111.169907 58.416995
111.915082 58.416995
112.660258 59.162170
113.405433 59.162170
114.150609 59.162170
114.895784 59.162170
115.640960 59.162170
116.386135 59.907346
117.131311 59.907346
117.876487 59.907346
118.621662 59.907346
119.366838 59.907346
120.112013 60.652522
120.857189 60.652522
121.602364 60.652522
122.347540 60.652522
123.837891 60.652522
124.583066 60.652522
125.328242 61.397697
126.073417 61.397697
126.818593 61.397697
127.563768 61.397697
128.308944 61.397697
129.054119 62.142873
129.799295 62.142873
130.544471 62.142873
131.289646 62.142873
132.034822 62.142873
132.779997 62.888048
133.525173 62.888048
134.270348 62.888048
135.015524 62.888048
135.760699 62.888048
136.505875 63.633224
137.251050 63.633224
137.996226 63.633224
138.741401 63.633224
139.486577 63.633224
140.231752 64.378399
140.976928 64.378399
141.722103 65.123575
142.467279 65.123575
143.212454 65.123575
144.702806 65.868750
145.447981 65.868750
146.193157 65.868750
146.938332 66.613926
147.683508 66.613926
148.428683 67.359101
149.173859 67.359101
149.919034 67.359101
150.664210 68.104277
151.409385 68.104277
152.154561 68.104277
152.899736 68.849452
154.390087 68.849452
155.135263 68.849452
155.880438 69.594628
156.625614 69.594628
157.370789 70.339803
158.115965 70.339803
158.861141 70.339803
159.606316 71.084979
160.351492 71.084979
161.096667 71.084979
161.841843 71.830154
162.587018 71.830154
164.077369 72.575330
164.822545 72.575330
165.567720 72.575330
166.312896 73.320505
167.058071 73.320505
167.803247 73.320505
168.548422 74.065681
169.293598 74.065681
170.038773 74.810857
170.783949 74.810857
171.529124 74.810857
172.274300 75.556032
173.764651 75.556032
174.509827 75.556032
175.255002 76.301208
176.000178 76.301208
176.745353 77.046383
177.490529 77.046383
178.235704 77.046383
178.980880 77.791559
179.726055 77.791559
181.216406 78.536734
181.961582 78.536734
182.706757 79.281910
183.451933 80.027085
184.942284 80.027085
185.687460 80.772261
186.432635 81.517436
187.922986 81.517436
188.668162 82.262612
189.413337 83.007787
190.158513 83.007787
191.648864 83.752963
192.394039 84.498138
193.139215 84.498138
193.884390 85.243314
195.374741 85.988489
196.119917 85.988489
196.865092 86.733665
198.355443 87.478840
199.100619 87.478840
199.845795 88.224016
200.590970 88.224016
202.081321 88.969192
202.826497 89.714367
203.571672 90.459543
204.316848 91.204718
205.062023 91.949894
205.807199 92.695069
207.297550 93.440245
208.042725 94.185420
208.787901 94.930596
209.533076 96.420947
210.278252 97.166122
211.023427 97.911298
211.768603 98.656473
213.258954 99.401649
214.004130 100.146824
214.749305 100.892000
215.494481 102.382351
214.749305 103.127527
214.004130 103.872702
214.004130 104.617878
213.258954 105.363053
212.513778 106.108229
212.513778 106.853404
211.768603 108.343755
211.023427 109.088931
211.023427 109.834106
210.278252 110.579282
209.533076 111.324457
209.533076 112.069633
208.787901 112.814808
208.042725 114.305159
207.297550 114.305159
206.552374 114.305159
205.807199 114.305159
205.062023 114.305159
204.316848 114.305159
203.571672 114.305159
202.826497 114.305159
202.081321 114.305159
201.336146 114.305159
200.590970 114.305159
199.845795 114.305159
199.100619 114.305159
198.355443 114.305159
196.865092 114.305159
196.119917 114.305159
195.374741 113.559984
194.629566 113.559984
193.884390 113.559984
193.884390 112.814808
