155.781678 102.440053
155.114043 102.440053
154.446408 102.440053
153.778773 103.107687
153.111139 103.107687
153.111139 103.775322
152.443504 103.775322
151.775869 103.775322
151.108234 103.775322
151.775869 103.775322
152.443504 103.775322
151.775869 103.775322
151.108234 103.775322
150.440599 103.775322
149.772964 103.775322
149.105330 103.775322
148.437695 103.775322
147.770060 103.775322
147.102425 103.775322
146.434790 103.775322
145.767155 103.775322
145.099521 103.775322
144.431886 103.775322
143.764251 104.442957
143.096616 104.442957
142.428981 104.442957
141.761346 104.442957
141.093712 104.442957
140.426077 104.442957
139.758442 104.442957
139.090807 104.442957
139.090807 105.110592
138.423172 105.110592
137.755537 105.110592
137.087903 105.110592
136.420268 105.110592
135.752633 105.778227
135.084998 105.778227
134.417363 105.778227
133.749728 106.445862
133.082094 106.445862
132.414459 106.445862
131.746824 106.445862
131.079189 107.113496
130.411554 107.113496
129.743919 107.781131
129.076285 107.781131
128.408650 107.781131
127.741015 107.781131
127.741015 108.448766
127.073380 108.448766
126.405745 109.116401
125.738110 109.116401
125.070476 109.784036
124.402841 109.784036
123.735206 110.451671
123.067571 110.451671
122.399936 111.119305
121.732301 111.119305
121.064667 111.786940
120.397032 111.786940
119.729397 112.454575
119.061762 112.454575
119.061762 113.122210
118.394127 113.122210
117.726492 113.789845
117.058858 113.789845
117.058858 114.457480
116.391223 114.457480
115.723588 115.125114
115.055953 115.792749
114.388318 115.792749
114.388318 116.460384
113.720683 116.460384
113.720683 117.128019
113.053049 117.128019
112.385414 117.795654
111.717779 118.463289
111.050144 119.130923
110.382509 119.798558
109.714874 120.466193
109.047240 121.133828
108.379605 121.801463
107.711970 122.469098
107.044335 123.136732
106.376700 123.804367
106.376700 124.472002
105.709066 125.139637
105.041431 125.807272
104.373796 126.474907
103.706161 127.142541
103.706161 127.810176
103.038526 128.477811
102.370891 129.145446
102.370891 129.813081
101.703257 130.480716
101.035622 131.148350
101.035622 131.815985
100.367987 132.483620
100.367987 133.151255
99.700352 133.151255
99.032717 132.483620
98.365082 131.815985
97.697448 131.148350
97.697448 130.480716
97.697448 129.813081
97.697448 129.145446
97.029813 128.477811
97.029813 127.810176
97.029813 127.142541
97.029813 126.474907
96.362178 125.807272
96.362178 125.139637
96.362178 124.472002
95.694543 123.804367
95.694543 123.136732
95.694543 122.469098
95.026908 121.801463
95.026908 121.133828
95.026908 120.466193
94.359273 119.798558
94.359273 119.130923
94.359273 118.463289
94.359273 117.795654
93.691639 117.128019
93.691639 116.460384
93.691639 115.792749
93.024004 115.125114
93.024004 114.457480
93.024004 113.789845
93.024004 113.122210
92.356369 112.454575
92.356369 111.786940
92.356369 111.119305
92.356369 110.451671
92.356369 109.784036
92.356369 109.116401
92.356369 108.448766
92.356369 107.781131
92.356369 107.113496
92.356369 106.445862
92.356369 105.778227
92.356369 105.110592
92.356369 104.442957
92.356369 103.775322
92.356369 103.107687
93.024004 102.440053
93.691639 101.772418
94.359273 101.772418
95.026908 101.104783
95.694543 101.104783
96.362178 100.437148
97.029813 99.769513
97.697448 99.769513
98.365082 99.101878
99.032717 98.434244
99.700352 98.434244
100.367987 97.766609
101.035622 97.766609
101.703257 97.766609
102.370891 97.766609
103.038526 97.766609
103.706161 97.766609
104.373796 97.098974
105.041431 97.098974
105.709066 97.098974
106.376700 97.098974
107.044335 97.098974
107.711970 97.098974
108.379605 97.098974
109.047240 96.431339
109.714874 96.431339
110.382509 96.431339
111.050144 96.431339
111.717779 96.431339
112.385414 96.431339
113.053049 96.431339
113.720683 96.431339
114.388318 96.431339
115.055953 96.431339
115.723588 97.098974
116.391223 97.098974
117.058858 97.098974
117.726492 97.098974
118.394127 97.098974
119.061762 97.098974
119.729397 97.098974
120.397032 97.098974
121.064667 97.766609
121.732301 97.766609
122.399936 97.766609
123.067571 97.766609
123.735206 97.766609
124.402841 97.766609
125.070476 97.766609
126.405745 97.766609
127.073380 97.766609
127.741015 97.766609
128.408650 98.434244
129.076285 98.434244
129.743919 98.434244
130.411554 98.434244
131.079189 98.434244
131.746824 98.434244
132.414459 98.434244
133.082094 98.434244
133.749728 98.434244
134.417363 98.434244
135.084998 99.101878
135.752633 99.101878
136.420268 99.101878
137.087903 99.101878
137.755537 99.101878
138.423172 99.101878
139.090807 99.101878
139.758442 99.101878
140.426077 99.101878
141.093712 99.101878
141.761346 99.769513
142.428981 99.769513
143.096616 99.769513
143.764251 99.769513
144.431886 99.769513
145.099521 99.769513
145.767155 99.769513
146.434790 99.769513
147.102425 99.769513
147.770060 99.769513
148.437695 99.769513
149.105330 100.437148
149.772964 100.437148
150.440599 100.437148
151.108234 100.437148
151.775869 100.437148
152.443504 100.437148
153.111139 100.437148
153.778773 100.437148
154.446408 100.437148
155.114043 101.104783
155.781678 101.772418
155.781678 102.440053
