174.464960 103.778699
173.884091 103.778699
173.303222 104.359568
172.141484 104.940437
171.560615 104.940437
170.979746 105.521306
169.818008 106.102175
169.237139 106.102175
168.656271 106.683043
168.075402 107.263912
166.913664 107.263912
166.332795 107.263912
165.751926 106.683043
165.171057 106.683043
164.590188 106.102175
164.009319 106.102175
163.428450 105.521306
162.847581 105.521306
162.266712 105.521306
161.685843 104.940437
161.104974 104.940437
160.524105 104.940437
159.943236 104.359568
159.362367 104.359568
158.781498 104.359568
158.200629 104.359568
157.619760 103.778699
157.038891 103.778699
156.458022 103.778699
155.877153 103.778699
155.296284 103.778699
154.715415 103.197830
154.134546 103.197830
153.553677 103.197830
152.972808 103.197830
152.391939 103.197830
151.811070 103.197830
151.230201 103.197830
150.649332 103.197830
150.068464 103.197830
149.487595 103.197830
148.906726 103.197830
148.325857 103.197830
147.744988 103.197830
147.164119 103.197830
146.583250 103.197830
146.002381 103.197830
145.421512 103.197830
144.840643 103.197830
144.259774 103.197830
143.678905 103.197830
143.098036 103.197830
142.517167 103.197830
141.936298 103.197830
141.355429 103.197830
140.774560 103.197830
140.193691 103.197830
139.612822 103.197830
139.031953 103.197830
139.031953 103.778699
138.451084 103.778699
137.870215 103.778699
137.289346 103.778699
136.708477 103.778699
136.127608 103.778699
136.127608 104.359568
135.546739 104.359568
134.965870 104.359568
134.385001 104.359568
133.804132 104.359568
133.804132 104.940437
133.223263 104.940437
132.642394 104.940437
132.061525 105.521306
131.480656 105.521306
130.899788 105.521306
130.318919 105.521306
130.318919 106.102175
129.738050 106.102175
129.157181 106.102175
128.576312 106.683043
127.995443 106.683043
127.414574 106.683043
127.414574 107.263912
126.833705 107.263912
126.252836 107.844781
125.671967 107.844781
125.091098 107.844781
125.091098 108.425650
124.510229 109.006519
123.929360 109.006519
123.348491 109.587388
122.767622 109.587388
122.186753 109.587388
122.186753 110.168257
121.605884 110.168257
121.025015 110.749126
120.444146 110.749126
119.863277 110.749126
119.863277 111.329995
119.282408 111.329995
118.701539 111.329995
118.701539 111.910864
118.120670 111.910864
118.120670 112.491733
117.539801 112.491733
116.958932 112.491733
116.958932 113.072602
116.378063 113.072602
115.797194 113.653471
115.216325 114.234340
114.635456 114.234340
114.635456 114.815209
114.054587 114.815209
114.054587 115.396078
113.473718 115.396078
112.892849 115.396078
112.892849 115.976947
112.311980 116.557816
111.731112 116.557816
111.731112 117.138685
111.150243 117.719554
110.569374 118.300423
109.988505 118.881292
109.407636 119.462161
109.407636 120.043030
108.826767 120.623899
108.245898 121.204768
107.665029 121.785637
107.084160 122.366506
107.084160 122.947375
106.503291 123.528244
106.503291 124.109113
105.922422 124.689982
105.341553 125.270851
105.341553 125.851719
104.760684 126.432588
104.760684 127.013457
104.179815 127.594326
104.179815 128.175195
103.598946 128.756064
103.598946 129.336933
103.598946 129.917802
103.018077 130.498671
103.018077 131.079540
103.018077 131.660409
102.437208 132.241278
102.437208 132.822147
102.437208 133.403016
102.437208 133.983885
101.856339 134.564754
101.856339 135.145623
101.856339 135.726492
101.856339 136.307361
101.856339 136.888230
101.275470 137.469099
101.275470 138.049968
101.275470 138.630837
101.275470 139.211706
101.275470 139.792575
101.275470 140.373444
101.275470 140.954313
100.694601 141.535182
100.694601 142.116051
100.694601 142.696920
100.113732 142.696920
99.532863 143.277789
98.951994 143.858658
98.371125 143.858658
97.790256 144.439527
97.209387 144.439527
96.628518 144.439527
96.047649 144.439527
95.466780 144.439527
94.885911 144.439527
94.305042 144.439527
93.724173 143.858658
93.143304 143.858658
92.562436 143.858658
91.981567 143.858658
91.981567 143.277789
91.400698 143.277789
90.819829 142.696920
90.238960 142.116051
89.658091 141.535182
89.658091 140.954313
89.077222 140.373444
89.077222 139.792575
89.077222 139.211706
89.077222 138.630837
88.496353 138.049968
87.915484 137.469099
87.334615 136.888230
86.753746 136.307361
86.172877 135.726492
85.592008 135.145623
85.011139 134.564754
84.430270 133.983885
83.849401 133.403016
83.268532 132.822147
82.687663 132.241278
82.106794 131.660409
81.525925 131.079540
80.945056 130.498671
80.945056 129.917802
80.364187 129.336933
79.783318 128.175195
79.783318 127.594326
79.202449 127.013457
79.202449 126.432588
78.621580 125.851719
78.621580 124.689982
78.040711 124.109113
78.040711 123.528244
77.459842 122.947375
77.459842 121.785637
76.878973 121.204768
76.878973 120.623899
76.298104 120.043030
76.298104 118.881292
75.717235 118.300423
75.717235 117.719554
75.136366 117.138685
75.136366 116.557816
74.555497 115.396078
74.555497 114.815209
73.974628 114.234340
73.974628 113.653471
73.393760 112.491733
73.393760 111.910864
72.812891 111.329995
72.812891 110.749126
72.232022 110.168257
72.232022 109.006519
71.651153 108.425650
71.070284 107.844781
71.070284 107.263912
70.489415 106.102175
70.489415 105.521306
70.489415 104.940437
70.489415 104.359568
70.489415 103.778699
70.489415 103.197830
70.489415 102.616961
69.908546 102.036092
69.908546 100.874354
69.327677 100.293485
69.327677 99.712616
68.746808 99.131747
68.746808 98.550878
68.746808 97.389140
68.165939 96.808271
68.165939 96.227402
67.585070 95.646533
67.585070 94.484795
67.004201 93.903926
67.004201 93.323057
66.423332 92.742188
66.423332 92.161319
65.842463 90.999581
65.842463 90.418712
65.842463 89.837843
65.261594 89.256974
65.261594 88.676105
64.680725 87.514367
64.680725 86.933499
64.099856 86.352630
64.099856 85.771761
64.099856 84.610023
64.099856 84.029154
64.680725 83.448285
64.680725 82.867416
65.261594 82.286547
65.261594 81.705678
65.842463 81.124809
65.842463 80.543940
65.842463 79.963071
66.423332 79.382202
66.423332 78.801333
67.004201 78.220464
67.004201 77.639595
67.585070 77.058726
67.585070 76.477857
67.585070 75.896988
68.165939 75.316119
68.165939 74.735250
68.746808 74.154381
68.746808 73.573512
69.327677 72.992643
70.489415 72.992643
71.070284 72.992643
71.651153 72.992643
72.232022 72.411774
72.812891 72.411774
73.393760 72.411774
74.555497 72.411774
75.136366 72.411774
75.717235 71.830905
76.298104 71.830905
76.878973 71.830905
77.459842 71.830905
78.621580 71.830905
79.202449 71.250036
79.783318 71.250036
80.364187 71.250036
80.945056 71.250036
81.525925 71.250036
82.687663 70.669167
83.268532 70.669167
83.849401 70.669167
84.430270 70.669167
85.011139 70.669167
86.172877 70.088298
86.753746 70.088298
87.334615 70.088298
87.915484 70.088298
88.496353 70.088298
89.077222 69.507429
90.238960 69.507429
90.819829 69.507429
91.400698 69.507429
91.981567 69.507429
93.143304 69.507429
93.724173 69.507429
94.305042 69.507429
94.885911 69.507429
95.466780 69.507429
96.047649 69.507429
96.628518 69.507429
97.790256 69.507429
98.371125 69.507429
98.951994 69.507429
99.532863 69.507429
100.113732 69.507429
100.694601 69.507429
101.275470 69.507429
102.437208 69.507429
103.018077 69.507429
103.598946 69.507429
104.179815 69.507429
104.760684 69.507429
105.341553 69.507429
105.922422 69.507429
107.084160 69.507429
107.665029 69.507429
108.245898 69.507429
108.826767 69.507429
109.407636 69.507429
109.988505 69.507429
110.569374 69.507429
111.731112 69.507429
112.311980 69.507429
112.892849 69.507429
113.473718 69.507429
114.054587 69.507429
114.635456 69.507429
115.216325 69.507429
116.378063 69.507429
116.958932 69.507429
117.539801 69.507429
118.120670 69.507429
118.701539 70.088298
119.282408 70.088298
119.863277 70.088298
121.025015 70.088298
121.605884 70.088298
122.186753 70.088298
122.767622 70.088298
123.348491 70.088298
123.929360 70.088298
124.510229 70.088298
125.671967 70.088298
126.252836 70.669167
126.833705 70.669167
127.995443 71.250036
128.576312 71.250036
129.157181 71.250036
130.318919 71.830905
130.899788 71.830905
131.480656 72.411774
132.642394 72.411774
133.223263 72.992643
133.804132 72.992643
134.385001 73.573512
135.546739 73.573512
136.127608 74.154381
136.708477 74.154381
137.870215 74.154381
138.451084 74.735250
139.031953 74.735250
140.193691 75.316119
140.774560 75.316119
141.355429 75.896988
142.517167 75.896988
143.098036 76.477857
143.678905 76.477857
144.840643 77.058726
145.421512 77.058726
146.002381 77.058726
146.583250 77.639595
147.744988 77.639595
148.325857 78.220464
148.906726 78.220464
150.068464 78.801333
150.649332 78.801333
151.230201 79.382202
151.811070 79.963071
152.391939 80.543940
152.972808 81.124809
153.553677 81.124809
154.134546 81.705678
154.715415 82.286547
155.296284 82.867416
155.877153 83.448285
156.458022 83.448285
157.038891 84.029154
157.619760 84.610023
158.200629 85.190892
158.781498 85.771761
159.943236 86.352630
160.524105 86.352630
161.104974 86.933499
161.685843 87.514367
162.266712 88.095236
162.847581 88.676105
163.428450 89.256974
164.009319 89.837843
165.171057 90.418712
165.751926 90.418712
166.332795 90.999581
166.913664 91.580450
168.075402 92.161319
168.656271 92.742188
169.237139 93.323057
169.818008 93.903926
170.398877 94.484795
171.560615 95.065664
172.141484 95.646533
172.722353 96.227402
173.303222 96.808271
174.464960 97.389140
175.045829 97.970009
175.626698 98.550878
176.207567 99.131747
176.788436 99.712616
176.207567 100.293485
175.626698 100.874354
175.626698 101.455223
175.045829 102.036092
175.045829 102.616961
174.464960 103.197830
174.464960 103.778699
