116.108563 121.431329
116.108563 121.996103
116.108563 121.431329
116.108563 120.866556
116.108563 121.431329
116.108563 121.996103
116.108563 121.431329
116.108563 121.996103
116.108563 121.431329
116.108563 121.996103
116.108563 121.431329
116.108563 120.866556
116.108563 121.431329
116.108563 121.996103
116.108563 121.431329
116.108563 121.996103
116.108563 121.431329
116.108563 120.866556
116.108563 121.431329
116.108563 121.996103
116.108563 121.431329
116.108563 121.996103
116.108563 121.431329
115.543789 120.866556
114.979015 120.301782
114.414241 119.737008
114.979015 120.301782
115.543789 120.866556
116.108563 121.431329
116.108563 121.996103
116.108563 121.431329
116.108563 120.866556
115.543789 120.866556
114.979015 120.301782
114.414241 119.737008
113.849468 119.737008
113.284694 119.737008
112.719920 119.737008
113.284694 119.737008
113.849468 119.737008
114.414241 119.737008
114.979015 120.301782
115.543789 120.866556
116.108563 121.431329
116.108563 121.996103
116.108563 121.431329
116.108563 120.866556
115.543789 120.866556
114.979015 120.301782
114.414241 119.737008
113.849468 119.737008
113.284694 119.737008
112.719920 120.301782
112.155146 120.301782
112.719920 120.301782
113.284694 119.737008
113.849468 119.737008
114.414241 119.737008
114.979015 120.301782
115.543789 120.866556
116.108563 121.431329
116.108563 121.996103
116.108563 121.431329
116.108563 120.866556
115.543789 120.866556
116.108563 121.431329
115.543789 120.866556
114.979015 120.301782
114.414241 119.737008
113.849468 119.737008
113.284694 119.737008
112.719920 120.301782
113.284694 119.737008
113.849468 119.737008
114.414241 119.737008
114.979015 120.301782
115.543789 120.866556
116.108563 121.431329
116.108563 121.996103
116.108563 121.431329
116.108563 120.866556
115.543789 120.866556
114.979015 120.301782
114.414241 119.737008
113.849468 119.737008
113.284694 119.737008
113.849468 119.737008
114.414241 119.737008
114.979015 120.301782
115.543789 120.866556
116.108563 121.431329
116.108563 121.996103
116.108563 121.431329
116.108563 121.996103
116.108563 121.431329
116.108563 120.866556
115.543789 120.866556
114.979015 120.301782
114.414241 119.737008
113.849468 119.737008
113.284694 119.737008
113.849468 119.737008
114.414241 119.737008
114.979015 120.301782
115.543789 120.866556
116.108563 121.431329
116.108563 121.996103
116.108563 121.431329
116.108563 120.866556
116.108563 121.431329
116.108563 121.996103
116.108563 121.431329
116.108563 120.866556
115.543789 120.866556
114.979015 120.301782
114.414241 119.737008
113.849468 119.737008
113.284694 119.737008
112.719920 119.737008
112.155146 120.301782
112.719920 119.737008
113.284694 119.737008
113.849468 119.737008
114.414241 119.737008
114.979015 120.301782
115.543789 120.866556
116.108563 121.431329
116.108563 121.996103
116.108563 121.431329
116.108563 120.866556
116.108563 121.431329
116.108563 121.996103
116.108563 121.431329
116.108563 121.996103
116.108563 121.431329
116.108563 120.866556
116.108563 121.431329
116.108563 121.996103
116.108563 121.431329
116.108563 121.996103
116.108563 121.431329
116.108563 121.996103
115.543789 122.560877
114.979015 123.125651
114.414241 123.690425
113.849468 124.255198
113.284694 124.819972
112.719920 125.384746
112.155146 125.949520
112.155146 126.514294
111.590372 127.079068
111.025598 127.643841
111.025598 128.208615
110.460825 128.773389
109.896051 129.338163
109.896051 129.902937
109.896051 130.467711
109.331277 131.032484
109.331277 131.597258
108.766503 132.162032
108.201729 132.726806
108.201729 133.291580
107.636955 133.856353
107.636955 134.421127
107.636955 134.985901
107.072182 135.550675
107.072182 136.115449
107.072182 136.680223
107.072182 137.244996
107.072182 136.680223
107.072182 137.244996
107.072182 137.809770
107.072182 138.374544
106.507408 138.374544
106.507408 138.939318
106.507408 139.504092
105.942634 139.504092
105.377860 140.068866
104.813086 140.633639
104.248313 141.198413
103.683539 141.198413
103.683539 141.763187
103.118765 141.198413
103.118765 140.633639
102.553991 140.068866
102.553991 139.504092
101.989217 138.939318
101.989217 138.374544
101.989217 137.809770
101.424443 137.809770
101.424443 137.244996
100.859670 137.244996
100.859670 136.680223
100.294896 136.115449
99.730122 135.550675
99.730122 134.985901
99.165348 134.985901
98.600574 134.421127
98.600574 133.856353
98.600574 133.291580
98.600574 132.726806
98.600574 132.162032
98.600574 131.597258
98.600574 131.032484
98.600574 130.467711
98.600574 129.902937
98.600574 129.338163
99.165348 128.773389
99.165348 128.208615
99.165348 127.643841
99.165348 127.079068
98.600574 126.514294
98.600574 125.949520
98.600574 125.384746
98.600574 124.819972
99.165348 124.255198
99.730122 123.690425
100.294896 123.690425
100.859670 123.125651
101.424443 122.560877
101.989217 121.996103
102.553991 121.431329
103.118765 120.866556
103.683539 120.301782
104.248313 119.737008
104.813086 119.737008
105.377860 119.737008
105.942634 119.737008
106.507408 119.737008
107.072182 119.737008
107.636955 119.737008
108.201729 119.737008
108.766503 119.737008
109.331277 119.737008
109.896051 119.737008
110.460825 120.301782
111.025598 120.301782
111.590372 120.301782
112.155146 120.301782
112.719920 119.737008
113.284694 119.737008
113.849468 119.737008
114.414241 119.737008
114.979015 120.301782
115.543789 120.866556
116.108563 121.431329
116.108563 120.866556
116.108563 121.431329
