172.399696 102.265386
171.351627 102.789421
170.827593 103.313455
170.303558 103.837490
169.255490 103.837490
168.731455 104.361524
168.207421 104.361524
167.683386 103.837490
167.159352 103.837490
166.635317 103.313455
166.111283 103.313455
165.587249 103.313455
165.063214 102.789421
164.539180 102.789421
164.015145 102.789421
163.491111 102.265386
162.967076 102.265386
162.443042 102.265386
161.919008 101.741352
161.394973 101.741352
160.870939 101.741352
160.346904 101.741352
159.822870 101.217318
159.298835 101.217318
158.774801 101.217318
158.250766 101.217318
157.726732 100.693283
157.202698 100.693283
156.678663 100.693283
156.154629 100.693283
155.630594 100.693283
155.106560 100.169249
154.582525 100.169249
154.058491 100.169249
153.534457 100.169249
153.010422 100.169249
152.486388 100.169249
151.962353 100.169249
151.438319 100.169249
150.914284 99.645214
150.390250 99.645214
149.866216 99.645214
149.342181 99.645214
148.818147 99.645214
148.294112 99.645214
147.770078 99.645214
147.246043 99.645214
146.722009 99.645214
146.197975 99.645214
145.673940 99.645214
145.149906 99.645214
144.625871 99.645214
144.101837 99.645214
143.577802 99.645214
143.053768 99.645214
142.529734 99.645214
142.005699 99.645214
141.481665 99.645214
140.957630 99.645214
140.433596 100.169249
139.909561 100.169249
139.385527 100.169249
138.861493 100.169249
138.337458 100.169249
137.813424 100.169249
137.289389 100.169249
136.765355 100.169249
136.241320 100.693283
135.717286 100.693283
135.193251 100.693283
134.669217 100.693283
134.145183 100.693283
133.621148 100.693283
133.621148 101.217318
133.097114 101.217318
132.573079 101.217318
132.049045 101.217318
131.525010 101.741352
131.000976 101.741352
130.476942 101.741352
129.952907 102.265386
129.428873 102.265386
128.904838 102.265386
128.380804 102.265386
128.380804 102.789421
127.856769 102.789421
127.332735 102.789421
126.808701 102.789421
126.808701 103.313455
126.284666 103.313455
125.760632 103.837490
125.236597 103.837490
124.712563 103.837490
124.712563 104.361524
124.188528 104.361524
123.664494 104.885559
123.140460 104.885559
122.616425 104.885559
122.616425 105.409593
122.092391 105.409593
121.568356 105.409593
121.568356 105.933627
121.044322 105.933627
120.520287 106.457662
119.996253 106.457662
119.996253 106.981696
119.472219 106.981696
118.948184 107.505731
118.424150 107.505731
118.424150 108.029765
117.900115 108.029765
117.900115 108.553800
117.376081 108.553800
116.852046 109.077834
116.328012 109.601868
115.803978 109.601868
115.803978 110.125903
115.279943 110.125903
115.279943 110.649937
114.755909 110.649937
114.231874 111.173972
113.707840 111.698006
113.183805 112.222041
112.659771 112.746075
112.135736 113.270109
111.611702 113.794144
111.087668 114.318178
111.087668 114.842213
110.563633 115.366247
110.039599 115.890282
109.515564 116.414316
108.991530 116.938350
108.991530 117.462385
108.467495 117.986419
107.943461 118.510454
107.419427 119.034488
107.419427 119.558523
106.895392 120.082557
106.371358 120.606591
106.371358 121.130626
105.847323 121.654660
105.323289 122.178695
105.323289 122.702729
104.799254 123.226764
104.275220 123.750798
103.751186 124.274833
103.751186 124.798867
103.227151 125.322901
102.703117 125.846936
102.703117 126.370970
102.179082 126.895005
102.179082 127.419039
101.655048 127.943074
101.655048 128.467108
101.131013 128.991142
101.131013 129.515177
100.606979 130.039211
100.606979 130.563246
100.082945 131.087280
100.082945 131.611315
99.558910 132.135349
99.558910 132.659383
99.558910 133.183418
99.034876 133.707452
99.034876 134.231487
99.034876 134.755521
98.510841 135.279556
98.510841 135.803590
98.510841 136.327624
97.986807 136.851659
97.986807 137.375693
97.986807 137.899728
97.986807 138.423762
97.462772 138.947797
97.462772 139.471831
97.462772 139.995865
96.938738 139.471831
96.414704 138.947797
95.890669 138.423762
95.366635 138.423762
94.842600 137.899728
94.318566 137.375693
93.794531 136.851659
92.746462 136.851659
92.222428 136.327624
91.698394 135.803590
91.174359 135.279556
90.650325 135.279556
90.126290 134.755521
89.602256 134.231487
89.602256 133.707452
89.078221 133.183418
88.554187 132.659383
88.554187 131.611315
88.030153 131.087280
88.030153 130.563246
87.506118 130.039211
86.982084 129.515177
86.982084 128.991142
86.458049 128.467108
86.458049 127.943074
85.934015 127.419039
85.409980 126.895005
85.409980 126.370970
84.885946 125.322901
84.885946 124.798867
84.361912 124.274833
83.837877 123.750798
83.837877 123.226764
83.313843 122.702729
83.313843 122.178695
82.789808 121.654660
82.789808 121.130626
82.265774 120.606591
81.741739 120.082557
81.741739 119.034488
81.217705 118.510454
80.693671 117.986419
80.693671 117.462385
80.169636 116.414316
79.645602 115.890282
79.645602 115.366247
79.121567 114.842213
78.597533 114.318178
78.597533 113.270109
78.073498 112.746075
77.549464 112.222041
77.025430 111.698006
77.025430 111.173972
76.501395 110.125903
75.977361 109.601868
75.977361 109.077834
75.453326 108.553800
74.929292 107.505731
74.929292 106.981696
74.405257 106.457662
74.405257 105.933627
74.405257 105.409593
73.881223 104.885559
73.881223 104.361524
73.881223 103.837490
73.357189 103.313455
73.357189 102.789421
72.833154 102.265386
72.833154 101.741352
72.833154 100.693283
72.309120 100.169249
72.309120 99.645214
72.309120 99.121180
71.785085 98.597145
71.785085 98.073111
71.261051 97.549076
71.261051 97.025042
71.261051 96.501008
70.737016 95.976973
70.737016 95.452939
70.212982 94.928904
70.212982 94.404870
70.212982 93.356801
69.688947 92.832767
69.688947 92.308732
69.688947 91.784698
69.164913 91.260663
69.164913 90.736629
68.640879 90.212594
68.640879 89.688560
68.640879 89.164526
68.640879 88.640491
68.640879 88.116457
69.164913 87.592422
69.688947 86.544353
69.688947 86.020319
70.212982 85.496285
70.737016 84.972250
70.737016 84.448216
71.261051 83.924181
71.785085 83.400147
71.785085 82.876112
72.309120 82.352078
72.833154 81.828044
72.833154 80.779975
73.357189 80.255940
73.881223 80.255940
74.405257 80.255940
75.453326 80.255940
75.977361 79.731906
76.501395 79.731906
77.025430 79.731906
77.549464 79.731906
78.597533 79.207871
79.121567 79.207871
79.645602 79.207871
80.169636 79.207871
80.693671 78.683837
81.741739 78.683837
82.265774 78.683837
82.789808 78.159803
83.313843 78.159803
83.837877 78.159803
84.885946 78.159803
85.409980 77.635768
85.934015 77.635768
86.458049 77.635768
86.982084 77.635768
88.030153 77.111734
88.554187 77.111734
89.078221 77.111734
89.602256 77.111734
90.126290 76.587699
91.174359 76.587699
91.698394 76.587699
92.222428 76.587699
92.746462 76.063665
93.270497 76.063665
94.318566 76.063665
94.842600 76.063665
95.366635 76.063665
95.890669 76.063665
96.414704 76.063665
96.938738 76.063665
97.462772 76.063665
97.986807 76.063665
98.510841 76.063665
99.034876 75.539630
99.558910 75.539630
100.082945 75.539630
100.606979 75.539630
101.131013 75.539630
101.655048 75.539630
102.179082 75.539630
102.703117 75.539630
103.227151 75.539630
103.751186 75.539630
104.275220 75.539630
104.799254 75.539630
105.323289 75.539630
105.847323 75.539630
106.371358 75.539630
106.895392 75.539630
107.419427 75.539630
107.943461 75.539630
108.467495 75.539630
108.991530 75.539630
109.515564 75.539630
110.039599 75.539630
110.563633 75.539630
111.087668 75.015596
111.611702 75.015596
112.135736 75.015596
112.659771 75.015596
113.183805 75.015596
113.707840 75.015596
114.755909 75.015596
115.279943 75.015596
115.803978 75.015596
116.328012 75.015596
116.852046 75.015596
117.376081 75.015596
117.900115 75.015596
118.424150 75.015596
118.948184 75.015596
119.472219 75.015596
119.996253 75.015596
120.520287 75.015596
121.044322 75.015596
121.568356 75.015596
122.092391 75.015596
122.616425 75.539630
123.140460 75.539630
124.188528 75.539630
124.712563 76.063665
125.236597 76.063665
125.760632 76.587699
126.284666 76.587699
126.808701 76.587699
127.856769 77.111734
128.380804 77.111734
128.904838 77.111734
129.428873 77.635768
129.952907 77.635768
130.476942 77.635768
131.525010 78.159803
132.049045 78.159803
132.573079 78.159803
133.097114 78.683837
133.621148 78.683837
134.145183 78.683837
135.193251 79.207871
135.717286 79.207871
136.241320 79.207871
136.765355 79.731906
137.289389 79.731906
137.813424 79.731906
138.861493 80.255940
139.385527 80.255940
139.909561 80.779975
140.433596 80.779975
140.957630 80.779975
141.481665 81.304009
142.529734 81.828044
143.053768 81.828044
143.577802 82.352078
144.101837 82.876112
144.625871 83.400147
145.149906 83.400147
145.673940 83.924181
146.722009 84.448216
147.246043 84.972250
147.770078 84.972250
148.294112 85.496285
148.818147 86.020319
149.342181 86.544353
149.866216 86.544353
150.914284 87.068388
151.438319 87.592422
151.962353 88.116457
152.486388 88.640491
153.010422 88.640491
153.534457 89.164526
154.058491 89.688560
155.106560 90.212594
155.630594 90.212594
156.154629 90.736629
156.678663 91.260663
157.202698 91.784698
157.726732 91.784698
158.250766 92.308732
159.298835 92.832767
159.822870 93.356801
160.346904 93.356801
160.870939 93.880835
161.394973 94.404870
161.919008 94.928904
162.443042 94.928904
162.967076 95.452939
164.015145 95.452939
164.539180 95.976973
165.063214 96.501008
165.587249 96.501008
166.111283 97.025042
166.635317 97.549076
167.159352 97.549076
167.683386 98.073111
168.207421 98.597145
169.255490 98.597145
169.779524 99.121180
170.303558 99.121180
170.827593 99.645214
171.351627 100.169249
171.875662 100.169249
172.399696 100.693283
172.923731 101.217318
172.399696 101.741352
172.399696 102.265386
