200.150428 113.760392
199.397239 114.513581
198.644051 114.513581
197.137674 115.266769
196.384485 115.266769
195.631297 116.019958
194.878108 115.266769
194.124920 115.266769
193.371731 114.513581
193.371731 113.760392
192.618543 113.760392
191.865354 113.760392
191.112166 113.007204
190.358977 112.254015
189.605789 112.254015
188.852600 111.500827
188.099412 110.747638
187.346224 110.747638
186.593035 109.994450
185.839847 109.994450
185.086658 109.241261
184.333470 109.241261
183.580281 108.488073
182.827093 108.488073
182.073904 107.734884
181.320716 107.734884
180.567527 107.734884
179.814339 106.981696
179.061150 106.981696
178.307962 106.981696
177.554773 106.228508
176.801585 106.228508
176.048396 106.228508
175.295208 105.475319
174.542020 105.475319
173.788831 105.475319
173.035643 105.475319
172.282454 105.475319
171.529266 104.722131
170.776077 104.722131
170.022889 104.722131
169.269700 104.722131
168.516512 104.722131
167.763323 104.722131
167.010135 104.722131
166.256946 104.722131
165.503758 104.722131
164.750569 104.722131
163.997381 104.722131
163.244192 104.722131
162.491004 104.722131
161.737816 104.722131
160.984627 104.722131
160.231439 104.722131
159.478250 104.722131
158.725062 104.722131
157.971873 104.722131
157.218685 104.722131
156.465496 104.722131
155.712308 104.722131
154.959119 104.722131
154.205931 105.475319
153.452742 105.475319
152.699554 105.475319
151.946365 105.475319
151.193177 105.475319
150.439988 106.228508
149.686800 106.228508
148.933612 106.228508
148.180423 106.228508
147.427235 106.228508
146.674046 106.228508
145.920858 106.228508
145.167669 106.228508
144.414481 106.228508
143.661292 106.228508
143.661292 106.981696
142.908104 106.981696
142.154915 106.981696
141.401727 106.981696
140.648538 106.981696
139.895350 106.981696
139.895350 107.734884
139.142161 107.734884
138.388973 107.734884
137.635784 107.734884
137.635784 108.488073
136.882596 108.488073
136.129408 108.488073
135.376219 108.488073
135.376219 109.241261
134.623031 109.241261
133.869842 109.241261
133.116654 109.994450
132.363465 109.994450
131.610277 110.747638
130.857088 110.747638
130.103900 111.500827
129.350711 111.500827
128.597523 112.254015
127.844334 112.254015
127.091146 113.007204
126.337957 113.007204
126.337957 113.760392
125.584769 113.760392
124.831580 114.513581
124.078392 114.513581
124.078392 115.266769
123.325203 115.266769
122.572015 116.019958
121.818827 116.773146
121.065638 117.526335
120.312450 118.279523
119.559261 118.279523
119.559261 119.032712
118.806073 119.785900
118.052884 120.539088
117.299696 121.292277
116.546507 122.045465
115.793319 122.798654
115.040130 123.551842
114.286942 124.305031
113.533753 125.058219
113.533753 125.811408
112.780565 126.564596
112.027376 127.317785
112.027376 128.070973
111.274188 128.824162
110.520999 129.577350
110.520999 130.330539
109.767811 131.083727
109.767811 131.836916
109.014623 132.590104
109.014623 133.343292
108.261434 134.096481
108.261434 134.849669
107.508246 135.602858
107.508246 136.356046
107.508246 137.109235
106.755057 137.862423
106.755057 138.615612
106.755057 139.368800
106.001869 140.121989
106.001869 140.875177
106.001869 141.628366
105.248680 142.381554
105.248680 143.134743
105.248680 143.887931
103.742303 143.887931
102.989115 143.887931
102.235926 144.641120
100.729549 144.641120
99.976361 145.394308
99.223172 144.641120
98.469984 143.887931
97.716795 143.887931
96.963607 143.134743
96.210419 142.381554
95.457230 142.381554
94.704042 141.628366
93.950853 140.875177
93.197665 140.875177
92.444476 140.121989
91.691288 139.368800
90.938099 139.368800
89.431722 138.615612
88.678534 137.862423
88.678534 137.109235
87.925345 136.356046
87.172157 135.602858
86.418968 134.849669
85.665780 133.343292
85.665780 132.590104
84.912591 131.836916
84.159403 131.083727
83.406215 130.330539
83.406215 129.577350
82.653026 128.070973
81.899838 127.317785
81.146649 126.564596
81.146649 125.811408
80.393461 125.058219
79.640272 124.305031
78.887084 122.798654
78.133895 122.045465
78.133895 121.292277
77.380707 120.539088
76.627518 119.032712
76.627518 118.279523
76.627518 117.526335
76.627518 116.773146
75.874330 116.019958
75.874330 115.266769
75.874330 114.513581
75.874330 113.760392
75.121141 113.007204
75.121141 112.254015
75.121141 111.500827
75.121141 110.747638
74.367953 109.994450
74.367953 108.488073
74.367953 107.734884
74.367953 106.981696
73.614764 106.228508
73.614764 105.475319
73.614764 104.722131
72.861576 103.968942
72.861576 103.215754
72.861576 102.462565
72.861576 101.709377
72.108387 100.956188
72.108387 100.203000
72.108387 99.449811
72.108387 97.943434
71.355199 97.190246
71.355199 96.437057
71.355199 95.683869
71.355199 94.930680
70.602011 94.177492
70.602011 93.424304
70.602011 92.671115
70.602011 91.917927
69.848822 91.164738
69.848822 90.411550
69.848822 88.905173
69.095634 88.151984
69.095634 87.398796
69.095634 86.645607
69.095634 85.892419
68.342445 85.139230
68.342445 84.386042
68.342445 83.632853
68.342445 82.126476
67.589257 81.373288
67.589257 80.620099
67.589257 79.866911
67.589257 79.113723
67.589257 78.360534
66.836068 76.854157
66.836068 76.100969
66.836068 75.347780
66.836068 74.594592
66.082880 73.841403
66.082880 73.088215
66.082880 71.581838
66.082880 70.828649
66.082880 70.075461
65.329691 69.322272
65.329691 68.569084
65.329691 67.062707
65.329691 66.309519
65.329691 65.556330
66.082880 64.803142
66.836068 64.049953
67.589257 63.296765
68.342445 62.543576
69.095634 61.790388
69.848822 60.284011
70.602011 59.530822
72.108387 58.777634
72.861576 58.024445
73.614764 57.271257
74.367953 56.518068
75.121141 56.518068
75.874330 56.518068
76.627518 55.764880
77.380707 55.764880
78.887084 55.764880
79.640272 55.764880
80.393461 55.764880
81.146649 55.011691
81.899838 55.011691
83.406215 55.011691
84.159403 55.011691
84.912591 55.011691
85.665780 54.258503
86.418968 54.258503
87.925345 54.258503
88.678534 54.258503
89.431722 54.258503
90.184911 53.505315
91.691288 53.505315
92.444476 53.505315
93.197665 53.505315
93.950853 53.505315
94.704042 52.752126
96.210419 52.752126
96.963607 52.752126
97.716795 52.752126
98.469984 52.752126
99.223172 53.505315
99.976361 53.505315
100.729549 53.505315
101.482738 53.505315
102.235926 53.505315
103.742303 54.258503
104.495492 54.258503
105.248680 54.258503
106.001869 54.258503
106.755057 54.258503
107.508246 54.258503
108.261434 55.011691
109.014623 55.011691
109.767811 55.011691
110.520999 55.011691
111.274188 55.011691
112.027376 55.011691
112.780565 55.764880
113.533753 55.764880
115.040130 55.764880
115.793319 55.764880
116.546507 55.764880
117.299696 56.518068
118.052884 56.518068
118.806073 56.518068
119.559261 56.518068
120.312450 56.518068
121.065638 56.518068
121.818827 57.271257
122.572015 57.271257
123.325203 57.271257
124.078392 57.271257
124.831580 57.271257
126.337957 57.271257
127.091146 58.024445
127.844334 58.024445
128.597523 58.024445
129.350711 58.024445
130.103900 58.024445
130.857088 58.777634
131.610277 58.777634
132.363465 58.777634
133.116654 58.777634
133.869842 58.777634
134.623031 58.777634
135.376219 59.530822
136.129408 59.530822
137.635784 59.530822
138.388973 60.284011
139.142161 60.284011
139.895350 61.037199
141.401727 61.037199
142.154915 61.790388
142.908104 61.790388
143.661292 62.543576
145.167669 62.543576
145.920858 63.296765
146.674046 63.296765
147.427235 63.296765
148.180423 64.049953
149.686800 64.049953
150.439988 64.803142
151.193177 64.803142
151.946365 65.556330
152.699554 65.556330
154.205931 66.309519
154.959119 66.309519
155.712308 67.062707
156.465496 67.062707
157.218685 67.815895
158.725062 67.815895
159.478250 68.569084
160.231439 68.569084
160.984627 69.322272
162.491004 69.322272
163.244192 70.075461
163.997381 70.075461
164.750569 70.828649
165.503758 70.828649
167.010135 71.581838
167.763323 71.581838
168.516512 72.335026
169.269700 72.335026
170.022889 72.335026
170.776077 73.088215
172.282454 73.088215
173.035643 73.841403
173.788831 73.841403
174.542020 74.594592
175.295208 74.594592
176.048396 75.347780
177.554773 75.347780
178.307962 76.100969
179.061150 76.100969
179.814339 76.854157
180.567527 76.854157
181.320716 77.607346
182.827093 77.607346
183.580281 78.360534
184.333470 78.360534
185.086658 78.360534
185.839847 79.113723
187.346224 79.113723
188.099412 79.866911
188.852600 79.866911
189.605789 80.620099
190.358977 81.373288
191.112166 81.373288
191.865354 82.126476
192.618543 82.879665
193.371731 82.879665
194.878108 83.632853
195.631297 84.386042
196.384485 84.386042
197.137674 85.139230
197.890862 85.892419
198.644051 86.645607
199.397239 86.645607
200.150428 87.398796
200.903616 88.151984
201.656804 88.151984
203.163181 88.905173
203.916370 89.658361
203.916370 90.411550
204.669558 91.164738
205.422747 91.917927
205.422747 92.671115
206.175935 93.424304
206.929124 94.177492
206.929124 94.930680
207.682312 95.683869
207.682312 96.437057
207.682312 97.190246
207.682312 97.943434
207.682312 98.696623
207.682312 100.203000
207.682312 100.956188
207.682312 101.709377
207.682312 102.462565
207.682312 103.215754
207.682312 103.968942
207.682312 104.722131
207.682312 105.475319
207.682312 106.228508
207.682312 106.981696
207.682312 107.734884
206.929124 109.241261
206.929124 109.994450
206.929124 110.747638
206.929124 111.500827
206.929124 112.254015
206.175935 113.007204
205.422747 113.007204
204.669558 113.760392
203.916370 114.513581
203.163181 114.513581
202.409993 114.513581
201.656804 113.760392
200.903616 113.760392
200.150428 113.760392
