177.702781 106.554926
177.093539 106.554926
176.484298 107.164168
175.265816 107.164168
174.656574 106.554926
174.047333 106.554926
173.438092 106.554926
172.828850 106.554926
172.219609 106.554926
171.610368 105.945685
171.001127 105.945685
170.391885 105.945685
169.782644 105.945685
169.173403 105.945685
168.564161 105.336444
167.954920 105.336444
167.345679 105.336444
166.736438 105.336444
166.127196 105.336444
165.517955 105.336444
164.908714 105.336444
164.299472 105.336444
163.690231 104.727202
163.080990 104.727202
162.471749 104.727202
161.862507 104.727202
161.253266 104.727202
160.644025 104.727202
160.034783 104.727202
159.425542 104.727202
158.816301 104.727202
158.207060 104.727202
157.597818 104.117961
156.988577 104.117961
156.379336 104.117961
155.770094 104.117961
155.160853 104.117961
154.551612 104.117961
153.942370 104.117961
153.333129 104.117961
152.723888 104.117961
152.723888 104.727202
152.114647 104.727202
151.505405 104.727202
150.896164 104.727202
150.286923 104.727202
149.677681 104.727202
149.068440 104.727202
148.459199 104.727202
147.849958 104.727202
147.240716 104.727202
146.631475 104.727202
146.631475 105.336444
146.022234 105.336444
145.412992 105.336444
144.803751 105.336444
144.194510 105.336444
143.585269 105.945685
142.976027 105.945685
142.366786 105.945685
141.757545 105.945685
141.148303 105.945685
140.539062 105.945685
140.539062 106.554926
139.929821 106.554926
139.320580 106.554926
138.711338 106.554926
138.102097 107.164168
137.492856 107.164168
136.883614 107.164168
136.274373 107.164168
135.665132 107.164168
135.055891 107.773409
134.446649 107.773409
133.837408 107.773409
133.228167 107.773409
133.228167 108.382650
132.618925 108.382650
132.009684 108.382650
131.400443 108.382650
131.400443 108.991891
130.791202 108.991891
130.181960 108.991891
129.572719 108.991891
129.572719 109.601133
128.963478 109.601133
128.354236 110.210374
127.744995 110.210374
127.135754 110.819615
126.526512 110.819615
125.917271 110.819615
125.917271 111.428857
125.308030 111.428857
124.698789 111.428857
124.698789 112.038098
124.089547 112.038098
123.480306 112.647339
122.871065 112.647339
122.261823 112.647339
122.261823 113.256580
121.652582 113.256580
121.043341 113.865822
120.434100 114.475063
119.824858 114.475063
119.215617 115.084304
118.606376 115.084304
118.606376 115.693546
117.997134 115.693546
117.387893 116.302787
116.778652 116.912028
116.169411 116.912028
116.169411 117.521269
115.560169 117.521269
115.560169 118.130511
114.950928 118.130511
114.341687 118.739752
113.732445 119.348993
113.123204 119.958235
112.513963 120.567476
111.904722 120.567476
111.295480 121.176717
110.686239 121.785959
110.076998 122.395200
109.467756 123.004441
108.858515 123.613682
108.249274 124.222924
107.640033 124.832165
107.030791 125.441406
106.421550 126.050648
105.812309 126.659889
105.203067 127.269130
105.203067 127.878371
104.593826 128.487613
103.984585 129.096854
103.375344 129.706095
102.766102 130.315337
102.766102 130.924578
102.156861 131.533819
101.547620 132.143060
101.547620 132.752302
100.938378 133.361543
100.329137 133.970784
100.329137 134.580026
99.719896 135.189267
99.719896 135.798508
99.110654 136.407749
99.110654 137.016991
98.501413 137.626232
98.501413 138.235473
97.892172 138.844715
97.892172 139.453956
97.282931 140.063197
97.282931 140.672438
96.673689 141.281680
96.064448 140.672438
95.455207 140.063197
94.845965 140.063197
93.627483 139.453956
93.018242 138.844715
92.409000 138.235473
91.799759 137.626232
91.190518 137.626232
90.581276 137.016991
89.972035 136.407749
89.362794 135.798508
88.753553 135.189267
88.144311 134.580026
87.535070 133.970784
87.535070 133.361543
87.535070 132.752302
86.925829 132.143060
86.316587 131.533819
86.316587 130.924578
85.707346 130.315337
85.098105 129.706095
84.488864 128.487613
83.879622 127.878371
83.879622 127.269130
83.270381 126.659889
82.661140 126.050648
82.051898 125.441406
81.442657 124.832165
81.442657 124.222924
80.833416 123.004441
80.224175 122.395200
79.614933 121.785959
79.005692 121.176717
79.005692 120.567476
78.396451 119.958235
77.787209 119.348993
77.177968 118.739752
76.568727 117.521269
76.568727 116.912028
75.959486 116.302787
75.350244 115.693546
74.741003 115.084304
74.741003 114.475063
74.131762 113.865822
74.131762 113.256580
73.522520 112.647339
73.522520 112.038098
73.522520 111.428857
72.913279 110.819615
72.913279 110.210374
72.304038 109.601133
72.304038 108.991891
71.694796 108.382650
71.694796 107.164168
71.694796 106.554926
71.085555 105.945685
71.085555 105.336444
70.476314 104.727202
70.476314 104.117961
69.867073 103.508720
69.867073 102.899479
69.867073 102.290237
69.257831 101.680996
69.257831 101.071755
68.648590 100.462513
68.648590 99.853272
68.039349 99.244031
68.039349 98.634790
67.430107 98.025548
67.430107 97.416307
67.430107 96.807066
66.820866 96.197824
66.820866 95.588583
66.211625 94.979342
66.211625 94.370100
66.211625 93.760859
66.211625 93.151618
66.211625 92.542377
66.211625 91.933135
66.211625 91.323894
66.211625 90.714653
66.211625 90.105411
66.211625 89.496170
66.211625 88.886929
65.602384 88.277688
65.602384 87.668446
65.602384 87.059205
65.602384 86.449964
65.602384 85.840722
65.602384 85.231481
65.602384 84.622240
65.602384 83.403757
65.602384 82.794516
65.602384 82.185275
65.602384 81.576033
65.602384 80.966792
65.602384 80.357551
65.602384 79.748310
65.602384 79.139068
65.602384 78.529827
66.211625 77.920586
66.820866 77.311344
67.430107 76.702103
68.039349 76.092862
68.039349 75.483621
68.648590 74.874379
69.257831 74.265138
69.867073 73.655897
70.476314 73.046655
71.085555 72.437414
71.694796 71.828173
72.304038 71.218932
72.913279 70.609690
72.913279 70.000449
73.522520 69.391208
74.131762 69.391208
74.741003 68.781966
75.959486 68.172725
76.568727 67.563484
77.177968 67.563484
77.787209 66.954242
78.396451 66.954242
79.005692 66.345001
79.614933 66.345001
80.833416 65.735760
81.442657 65.735760
82.051898 65.126519
82.661140 65.126519
83.270381 64.517277
83.879622 64.517277
84.488864 63.908036
85.707346 63.908036
86.316587 63.908036
86.925829 63.908036
87.535070 63.908036
88.144311 63.908036
88.753553 63.908036
89.972035 63.908036
90.581276 63.908036
91.190518 63.908036
91.799759 63.908036
92.409000 63.908036
93.627483 63.908036
94.236724 63.908036
94.845965 63.908036
95.455207 63.908036
96.064448 63.908036
96.673689 63.908036
97.892172 63.908036
98.501413 63.908036
99.110654 63.908036
99.719896 63.908036
100.329137 63.908036
100.938378 63.908036
102.156861 63.908036
102.766102 64.517277
103.375344 64.517277
103.984585 64.517277
104.593826 64.517277
105.203067 64.517277
106.421550 64.517277
107.030791 64.517277
107.640033 64.517277
108.249274 64.517277
108.858515 64.517277
109.467756 64.517277
110.076998 64.517277
110.686239 65.126519
111.295480 65.126519
111.904722 65.126519
113.123204 65.735760
113.732445 65.735760
114.341687 65.735760
114.950928 66.345001
115.560169 66.345001
116.169411 66.345001
116.778652 66.954242
117.387893 66.954242
117.997134 66.954242
118.606376 67.563484
119.215617 67.563484
119.824858 67.563484
120.434100 68.172725
121.043341 68.172725
121.652582 68.172725
122.261823 68.781966
122.871065 68.781966
123.480306 68.781966
124.089547 68.781966
124.698789 69.391208
125.308030 69.391208
125.917271 69.391208
126.526512 70.000449
127.135754 70.000449
127.744995 70.000449
128.354236 70.609690
128.963478 70.609690
129.572719 70.609690
130.791202 71.218932
131.400443 71.218932
132.009684 71.828173
132.618925 71.828173
133.228167 71.828173
133.837408 72.437414
134.446649 72.437414
135.665132 72.437414
136.274373 73.046655
136.883614 73.046655
137.492856 73.046655
138.102097 73.655897
138.711338 73.655897
139.320580 74.265138
139.929821 74.265138
141.148303 74.265138
141.757545 74.874379
142.366786 74.874379
142.976027 74.874379
143.585269 75.483621
144.194510 75.483621
144.803751 76.092862
146.022234 76.702103
146.631475 76.702103
147.240716 77.311344
147.849958 77.920586
148.459199 77.920586
149.068440 78.529827
149.677681 79.139068
150.286923 79.139068
151.505405 79.748310
152.114647 80.357551
152.723888 80.357551
153.333129 80.966792
153.942370 81.576033
154.551612 81.576033
155.160853 82.185275
156.379336 82.794516
156.988577 82.794516
157.597818 83.403757
158.207060 84.012999
158.816301 84.012999
159.425542 84.622240
160.034783 84.622240
160.644025 85.231481
161.253266 85.840722
161.862507 85.840722
163.080990 86.449964
163.690231 86.449964
164.299472 87.059205
164.908714 87.059205
165.517955 87.668446
166.127196 88.277688
166.736438 88.277688
167.345679 88.886929
167.954920 88.886929
168.564161 89.496170
169.173403 89.496170
169.782644 90.105411
170.391885 90.105411
171.610368 90.714653
172.219609 91.323894
172.828850 91.323894
173.438092 91.933135
174.047333 92.542377
174.656574 93.151618
175.265816 93.760859
175.875057 94.370100
176.484298 94.979342
177.093539 95.588583
177.702781 96.197824
178.312022 96.807066
178.921263 97.416307
179.530505 98.025548
180.139746 98.634790
180.748987 99.244031
180.748987 99.853272
181.358228 100.462513
181.358228 101.071755
181.967470 102.290237
181.967470 102.899479
182.576711 103.508720
182.576711 104.117961
183.185952 104.727202
183.185952 105.336444
183.795194 105.945685
183.185952 106.554926
182.576711 106.554926
181.967470 106.554926
180.748987 106.554926
180.139746 106.554926
179.530505 106.554926
178.921263 106.554926
178.312022 106.554926
177.702781 106.554926
