198.820007 114.769739
198.222660 114.769739
197.027966 115.367086
196.430619 115.367086
195.235925 115.367086
194.638578 115.964433
194.041230 115.367086
193.443883 115.367086
193.443883 114.769739
192.846536 114.769739
192.249189 114.172392
191.651842 114.172392
191.054495 113.575045
190.457148 112.977697
189.859801 112.380350
189.262453 111.783003
188.665106 111.783003
188.067759 111.185656
187.470412 110.588309
186.873065 110.588309
186.275718 109.990962
185.678371 109.990962
185.081024 109.393615
184.483676 108.796268
183.886329 108.796268
183.288982 108.198920
182.691635 108.198920
182.094288 107.601573
181.496941 107.601573
180.899594 107.004226
180.302247 107.004226
179.704899 107.004226
179.107552 106.406879
178.510205 106.406879
177.912858 105.809532
177.315511 105.809532
176.718164 105.809532
176.120817 105.212185
175.523470 105.212185
174.926123 105.212185
174.328775 104.614838
173.731428 104.614838
173.134081 104.614838
172.536734 104.017491
171.939387 104.017491
171.342040 104.017491
170.744693 103.420143
170.147346 103.420143
169.549998 103.420143
168.952651 103.420143
168.355304 102.822796
167.757957 102.822796
167.160610 102.822796
166.563263 102.822796
165.965916 102.822796
165.368569 102.225449
164.771221 102.225449
164.173874 102.225449
163.576527 102.225449
162.979180 102.225449
162.381833 102.225449
161.784486 102.225449
161.187139 102.225449
160.589792 102.225449
159.992444 102.225449
159.395097 102.225449
158.797750 102.225449
158.200403 102.225449
157.603056 102.225449
157.005709 102.225449
156.408362 102.225449
155.811015 102.225449
155.213668 102.225449
154.616320 102.225449
154.018973 102.225449
153.421626 102.225449
152.824279 102.822796
152.226932 102.822796
151.629585 102.822796
151.032238 102.822796
150.434891 102.822796
149.837543 102.822796
149.837543 103.420143
149.240196 103.420143
148.642849 103.420143
148.045502 103.420143
147.448155 104.017491
146.850808 104.017491
146.253461 104.017491
145.656114 104.017491
145.656114 104.614838
145.058766 104.614838
144.461419 104.614838
143.864072 105.212185
143.266725 105.212185
142.669378 105.212185
142.669378 105.809532
142.072031 105.809532
141.474684 105.809532
140.877337 106.406879
140.279989 106.406879
139.682642 107.004226
139.085295 107.004226
139.085295 107.601573
138.487948 107.601573
137.890601 108.198920
137.293254 108.198920
136.695907 108.796268
136.098560 108.796268
136.098560 109.393615
135.501213 109.393615
134.903865 109.990962
134.306518 110.588309
133.709171 110.588309
133.709171 111.185656
133.111824 111.185656
133.111824 111.783003
132.514477 111.783003
131.917130 112.380350
131.319783 112.977697
130.722436 113.575045
130.125088 114.172392
129.527741 114.172392
129.527741 114.769739
128.930394 115.367086
128.333047 115.964433
128.333047 116.561780
127.735700 116.561780
127.735700 117.159127
127.138353 117.159127
127.138353 117.756474
126.541006 117.756474
126.541006 118.353822
125.943659 118.951169
125.346311 119.548516
124.748964 120.145863
124.151617 120.145863
124.151617 120.743210
123.554270 121.340557
122.956923 121.937904
122.359576 122.535251
122.359576 123.132598
121.762229 123.729946
121.164882 124.327293
120.567534 124.924640
119.970187 125.521987
119.970187 126.119334
119.372840 126.716681
118.775493 127.314028
118.775493 127.911375
118.178146 128.508723
118.178146 129.106070
117.580799 129.703417
116.983452 130.300764
116.983452 130.898111
116.386105 131.495458
116.386105 132.092805
116.386105 132.690152
115.788758 133.287500
115.788758 133.884847
115.191410 134.482194
115.191410 135.079541
115.191410 135.676888
114.594063 136.274235
114.594063 136.871582
114.594063 137.468929
113.996716 138.066277
113.996716 138.663624
112.802022 138.663624
112.204675 139.260971
111.607328 139.260971
110.412633 139.260971
109.815286 139.260971
109.217939 139.260971
108.620592 139.260971
108.023245 139.260971
107.425898 139.260971
106.231204 139.260971
105.633856 139.260971
105.036509 139.260971
104.439162 139.260971
103.841815 139.260971
103.244468 139.260971
102.049774 139.260971
101.452427 138.663624
100.855079 138.066277
100.257732 136.871582
99.660385 136.274235
99.063038 135.676888
98.465691 135.079541
97.868344 134.482194
97.270997 133.884847
96.076303 132.690152
95.478955 132.092805
94.881608 131.495458
94.284261 130.898111
93.686914 130.300764
93.089567 129.703417
92.492220 129.106070
92.492220 127.911375
92.492220 127.314028
91.894873 126.716681
91.894873 126.119334
91.894873 125.521987
91.297526 124.924640
91.297526 123.729946
91.297526 123.132598
90.700178 122.535251
90.700178 121.937904
90.700178 121.340557
90.700178 120.743210
90.102831 119.548516
90.102831 118.951169
90.102831 118.353822
89.505484 117.756474
89.505484 117.159127
89.505484 116.561780
88.908137 115.367086
88.908137 114.769739
88.908137 114.172392
88.310790 113.575045
88.310790 112.977697
88.310790 112.380350
88.310790 111.185656
87.713443 110.588309
87.713443 109.990962
87.713443 109.393615
87.116096 108.796268
87.116096 108.198920
87.116096 107.004226
86.518749 106.406879
86.518749 105.809532
86.518749 105.212185
86.518749 104.614838
86.518749 104.017491
86.518749 103.420143
86.518749 102.822796
86.518749 102.225449
86.518749 101.628102
86.518749 101.030755
86.518749 100.433408
86.518749 99.836061
86.518749 98.641367
86.518749 98.044019
86.518749 97.446672
86.518749 96.849325
86.518749 96.251978
86.518749 95.654631
86.518749 95.057284
86.518749 94.459937
86.518749 93.862590
86.518749 93.265242
86.518749 92.667895
86.518749 92.070548
86.518749 91.473201
86.518749 90.875854
86.518749 90.278507
86.518749 89.681160
86.518749 89.083813
86.518749 88.486465
86.518749 87.291771
86.518749 86.694424
86.518749 86.097077
86.518749 85.499730
86.518749 84.902383
86.518749 84.305036
87.116096 83.707688
87.713443 83.110341
87.713443 82.512994
88.310790 81.915647
88.908137 80.720953
88.908137 80.123606
89.505484 79.526259
90.102831 78.928912
90.102831 78.331564
90.700178 77.734217
91.297526 76.539523
91.297526 75.942176
91.894873 75.344829
92.492220 74.747482
93.089567 74.747482
93.686914 74.747482
94.881608 74.747482
95.478955 74.150135
96.076303 74.150135
96.673650 74.150135
97.868344 74.150135
98.465691 74.150135
99.063038 73.552787
99.660385 73.552787
100.257732 73.552787
101.452427 73.552787
102.049774 73.552787
102.647121 73.552787
103.244468 72.955440
104.439162 72.955440
105.036509 72.955440
105.633856 72.955440
106.231204 72.955440
106.828551 72.358093
108.023245 72.358093
108.620592 72.358093
109.217939 72.358093
109.815286 72.358093
110.412633 72.358093
111.607328 72.358093
112.204675 72.358093
112.802022 72.358093
113.399369 72.358093
113.996716 72.358093
114.594063 72.358093
115.191410 72.358093
115.788758 72.358093
116.386105 72.358093
117.580799 72.358093
118.178146 72.358093
118.775493 72.358093
119.372840 72.358093
119.970187 72.358093
120.567534 72.358093
121.164882 72.358093
121.762229 72.358093
122.359576 72.358093
123.554270 72.358093
124.151617 72.358093
124.748964 72.358093
125.346311 72.358093
125.943659 72.358093
126.541006 72.358093
127.138353 72.955440
127.735700 72.955440
128.333047 72.955440
129.527741 72.955440
130.125088 72.955440
130.722436 72.955440
131.319783 72.955440
131.917130 72.955440
132.514477 72.955440
133.111824 72.955440
133.709171 72.955440
134.306518 72.955440
135.501213 72.955440
136.098560 72.955440
136.695907 72.955440
137.293254 72.955440
137.890601 72.955440
138.487948 72.955440
139.085295 72.955440
139.682642 72.955440
140.279989 72.955440
141.474684 72.955440
142.072031 72.955440
142.669378 72.955440
143.266725 72.955440
143.864072 73.552787
144.461419 73.552787
145.058766 73.552787
145.656114 74.150135
146.253461 74.150135
146.850808 74.150135
147.448155 74.747482
148.045502 74.747482
148.642849 74.747482
149.240196 75.344829
149.837543 75.344829
150.434891 75.344829
151.032238 75.942176
151.629585 75.942176
152.226932 75.942176
152.824279 76.539523
153.421626 76.539523
154.018973 76.539523
154.616320 77.136870
155.213668 77.136870
155.811015 77.136870
156.408362 77.734217
157.005709 77.734217
157.603056 77.734217
158.200403 78.331564
158.797750 78.331564
159.395097 78.331564
159.992444 78.928912
160.589792 78.928912
161.187139 78.928912
162.381833 79.526259
162.979180 79.526259
163.576527 79.526259
164.173874 80.123606
164.771221 80.123606
165.368569 80.123606
165.965916 80.720953
166.563263 80.720953
167.160610 80.720953
167.757957 81.318300
168.355304 81.318300
168.952651 81.318300
169.549998 81.915647
170.147346 81.915647
170.744693 81.915647
171.342040 82.512994
171.939387 82.512994
172.536734 82.512994
173.134081 83.110341
173.731428 83.110341
174.328775 83.110341
174.926123 83.707688
175.523470 83.707688
176.120817 84.305036
176.718164 84.305036
177.315511 84.902383
177.912858 84.902383
178.510205 84.902383
179.107552 85.499730
179.704899 85.499730
180.302247 86.097077
180.899594 86.097077
181.496941 86.694424
182.094288 86.694424
182.691635 87.291771
183.288982 87.291771
183.886329 87.291771
184.483676 87.889118
185.678371 87.889118
186.275718 88.486465
186.873065 88.486465
187.470412 89.083813
188.067759 89.083813
188.665106 89.681160
189.262453 89.681160
189.859801 90.278507
190.457148 90.875854
190.457148 92.070548
191.054495 92.667895
191.651842 93.265242
192.249189 93.862590
192.249189 94.459937
192.846536 95.654631
193.443883 96.251978
194.041230 96.849325
194.041230 97.446672
194.638578 98.044019
195.235925 99.238714
195.235925 99.836061
195.833272 100.433408
196.430619 101.030755
197.027966 101.628102
197.027966 102.822796
197.625313 103.420143
198.222660 104.017491
198.222660 104.614838
198.222660 105.212185
198.820007 105.809532
198.820007 106.406879
198.820007 107.004226
198.820007 108.198920
198.820007 108.796268
199.417354 109.393615
199.417354 109.990962
199.417354 110.588309
199.417354 111.185656
199.417354 111.783003
200.014702 112.380350
200.014702 112.977697
199.417354 113.575045
198.820007 114.172392
198.820007 114.769739
