199.396323 118.916888
198.723548 118.916888
198.050773 118.916888
197.377997 118.916888
196.705222 118.916888
196.032447 119.589663
194.686896 119.589663
194.014121 119.589663
193.341346 120.262438
192.668571 120.262438
192.668571 119.589663
191.995795 119.589663
191.323020 118.916888
190.650245 118.244113
189.977470 117.571337
189.304694 117.571337
188.631919 116.898562
187.959144 116.225787
187.286369 115.553011
186.613593 115.553011
185.940818 114.880236
185.268043 114.207461
184.595267 113.534686
183.922492 113.534686
183.249717 112.861910
182.576942 112.189135
181.904166 111.516360
181.231391 111.516360
180.558616 110.843585
179.885841 110.843585
179.213065 110.170809
178.540290 109.498034
177.867515 109.498034
177.194740 108.825259
176.521964 108.825259
175.849189 108.825259
175.176414 108.152484
174.503639 108.152484
173.830863 107.479708
173.158088 107.479708
172.485313 107.479708
171.812538 106.806933
171.139762 106.806933
170.466987 106.806933
169.794212 106.806933
169.121436 106.806933
168.448661 106.134158
167.775886 106.134158
167.103111 106.134158
166.430335 106.134158
165.757560 106.134158
165.084785 106.134158
164.412010 106.134158
163.739234 106.134158
163.066459 106.134158
162.393684 106.134158
161.720909 106.134158
161.048133 106.134158
160.375358 106.134158
159.702583 106.134158
159.029808 106.134158
158.357032 106.134158
157.684257 106.134158
157.011482 106.134158
156.338707 106.134158
155.665931 106.134158
154.993156 106.134158
154.320381 106.134158
153.647605 106.134158
152.974830 106.134158
152.302055 106.134158
151.629280 106.134158
150.956504 106.134158
150.283729 106.806933
149.610954 106.806933
148.938179 106.806933
148.265403 106.806933
147.592628 106.806933
146.919853 107.479708
146.247078 107.479708
145.574302 107.479708
144.901527 108.152484
144.228752 108.152484
143.555977 108.152484
143.555977 108.825259
142.883201 108.825259
142.210426 108.825259
141.537651 109.498034
140.864876 109.498034
140.192100 110.170809
139.519325 110.170809
139.519325 110.843585
138.846550 110.843585
138.173774 111.516360
137.500999 111.516360
136.828224 112.189135
136.155449 112.189135
136.155449 112.861910
135.482673 112.861910
135.482673 113.534686
134.809898 113.534686
134.137123 114.207461
133.464348 114.207461
133.464348 114.880236
132.791572 115.553011
132.118797 116.225787
131.446022 116.898562
130.773247 116.898562
130.773247 117.571337
130.100471 118.244113
129.427696 118.244113
129.427696 118.916888
128.754921 118.916888
128.754921 119.589663
128.082146 120.262438
127.409370 120.935214
126.736595 121.607989
126.063820 121.607989
126.063820 122.280764
125.391045 122.953539
124.718269 123.626315
124.045494 124.299090
123.372719 124.971865
123.372719 125.644640
122.699943 126.317416
122.027168 126.990191
121.354393 127.662966
121.354393 128.335741
120.681618 129.008517
120.681618 129.681292
120.008842 130.354067
119.336067 131.026842
119.336067 131.699618
118.663292 132.372393
118.663292 133.045168
118.663292 133.717944
117.990517 134.390719
117.990517 135.063494
117.317741 135.736269
117.317741 136.409045
117.317741 137.081820
116.644966 137.754595
116.644966 138.427370
116.644966 139.100146
116.644966 139.772921
116.644966 140.445696
115.972191 141.118471
115.972191 141.791247
115.972191 142.464022
115.299416 142.464022
113.953865 143.136797
113.281090 142.464022
112.608315 142.464022
111.935539 142.464022
111.262764 142.464022
110.589989 142.464022
109.917214 142.464022
109.244438 142.464022
108.571663 142.464022
107.898888 141.791247
107.226112 141.791247
106.553337 141.791247
105.880562 141.791247
104.535011 141.791247
103.862236 141.118471
103.189461 141.118471
102.516686 141.118471
101.843910 141.118471
101.171135 141.118471
100.498360 141.118471
99.825585 140.445696
99.152809 140.445696
98.480034 139.772921
97.807259 139.772921
97.134484 139.100146
96.461708 138.427370
95.788933 137.754595
95.116158 137.754595
93.770607 137.081820
93.097832 136.409045
92.425057 136.409045
91.752281 135.736269
91.079506 135.063494
90.406731 134.390719
90.406731 133.717944
89.733956 133.045168
89.733956 132.372393
89.061180 131.699618
89.061180 131.026842
89.061180 129.681292
88.388405 129.008517
88.388405 128.335741
87.715630 127.662966
87.715630 126.317416
87.042855 125.644640
87.042855 124.971865
87.042855 124.299090
86.370079 123.626315
86.370079 122.280764
85.697304 121.607989
85.697304 120.935214
85.024529 120.262438
85.024529 118.916888
85.024529 118.244113
84.351754 117.571337
84.351754 116.898562
83.678978 116.225787
83.678978 114.880236
83.006203 114.207461
83.006203 113.534686
83.006203 112.861910
83.006203 112.189135
83.006203 111.516360
82.333428 110.843585
82.333428 110.170809
82.333428 109.498034
82.333428 108.825259
82.333428 107.479708
81.660653 106.806933
81.660653 106.134158
81.660653 105.461383
81.660653 104.788607
81.660653 104.115832
80.987877 103.443057
80.987877 102.770282
80.987877 102.097506
80.987877 101.424731
80.987877 100.751956
80.987877 100.079181
80.315102 98.733630
80.315102 98.060855
80.315102 97.388079
80.315102 96.715304
80.315102 96.042529
79.642327 95.369754
79.642327 94.696978
79.642327 94.024203
79.642327 93.351428
79.642327 92.678653
78.969552 92.005877
78.969552 91.333102
78.969552 89.987552
78.969552 89.314776
78.969552 88.642001
79.642327 87.969226
79.642327 87.296451
80.315102 86.623675
80.315102 85.278125
80.315102 84.605350
80.987877 83.932574
80.987877 83.259799
80.987877 82.587024
81.660653 81.914248
81.660653 80.568698
82.333428 79.895923
82.333428 79.223147
82.333428 78.550372
83.006203 77.877597
83.006203 76.532046
83.678978 75.859271
84.351754 75.186496
85.024529 74.513721
85.697304 73.840945
86.370079 73.168170
87.042855 72.495395
87.715630 71.822620
88.388405 71.149844
89.061180 70.477069
89.733956 69.131519
90.406731 68.458743
91.079506 67.785968
91.752281 67.785968
92.425057 67.785968
93.097832 67.113193
93.770607 67.113193
94.443383 66.440417
95.116158 66.440417
95.788933 65.767642
96.461708 65.767642
97.134484 65.094867
97.807259 65.094867
99.152809 65.094867
99.825585 64.422092
100.498360 64.422092
101.171135 63.749316
101.843910 63.749316
102.516686 63.076541
103.189461 63.076541
103.862236 63.076541
104.535011 63.076541
105.207787 63.076541
106.553337 63.076541
107.226112 63.076541
107.898888 63.749316
108.571663 63.749316
109.244438 63.749316
109.917214 63.749316
111.262764 63.749316
111.935539 63.749316
112.608315 63.749316
113.281090 63.749316
113.953865 63.749316
114.626640 63.749316
115.299416 63.749316
116.644966 63.749316
117.317741 63.749316
117.990517 63.749316
118.663292 63.749316
119.336067 63.749316
120.008842 63.749316
120.681618 63.749316
122.027168 63.749316
122.699943 63.749316
123.372719 63.749316
124.045494 63.749316
124.718269 63.749316
125.391045 63.749316
126.063820 64.422092
127.409370 64.422092
128.082146 64.422092
128.754921 64.422092
129.427696 65.094867
130.773247 65.094867
131.446022 65.094867
132.118797 65.094867
133.464348 65.767642
134.137123 65.767642
134.809898 65.767642
136.155449 66.440417
136.828224 66.440417
137.500999 66.440417
138.173774 66.440417
139.519325 67.113193
140.192100 67.113193
140.864876 67.113193
142.210426 67.113193
142.883201 67.785968
143.555977 67.785968
144.901527 67.785968
145.574302 68.458743
146.247078 68.458743
147.592628 68.458743
148.265403 68.458743
148.938179 69.131519
149.610954 69.131519
150.956504 69.131519
151.629280 69.131519
152.302055 69.804294
153.647605 69.804294
154.320381 69.804294
154.993156 69.804294
155.665931 70.477069
157.011482 70.477069
157.684257 70.477069
158.357032 70.477069
159.029808 70.477069
159.702583 70.477069
161.048133 70.477069
161.720909 71.149844
162.393684 71.149844
163.066459 71.149844
164.412010 71.149844
165.084785 71.149844
165.757560 71.149844
166.430335 71.822620
167.775886 71.822620
168.448661 71.822620
169.121436 71.822620
169.794212 71.822620
170.466987 71.822620
171.139762 72.495395
171.812538 73.168170
172.485313 73.840945
173.158088 73.840945
173.830863 74.513721
174.503639 74.513721
175.176414 74.513721
176.521964 75.186496
177.194740 75.186496
177.867515 75.859271
178.540290 75.859271
179.213065 76.532046
179.885841 76.532046
180.558616 77.204822
181.904166 77.204822
182.576942 77.877597
183.249717 77.877597
183.922492 78.550372
184.595267 78.550372
185.268043 79.223147
185.940818 79.223147
186.613593 79.895923
187.959144 79.895923
188.631919 80.568698
189.304694 80.568698
189.977470 81.241473
190.650245 81.241473
191.323020 81.914248
191.995795 81.914248
192.668571 82.587024
193.341346 82.587024
194.686896 82.587024
195.359672 83.259799
196.032447 83.932574
196.705222 84.605350
197.377997 85.278125
198.050773 85.950900
198.723548 86.623675
199.396323 87.296451
200.069098 88.642001
200.069098 89.314776
200.741874 89.987552
201.414649 90.660327
202.087424 91.333102
202.760200 92.005877
203.432975 92.678653
203.432975 93.351428
203.432975 94.024203
203.432975 94.696978
203.432975 95.369754
204.105750 96.042529
204.105750 96.715304
204.105750 97.388079
204.105750 98.060855
204.105750 98.733630
204.105750 99.406405
204.778525 100.079181
204.778525 100.751956
204.778525 101.424731
204.778525 102.097506
204.778525 102.770282
204.778525 103.443057
204.778525 104.788607
204.778525 105.461383
204.778525 106.134158
204.778525 106.806933
204.778525 107.479708
204.778525 108.152484
204.778525 108.825259
204.778525 109.498034
204.778525 110.170809
204.778525 110.843585
204.778525 111.516360
204.778525 112.189135
204.778525 113.534686
204.778525 114.207461
204.778525 114.880236
204.105750 115.553011
203.432975 116.225787
202.760200 116.898562
202.087424 117.571337
201.414649 117.571337
200.741874 118.244113
200.069098 118.916888
199.396323 118.916888
