191.810468 113.391146
191.111385 112.692063
190.412302 112.692063
189.713220 111.992981
189.014137 111.293898
188.315054 111.293898
187.615971 110.594815
186.916889 110.594815
186.217806 109.895733
185.518723 109.895733
184.819641 109.895733
184.120558 109.196650
183.421475 109.196650
182.722392 108.497567
182.023310 108.497567
181.324227 108.497567
180.625144 107.798484
179.926062 107.798484
179.226979 107.798484
178.527896 107.099402
177.828813 107.099402
177.129731 107.099402
176.430648 106.400319
175.731565 106.400319
175.032483 105.701236
174.333400 105.701236
173.634317 105.701236
172.935234 105.002154
172.236152 105.002154
171.537069 105.002154
170.837986 104.303071
170.138904 104.303071
169.439821 104.303071
168.740738 103.603988
168.041655 103.603988
167.342573 103.603988
166.643490 103.603988
165.944407 103.603988
165.245324 102.904905
164.546242 102.904905
163.847159 102.904905
163.148076 102.904905
162.448994 102.904905
161.749911 102.904905
161.050828 102.904905
160.351745 102.904905
159.652663 102.205823
158.953580 102.205823
158.254497 102.205823
157.555415 102.205823
156.856332 102.205823
156.157249 102.205823
155.458166 102.205823
154.759084 102.205823
154.060001 102.205823
153.360918 102.205823
152.661836 102.205823
151.962753 102.205823
151.263670 102.205823
150.564587 102.205823
149.865505 102.205823
149.166422 102.205823
148.467339 102.205823
147.768257 102.205823
147.069174 102.205823
146.370091 102.205823
145.671008 102.205823
144.971926 102.205823
144.971926 102.904905
144.272843 102.904905
143.573760 102.904905
142.874677 102.904905
142.175595 102.904905
141.476512 102.904905
140.777429 102.904905
140.078347 102.904905
139.379264 103.603988
138.680181 103.603988
137.981098 103.603988
137.282016 103.603988
136.582933 103.603988
135.883850 103.603988
135.883850 104.303071
135.184768 104.303071
134.485685 104.303071
133.786602 105.002154
133.087519 105.002154
132.388437 105.002154
131.689354 105.701236
130.990271 105.701236
130.291189 105.701236
129.592106 106.400319
128.893023 106.400319
128.193940 106.400319
127.494858 107.099402
126.795775 107.099402
126.096692 107.798484
125.397609 107.798484
124.698527 107.798484
123.999444 108.497567
123.300361 108.497567
122.601279 109.196650
121.902196 109.196650
121.203113 109.895733
120.504030 109.895733
120.504030 110.594815
119.804948 110.594815
119.105865 110.594815
119.105865 111.293898
118.406782 111.293898
117.707700 111.992981
117.008617 111.992981
117.008617 112.692063
116.309534 112.692063
115.610451 113.391146
114.911369 113.391146
114.911369 114.090229
114.212286 114.789312
113.513203 114.789312
113.513203 115.488394
112.814121 115.488394
112.115038 116.187477
111.415955 116.886560
110.716872 117.585643
110.017790 118.284725
109.318707 118.983808
108.619624 119.682891
107.920542 119.682891
107.920542 120.381973
107.221459 121.081056
106.522376 121.780139
106.522376 122.479222
105.823293 122.479222
105.823293 123.178304
105.124211 123.877387
104.425128 124.576470
103.726045 125.275552
103.726045 125.974635
103.026962 126.673718
102.327880 127.372801
102.327880 128.071883
101.628797 128.770966
101.628797 129.470049
100.929714 130.169131
100.230632 130.868214
100.230632 131.567297
99.531549 132.266380
98.832466 132.965462
98.832466 133.664545
98.133383 134.363628
97.434301 135.062711
97.434301 135.761793
96.735218 136.460876
96.735218 137.159959
96.036135 137.859041
95.337053 138.558124
95.337053 139.257207
94.637970 139.956290
94.637970 140.655372
93.938887 141.354455
93.938887 142.053538
93.938887 142.752620
93.239804 143.451703
92.540722 144.150786
91.142556 144.150786
90.443474 144.849869
89.744391 144.150786
89.045308 142.752620
88.346225 142.053538
87.647143 141.354455
86.948060 140.655372
86.248977 139.956290
85.549895 139.257207
84.850812 138.558124
84.151729 137.859041
83.452646 137.159959
82.753564 136.460876
82.054481 135.761793
81.355398 135.062711
80.656315 134.363628
79.957233 133.664545
79.957233 132.266380
79.258150 131.567297
78.559067 130.868214
78.559067 130.169131
77.859985 128.770966
77.859985 128.071883
77.160902 127.372801
76.461819 125.974635
76.461819 125.275552
75.762736 124.576470
75.063654 123.877387
75.063654 122.479222
74.364571 121.780139
73.665488 121.081056
73.665488 120.381973
72.966406 118.983808
72.966406 118.284725
72.267323 117.585643
71.568240 116.886560
71.568240 115.488394
70.869157 114.789312
70.170075 114.090229
70.170075 112.692063
69.470992 111.992981
69.470992 111.293898
68.771909 110.594815
68.771909 109.895733
68.771909 109.196650
68.771909 108.497567
68.072827 107.798484
68.072827 107.099402
68.072827 106.400319
67.373744 105.701236
67.373744 105.002154
67.373744 104.303071
67.373744 103.603988
66.674661 102.904905
66.674661 102.205823
66.674661 101.506740
65.975578 100.807657
65.975578 100.108575
65.975578 99.409492
65.975578 98.710409
65.276496 97.312244
65.276496 96.613161
65.276496 95.914078
64.577413 95.214996
64.577413 94.515913
64.577413 93.816830
64.577413 93.117747
63.878330 92.418665
63.878330 91.719582
63.878330 91.020499
63.179248 90.321416
63.179248 89.622334
63.179248 88.923251
63.179248 88.224168
62.480165 87.525086
62.480165 86.826003
62.480165 86.126920
62.480165 85.427837
62.480165 84.728755
62.480165 84.029672
62.480165 83.330589
62.480165 82.631507
62.480165 81.932424
62.480165 81.233341
62.480165 80.534258
62.480165 79.835176
63.179248 79.136093
63.878330 78.437010
64.577413 77.737928
65.276496 77.038845
65.975578 76.339762
65.975578 75.640679
66.674661 74.941597
67.373744 74.242514
68.072827 73.543431
68.771909 72.145266
69.470992 71.446183
70.170075 70.747100
70.869157 70.048018
71.568240 69.348935
72.267323 68.649852
72.966406 68.649852
73.665488 67.950769
74.364571 67.950769
75.063654 67.251687
75.762736 67.251687
76.461819 66.552604
77.160902 66.552604
77.859985 65.853521
78.559067 65.853521
79.258150 65.154439
79.957233 64.455356
80.656315 64.455356
81.355398 63.756273
82.753564 63.756273
83.452646 63.057190
84.151729 63.057190
84.850812 63.057190
85.549895 62.358108
86.248977 62.358108
86.948060 62.358108
87.647143 62.358108
89.045308 62.358108
89.744391 62.358108
90.443474 62.358108
91.142556 62.358108
91.841639 62.358108
93.239804 62.358108
93.938887 62.358108
94.637970 62.358108
95.337053 62.358108
96.036135 62.358108
97.434301 62.358108
98.133383 62.358108
98.832466 62.358108
99.531549 62.358108
100.230632 62.358108
100.929714 62.358108
102.327880 62.358108
103.026962 62.358108
103.726045 62.358108
104.425128 62.358108
105.124211 62.358108
106.522376 62.358108
107.221459 62.358108
107.920542 62.358108
108.619624 62.358108
109.318707 62.358108
110.017790 62.358108
111.415955 62.358108
112.115038 62.358108
112.814121 62.358108
113.513203 62.358108
114.212286 62.358108
114.911369 62.358108
116.309534 62.358108
117.008617 63.057190
117.707700 63.057190
118.406782 63.057190
119.804948 63.756273
120.504030 63.756273
121.203113 63.756273
122.601279 64.455356
123.300361 64.455356
123.999444 64.455356
125.397609 65.154439
126.096692 65.154439
126.795775 65.154439
128.193940 65.853521
128.893023 65.853521
129.592106 66.552604
130.291189 66.552604
131.689354 66.552604
132.388437 67.251687
133.087519 67.251687
134.485685 67.251687
135.184768 67.950769
135.883850 67.950769
137.282016 67.950769
137.981098 68.649852
138.680181 68.649852
139.379264 68.649852
140.777429 69.348935
141.476512 69.348935
142.175595 70.048018
143.573760 70.048018
144.272843 70.048018
144.971926 70.747100
146.370091 70.747100
147.069174 70.747100
147.768257 70.747100
148.467339 71.446183
149.166422 71.446183
150.564587 71.446183
151.263670 71.446183
151.962753 72.145266
152.661836 72.145266
153.360918 72.145266
154.759084 72.145266
155.458166 72.844349
156.157249 72.844349
156.856332 72.844349
157.555415 72.844349
158.953580 73.543431
159.652663 73.543431
160.351745 73.543431
161.050828 74.242514
162.448994 74.242514
163.148076 74.242514
163.847159 74.242514
164.546242 74.941597
165.245324 74.941597
166.643490 74.941597
167.342573 74.941597
168.041655 75.640679
168.740738 75.640679
169.439821 75.640679
170.837986 75.640679
171.537069 76.339762
172.236152 76.339762
172.935234 76.339762
173.634317 77.038845
174.333400 77.038845
175.731565 77.737928
176.430648 78.437010
177.129731 79.136093
177.828813 79.136093
178.527896 79.835176
179.226979 80.534258
179.926062 81.233341
180.625144 81.233341
181.324227 81.932424
182.023310 82.631507
183.421475 83.330589
184.120558 84.029672
184.819641 84.029672
185.518723 84.728755
186.217806 85.427837
186.916889 86.126920
187.615971 86.126920
188.315054 86.826003
189.014137 87.525086
189.713220 88.224168
190.412302 88.923251
191.111385 89.622334
191.810468 89.622334
192.509551 90.321416
193.907716 91.020499
194.606799 91.719582
195.305881 92.418665
196.004964 93.117747
196.704047 93.816830
197.403130 94.515913
197.403130 95.214996
197.403130 95.914078
197.403130 96.613161
197.403130 97.312244
197.403130 98.011326
197.403130 98.710409
197.403130 99.409492
197.403130 100.108575
197.403130 100.807657
197.403130 101.506740
197.403130 102.205823
197.403130 102.904905
197.403130 104.303071
196.704047 105.002154
196.704047 105.701236
196.004964 106.400319
196.004964 107.099402
195.305881 107.798484
195.305881 108.497567
194.606799 109.196650
194.606799 109.895733
193.907716 110.594815
193.907716 111.293898
193.208633 111.992981
193.208633 112.692063
192.509551 113.391146
191.810468 113.391146
