169.729988 107.353622
169.157848 107.353622
168.013567 107.925762
167.441427 108.497902
166.869287 108.497902
166.297147 109.070042
165.152866 109.642182
164.580726 110.214322
164.008586 110.214322
163.436446 109.642182
162.864306 109.642182
162.292166 109.642182
161.720025 109.070042
161.147885 109.070042
160.575745 109.070042
160.003605 109.070042
159.431465 109.070042
158.859325 108.497902
158.287184 108.497902
157.715044 108.497902
157.142904 108.497902
156.570764 108.497902
155.998624 108.497902
155.426484 108.497902
154.854343 108.497902
154.282203 108.497902
153.710063 108.497902
153.137923 108.497902
152.565783 108.497902
151.993643 108.497902
151.421502 108.497902
150.849362 108.497902
150.277222 108.497902
149.705082 108.497902
149.132942 108.497902
148.560802 108.497902
147.988661 108.497902
147.416521 108.497902
146.844381 108.497902
146.272241 108.497902
145.700101 108.497902
145.127961 108.497902
144.555820 108.497902
143.983680 108.497902
143.983680 109.070042
143.411540 109.070042
142.839400 109.070042
142.267260 109.070042
141.695120 109.070042
141.122979 109.642182
140.550839 109.642182
139.978699 109.642182
139.406559 110.214322
138.834419 110.214322
138.262279 110.214322
137.690138 110.214322
137.117998 110.214322
136.545858 110.786463
135.973718 110.786463
135.401578 110.786463
134.829438 110.786463
134.829438 111.358603
134.257297 111.358603
133.685157 111.358603
133.113017 111.358603
133.113017 111.930743
132.540877 111.930743
131.968737 111.930743
131.396597 111.930743
131.396597 112.502883
130.824456 112.502883
130.252316 112.502883
130.252316 113.075023
129.680176 113.075023
129.108036 113.075023
129.108036 113.647163
128.535896 113.647163
127.963756 114.219304
127.391615 114.219304
127.391615 114.791444
126.819475 114.791444
126.247335 115.363584
125.675195 115.363584
125.675195 115.935724
125.103055 115.935724
124.530915 116.507864
123.958774 116.507864
123.958774 117.080004
123.386634 117.080004
122.814494 117.652145
122.242354 117.652145
122.242354 118.224285
121.670214 118.224285
121.670214 118.796425
121.098074 118.796425
121.098074 119.368565
120.525933 119.368565
120.525933 119.940705
119.953793 120.512845
119.381653 120.512845
119.381653 121.084986
118.809513 121.657126
118.237373 122.229266
117.665233 122.801406
117.093092 122.801406
117.093092 123.373546
116.520952 123.945686
115.948812 124.517827
115.376672 125.089967
114.804532 125.089967
114.804532 125.662107
114.232392 126.234247
113.660251 126.806387
113.088111 127.378527
112.515971 127.950668
111.943831 128.522808
111.371691 129.094948
110.799551 129.667088
110.799551 130.239228
110.227410 130.811368
109.655270 131.383509
109.655270 131.955649
109.083130 132.527789
108.510990 133.099929
108.510990 133.672069
107.938850 134.244209
107.938850 134.816350
107.366710 135.388490
107.366710 135.960630
106.794569 136.532770
106.222429 137.104910
106.222429 137.677050
105.650289 138.249191
105.650289 138.821331
105.078149 139.393471
105.078149 139.965611
104.506009 140.537751
104.506009 141.109891
104.506009 141.682032
103.933869 142.254172
103.361728 142.826312
102.789588 143.398452
102.217448 143.970592
101.073168 143.970592
100.501028 144.542732
99.928887 145.114873
99.356747 145.687013
98.212467 145.687013
97.640327 146.259153
97.068187 146.259153
96.496046 145.687013
95.923906 145.687013
95.351766 145.687013
94.779626 145.114873
94.207486 145.114873
93.635346 144.542732
93.063206 144.542732
92.491065 144.542732
91.918925 143.970592
91.346785 143.398452
90.774645 143.398452
90.202505 142.826312
89.630365 142.254172
89.058224 141.682032
88.486084 141.109891
88.486084 140.537751
87.913944 139.965611
87.341804 139.393471
87.341804 138.821331
86.769664 138.249191
86.197524 137.677050
86.197524 136.532770
85.625383 135.960630
85.053243 135.388490
85.053243 134.816350
84.481103 134.244209
83.908963 133.672069
83.908963 133.099929
83.336823 132.527789
82.764683 131.955649
82.764683 131.383509
82.192542 130.811368
82.192542 129.667088
81.620402 129.094948
81.620402 128.522808
81.620402 127.378527
81.620402 126.806387
81.048262 125.662107
81.048262 125.089967
81.048262 123.945686
81.048262 123.373546
80.476122 122.801406
80.476122 121.657126
80.476122 121.084986
80.476122 119.940705
79.903982 119.368565
79.903982 118.796425
79.903982 117.652145
79.903982 117.080004
79.331842 115.935724
79.331842 115.363584
79.331842 114.219304
78.759701 113.647163
78.759701 113.075023
78.759701 111.930743
78.759701 111.358603
78.187561 110.214322
78.187561 109.642182
78.187561 108.497902
78.187561 107.925762
77.615421 107.353622
77.615421 106.209341
77.615421 105.637201
77.615421 104.492921
77.043281 103.920781
77.043281 103.348640
77.043281 102.776500
77.043281 101.632220
77.043281 101.060080
77.043281 100.487940
77.043281 99.915799
77.043281 98.771519
77.615421 98.199379
77.615421 97.627239
77.615421 97.055099
77.615421 96.482958
77.615421 95.338678
77.615421 94.766538
77.615421 94.194398
77.615421 93.622258
77.615421 92.477977
77.615421 91.905837
77.615421 91.333697
77.615421 90.761557
77.615421 89.617276
77.615421 89.045136
77.615421 88.472996
77.615421 87.900856
77.615421 86.756576
77.615421 86.184435
77.615421 85.612295
78.187561 85.040155
78.759701 84.468015
79.331842 83.895875
79.331842 83.323735
79.903982 82.179454
80.476122 81.607314
80.476122 81.035174
81.048262 80.463034
81.620402 79.890894
81.620402 79.318753
82.192542 78.174473
82.764683 77.602333
82.764683 77.030193
83.336823 76.458053
83.908963 75.885912
84.481103 75.313772
85.053243 74.741632
85.625383 74.169492
86.197524 74.169492
86.769664 73.597352
87.341804 73.025212
87.913944 73.025212
89.058224 72.453071
89.630365 71.880931
90.202505 71.880931
90.774645 71.308791
91.346785 70.736651
91.918925 70.736651
92.491065 70.164511
93.635346 70.164511
94.207486 69.592371
94.779626 69.020231
95.351766 69.020231
95.923906 69.020231
96.496046 69.020231
97.640327 68.448090
98.212467 68.448090
98.784607 68.448090
99.356747 68.448090
99.928887 68.448090
100.501028 68.448090
101.073168 68.448090
101.645308 68.448090
102.217448 68.448090
103.361728 68.448090
103.933869 68.448090
104.506009 68.448090
105.078149 68.448090
105.650289 68.448090
106.222429 68.448090
106.794569 68.448090
107.366710 68.448090
108.510990 68.448090
109.083130 68.448090
109.655270 68.448090
110.227410 68.448090
110.799551 68.448090
111.371691 68.448090
111.943831 68.448090
112.515971 68.448090
113.088111 68.448090
113.660251 68.448090
114.804532 68.448090
115.376672 68.448090
115.948812 69.020231
116.520952 69.020231
117.093092 69.020231
117.665233 69.020231
118.237373 69.020231
118.809513 69.020231
119.381653 69.020231
119.953793 69.592371
120.525933 69.592371
121.098074 69.592371
122.242354 69.592371
122.814494 69.592371
123.386634 69.592371
123.958774 69.592371
124.530915 69.592371
125.103055 70.164511
125.675195 70.164511
126.247335 70.164511
126.819475 70.164511
127.391615 70.164511
127.963756 70.164511
128.535896 70.164511
129.680176 70.736651
130.252316 70.736651
130.824456 70.736651
131.396597 70.736651
131.968737 70.736651
132.540877 70.736651
133.113017 70.736651
133.685157 71.308791
134.257297 71.308791
134.829438 71.308791
135.401578 71.308791
135.973718 71.308791
137.117998 71.308791
137.690138 71.308791
138.262279 71.308791
138.834419 71.880931
139.406559 71.880931
139.978699 71.880931
140.550839 71.880931
141.122979 71.880931
141.695120 71.880931
142.267260 71.880931
143.411540 72.453071
143.983680 72.453071
144.555820 73.025212
145.127961 73.025212
145.700101 73.597352
146.844381 73.597352
147.416521 74.169492
147.988661 74.169492
148.560802 74.741632
149.705082 74.741632
150.277222 75.313772
150.849362 75.313772
151.421502 75.313772
152.565783 75.885912
153.137923 75.885912
153.710063 76.458053
154.282203 76.458053
155.426484 77.030193
155.998624 77.030193
156.570764 77.602333
157.142904 77.602333
157.715044 78.174473
158.859325 78.174473
159.431465 78.746613
160.003605 78.746613
160.575745 79.318753
161.147885 79.890894
161.147885 80.463034
161.720025 81.035174
162.292166 81.607314
162.864306 82.751594
163.436446 83.323735
164.008586 83.895875
164.580726 84.468015
164.580726 85.040155
165.152866 86.184435
165.725007 86.756576
166.297147 87.328716
166.869287 87.900856
167.441427 88.472996
168.013567 89.617276
168.585707 90.189417
168.585707 90.761557
169.157848 91.333697
169.729988 91.905837
170.302128 93.050117
170.874268 93.622258
171.446408 94.194398
172.018548 94.766538
172.018548 95.338678
172.590689 96.482958
172.590689 97.055099
173.162829 97.627239
173.734969 98.199379
173.734969 99.343659
174.307109 99.915799
174.307109 100.487940
174.879249 101.060080
174.879249 101.632220
174.307109 102.204360
174.307109 102.776500
173.734969 103.348640
173.162829 103.920781
172.590689 104.492921
172.590689 105.065061
172.018548 105.637201
172.018548 106.209341
171.446408 106.209341
171.446408 106.209341
170.302128 106.781481
169.729988 107.353622
