128.031352 111.659987
127.781771 111.909567
127.781771 112.159148
127.781771 112.408729
127.532190 112.658310
127.282610 112.658310
127.033029 112.658310
126.783448 112.658310
126.533868 112.658310
126.284287 112.907890
126.034706 112.907890
125.785125 112.907890
125.535545 113.157471
125.285964 113.157471
125.036383 113.157471
124.786802 113.407052
124.537222 113.407052
124.287641 113.407052
124.287641 113.656633
124.038060 113.656633
123.788479 113.656633
123.538899 113.656633
123.538899 113.906213
123.289318 113.906213
123.039737 113.906213
123.039737 114.155794
122.790156 114.155794
122.540576 114.405375
122.290995 114.405375
122.041414 114.654955
121.791834 114.654955
121.542253 114.904536
121.292672 114.904536
121.043091 115.154117
120.793511 115.154117
120.543930 115.403698
120.294349 115.403698
120.044768 115.653278
119.795188 115.653278
119.545607 115.902859
119.296026 115.902859
119.046445 116.152440
118.796865 116.402021
118.547284 116.402021
118.297703 116.651601
118.048122 116.651601
118.048122 116.901182
117.798542 116.901182
117.548961 117.150763
117.299380 117.400344
117.299380 117.649924
117.049800 117.649924
117.049800 117.899505
116.800219 117.899505
116.550638 118.149086
116.301057 118.398667
116.051477 118.398667
116.051477 118.648247
115.801896 118.897828
115.552315 118.897828
115.302734 119.147409
115.053154 119.147409
115.053154 119.396989
114.803573 119.646570
114.553992 119.896151
114.304411 119.896151
114.304411 120.145732
114.054831 120.395312
113.805250 120.644893
113.555669 120.894474
113.306089 121.144055
113.056508 121.393635
112.806927 121.643216
112.557346 121.892797
112.307766 122.142378
112.058185 122.391958
111.808604 122.641539
111.559023 122.891120
111.309443 123.140701
111.059862 123.390281
111.059862 123.639862
110.810281 123.889443
110.560700 124.139023
110.311120 124.388604
110.311120 124.638185
110.061539 124.887766
109.811958 125.137346
109.811958 125.386927
109.562377 125.636508
109.312797 125.886089
109.312797 126.135669
109.063216 126.385250
108.813635 126.634831
108.813635 126.884412
108.564055 127.133992
108.564055 127.383573
108.314474 127.633154
108.314474 127.882735
108.064893 128.132315
107.815312 128.381896
107.815312 128.631477
107.565732 128.881057
107.565732 129.130638
107.316151 129.380219
107.316151 129.629800
107.066570 129.879380
107.066570 130.128961
106.816989 130.378542
106.816989 130.628123
106.816989 130.877703
106.567409 131.127284
106.567409 131.376865
106.317828 131.626446
106.317828 131.876026
106.317828 132.125607
106.068247 132.375188
106.068247 132.624769
106.068247 132.874349
105.818666 133.123930
105.818666 133.373511
105.818666 133.623091
105.818666 133.872672
105.569086 134.122253
105.569086 134.371834
105.569086 134.621414
105.569086 134.870995
105.569086 135.120576
105.319505 135.370157
105.319505 135.619737
105.319505 135.869318
105.319505 136.118899
105.319505 136.368480
105.319505 136.618060
105.069924 136.867641
105.069924 137.117222
105.069924 137.366803
105.069924 137.616383
105.069924 137.865964
105.069924 138.115545
105.069924 138.365125
104.820343 138.614706
104.820343 138.864287
104.820343 139.113868
104.820343 139.363448
104.820343 139.613029
104.820343 139.862610
104.820343 140.112191
104.820343 140.361771
104.820343 140.611352
104.820343 140.860933
104.820343 141.110514
104.820343 141.360094
104.820343 141.609675
104.820343 141.859256
104.820343 142.108836
104.820343 142.358417
104.570763 142.607998
104.321182 142.857579
104.321182 143.107159
104.071601 143.356740
103.822021 143.356740
103.572440 143.606321
103.322859 143.855902
103.322859 144.105482
103.073278 143.855902
103.073278 143.606321
102.823698 143.356740
102.574117 143.107159
102.324536 142.857579
102.324536 142.607998
102.324536 142.358417
102.074955 142.108836
101.825375 141.859256
101.825375 141.609675
101.575794 141.360094
101.326213 141.110514
101.076632 140.860933
101.076632 140.611352
100.827052 140.361771
100.827052 140.112191
100.577471 139.862610
100.577471 139.613029
100.327890 139.363448
100.078309 139.113868
99.828729 138.864287
99.579148 138.614706
99.579148 138.365125
99.579148 138.115545
99.329567 137.865964
99.079987 137.616383
99.079987 137.366803
98.830406 137.117222
98.580825 136.867641
98.580825 136.618060
98.331244 136.368480
98.331244 136.118899
98.081664 135.869318
98.081664 135.619737
97.832083 135.370157
97.582502 135.120576
97.332921 134.870995
97.332921 134.621414
97.083341 134.371834
97.083341 134.122253
96.833760 133.872672
96.833760 133.623091
96.584179 133.373511
96.334598 133.123930
96.085018 132.874349
96.085018 132.624769
96.085018 132.375188
95.835437 132.125607
95.585856 131.876026
95.585856 131.626446
95.585856 131.376865
95.336275 131.127284
95.336275 130.877703
95.086695 130.628123
95.086695 130.378542
94.837114 130.128961
94.837114 129.879380
94.837114 129.629800
94.587533 129.380219
94.587533 129.130638
94.587533 128.881057
94.587533 128.631477
94.337953 128.381896
94.088372 128.132315
94.088372 127.882735
94.088372 127.633154
93.838791 127.383573
93.838791 127.133992
93.838791 126.884412
93.589210 126.634831
93.589210 126.385250
93.339630 126.135669
93.339630 125.886089
93.090049 125.636508
93.090049 125.386927
93.090049 125.137346
92.840468 124.887766
92.840468 124.638185
92.590887 124.388604
92.590887 124.139023
92.590887 123.889443
92.341307 123.639862
92.341307 123.390281
92.091726 123.140701
92.091726 122.891120
91.842145 122.641539
91.842145 122.391958
91.842145 122.142378
91.592564 121.892797
91.592564 121.643216
91.342984 121.393635
91.342984 121.144055
91.093403 120.894474
91.093403 120.644893
91.093403 120.395312
91.093403 120.145732
91.342984 119.896151
91.592564 119.646570
91.842145 119.396989
92.091726 119.147409
92.091726 118.897828
92.341307 118.648247
92.590887 118.398667
92.840468 118.149086
93.090049 117.899505
93.339630 117.649924
93.339630 117.400344
93.339630 117.150763
93.589210 116.901182
93.838791 116.651601
94.088372 116.402021
94.337953 116.152440
94.587533 115.902859
94.837114 115.653278
94.837114 115.403698
95.086695 115.154117
95.336275 114.904536
95.585856 114.654955
95.835437 114.654955
96.085018 114.405375
96.334598 114.405375
96.584179 114.405375
96.833760 114.155794
97.083341 114.155794
97.332921 114.155794
97.582502 113.906213
97.832083 113.906213
98.081664 113.906213
98.331244 113.656633
98.580825 113.656633
98.830406 113.656633
99.079987 113.407052
99.329567 113.407052
99.579148 113.407052
99.828729 113.157471
100.078309 113.157471
100.327890 113.157471
100.577471 112.907890
100.827052 112.907890
101.076632 112.907890
101.326213 112.658310
101.575794 112.658310
101.825375 112.658310
102.074955 112.658310
102.324536 112.408729
102.574117 112.408729
102.823698 112.159148
103.073278 112.159148
103.322859 112.159148
103.572440 111.909567
103.822021 111.909567
104.071601 111.909567
104.321182 111.909567
104.570763 111.659987
104.820343 111.659987
105.069924 111.659987
105.319505 111.410406
105.569086 111.410406
105.818666 111.410406
106.068247 111.410406
106.317828 111.410406
106.567409 111.410406
106.816989 111.410406
107.066570 111.410406
107.316151 111.160825
107.565732 110.911244
107.815312 110.911244
108.064893 110.911244
108.314474 110.911244
108.564055 110.911244
108.813635 110.911244
109.063216 110.911244
109.312797 110.911244
109.562377 110.661664
109.811958 110.661664
110.061539 110.661664
110.311120 110.661664
110.560700 110.661664
110.810281 110.661664
111.059862 110.661664
111.309443 110.661664
111.559023 110.661664
111.808604 110.412083
112.058185 110.412083
112.307766 110.412083
112.557346 110.412083
112.806927 110.412083
113.056508 110.412083
113.306089 110.412083
113.555669 110.412083
113.805250 110.412083
114.054831 110.162502
114.304411 110.162502
114.553992 110.162502
114.803573 110.162502
115.053154 110.162502
115.302734 110.162502
115.552315 110.162502
115.801896 110.162502
116.051477 110.162502
116.301057 110.412083
116.550638 110.412083
116.800219 110.412083
117.049800 110.412083
117.299380 110.412083
117.548961 110.412083
117.798542 110.412083
118.048122 110.412083
118.297703 110.412083
118.547284 110.412083
118.796865 110.661664
119.046445 110.661664
119.296026 110.661664
119.545607 110.661664
119.795188 110.661664
120.044768 110.661664
120.294349 110.661664
120.543930 110.661664
120.793511 110.661664
121.043091 110.661664
121.292672 110.661664
121.542253 110.661664
121.791834 110.911244
122.041414 110.911244
122.290995 110.911244
122.540576 110.911244
122.790156 110.911244
123.039737 110.911244
123.289318 110.911244
123.538899 110.911244
123.788479 110.911244
124.038060 110.911244
124.287641 110.911244
124.537222 110.911244
124.786802 110.911244
125.036383 111.160825
125.285964 111.410406
125.535545 111.410406
125.785125 111.410406
126.034706 111.410406
126.284287 111.410406
126.533868 111.410406
126.783448 111.410406
127.033029 111.410406
127.282610 111.410406
127.532190 111.410406
127.781771 111.410406
128.031352 111.160825
128.031352 111.410406
128.031352 111.160825
128.031352 110.911244
127.781771 110.661664
127.781771 110.412083
127.781771 110.162502
127.532190 109.912921
127.532190 109.663341
127.532190 109.912921
127.781771 110.162502
127.532190 109.912921
127.532190 109.663341
127.532190 109.912921
127.781771 110.162502
127.781771 110.412083
127.781771 110.661664
128.031352 110.911244
128.031352 111.160825
128.031352 111.410406
128.031352 111.659987
