157.300957 106.535890
157.300957 106.987509
156.849338 107.439128
156.849338 107.890746
156.397719 108.342365
155.946101 108.342365
155.494482 108.793984
155.042863 109.245603
154.139626 109.697221
153.688007 110.148840
153.236388 110.600459
152.333151 110.600459
151.881532 110.600459
151.429913 110.600459
150.978295 110.148840
150.526676 110.148840
150.075057 110.148840
149.623439 110.148840
149.171820 110.148840
148.720201 110.148840
148.268582 110.148840
147.816964 109.697221
147.365345 109.697221
146.913726 109.697221
146.462108 109.697221
146.010489 109.697221
145.558870 109.697221
145.107251 109.697221
144.655633 109.697221
144.204014 109.697221
143.752395 109.697221
143.300776 109.697221
142.849158 109.697221
142.397539 109.697221
141.945920 109.697221
141.494302 109.697221
141.042683 109.697221
140.591064 109.697221
140.139445 110.148840
139.687827 110.148840
139.236208 110.148840
138.784589 110.148840
138.332971 110.148840
137.881352 110.148840
137.429733 110.148840
136.978114 110.148840
136.978114 110.600459
136.526496 110.600459
136.074877 110.600459
135.623258 110.600459
135.171639 111.052077
134.720021 111.052077
134.268402 111.052077
133.816783 111.052077
133.365165 111.052077
133.365165 111.503696
132.913546 111.503696
132.461927 111.503696
132.010308 111.503696
132.010308 111.955315
131.558690 111.955315
131.107071 111.955315
130.655452 111.955315
130.655452 112.406934
130.203833 112.406934
129.752215 112.406934
129.752215 112.858552
129.300596 112.858552
128.848977 112.858552
128.397359 112.858552
128.397359 113.310171
127.945740 113.310171
127.494121 113.310171
127.494121 113.761790
127.042502 113.761790
126.590884 114.213409
126.139265 114.213409
125.687646 114.213409
125.687646 114.665027
125.236028 114.665027
124.784409 114.665027
124.784409 115.116646
124.332790 115.116646
123.881171 115.568265
123.429553 116.019883
122.977934 116.019883
122.526315 116.471502
122.074696 116.471502
121.623078 116.923121
121.171459 116.923121
121.171459 117.374740
120.719840 117.374740
120.268222 117.374740
120.268222 117.826358
119.816603 117.826358
119.816603 118.277977
119.364984 118.277977
119.364984 118.729596
118.913365 118.729596
118.913365 119.181215
118.461747 119.181215
118.010128 119.632833
117.558509 120.084452
117.106891 120.536071
116.655272 120.536071
116.655272 120.987689
116.203653 120.987689
116.203653 121.439308
115.752034 121.439308
115.752034 121.890927
115.300416 121.890927
115.300416 122.342546
114.848797 122.794164
114.397178 123.245783
113.945559 123.245783
113.945559 123.697402
113.493941 124.149020
113.042322 124.600639
112.590703 124.600639
112.590703 125.052258
112.139085 125.503877
111.687466 125.955495
111.235847 126.407114
110.784228 126.858733
110.332610 127.310352
110.332610 127.761970
109.880991 128.213589
109.429372 128.665208
108.977753 129.116826
108.526135 129.568445
108.526135 130.020064
108.074516 130.471683
107.622897 130.923301
107.622897 131.374920
107.171279 131.826539
107.171279 132.278157
106.719660 132.729776
106.268041 133.181395
106.268041 133.633014
105.816422 134.084632
105.816422 134.536251
105.364804 134.987870
105.364804 135.439489
104.913185 135.891107
104.913185 136.342726
104.913185 136.794345
104.461566 137.245963
104.461566 137.697582
104.009948 138.149201
104.009948 138.600820
104.009948 139.052438
103.558329 139.504057
103.558329 139.955676
103.558329 140.407295
103.106710 140.858913
103.106710 141.310532
103.106710 141.762151
103.106710 142.213769
102.655091 142.665388
102.655091 143.117007
102.203473 143.568626
101.300235 144.020244
100.848616 143.568626
100.396998 143.568626
99.945379 143.568626
99.493760 143.117007
99.042142 143.117007
98.590523 142.665388
98.138904 142.665388
97.687285 142.213769
97.235667 142.213769
96.332429 142.213769
95.880811 141.762151
95.429192 141.762151
94.977573 141.310532
94.525954 141.310532
94.074336 140.858913
93.622717 140.858913
93.171098 140.407295
92.267861 139.955676
91.816242 139.504057
91.364623 138.600820
90.461386 138.149201
90.009767 137.697582
89.558148 136.794345
89.106530 136.342726
88.203292 135.891107
87.751673 134.987870
87.300055 134.536251
86.396817 134.084632
85.945199 133.181395
85.493580 132.729776
84.590342 132.278157
84.138724 131.374920
83.687105 130.923301
82.783868 130.471683
82.332249 129.568445
81.880630 129.116826
80.977393 128.665208
80.525774 127.761970
80.074155 127.310352
79.170918 126.858733
78.719299 126.407114
78.267680 125.503877
78.267680 125.052258
78.267680 124.149020
78.267680 123.697402
78.267680 122.794164
78.267680 122.342546
78.267680 121.890927
78.267680 120.987689
77.816062 120.536071
77.816062 120.084452
77.816062 119.181215
77.816062 118.729596
77.816062 117.826358
77.816062 117.374740
77.816062 116.923121
77.816062 116.019883
77.816062 115.568265
77.816062 114.665027
77.816062 114.213409
77.816062 113.761790
77.816062 112.858552
77.364443 112.406934
77.364443 111.503696
77.364443 111.052077
77.364443 110.600459
77.364443 109.697221
77.364443 109.245603
77.364443 108.342365
77.364443 107.890746
77.364443 107.439128
77.364443 106.535890
77.364443 106.084272
77.364443 105.181034
77.364443 104.729415
77.364443 104.277797
77.816062 103.826178
78.267680 103.374559
78.719299 102.471322
79.170918 102.019703
79.170918 101.568084
79.622536 101.116466
80.074155 100.664847
80.525774 100.213228
80.977393 99.309991
80.977393 98.858372
81.429011 98.406753
81.880630 97.955135
82.332249 97.503516
82.783868 97.051897
82.783868 96.148660
83.235486 95.697041
83.687105 95.245422
84.138724 94.793803
84.590342 94.342185
85.041961 93.890566
85.493580 93.438947
85.945199 92.987329
86.396817 92.987329
86.848436 92.535710
87.751673 92.084091
88.203292 91.632472
88.654911 91.180854
89.106530 90.729235
89.558148 90.729235
90.009767 90.277616
90.913005 89.825997
91.364623 89.374379
91.816242 88.922760
92.267861 88.922760
92.719479 88.471141
93.171098 88.019523
94.074336 88.019523
94.525954 88.019523
94.977573 87.567904
95.429192 87.567904
95.880811 87.567904
96.332429 87.116285
96.784048 87.116285
97.687285 87.116285
98.138904 87.116285
98.590523 86.664666
99.042142 86.664666
99.493760 86.664666
99.945379 86.213048
100.396998 86.213048
101.300235 86.213048
101.751854 85.761429
102.203473 85.761429
102.655091 85.761429
103.106710 85.761429
103.558329 85.309810
104.009948 85.309810
104.913185 85.309810
105.364804 84.858192
105.816422 84.858192
106.268041 84.858192
106.719660 84.858192
107.171279 84.406573
107.622897 84.406573
108.526135 84.406573
108.977753 83.954954
109.429372 83.954954
109.880991 83.954954
110.332610 83.503335
110.784228 83.503335
111.235847 83.503335
111.687466 83.503335
112.590703 83.503335
113.042322 83.503335
113.493941 83.503335
113.945559 83.503335
114.397178 83.503335
114.848797 83.503335
115.300416 83.503335
115.752034 83.503335
116.655272 83.503335
117.106891 83.503335
117.558509 83.503335
118.010128 83.503335
118.461747 83.503335
118.913365 83.503335
119.364984 83.503335
119.816603 83.503335
120.719840 83.503335
121.171459 83.503335
121.623078 83.503335
122.074696 83.503335
122.526315 83.503335
122.977934 83.503335
123.429553 83.503335
124.332790 83.503335
124.784409 83.503335
125.236028 83.503335
125.687646 83.503335
126.590884 83.503335
127.042502 83.503335
127.494121 83.503335
127.945740 83.503335
128.397359 83.503335
129.300596 83.503335
129.752215 83.503335
130.203833 83.503335
130.655452 83.503335
131.558690 83.503335
132.010308 83.503335
132.461927 83.051717
132.913546 83.051717
133.365165 83.051717
134.268402 83.051717
134.720021 83.503335
135.171639 83.954954
135.623258 83.954954
136.526496 84.406573
136.978114 84.858192
137.429733 85.309810
137.881352 85.309810
138.332971 85.761429
139.236208 86.213048
139.687827 86.664666
140.139445 86.664666
140.591064 87.116285
141.042683 87.567904
141.945920 88.019523
142.397539 88.019523
142.849158 88.471141
143.300776 88.922760
144.204014 88.922760
144.655633 89.374379
145.107251 89.825997
145.558870 90.277616
146.010489 90.277616
146.913726 90.729235
147.365345 91.180854
147.816964 91.632472
148.268582 91.632472
148.720201 92.084091
149.623439 92.535710
150.075057 92.987329
150.526676 92.987329
150.978295 93.438947
151.429913 93.890566
152.333151 94.342185
152.784770 94.342185
153.236388 94.793803
153.688007 95.245422
154.591245 95.697041
155.042863 96.600278
155.494482 97.051897
155.946101 97.503516
156.397719 97.955135
157.300957 98.406753
157.752576 98.858372
158.204194 99.309991
158.655813 99.761609
159.559050 100.213228
159.107432 100.664847
159.107432 101.116466
158.655813 101.568084
158.655813 102.019703
158.204194 102.471322
158.204194 102.922940
158.204194 103.374559
157.752576 103.826178
157.752576 104.277797
157.752576 104.729415
157.300957 105.181034
157.300957 105.632653
157.300957 106.084272
157.300957 106.535890
