97.814871 101.357355
98.175266 101.717750
98.535661 101.717750
98.896056 101.717750
98.896056 102.078145
98.896056 102.438540
99.256451 102.798935
99.256451 103.159330
99.256451 103.519725
99.256451 103.880120
99.616846 104.240515
99.616846 104.600910
99.616846 104.961305
99.616846 105.321700
99.977241 105.682095
99.977241 106.042490
99.977241 106.402886
100.337637 106.763281
100.337637 107.123676
100.337637 107.484071
100.337637 107.844466
100.698032 107.844466
100.698032 108.204861
100.698032 108.565256
100.698032 108.925651
101.058427 108.925651
101.058427 109.286046
101.058427 108.925651
101.058427 109.286046
101.418822 109.646441
101.418822 110.006836
101.779217 110.367231
101.779217 110.727626
101.779217 111.088021
101.779217 111.448416
102.139612 111.448416
102.139612 111.808811
102.139612 112.169206
102.500007 112.169206
102.500007 112.529601
102.860402 112.889997
102.860402 113.250392
102.860402 112.889997
102.860402 113.250392
103.220797 113.610787
103.220797 113.971182
103.581192 114.331577
103.581192 114.691972
103.941587 114.691972
103.941587 115.052367
103.941587 114.691972
103.581192 114.691972
103.581192 114.331577
103.220797 113.971182
103.220797 113.610787
102.860402 113.250392
102.860402 112.889997
102.500007 112.529601
102.500007 112.169206
102.500007 112.529601
102.860402 112.889997
102.860402 113.250392
103.220797 113.610787
103.220797 113.971182
103.581192 114.331577
103.941587 114.691972
103.941587 115.052367
103.941587 115.412762
104.301982 115.412762
104.301982 115.773157
104.662377 116.133552
104.662377 116.493947
105.022772 116.493947
105.022772 116.854342
105.383167 117.214737
105.383167 117.575132
105.383167 117.214737
105.383167 117.575132
105.743562 117.935527
106.103957 118.295922
106.464352 118.656317
106.464352 119.016713
106.464352 119.377108
106.824748 119.377108
107.185143 119.737503
107.185143 120.097898
107.545538 120.097898
107.545538 120.458293
107.545538 120.818688
107.905933 120.818688
108.266328 121.179083
108.266328 121.539478
108.626723 121.539478
108.626723 121.899873
108.987118 121.899873
109.347513 122.260268
109.707908 122.620663
109.707908 122.981058
110.068303 123.341453
110.428698 123.701848
110.789093 124.062243
110.789093 124.422638
111.149488 124.422638
111.509883 124.783033
111.870278 125.143428
112.230673 125.503824
112.591068 125.503824
112.951464 125.864219
112.951464 126.224614
113.311859 126.224614
113.672254 126.585009
114.032649 126.945404
114.393044 127.305799
114.753439 127.666194
115.113834 127.666194
115.474229 128.026589
115.834624 128.386984
116.195019 128.747379
116.555414 128.747379
116.915809 129.107774
117.276204 129.468169
117.636599 129.828564
117.996994 129.828564
118.357389 130.188959
118.717784 130.188959
119.078179 130.549354
119.438575 130.909749
119.798970 130.909749
120.159365 131.270144
120.519760 131.270144
120.880155 131.630540
121.240550 131.990935
121.600945 131.990935
121.961340 132.351330
122.321735 132.351330
122.682130 132.711725
123.042525 132.711725
123.402920 133.072120
123.763315 133.072120
124.123710 133.432515
124.484105 133.432515
124.844500 133.432515
125.204895 133.792910
125.565291 133.792910
125.925686 134.153305
126.286081 134.153305
126.646476 134.513700
127.006871 134.513700
127.367266 134.874095
127.727661 135.234490
128.088056 135.234490
128.448451 135.594885
128.808846 135.594885
129.169241 135.955280
129.529636 135.955280
129.890031 135.955280
130.250426 136.315675
130.610821 136.315675
130.971216 136.676070
131.331611 136.676070
131.692006 137.036465
132.052402 137.036465
132.412797 137.036465
132.773192 137.396860
133.133587 137.396860
133.493982 137.396860
133.854377 137.757255
134.214772 137.757255
134.575167 137.757255
134.935562 138.117651
135.295957 138.117651
135.656352 138.117651
136.016747 138.478046
136.377142 138.478046
136.737537 138.478046
137.097932 138.838441
137.458327 138.838441
137.818722 138.838441
138.179118 138.838441
138.539513 139.198836
138.899908 139.198836
138.899908 139.559231
138.899908 140.280021
138.899908 140.640416
138.899908 141.000811
138.899908 141.361206
139.260303 141.721601
139.260303 142.442391
139.260303 142.802786
139.260303 143.163181
139.260303 143.523576
139.620698 143.883971
139.620698 144.604762
139.620698 144.965157
139.260303 145.325552
138.899908 145.685947
138.899908 146.046342
138.539513 146.406737
138.179118 146.767132
138.179118 147.127527
137.818722 147.487922
137.458327 147.487922
136.737537 147.848317
136.377142 147.848317
136.016747 147.848317
135.656352 148.208712
135.295957 148.208712
134.935562 148.569107
134.575167 148.569107
134.214772 148.569107
133.854377 148.929502
133.493982 148.929502
132.773192 148.929502
132.412797 149.289897
132.052402 149.289897
131.692006 149.289897
131.331611 149.650292
130.971216 150.010687
130.610821 150.371082
129.890031 150.731478
129.529636 151.091873
129.169241 151.452268
128.808846 151.812663
128.088056 152.173058
127.727661 152.533453
127.367266 152.893848
127.006871 153.254243
126.646476 153.614638
125.925686 153.975033
125.565291 154.335428
125.204895 154.695823
124.844500 155.056218
124.123710 155.416613
123.763315 155.777008
123.402920 156.137403
123.042525 156.497798
122.682130 156.858194
121.961340 156.858194
121.600945 157.218589
121.240550 157.218589
120.880155 157.578984
120.519760 157.578984
120.159365 157.578984
119.438575 157.939379
119.078179 157.939379
118.717784 158.299774
118.357389 158.299774
117.996994 158.660169
117.276204 158.660169
116.915809 159.020564
116.555414 159.020564
116.195019 159.380959
115.834624 159.380959
115.113834 159.741354
114.753439 159.380959
114.393044 159.380959
114.032649 159.380959
113.672254 159.380959
113.311859 159.020564
112.591068 159.020564
112.230673 159.020564
111.870278 159.020564
111.509883 158.660169
111.149488 158.660169
110.789093 158.660169
110.428698 158.660169
109.707908 158.660169
109.347513 158.299774
108.987118 158.299774
108.626723 158.299774
108.266328 158.299774
107.905933 157.939379
107.185143 157.939379
106.824748 157.939379
106.824748 157.578984
106.824748 157.218589
106.464352 156.858194
106.464352 156.497798
106.464352 156.137403
106.103957 155.777008
106.103957 155.416613
106.103957 154.695823
105.743562 154.335428
105.743562 153.975033
105.743562 153.614638
105.383167 153.254243
105.383167 152.893848
105.383167 152.533453
105.383167 152.173058
105.022772 151.812663
105.022772 151.452268
105.022772 151.091873
104.662377 150.731478
104.662377 150.371082
104.662377 150.010687
104.301982 149.650292
104.301982 149.289897
104.301982 148.929502
103.941587 148.208712
103.941587 147.848317
103.941587 147.487922
103.581192 147.127527
103.581192 146.767132
103.581192 146.406737
103.220797 146.046342
103.220797 145.685947
103.220797 145.325552
102.860402 144.965157
102.860402 144.604762
102.500007 144.244367
102.139612 143.883971
102.139612 143.523576
101.779217 143.163181
101.418822 142.442391
101.418822 142.081996
101.058427 141.721601
101.058427 141.361206
100.698032 141.000811
100.698032 140.640416
100.337637 140.280021
100.337637 139.559231
99.977241 139.198836
99.977241 138.838441
99.977241 138.478046
99.616846 138.117651
99.616846 137.757255
99.256451 137.036465
99.256451 136.676070
98.896056 136.315675
98.896056 135.955280
98.535661 135.594885
98.535661 135.234490
98.175266 134.874095
98.175266 134.153305
98.175266 133.792910
97.814871 133.432515
97.814871 133.072120
97.814871 132.711725
97.814871 132.351330
97.814871 131.990935
97.454476 131.630540
97.454476 131.270144
97.454476 130.909749
97.454476 130.549354
97.094081 130.188959
97.094081 129.828564
97.094081 129.468169
97.094081 129.107774
96.733686 128.747379
96.733686 128.386984
96.733686 127.666194
96.733686 127.305799
96.733686 126.945404
96.373291 126.585009
96.373291 126.224614
96.373291 125.864219
96.373291 125.503824
96.012896 125.143428
96.012896 124.783033
96.012896 124.422638
96.012896 124.062243
96.012896 123.701848
95.652501 123.341453
95.652501 122.981058
95.652501 122.620663
95.652501 122.260268
95.292106 121.899873
95.292106 121.539478
95.292106 121.179083
95.292106 120.818688
94.931711 120.458293
94.931711 120.097898
94.931711 119.737503
94.931711 119.377108
94.571316 119.016713
94.571316 118.656317
94.571316 118.295922
94.210921 117.935527
94.210921 117.575132
94.210921 117.214737
93.850525 116.854342
93.850525 116.493947
93.850525 116.133552
93.490130 115.773157
93.490130 115.412762
93.490130 115.052367
93.490130 114.691972
93.490130 114.331577
93.129735 113.971182
93.129735 113.250392
93.129735 112.889997
93.129735 112.529601
92.769340 112.169206
92.769340 111.808811
92.769340 111.448416
92.769340 111.088021
92.408945 110.727626
92.408945 110.367231
92.408945 110.006836
92.408945 109.646441
92.408945 109.286046
92.048550 108.925651
92.048550 108.204861
92.048550 107.844466
92.048550 107.484071
92.048550 107.123676
92.048550 106.763281
91.688155 106.402886
91.688155 106.042490
91.688155 105.682095
91.688155 105.321700
91.688155 104.961305
91.688155 104.600910
91.688155 104.240515
91.688155 103.880120
91.688155 103.159330
91.327760 102.798935
91.327760 102.438540
91.688155 102.078145
91.688155 101.717750
91.688155 101.357355
92.048550 100.996960
92.048550 100.636565
92.048550 100.276170
92.408945 99.915774
92.769340 100.276170
93.129735 100.276170
93.490130 100.276170
93.850525 100.636565
94.210921 100.636565
94.571316 100.636565
94.931711 100.996960
95.292106 100.996960
95.652501 100.996960
95.292106 100.996960
95.652501 100.996960
96.012896 100.996960
96.373291 101.357355
96.733686 101.357355
97.094081 101.357355
96.733686 101.357355
97.094081 101.357355
97.454476 101.357355
97.814871 101.357355
