99.790265 86.906679
99.790265 87.427169
99.790265 87.947659
100.310755 87.947659
100.310755 88.468149
100.310755 88.988639
100.831245 89.509129
100.831245 90.029618
100.831245 90.550108
100.831245 91.070598
100.831245 91.591088
100.831245 92.111578
100.831245 92.632068
100.831245 93.152558
100.831245 93.673048
100.831245 94.193538
100.831245 94.714028
100.831245 95.234518
100.831245 95.755008
100.831245 96.275497
100.831245 96.795987
100.831245 97.316477
100.831245 97.836967
100.831245 98.357457
100.831245 98.877947
101.351735 99.398437
101.351735 99.918927
101.351735 100.439417
101.351735 100.959907
101.351735 101.480397
101.351735 102.000886
101.872225 102.521376
101.872225 103.041866
101.872225 103.562356
101.872225 104.082846
102.392715 104.603336
102.392715 105.123826
102.392715 105.644316
102.392715 106.164806
102.913204 106.685296
102.913204 107.205786
102.913204 107.726276
102.913204 108.246765
103.433694 108.246765
103.433694 108.767255
103.433694 109.287745
103.433694 109.808235
103.954184 109.808235
103.954184 110.328725
104.474674 110.849215
104.474674 111.369705
104.474674 111.890195
104.474674 112.410685
104.995164 112.410685
104.995164 112.931175
105.515654 113.451665
105.515654 113.972154
106.036144 114.492644
106.036144 115.013134
106.556634 115.013134
106.556634 115.533624
106.556634 116.054114
107.077124 116.054114
107.077124 116.574604
107.077124 117.095094
107.597614 117.615584
107.597614 118.136074
108.118104 118.656564
108.118104 119.177054
108.118104 119.697543
108.638594 119.697543
109.159083 120.218033
109.159083 120.738523
109.679573 121.259013
109.679573 121.779503
110.200063 121.779503
110.200063 122.299993
110.720553 122.820483
110.720553 123.340973
111.241043 123.340973
111.241043 123.861463
111.761533 124.381953
111.761533 124.902443
112.282023 124.902443
112.282023 125.422933
112.802513 125.422933
112.802513 125.943422
113.323003 125.943422
113.843493 126.463912
113.843493 126.984402
114.363983 126.984402
114.884472 127.504892
114.884472 128.025382
115.404962 128.025382
115.404962 128.545872
115.925452 128.545872
116.445942 129.066362
116.966432 129.586852
116.966432 130.107342
117.486922 130.107342
118.007412 130.627832
118.527902 131.148322
118.527902 131.668811
119.048392 131.668811
119.568882 131.668811
120.089372 132.189301
120.609862 132.709791
121.130351 133.230281
121.650841 133.750771
122.171331 134.271261
122.691821 134.791751
123.212311 134.791751
123.732801 135.312241
124.253291 135.832731
124.773781 135.832731
125.294271 136.353221
125.814761 136.873711
126.335251 136.873711
126.855740 137.394201
127.376230 137.914690
127.896720 137.914690
128.417210 138.435180
128.937700 138.435180
129.458190 138.955670
129.978680 138.955670
130.499170 138.955670
131.019660 139.476160
131.540150 139.476160
132.060640 139.996650
132.581129 139.996650
133.101619 139.996650
133.622109 140.517140
134.142599 140.517140
134.663089 140.517140
135.183579 141.037630
135.704069 141.037630
136.224559 141.037630
136.745049 141.037630
137.265539 141.558120
137.786029 141.558120
138.306519 141.558120
138.827008 141.558120
139.347498 141.558120
139.867988 141.558120
140.388478 142.078610
140.908968 142.078610
141.429458 142.078610
141.949948 142.078610
142.470438 142.078610
142.990928 142.078610
143.511418 142.078610
144.031908 142.599100
144.031908 143.119590
144.552397 143.640079
145.072887 144.160569
145.072887 144.681059
145.593377 145.201549
146.113867 145.722039
146.113867 146.242529
146.634357 146.763019
147.154847 147.283509
147.154847 147.803999
147.154847 148.324489
147.154847 148.844979
147.154847 149.365469
147.154847 150.406448
147.154847 150.926938
147.154847 151.447428
147.154847 151.967918
147.154847 152.488408
147.154847 153.008898
147.154847 153.529388
147.154847 154.049878
146.634357 154.570368
146.634357 155.090858
146.113867 155.611347
145.593377 156.131837
145.072887 156.652327
144.552397 157.172817
144.031908 158.213797
143.511418 158.734287
142.990928 159.254777
142.470438 159.775267
141.949948 160.295757
141.429458 160.816247
140.908968 161.336737
140.908968 161.857226
140.388478 162.377716
139.867988 162.898206
139.347498 163.418696
138.827008 163.939186
138.306519 163.939186
137.786029 164.459676
136.745049 164.459676
136.224559 164.980166
135.704069 164.980166
135.183579 165.500656
134.663089 165.500656
134.142599 166.021146
133.622109 166.021146
133.101619 166.541636
132.581129 167.062126
131.540150 167.062126
131.019660 167.582615
130.499170 167.582615
129.978680 168.103105
129.458190 168.623595
128.937700 169.144085
128.417210 169.144085
127.896720 169.664575
127.376230 169.664575
126.855740 170.185065
126.335251 170.185065
125.814761 170.705555
125.294271 170.705555
124.253291 171.226045
123.732801 171.226045
123.212311 171.746535
122.691821 171.746535
122.171331 172.267025
121.650841 172.267025
121.130351 172.787515
120.609862 172.787515
120.089372 173.308005
119.568882 173.828494
119.048392 173.828494
118.527902 174.348984
118.007412 174.348984
117.486922 174.348984
116.966432 174.869474
116.445942 174.869474
115.925452 174.869474
115.404962 174.869474
114.884472 174.869474
114.363983 174.869474
113.323003 174.869474
112.802513 174.869474
112.282023 175.389964
111.761533 175.389964
111.241043 175.389964
110.720553 175.389964
110.200063 175.389964
109.679573 175.389964
109.159083 175.389964
108.638594 175.389964
108.118104 175.389964
107.597614 174.869474
107.077124 174.869474
106.556634 174.348984
106.036144 174.348984
105.515654 173.828494
104.995164 173.828494
104.474674 173.308005
103.954184 172.787515
103.433694 172.787515
102.913204 172.267025
102.392715 172.267025
101.872225 171.746535
101.351735 171.746535
100.831245 171.226045
100.310755 171.226045
99.790265 170.705555
99.269775 170.185065
99.269775 169.664575
98.749285 169.144085
98.228795 168.623595
97.708305 168.103105
97.708305 167.582615
97.187815 167.062126
96.667326 166.541636
96.146836 166.021146
96.146836 165.500656
95.626346 164.980166
95.105856 164.459676
95.105856 163.939186
94.585366 162.898206
94.585366 162.377716
94.585366 161.857226
94.064876 161.336737
94.064876 160.816247
94.064876 160.295757
93.544386 159.775267
93.544386 159.254777
93.023896 158.734287
93.023896 158.213797
93.023896 157.693307
92.503406 157.172817
92.503406 156.131837
92.503406 155.611347
91.982916 155.090858
91.982916 154.570368
91.462426 154.049878
91.462426 153.529388
91.462426 153.008898
90.941936 152.488408
90.941936 151.967918
90.941936 151.447428
90.421447 150.926938
89.900957 150.406448
89.900957 149.885958
89.380467 149.365469
89.380467 148.844979
88.859977 147.803999
88.339487 147.283509
88.339487 146.763019
87.818997 146.242529
87.818997 145.722039
87.298507 145.201549
86.778017 144.681059
86.778017 144.160569
86.257527 143.640079
86.257527 143.119590
85.737037 142.599100
85.737037 141.558120
85.216547 141.037630
85.216547 140.517140
84.696058 139.996650
84.696058 139.476160
84.175568 138.955670
83.655078 138.435180
83.655078 137.914690
83.134588 137.394201
82.614098 136.873711
82.614098 136.353221
82.093608 135.832731
82.093608 135.312241
82.093608 134.791751
82.093608 134.271261
82.093608 133.750771
82.093608 133.230281
82.093608 132.709791
82.093608 132.189301
82.093608 131.668811
82.093608 131.148322
82.093608 130.627832
82.093608 130.107342
82.093608 129.066362
82.093608 128.545872
82.093608 128.025382
82.093608 127.504892
82.093608 126.984402
82.093608 126.463912
82.093608 125.943422
82.093608 125.422933
82.093608 124.381953
82.093608 123.861463
82.093608 123.340973
82.093608 122.820483
82.614098 122.299993
82.614098 121.779503
82.614098 120.738523
82.614098 120.218033
82.614098 119.697543
82.614098 119.177054
83.134588 118.656564
83.134588 118.136074
83.134588 117.095094
83.134588 116.574604
83.134588 116.054114
83.134588 115.533624
83.655078 115.013134
83.655078 114.492644
83.655078 113.451665
83.655078 112.931175
83.655078 112.410685
84.175568 111.890195
84.175568 111.369705
84.696058 110.849215
84.696058 110.328725
85.216547 109.808235
85.216547 109.287745
85.737037 108.767255
85.737037 108.246765
86.257527 107.726276
86.257527 106.685296
86.257527 106.164806
86.257527 105.644316
86.257527 105.123826
86.257527 104.603336
86.257527 103.562356
86.257527 103.041866
86.257527 102.521376
86.257527 102.000886
86.257527 100.959907
86.257527 100.439417
86.257527 99.918927
86.257527 99.398437
86.257527 98.877947
86.257527 97.836967
86.257527 97.316477
86.257527 96.795987
86.257527 96.275497
86.257527 95.234518
86.257527 94.714028
86.778017 94.193538
86.778017 93.673048
87.298507 93.152558
87.298507 92.632068
87.818997 92.111578
88.339487 91.591088
88.339487 91.070598
88.859977 90.029618
89.380467 89.509129
89.380467 88.988639
89.900957 88.468149
90.421447 87.947659
90.421447 87.427169
90.941936 86.906679
90.941936 86.386189
91.462426 85.865699
91.982916 85.345209
92.503406 84.824719
93.023896 84.824719
93.544386 84.304229
94.064876 84.304229
94.585366 83.783740
95.105856 83.783740
95.626346 83.783740
96.146836 83.263250
96.667326 83.263250
97.187815 83.783740
97.708305 83.783740
98.228795 83.783740
98.749285 83.783740
98.749285 84.304229
99.269775 84.304229
99.269775 84.824719
99.269775 85.345209
99.269775 85.865699
99.269775 86.386189
99.790265 86.386189
99.790265 86.906679
