102.720340 70.573719
102.720340 71.229439
103.376059 71.229439
103.376059 71.885158
103.376059 71.229439
103.376059 71.885158
103.376059 72.540877
104.031779 73.196596
104.031779 73.852315
104.031779 74.508034
104.031779 75.163753
104.687498 75.163753
104.687498 75.819472
104.687498 76.475192
105.343217 77.130911
105.343217 77.786630
105.998936 78.442349
105.998936 79.098068
105.343217 79.753787
105.343217 80.409506
105.343217 81.065225
104.687498 81.720945
104.687498 82.376664
104.687498 83.032383
104.031779 83.688102
104.031779 84.343821
104.031779 84.999540
104.031779 85.655259
104.031779 86.310978
103.376059 86.966698
103.376059 87.622417
103.376059 88.278136
103.376059 88.933855
103.376059 89.589574
103.376059 90.245293
103.376059 90.901012
103.376059 91.556731
103.376059 92.212451
103.376059 92.868170
103.376059 93.523889
103.376059 94.179608
103.376059 94.835327
103.376059 95.491046
103.376059 96.146765
103.376059 96.802485
103.376059 97.458204
103.376059 98.113923
103.376059 98.769642
103.376059 99.425361
103.376059 100.081080
104.031779 100.736799
104.031779 101.392518
104.031779 102.048238
104.031779 102.703957
104.031779 103.359676
104.031779 104.015395
104.687498 104.015395
104.687498 104.671114
104.687498 105.326833
104.687498 105.982552
105.343217 105.982552
105.343217 106.638271
105.343217 107.293991
105.343217 107.949710
105.998936 107.949710
105.998936 108.605429
105.998936 109.261148
105.998936 109.916867
106.654655 109.916867
106.654655 110.572586
107.310374 111.228305
107.310374 111.884024
107.966093 112.539744
107.966093 113.195463
107.966093 113.851182
108.621812 113.851182
108.621812 114.506901
109.277532 115.162620
109.277532 115.818339
109.277532 116.474058
109.933251 116.474058
109.933251 117.129777
110.588970 117.129777
110.588970 117.785497
111.244689 118.441216
111.244689 119.096935
111.900408 119.096935
111.900408 119.752654
112.556127 119.752654
112.556127 120.408373
112.556127 121.064092
113.211846 121.064092
113.211846 121.719811
113.867565 121.719811
113.867565 122.375531
114.523285 122.375531
115.179004 123.031250
115.179004 123.686969
115.834723 123.686969
115.834723 124.342688
116.490442 124.342688
117.146161 124.998407
117.146161 125.654126
117.146161 126.309845
117.801880 126.309845
118.457599 126.965564
119.113318 127.621284
119.113318 128.277003
119.113318 128.932722
119.769038 128.932722
120.424757 129.588441
121.080476 130.244160
121.080476 130.899879
121.736195 130.899879
122.391914 131.555598
122.391914 132.211317
123.047633 132.211317
123.703352 132.867037
124.359071 133.522756
124.359071 134.178475
125.014791 134.178475
125.670510 134.834194
126.326229 135.489913
126.981948 136.145632
127.637667 136.145632
128.293386 136.801351
128.949105 137.457070
129.604825 138.112790
130.260544 138.112790
130.916263 138.768509
131.571982 139.424228
132.227701 139.424228
132.883420 140.079947
133.539139 140.079947
134.194858 140.735666
134.850578 140.735666
135.506297 141.391385
136.162016 141.391385
136.817735 142.047104
137.473454 142.047104
138.129173 142.702823
138.784892 142.702823
139.440611 143.358543
140.096331 144.014262
140.752050 144.014262
141.407769 144.669981
142.063488 145.325700
142.719207 145.981419
143.374926 145.981419
144.030645 146.637138
144.686364 147.292857
145.342084 147.292857
145.997803 147.948576
146.653522 147.948576
147.309241 148.604296
147.964960 148.604296
148.620679 149.260015
149.276398 149.260015
149.932117 149.915734
150.587837 150.571453
151.243556 151.227172
151.243556 152.538610
151.899275 153.194330
152.554994 153.850049
152.554994 154.505768
152.554994 155.161487
153.210713 155.817206
153.210713 157.128644
153.210713 157.784363
153.210713 158.440083
153.210713 159.095802
153.210713 159.751521
153.210713 160.407240
153.210713 161.718678
153.210713 162.374397
153.210713 163.030116
153.210713 163.685836
153.210713 164.341555
153.210713 164.997274
153.210713 166.308712
153.210713 166.964431
153.210713 167.620150
152.554994 168.275869
151.899275 168.931589
151.243556 169.587308
150.587837 170.243027
149.932117 170.898746
149.276398 170.898746
148.620679 171.554465
147.309241 172.210184
146.653522 172.865903
145.997803 173.521622
145.342084 174.177342
144.686364 174.833061
144.030645 175.488780
143.374926 176.144499
142.719207 176.800218
142.063488 176.800218
141.407769 177.455937
140.752050 178.111656
140.096331 178.111656
138.784892 178.767376
138.129173 179.423095
137.473454 179.423095
136.817735 180.078814
136.162016 180.078814
135.506297 180.734533
134.850578 181.390252
134.194858 181.390252
133.539139 182.045971
132.227701 182.701690
131.571982 182.701690
130.916263 183.357409
130.260544 184.013129
129.604825 184.013129
128.949105 184.668848
128.293386 184.668848
127.637667 185.324567
126.326229 185.980286
125.670510 185.980286
125.014791 186.636005
124.359071 187.291724
123.703352 187.291724
123.047633 187.291724
122.391914 187.947443
121.080476 187.947443
120.424757 188.603162
119.769038 188.603162
119.113318 189.258882
118.457599 189.258882
117.146161 189.914601
116.490442 189.914601
115.834723 190.570320
115.179004 190.570320
114.523285 191.226039
113.867565 191.226039
112.556127 191.226039
111.900408 191.881758
111.244689 191.881758
110.588970 192.537477
109.933251 192.537477
108.621812 192.537477
107.966093 192.537477
107.310374 191.881758
106.654655 191.881758
105.998936 191.226039
105.343217 191.226039
104.687498 190.570320
103.376059 190.570320
102.720340 190.570320
102.064621 189.914601
101.408902 189.914601
100.753183 189.258882
100.097464 189.258882
98.786026 189.258882
98.130306 188.603162
97.474587 188.603162
96.818868 187.947443
96.163149 187.291724
95.507430 186.636005
94.851711 185.324567
94.195992 184.668848
93.540272 184.013129
93.540272 183.357409
92.884553 182.701690
92.228834 181.390252
91.573115 180.734533
90.917396 180.078814
90.261677 179.423095
89.605958 178.111656
88.950239 177.455937
88.950239 176.800218
88.294519 176.144499
87.638800 175.488780
86.983081 174.177342
86.327362 173.521622
85.671643 172.865903
85.671643 172.210184
85.015924 171.554465
85.015924 170.898746
85.015924 170.243027
85.015924 169.587308
84.360205 168.275869
84.360205 167.620150
84.360205 166.964431
84.360205 166.308712
84.360205 165.652993
83.704486 164.997274
83.704486 164.341555
83.704486 163.685836
83.048766 163.030116
82.393047 162.374397
81.737328 161.718678
81.081609 161.062959
81.081609 160.407240
80.425890 159.751521
79.770171 159.095802
79.770171 158.440083
79.114452 157.128644
78.458733 156.472925
77.803013 155.817206
77.803013 155.161487
77.147294 154.505768
76.491575 153.850049
76.491575 153.194330
75.835856 152.538610
75.180137 151.882891
74.524418 151.227172
74.524418 149.915734
73.868699 149.260015
73.868699 148.604296
73.212980 147.948576
73.212980 146.637138
72.557260 145.981419
72.557260 145.325700
71.901541 144.014262
71.901541 143.358543
71.245822 142.702823
70.590103 142.047104
70.590103 140.735666
69.934384 140.079947
69.934384 139.424228
69.278665 138.768509
69.278665 137.457070
68.622946 136.801351
68.622946 136.145632
67.967226 134.834194
67.967226 134.178475
67.311507 133.522756
67.311507 132.867037
66.655788 131.555598
66.000069 130.899879
66.000069 130.244160
66.000069 129.588441
66.000069 128.932722
66.000069 128.277003
66.000069 127.621284
66.000069 126.965564
66.000069 126.309845
66.000069 125.654126
66.000069 124.998407
66.000069 124.342688
66.000069 123.686969
66.000069 123.031250
66.000069 122.375531
65.344350 121.719811
65.344350 121.064092
65.344350 120.408373
65.344350 119.752654
65.344350 119.096935
65.344350 118.441216
65.344350 117.785497
65.344350 117.129777
65.344350 116.474058
65.344350 115.818339
65.344350 115.162620
65.344350 114.506901
65.344350 113.851182
65.344350 113.195463
65.344350 112.539744
65.344350 111.228305
65.344350 110.572586
65.344350 109.916867
65.344350 109.261148
65.344350 108.605429
65.344350 107.949710
65.344350 107.293991
65.344350 106.638271
65.344350 105.982552
65.344350 105.326833
65.344350 104.671114
65.344350 104.015395
65.344350 103.359676
66.000069 102.703957
66.000069 102.048238
66.655788 101.392518
66.655788 100.736799
67.311507 100.081080
67.967226 99.425361
67.967226 98.769642
68.622946 98.113923
68.622946 97.458204
69.278665 96.802485
69.278665 96.146765
69.934384 95.491046
70.590103 94.835327
70.590103 94.179608
71.245822 93.523889
71.901541 92.868170
72.557260 92.212451
73.212980 91.556731
73.868699 90.901012
73.868699 90.245293
74.524418 89.589574
75.180137 88.933855
75.180137 88.278136
75.835856 87.622417
76.491575 86.966698
76.491575 86.310978
77.147294 84.999540
77.147294 84.343821
77.803013 83.688102
77.803013 83.032383
78.458733 82.376664
78.458733 81.720945
79.114452 81.065225
79.770171 80.409506
79.770171 79.753787
80.425890 79.098068
81.081609 78.442349
81.081609 77.786630
81.737328 77.130911
82.393047 76.475192
82.393047 75.819472
83.048766 74.508034
83.704486 73.852315
83.704486 73.196596
84.360205 72.540877
85.015924 72.540877
85.671643 71.885158
86.327362 71.229439
86.983081 71.229439
87.638800 70.573719
88.950239 69.918000
89.605958 69.918000
90.261677 69.262281
90.917396 68.606562
91.573115 68.606562
92.228834 67.950843
92.884553 67.950843
93.540272 67.950843
94.195992 67.950843
94.851711 67.950843
95.507430 67.950843
96.818868 67.950843
97.474587 67.295124
98.130306 67.295124
98.786026 67.295124
99.441745 67.295124
100.097464 67.295124
100.753183 67.295124
101.408902 67.295124
102.064621 67.295124
102.720340 67.950843
102.720340 68.606562
102.720340 69.262281
102.720340 69.918000
102.720340 69.262281
102.720340 70.573719
