94.798212 84.694840
94.798212 85.248670
94.798212 85.802500
94.798212 86.356331
94.798212 86.910161
94.798212 87.463992
94.798212 88.017822
94.798212 88.571652
94.798212 89.125483
94.798212 89.679313
94.798212 90.233143
95.352042 90.233143
95.352042 90.786974
95.352042 91.340804
95.352042 91.894634
95.352042 92.448465
95.352042 93.002295
95.905873 93.002295
95.905873 93.556125
95.905873 94.109956
95.905873 94.663786
95.905873 95.217617
95.905873 95.771447
96.459703 95.771447
96.459703 96.325277
96.459703 96.879108
96.459703 97.432938
97.013533 97.432938
97.013533 97.986768
97.013533 98.540599
97.013533 99.094429
97.567364 99.094429
97.567364 99.648259
97.567364 100.202090
97.567364 100.755920
98.121194 100.755920
98.121194 101.309750
98.121194 101.863581
98.675024 101.863581
98.675024 102.417411
99.228855 102.971242
99.228855 103.525072
99.228855 104.078902
99.782685 104.632733
99.782685 105.186563
99.782685 105.740393
100.336515 105.740393
100.336515 106.294224
100.890346 106.294224
100.890346 106.848054
101.444176 107.401884
101.444176 107.955715
101.998006 108.509545
101.998006 109.063375
102.551837 109.617206
102.551837 110.171036
103.105667 110.171036
103.659498 110.724867
103.659498 111.278697
104.213328 111.832527
104.213328 112.386358
104.767158 112.386358
104.767158 112.940188
105.320989 113.494018
105.320989 114.047849
105.874819 114.047849
105.874819 114.601679
106.428649 115.155509
106.428649 115.709340
106.428649 116.263170
106.982480 116.817000
106.982480 117.370831
107.536310 117.924661
107.536310 118.478491
108.090140 118.478491
108.090140 119.032322
108.643971 119.586152
108.643971 120.139983
109.197801 120.693813
109.197801 121.247643
109.751631 121.801474
109.751631 122.355304
110.305462 122.355304
110.305462 122.909134
110.859292 123.462965
111.413122 124.016795
111.966953 124.570625
111.966953 125.124456
111.966953 125.678286
112.520783 125.678286
112.520783 126.232116
113.074614 126.232116
113.074614 126.785947
113.628444 127.339777
114.182274 127.893608
114.736105 128.447438
115.289935 129.001268
115.289935 129.555099
115.843765 129.555099
115.843765 130.108929
116.397596 130.108929
116.951426 130.662759
116.951426 131.216590
117.505256 131.216590
118.059087 131.770420
118.612917 132.324250
118.612917 132.878081
119.166747 132.878081
119.720578 133.431911
119.720578 133.985741
120.274408 133.985741
120.828239 134.539572
121.382069 135.093402
121.382069 135.647233
121.935899 135.647233
122.489730 136.201063
123.043560 136.754893
123.597390 137.308724
124.151221 137.862554
124.705051 137.862554
125.258881 138.416384
125.812712 138.970215
126.366542 139.524045
126.920372 139.524045
127.474203 140.077875
128.028033 140.631706
128.581864 140.631706
129.135694 141.185536
129.689524 141.739366
130.243355 142.293197
130.797185 142.293197
131.351015 142.847027
131.904846 142.847027
132.458676 143.400857
133.012506 143.400857
133.566337 143.954688
134.120167 144.508518
134.673997 144.508518
135.227828 145.062349
135.781658 145.062349
136.335489 145.062349
136.889319 145.616179
137.443149 145.616179
137.996980 146.170009
138.550810 146.170009
139.104640 146.723840
139.104640 147.277670
139.658471 147.831500
140.212301 148.385331
140.766131 148.939161
140.766131 149.492991
140.766131 150.046822
141.319962 151.154482
141.319962 151.708313
141.319962 152.262143
141.319962 152.815974
141.873792 153.369804
141.873792 153.923634
141.873792 154.477465
141.873792 155.031295
141.873792 156.138956
142.427622 156.692786
142.427622 157.246616
142.427622 157.800447
142.427622 158.354277
142.427622 158.908107
142.427622 159.461938
142.427622 160.015768
141.873792 160.569599
141.873792 161.123429
141.873792 161.677259
141.873792 162.231090
141.873792 162.784920
141.873792 163.338750
141.873792 163.892581
141.873792 164.446411
141.873792 165.000241
141.873792 165.554072
141.873792 166.107902
141.319962 166.661732
140.766131 167.215563
140.212301 167.769393
139.658471 168.323224
139.104640 168.877054
138.550810 169.430884
137.443149 169.984715
136.889319 170.538545
136.335489 171.092375
135.781658 171.646206
135.227828 172.200036
134.673997 172.753866
134.120167 173.307697
133.566337 173.861527
133.012506 174.415357
132.458676 174.969188
131.904846 175.523018
131.351015 176.076848
130.797185 176.630679
130.243355 177.184509
129.689524 177.738340
129.135694 177.738340
128.581864 178.292170
128.028033 178.292170
126.920372 178.846000
126.366542 178.846000
125.812712 178.846000
125.258881 179.399831
124.705051 179.399831
124.151221 179.953661
123.597390 179.953661
123.043560 180.507491
122.489730 180.507491
121.935899 181.061322
121.382069 181.061322
120.828239 181.615152
120.274408 181.615152
119.166747 182.168982
118.612917 182.168982
118.059087 182.722813
117.505256 182.722813
116.951426 183.276643
116.397596 183.276643
115.843765 183.830473
115.289935 183.830473
114.736105 183.830473
114.182274 183.830473
113.628444 183.830473
113.074614 183.830473
112.520783 183.830473
111.966953 183.830473
111.413122 183.830473
110.859292 183.830473
110.305462 183.830473
109.751631 183.830473
108.643971 183.830473
108.090140 183.830473
107.536310 183.830473
106.982480 183.830473
106.428649 183.830473
105.874819 183.276643
105.320989 183.276643
104.767158 183.276643
104.213328 183.276643
103.659498 183.276643
103.105667 183.276643
102.551837 183.276643
101.998006 183.276643
101.444176 183.276643
100.890346 183.276643
100.336515 182.722813
99.782685 182.168982
98.675024 182.168982
98.121194 181.615152
97.567364 181.061322
97.013533 180.507491
96.459703 179.953661
95.352042 179.399831
94.798212 179.399831
94.244381 178.846000
93.690551 178.292170
93.136721 177.738340
92.029060 177.184509
91.475230 176.630679
90.921399 176.630679
90.367569 176.076848
89.813739 174.969188
89.813739 174.415357
89.259908 173.861527
89.259908 173.307697
89.259908 172.753866
88.706078 172.200036
88.706078 171.646206
88.706078 171.092375
88.152248 170.538545
88.152248 169.984715
88.152248 169.430884
88.152248 168.323224
87.598417 167.769393
87.598417 167.215563
87.598417 166.661732
87.044587 166.107902
87.044587 165.554072
87.044587 165.000241
86.490756 164.446411
86.490756 163.892581
86.490756 162.784920
86.490756 162.231090
85.936926 161.677259
85.936926 161.123429
85.936926 160.569599
85.383096 160.015768
85.383096 159.461938
85.383096 158.354277
84.829265 157.800447
84.829265 157.246616
84.829265 156.692786
84.829265 156.138956
84.275435 155.585125
84.275435 155.031295
84.275435 153.923634
83.721605 153.369804
83.721605 152.815974
83.721605 152.262143
83.167774 151.708313
83.167774 151.154482
83.167774 150.600652
82.613944 149.492991
82.613944 148.939161
82.060114 148.385331
82.060114 147.831500
81.506283 146.723840
81.506283 146.170009
80.952453 145.616179
80.952453 145.062349
80.398623 143.954688
80.398623 143.400857
79.844792 142.847027
79.844792 142.293197
79.290962 141.739366
78.737131 140.631706
78.737131 140.077875
78.183301 139.524045
78.183301 138.970215
77.629471 137.862554
77.629471 137.308724
77.075640 136.754893
77.075640 136.201063
76.521810 135.093402
76.521810 134.539572
75.967980 133.985741
75.967980 133.431911
75.967980 132.878081
75.967980 132.324250
75.414149 131.770420
75.414149 131.216590
75.414149 130.662759
75.414149 130.108929
75.414149 129.001268
74.860319 128.447438
74.860319 127.893608
74.860319 127.339777
74.860319 126.785947
74.306489 125.678286
74.306489 125.124456
74.306489 124.570625
74.306489 124.016795
74.306489 123.462965
73.752658 122.909134
73.752658 121.801474
73.752658 121.247643
73.752658 120.693813
73.198828 120.139983
73.198828 119.586152
73.198828 118.478491
73.198828 117.924661
73.198828 117.370831
72.644998 116.817000
72.644998 116.263170
72.644998 115.709340
72.644998 115.155509
72.644998 114.601679
72.091167 114.047849
72.091167 113.494018
72.091167 112.940188
72.091167 111.832527
71.537337 111.278697
71.537337 110.724867
71.537337 110.171036
71.537337 109.617206
70.983507 108.509545
70.983507 107.955715
70.983507 107.401884
70.983507 106.848054
70.429676 106.294224
70.429676 105.186563
70.429676 104.632733
70.983507 104.078902
70.983507 103.525072
71.537337 102.417411
72.091167 101.863581
72.091167 101.309750
72.644998 100.755920
73.198828 99.648259
73.198828 99.094429
73.752658 98.540599
74.306489 97.986768
74.306489 96.879108
74.860319 96.325277
75.414149 95.771447
75.414149 95.217617
75.967980 94.109956
76.521810 94.109956
77.075640 93.556125
77.629471 93.556125
77.629471 93.002295
78.183301 93.002295
78.737131 93.002295
78.737131 92.448465
79.290962 92.448465
79.290962 91.894634
79.844792 91.340804
80.398623 91.340804
80.952453 90.786974
81.506283 90.786974
81.506283 90.233143
82.060114 89.679313
82.613944 89.679313
82.613944 89.125483
83.167774 88.571652
83.721605 88.571652
83.721605 88.017822
84.275435 87.463992
84.829265 86.910161
85.383096 86.356331
85.936926 85.802500
86.490756 85.248670
87.044587 84.694840
88.152248 84.141009
88.706078 84.141009
89.259908 83.587179
90.367569 83.033349
90.921399 82.479518
91.475230 81.925688
92.029060 82.479518
92.582890 83.033349
93.136721 83.033349
93.690551 83.587179
94.244381 83.587179
94.798212 84.141009
94.798212 84.694840
