101.940108 108.002746
101.940108 108.847927
102.785289 109.693108
102.785289 110.538289
102.785289 111.383471
103.630471 112.228652
103.630471 113.073833
103.630471 113.919014
104.475652 114.764195
104.475652 115.609376
105.320833 116.454557
105.320833 117.299739
106.166014 118.144920
106.166014 118.990101
107.011195 119.835282
107.011195 120.680463
107.856376 120.680463
107.856376 121.525644
108.701557 122.370825
108.701557 123.216006
109.546738 123.216006
109.546738 124.061188
110.391920 124.061188
110.391920 124.906369
111.237101 125.751550
112.082282 126.596731
112.927463 127.441912
113.772644 128.287093
114.617825 129.132274
115.463006 129.977456
116.308188 129.977456
117.153369 130.822637
117.998550 131.667818
118.843731 132.512999
119.688912 132.512999
118.843731 132.512999
117.998550 131.667818
117.153369 131.667818
117.153369 130.822637
116.308188 129.977456
115.463006 129.977456
114.617825 129.977456
114.617825 129.132274
113.772644 128.287093
114.617825 129.132274
115.463006 129.977456
116.308188 129.977456
117.153369 130.822637
117.998550 131.667818
117.153369 130.822637
116.308188 129.977456
115.463006 129.977456
114.617825 129.132274
115.463006 129.977456
116.308188 129.977456
117.153369 130.822637
117.998550 131.667818
118.843731 132.512999
119.688912 132.512999
118.843731 132.512999
117.998550 131.667818
117.153369 130.822637
116.308188 130.822637
116.308188 129.977456
115.463006 129.977456
114.617825 129.132274
115.463006 129.977456
116.308188 129.977456
117.153369 130.822637
117.998550 131.667818
118.843731 132.512999
119.688912 132.512999
118.843731 132.512999
117.998550 131.667818
117.153369 130.822637
116.308188 130.822637
116.308188 129.977456
115.463006 129.977456
114.617825 129.132274
115.463006 129.977456
116.308188 129.977456
117.153369 130.822637
117.998550 131.667818
118.843731 132.512999
119.688912 132.512999
118.843731 132.512999
117.998550 131.667818
117.153369 130.822637
116.308188 130.822637
116.308188 129.977456
115.463006 129.977456
114.617825 129.132274
115.463006 129.977456
116.308188 129.977456
117.153369 130.822637
117.998550 131.667818
118.843731 132.512999
119.688912 132.512999
118.843731 132.512999
117.998550 131.667818
117.153369 130.822637
116.308188 130.822637
116.308188 129.977456
115.463006 129.977456
114.617825 129.132274
115.463006 129.977456
116.308188 129.977456
117.153369 130.822637
117.998550 131.667818
118.843731 132.512999
119.688912 132.512999
118.843731 132.512999
117.998550 131.667818
117.153369 130.822637
116.308188 130.822637
116.308188 129.977456
115.463006 129.977456
114.617825 129.977456
114.617825 129.132274
113.772644 128.287093
112.927463 128.287093
112.927463 127.441912
113.772644 128.287093
113.772644 129.132274
114.617825 129.132274
115.463006 129.977456
116.308188 129.977456
116.308188 130.822637
117.153369 130.822637
117.998550 131.667818
118.843731 132.512999
119.688912 132.512999
120.534093 133.358180
121.379274 134.203361
122.224455 134.203361
123.069637 135.048542
123.914818 135.048542
124.759999 135.893723
125.605180 135.893723
126.450361 136.738905
127.295542 136.738905
128.140723 136.738905
128.985905 137.584086
129.831086 137.584086
130.676267 137.584086
131.521448 138.429267
132.366629 138.429267
133.211810 138.429267
134.056991 138.429267
134.902172 138.429267
135.747354 139.274448
136.592535 139.274448
137.437716 139.274448
138.282897 139.274448
139.128078 139.274448
139.973259 139.274448
140.818440 139.274448
141.663621 139.274448
142.508803 139.274448
143.353984 139.274448
144.199165 139.274448
145.044346 139.274448
145.889527 139.274448
146.734708 140.119629
147.579889 140.964810
147.579889 141.809991
147.579889 142.655172
147.579889 143.500354
146.734708 144.345535
145.889527 145.190716
145.044346 146.035897
144.199165 146.881078
143.353984 147.726259
142.508803 148.571440
141.663621 149.416622
141.663621 150.261803
141.663621 151.106984
140.818440 151.952165
139.973259 152.797346
139.128078 153.642527
138.282897 154.487708
137.437716 155.332889
136.592535 155.332889
135.747354 155.332889
134.902172 155.332889
134.056991 156.178071
133.211810 157.023252
132.366629 157.023252
131.521448 157.023252
130.676267 157.023252
129.831086 157.023252
128.985905 157.868433
128.140723 158.713614
127.295542 159.558795
126.450361 159.558795
125.605180 159.558795
124.759999 159.558795
123.914818 159.558795
123.069637 159.558795
122.224455 159.558795
121.379274 159.558795
120.534093 159.558795
119.688912 159.558795
118.843731 159.558795
117.998550 159.558795
117.153369 159.558795
116.308188 158.713614
115.463006 157.868433
114.617825 157.023252
113.772644 156.178071
112.927463 155.332889
112.082282 155.332889
111.237101 155.332889
110.391920 155.332889
109.546738 154.487708
108.701557 153.642527
108.701557 152.797346
108.701557 151.952165
108.701557 151.106984
107.856376 150.261803
107.011195 149.416622
107.011195 148.571440
107.011195 147.726259
106.166014 146.881078
105.320833 146.035897
104.475652 145.190716
104.475652 144.345535
104.475652 143.500354
104.475652 142.655172
103.630471 141.809991
102.785289 140.964810
102.785289 140.119629
102.785289 139.274448
102.785289 138.429267
102.785289 137.584086
101.940108 136.738905
101.094927 135.893723
100.249746 135.048542
100.249746 134.203361
100.249746 133.358180
100.249746 132.512999
100.249746 131.667818
100.249746 130.822637
99.404565 129.977456
98.559384 129.132274
98.559384 128.287093
98.559384 127.441912
98.559384 126.596731
98.559384 125.751550
98.559384 124.906369
98.559384 124.061188
98.559384 123.216006
98.559384 122.370825
98.559384 121.525644
98.559384 120.680463
98.559384 119.835282
98.559384 118.990101
98.559384 118.144920
98.559384 117.299739
98.559384 116.454557
97.714203 115.609376
97.714203 114.764195
97.714203 113.919014
97.714203 113.073833
98.559384 112.228652
98.559384 111.383471
98.559384 110.538289
98.559384 109.693108
99.404565 108.847927
100.249746 108.002746
101.094927 107.157565
101.094927 106.312384
101.940108 105.467203
101.940108 106.312384
101.940108 107.157565
101.940108 108.002746
