106.657263 76.709865
107.250232 76.709865
107.843202 76.709865
107.843202 77.302834
107.843202 77.895804
107.250232 78.488773
107.250232 79.081742
107.250232 79.674711
106.657263 80.267680
106.657263 80.860649
106.657263 81.453618
106.064294 82.046588
106.064294 82.639557
106.064294 83.232526
106.064294 83.825495
106.064294 84.418464
105.471325 85.011433
105.471325 85.604402
105.471325 86.197372
105.471325 86.790341
105.471325 87.383310
105.471325 87.976279
105.471325 88.569248
105.471325 89.162217
104.878356 89.755186
104.878356 90.348156
104.878356 90.941125
104.878356 91.534094
104.878356 92.127063
104.878356 92.720032
104.878356 93.313001
104.878356 93.905970
104.878356 94.498939
104.878356 95.091909
104.878356 95.684878
104.878356 96.277847
104.878356 96.870816
105.471325 97.463785
105.471325 98.056754
105.471325 98.649723
105.471325 99.242693
105.471325 99.835662
105.471325 100.428631
105.471325 101.021600
105.471325 101.614569
105.471325 102.207538
106.064294 102.207538
106.064294 102.800507
106.064294 102.207538
106.064294 102.800507
106.064294 103.393477
106.064294 103.986446
106.064294 104.579415
106.064294 105.172384
106.657263 105.172384
106.657263 105.765353
106.657263 105.172384
106.657263 105.765353
106.657263 106.358322
107.250232 106.951291
107.250232 107.544261
107.250232 108.137230
107.250232 108.730199
107.843202 108.730199
107.843202 109.323168
107.843202 108.730199
107.843202 109.323168
107.843202 109.916137
107.843202 110.509106
108.436171 110.509106
108.436171 111.102075
108.436171 111.695045
108.436171 112.288014
109.029140 112.288014
109.029140 112.880983
109.029140 112.288014
109.029140 112.880983
109.622109 113.473952
109.622109 114.066921
109.622109 114.659890
110.215078 114.659890
110.215078 115.252859
110.215078 115.845829
110.808047 116.438798
111.401016 117.031767
111.401016 117.624736
111.993986 118.217705
112.586955 118.810674
112.586955 119.403643
113.179924 119.996613
113.179924 120.589582
113.772893 120.589582
113.772893 121.182551
114.365862 121.775520
114.365862 122.368489
114.958831 122.368489
115.551800 122.961458
115.551800 123.554427
115.551800 124.147396
116.144770 124.147396
116.737739 124.740366
116.737739 125.333335
117.330708 125.333335
117.923677 125.926304
117.923677 126.519273
118.516646 126.519273
119.109615 127.112242
119.702584 127.705211
119.702584 128.298180
120.295554 128.298180
120.888523 128.891150
121.481492 129.484119
122.074461 130.077088
122.667430 130.670057
123.260399 130.670057
123.853368 131.263026
124.446338 131.855995
125.039307 132.448964
125.632276 132.448964
126.225245 133.041934
126.818214 133.634903
127.411183 133.634903
128.004152 134.227872
128.597122 134.820841
129.190091 134.820841
129.783060 135.413810
130.376029 135.413810
130.968998 136.006779
131.561967 136.006779
132.154936 136.599748
132.747905 136.599748
133.340875 137.192718
133.933844 137.192718
134.526813 137.785687
135.119782 137.785687
135.712751 138.378656
136.305720 138.971625
136.898689 138.971625
137.491659 139.564594
138.084628 140.157563
138.677597 140.750532
139.270566 141.343502
139.863535 141.936471
140.456504 141.936471
141.049473 142.529440
141.642443 143.122409
142.235412 143.122409
142.828381 143.715378
142.828381 144.308347
143.421350 144.308347
144.014319 144.308347
144.607288 144.901316
145.200257 144.901316
145.793227 145.494286
146.386196 145.494286
146.979165 146.087255
147.572134 146.087255
148.165103 146.680224
148.758072 146.680224
149.351041 146.680224
149.944011 147.273193
150.536980 147.273193
151.129949 147.273193
151.722918 147.866162
152.315887 147.866162
152.908856 147.866162
153.501825 148.459131
154.094795 149.645069
154.687764 150.238039
154.687764 150.831008
154.687764 151.423977
154.687764 152.016946
154.687764 152.609915
154.687764 153.202884
155.280733 153.795853
155.280733 154.388823
155.280733 154.981792
155.280733 155.574761
155.280733 156.167730
155.280733 156.760699
155.280733 157.353668
155.280733 157.946637
155.280733 158.539607
154.687764 159.132576
154.094795 159.725545
154.094795 160.318514
153.501825 160.911483
152.908856 162.097421
152.908856 162.690391
152.908856 163.283360
152.315887 163.876329
151.722918 164.469298
151.129949 164.469298
150.536980 165.062267
149.944011 165.655236
149.351041 165.655236
148.758072 166.248205
148.165103 166.841175
148.165103 167.434144
147.572134 168.027113
146.979165 168.620082
146.386196 169.213051
145.793227 169.806020
145.200257 169.806020
144.607288 170.398989
143.421350 170.398989
142.828381 170.991959
142.235412 170.991959
141.642443 171.584928
141.049473 171.584928
140.456504 172.177897
139.863535 172.177897
139.270566 172.770866
138.677597 172.770866
138.084628 173.363835
137.491659 173.363835
136.898689 173.956804
136.305720 173.956804
135.119782 174.549773
134.526813 174.549773
133.933844 175.142743
133.340875 175.142743
132.747905 175.735712
132.154936 175.735712
131.561967 176.328681
130.968998 176.921650
130.376029 176.921650
129.783060 176.921650
128.597122 177.514619
128.004152 177.514619
127.411183 178.107588
126.818214 178.107588
126.225245 178.700557
125.632276 179.293526
124.446338 179.293526
123.853368 179.886496
123.260399 179.886496
122.667430 180.479465
122.074461 180.479465
121.481492 181.072434
120.295554 181.072434
119.702584 181.665403
119.109615 181.665403
118.516646 181.665403
117.923677 181.665403
117.330708 181.665403
116.737739 181.665403
115.551800 181.665403
114.958831 181.665403
114.365862 181.665403
113.772893 181.665403
113.179924 181.665403
112.586955 181.665403
111.993986 181.665403
111.401016 181.665403
110.808047 181.665403
109.622109 181.665403
109.029140 181.665403
108.436171 181.665403
107.843202 181.665403
107.250232 181.665403
106.657263 181.665403
106.064294 181.665403
105.471325 181.665403
104.878356 181.665403
104.285387 181.665403
103.692418 181.665403
103.099448 181.072434
102.506479 180.479465
101.913510 179.886496
101.320541 179.886496
100.727572 179.293526
100.134603 178.700557
99.541634 178.107588
98.948665 177.514619
98.355695 176.921650
97.762726 176.328681
97.169757 175.735712
95.983819 175.142743
95.390850 174.549773
94.797881 173.956804
94.204911 173.363835
93.611942 172.770866
93.018973 172.177897
93.018973 171.584928
92.426004 170.991959
92.426004 170.398989
91.833035 169.806020
91.833035 169.213051
91.240066 168.620082
91.240066 168.027113
90.647097 167.434144
90.647097 166.841175
90.054127 166.248205
90.054127 165.655236
89.461158 165.062267
89.461158 164.469298
88.868189 163.876329
88.275220 163.283360
88.275220 162.690391
87.682251 162.097421
87.682251 161.504452
87.089282 160.911483
87.089282 160.318514
86.496313 159.725545
85.903343 159.132576
85.903343 158.539607
85.310374 157.946637
85.310374 157.353668
84.717405 156.760699
84.717405 156.167730
84.124436 154.981792
84.124436 154.388823
83.531467 153.795853
83.531467 153.202884
82.938498 152.609915
82.938498 152.016946
82.345529 151.423977
82.345529 150.831008
82.345529 150.238039
81.752559 149.645069
81.752559 149.052100
81.159590 148.459131
81.159590 147.866162
80.566621 147.273193
80.566621 146.680224
79.973652 146.087255
79.973652 145.494286
79.380683 144.901316
79.380683 144.308347
79.380683 143.122409
78.787714 142.529440
78.787714 141.936471
78.194745 141.343502
78.194745 140.750532
77.601775 140.157563
77.601775 139.564594
77.008806 138.971625
77.008806 138.378656
77.008806 137.785687
77.008806 137.192718
77.008806 136.599748
77.008806 136.006779
77.008806 135.413810
77.008806 134.820841
77.008806 134.227872
77.008806 133.634903
77.008806 133.041934
77.008806 132.448964
77.008806 131.855995
77.008806 131.263026
77.008806 130.670057
77.008806 130.077088
77.008806 129.484119
77.008806 128.298180
77.008806 127.705211
77.008806 127.112242
77.008806 126.519273
77.008806 125.926304
77.008806 125.333335
77.008806 124.740366
77.008806 124.147396
77.008806 123.554427
77.008806 122.961458
77.008806 122.368489
77.008806 121.775520
77.008806 120.589582
77.008806 119.996613
77.008806 119.403643
77.008806 118.810674
77.008806 118.217705
77.008806 117.624736
77.008806 117.031767
77.008806 116.438798
77.008806 115.252859
77.008806 114.659890
77.008806 114.066921
77.008806 113.473952
77.008806 112.880983
77.008806 112.288014
77.008806 111.695045
77.008806 111.102075
77.008806 110.509106
77.008806 109.916137
77.008806 109.323168
77.008806 108.730199
77.008806 107.544261
77.008806 106.951291
77.008806 106.358322
77.008806 105.765353
77.008806 105.172384
77.008806 104.579415
77.008806 103.986446
77.008806 103.393477
77.008806 102.800507
77.008806 101.614569
77.008806 101.021600
77.008806 100.428631
77.008806 99.835662
77.008806 99.242693
77.601775 98.649723
77.601775 98.056754
77.601775 96.870816
78.194745 96.277847
78.194745 95.684878
78.194745 95.091909
78.787714 94.498939
78.787714 93.905970
78.787714 92.720032
79.380683 92.127063
79.380683 91.534094
79.380683 90.941125
79.973652 90.348156
79.973652 89.162217
79.973652 88.569248
80.566621 87.976279
80.566621 87.383310
81.159590 86.790341
81.752559 86.197372
81.752559 85.604402
82.345529 85.011433
82.938498 84.418464
82.938498 83.825495
83.531467 83.232526
84.124436 82.046588
84.717405 81.453618
84.717405 80.860649
85.310374 80.267680
85.903343 79.674711
86.496313 79.081742
86.496313 78.488773
87.089282 77.895804
87.682251 77.302834
88.275220 76.709865
88.868189 76.709865
89.461158 76.116896
90.054127 76.116896
90.647097 75.523927
91.240066 75.523927
91.833035 74.930958
92.426004 74.930958
93.018973 74.337989
93.611942 74.337989
94.204911 73.745020
94.797881 73.745020
95.390850 73.745020
95.983819 73.745020
96.576788 73.745020
97.169757 73.745020
97.762726 73.745020
98.948665 73.745020
99.541634 73.745020
100.134603 73.745020
100.727572 74.337989
101.320541 74.337989
101.913510 74.930958
102.506479 74.930958
103.099448 75.523927
103.692418 75.523927
104.285387 76.116896
104.878356 76.116896
105.471325 76.116896
106.064294 76.709865
106.657263 76.709865
