106.450517 114.020953
106.450517 113.781669
106.450517 114.020953
106.689801 114.260236
106.689801 114.499520
106.689801 114.738804
106.929085 114.738804
106.929085 114.978088
106.929085 115.217372
107.168369 115.217372
107.168369 115.456656
107.168369 115.695940
107.407653 115.695940
107.407653 115.935224
107.407653 116.174507
107.646936 116.174507
107.886220 116.413791
107.886220 116.653075
108.125504 116.892359
108.125504 117.131643
108.364788 117.131643
108.364788 117.370927
108.604072 117.610211
108.604072 117.849495
108.843356 117.849495
108.843356 118.088778
109.082640 118.328062
109.321923 118.567346
109.321923 118.806630
109.561207 119.045914
109.561207 119.285198
109.800491 119.285198
109.800491 119.524482
110.039775 119.524482
110.039775 119.763765
110.279059 120.003049
110.518343 120.242333
110.518343 120.481617
110.757627 120.481617
110.996911 120.720901
110.996911 120.960185
111.236194 121.199469
111.236194 121.438753
111.475478 121.438753
111.714762 121.678036
111.714762 121.917320
111.954046 121.917320
112.193330 122.156604
112.193330 122.395888
112.432614 122.395888
112.671898 122.635172
112.911182 122.874456
113.150465 123.113740
113.150465 123.353024
113.389749 123.353024
113.629033 123.592307
113.868317 123.831591
114.107601 124.070875
114.346885 124.310159
114.586169 124.549443
114.825453 124.788727
115.064736 125.028011
115.304020 125.028011
115.304020 125.267295
115.543304 125.267295
115.782588 125.506578
116.021872 125.745862
116.261156 125.985146
116.500440 125.985146
116.500440 126.224430
116.739723 126.224430
116.979007 126.463714
117.218291 126.702998
117.457575 126.702998
117.696859 126.942282
117.936143 127.181565
118.175427 127.181565
118.414711 127.420849
118.653994 127.660133
118.893278 127.660133
119.132562 127.899417
119.371846 128.138701
119.611130 128.138701
119.850414 128.377985
120.089698 128.617269
120.328982 128.617269
120.568265 128.856553
120.807549 128.856553
121.046833 129.095836
121.286117 129.335120
121.525401 129.335120
121.764685 129.574404
122.003969 129.813688
122.243253 129.813688
122.482536 130.052972
122.721820 130.292256
122.961104 130.292256
123.200388 130.531540
123.439672 130.770824
123.678956 130.770824
123.918240 131.010107
124.157523 131.010107
124.396807 131.249391
124.636091 131.249391
124.875375 131.488675
125.114659 131.488675
125.353943 131.727959
125.593227 131.727959
125.832511 131.967243
126.071794 131.967243
126.311078 131.967243
126.550362 132.206527
126.789646 132.206527
127.028930 132.445811
127.268214 132.445811
127.507498 132.445811
127.746782 132.685095
127.986065 132.685095
128.225349 132.685095
128.464633 132.924378
128.703917 132.924378
128.943201 132.924378
129.182485 133.163662
129.421769 133.163662
129.661052 133.163662
129.900336 133.402946
130.139620 133.402946
130.378904 133.402946
130.618188 133.402946
130.857472 133.642230
131.096756 133.642230
131.336040 133.642230
131.575323 133.642230
131.814607 133.642230
132.053891 133.881514
132.293175 133.881514
132.532459 133.881514
132.771743 133.881514
133.011027 133.881514
133.250311 133.881514
133.489594 134.120798
133.728878 134.120798
133.968162 134.120798
134.207446 134.120798
134.446730 134.120798
134.686014 134.120798
134.925298 134.120798
135.164582 134.120798
135.403865 134.120798
135.643149 134.120798
135.882433 134.120798
136.121717 134.120798
136.361001 134.120798
136.600285 134.120798
136.839569 134.120798
137.078852 134.120798
137.318136 134.120798
137.557420 134.120798
137.796704 134.120798
138.035988 134.120798
138.275272 134.120798
138.514556 134.120798
138.753840 134.120798
138.993123 134.120798
139.232407 134.120798
139.471691 134.120798
139.710975 134.120798
139.950259 134.120798
140.189543 134.120798
140.428827 133.881514
140.189543 134.120798
139.950259 134.120798
139.950259 134.360082
139.950259 134.838649
139.710975 135.077933
139.710975 135.317217
139.710975 135.556501
139.471691 135.795785
139.471691 136.035069
139.232407 136.513636
139.232407 136.752920
139.232407 136.992204
138.993123 137.231488
138.993123 137.470772
138.993123 137.949340
138.753840 138.188624
138.753840 138.427907
138.753840 138.667191
138.514556 138.906475
138.514556 139.145759
138.514556 139.624327
138.275272 139.863611
138.275272 140.102894
138.275272 140.342178
138.035988 140.581462
138.035988 141.060030
138.035988 141.299314
137.796704 141.538598
137.557420 141.538598
137.318136 141.777882
137.078852 142.017165
136.839569 142.256449
136.600285 142.495733
136.361001 142.495733
136.121717 142.735017
135.882433 142.974301
135.403865 143.213585
135.164582 143.452869
134.925298 143.692153
134.686014 143.931436
134.446730 144.170720
134.207446 144.410004
133.968162 144.649288
133.728878 144.888572
133.489594 145.127856
133.250311 145.127856
133.011027 145.367140
132.771743 145.367140
132.293175 145.606424
132.053891 145.606424
131.814607 145.606424
131.575323 145.845707
131.096756 145.845707
130.857472 145.845707
130.618188 146.084991
130.139620 146.084991
129.900336 146.324275
129.661052 146.324275
129.421769 146.324275
128.943201 146.563559
128.703917 146.563559
128.464633 146.563559
127.986065 146.802843
127.746782 146.802843
127.507498 146.802843
127.028930 147.042127
126.789646 147.042127
126.550362 147.281411
126.311078 147.281411
125.832511 147.281411
125.593227 147.281411
125.353943 147.281411
125.114659 147.281411
124.875375 147.281411
124.636091 147.042127
124.396807 147.042127
124.157523 147.042127
123.918240 147.042127
123.678956 147.042127
123.439672 146.802843
123.200388 146.802843
122.961104 146.802843
122.721820 146.802843
122.482536 146.563559
122.243253 146.563559
122.003969 146.563559
121.764685 146.563559
121.525401 146.324275
121.286117 146.324275
120.807549 146.324275
120.568265 146.324275
120.328982 146.084991
120.089698 145.845707
119.850414 145.845707
119.611130 145.606424
119.371846 145.367140
119.132562 145.367140
118.893278 145.127856
118.653994 145.127856
118.414711 144.888572
118.175427 144.649288
117.936143 144.649288
117.696859 144.649288
117.457575 144.410004
117.218291 144.410004
116.979007 144.410004
116.739723 144.410004
116.500440 144.170720
116.261156 144.170720
116.021872 144.170720
115.782588 144.170720
115.543304 143.931436
115.064736 143.931436
114.825453 143.692153
114.586169 143.692153
114.346885 143.452869
114.107601 143.452869
113.868317 143.213585
113.629033 143.213585
113.389749 142.974301
112.911182 142.974301
112.671898 142.735017
112.432614 142.735017
112.193330 142.495733
111.954046 142.495733
111.954046 142.017165
111.954046 141.777882
111.954046 141.538598
111.954046 141.299314
111.954046 140.820746
111.954046 140.581462
111.954046 140.342178
111.954046 139.863611
111.954046 139.624327
111.954046 139.385043
111.954046 138.906475
111.954046 138.667191
111.954046 138.427907
111.954046 138.188624
111.954046 137.710056
111.954046 137.470772
111.954046 137.231488
111.954046 136.752920
111.954046 136.513636
111.954046 136.274353
111.954046 136.035069
111.954046 135.556501
111.954046 135.317217
111.954046 135.077933
111.954046 134.599365
111.714762 134.360082
111.714762 134.120798
111.714762 133.881514
111.475478 133.642230
111.475478 133.402946
111.236194 133.163662
111.236194 132.924378
111.236194 132.445811
110.996911 132.206527
110.996911 131.967243
110.757627 131.727959
110.757627 131.488675
110.518343 131.249391
110.518343 131.010107
110.518343 130.770824
110.279059 130.531540
110.279059 130.292256
110.039775 129.813688
110.039775 129.574404
110.039775 129.335120
109.800491 129.095836
109.800491 128.856553
109.561207 128.617269
109.561207 128.377985
109.321923 128.138701
109.321923 127.899417
109.321923 127.420849
109.082640 127.181565
109.082640 126.942282
108.843356 126.702998
108.843356 126.463714
108.843356 126.224430
108.604072 125.985146
108.364788 125.745862
108.125504 125.506578
107.886220 125.267295
107.646936 125.028011
107.407653 124.788727
107.168369 124.549443
106.929085 124.310159
106.689801 124.070875
106.450517 123.831591
106.450517 123.353024
106.450517 123.113740
106.450517 122.874456
106.450517 122.635172
106.211233 122.395888
106.211233 122.156604
106.211233 121.917320
106.211233 121.678036
106.211233 121.438753
106.211233 121.199469
106.211233 120.960185
106.211233 120.720901
106.211233 120.481617
106.211233 120.242333
106.211233 120.003049
106.211233 119.763765
106.211233 119.524482
106.211233 119.285198
105.971949 119.045914
105.971949 118.806630
105.971949 118.567346
105.971949 118.328062
105.971949 118.088778
105.971949 117.849495
105.971949 117.610211
105.971949 117.131643
105.971949 116.892359
105.971949 116.653075
105.971949 116.413791
105.971949 116.174507
105.971949 115.935224
105.971949 115.695940
105.971949 115.456656
105.971949 115.217372
105.971949 114.978088
106.211233 114.738804
106.450517 114.499520
106.689801 114.499520
106.450517 114.499520
106.211233 114.499520
106.211233 114.738804
105.971949 114.978088
105.732665 115.217372
105.493382 115.217372
105.254098 115.456656
105.014814 115.695940
105.254098 115.695940
105.254098 115.456656
105.493382 115.217372
105.732665 115.217372
105.971949 114.978088
106.211233 114.978088
106.211233 114.738804
106.450517 114.499520
106.211233 114.738804
105.971949 114.978088
105.732665 115.217372
105.493382 115.217372
105.254098 115.456656
105.014814 115.695940
104.775530 115.695940
104.536246 115.935224
104.296962 116.174507
104.057678 116.174507
104.296962 116.174507
104.536246 115.935224
104.775530 115.695940
105.014814 115.695940
105.254098 115.695940
105.254098 115.456656
105.493382 115.217372
105.732665 115.217372
105.971949 115.217372
105.971949 114.978088
106.211233 114.978088
106.211233 114.738804
106.450517 114.499520
106.689801 114.499520
106.689801 114.260236
106.450517 114.020953
