107.564825 99.062626
107.906827 99.062626
108.248830 99.062626
108.590832 99.404628
108.932834 99.746631
109.274836 100.088633
109.616839 100.430635
109.958841 100.772638
110.300843 101.114640
110.642846 101.456642
110.984848 101.798645
111.326850 102.140647
111.668853 102.482649
112.010855 102.824651
112.352857 103.166654
112.694859 103.508656
113.036862 103.850658
113.378864 104.192661
113.720866 104.534663
114.062869 104.876665
114.404871 105.218667
114.746873 105.560670
115.088875 105.902672
115.430878 106.244674
115.772880 106.586677
115.772880 106.928679
115.772880 107.270681
115.772880 107.612684
115.772880 107.954686
115.772880 108.296688
115.772880 108.638690
116.114882 108.638690
116.114882 108.980693
116.114882 109.322695
116.114882 109.664697
116.114882 110.006700
116.114882 110.348702
116.456885 110.348702
116.456885 110.690704
116.456885 111.032706
116.456885 111.374709
116.798887 111.716711
116.798887 112.058713
116.798887 112.400716
117.140889 112.742718
117.140889 113.084720
117.140889 113.426723
117.482892 113.768725
117.482892 114.110727
117.482892 114.452729
117.824894 114.452729
117.824894 114.794732
117.824894 115.136734
118.166896 115.478736
118.166896 115.820739
118.166896 116.162741
118.508898 116.162741
118.508898 116.504743
118.508898 116.846745
118.850901 116.846745
118.850901 117.188748
119.192903 117.530750
119.192903 117.872752
119.534905 117.872752
119.534905 118.214755
119.876908 118.556757
119.876908 118.898759
119.876908 119.240762
120.218910 119.240762
120.560912 119.582764
120.560912 119.924766
120.902914 119.924766
120.902914 120.266768
121.244917 120.608771
121.586919 120.950773
121.928921 121.292775
121.928921 121.634778
122.270924 121.634778
122.270924 121.976780
122.612926 122.318782
122.954928 122.660784
123.296931 123.002787
123.296931 123.344789
123.638933 123.344789
123.980935 123.686791
124.322937 124.028794
124.664940 124.370796
125.006942 124.370796
125.348944 124.712798
125.690947 125.054801
126.032949 125.396803
126.374951 125.738805
126.716953 125.738805
127.058956 126.080807
127.400958 126.422810
127.742960 126.764812
128.084963 126.764812
128.426965 127.106814
128.768967 127.106814
129.110970 127.448817
129.452972 127.790819
129.794974 127.790819
130.136976 128.132821
130.478979 128.132821
130.820981 128.474823
131.162983 128.474823
131.504986 128.816826
131.846988 128.816826
132.188990 128.816826
132.530992 129.158828
132.872995 129.158828
133.214997 129.500830
133.556999 129.500830
133.899002 129.500830
134.241004 129.842833
134.583006 129.842833
134.925009 129.842833
135.267011 130.184835
135.609013 130.184835
135.951015 130.184835
136.293018 130.184835
136.635020 130.526837
136.977022 130.526837
137.319025 130.526837
137.661027 130.526837
138.003029 130.526837
138.345031 130.868840
138.687034 130.868840
139.029036 130.868840
139.371038 130.868840
139.713041 130.868840
140.055043 130.868840
140.397045 130.868840
140.739048 131.552844
141.081050 131.894846
141.423052 132.236849
141.765054 132.578851
142.449059 132.920853
142.791061 133.262856
143.133064 133.604858
143.475066 134.288862
143.817068 134.630865
144.159070 134.972867
144.501073 135.314869
144.843075 135.656872
145.185077 135.998874
145.185077 136.682878
145.185077 137.024881
145.185077 137.366883
145.185077 138.050888
145.185077 138.392890
145.185077 138.734892
145.185077 139.076895
145.185077 139.760899
145.185077 140.102901
145.185077 140.444904
145.527080 141.128908
145.527080 141.470911
145.527080 141.812913
145.527080 142.154915
145.527080 142.838920
145.527080 143.180922
145.527080 143.522924
145.527080 144.206929
145.527080 144.548931
145.527080 144.890934
145.527080 145.574938
145.527080 145.916940
145.527080 146.258943
145.527080 146.600945
145.527080 146.942947
145.527080 147.626952
145.527080 147.968954
145.527080 148.310956
145.527080 148.652959
145.527080 148.994961
145.527080 149.336963
145.527080 149.678966
145.527080 150.020968
145.185077 150.362970
144.843075 150.704973
144.843075 151.046975
144.501073 151.388977
144.159070 151.730979
143.817068 151.730979
143.475066 152.072982
143.133064 152.072982
142.791061 152.414984
142.449059 152.756986
141.765054 152.756986
141.423052 153.098989
141.081050 153.440991
140.739048 153.440991
140.397045 153.782993
140.055043 154.124995
139.713041 154.124995
139.371038 154.124995
139.029036 154.124995
138.687034 154.124995
138.345031 154.466998
138.003029 154.466998
137.661027 154.466998
137.319025 154.466998
136.977022 154.466998
136.635020 154.466998
136.293018 154.809000
135.951015 154.809000
135.609013 154.809000
134.925009 154.809000
134.583006 154.809000
134.241004 154.809000
133.899002 154.809000
133.556999 155.151002
133.214997 155.151002
132.872995 155.151002
132.530992 155.151002
132.188990 155.151002
131.846988 155.151002
131.504986 155.151002
131.162983 155.151002
130.820981 155.151002
130.478979 155.151002
130.136976 155.151002
129.794974 155.151002
129.452972 155.151002
128.768967 155.151002
128.426965 155.151002
128.084963 155.151002
127.742960 155.151002
127.400958 155.151002
127.058956 155.151002
126.716953 155.151002
126.374951 155.151002
126.032949 155.151002
125.690947 155.151002
125.348944 155.151002
125.006942 155.151002
124.664940 155.151002
124.322937 155.151002
123.980935 155.151002
123.296931 155.151002
122.954928 155.151002
122.612926 155.151002
122.270924 155.151002
121.928921 155.151002
121.586919 155.151002
121.244917 155.151002
120.902914 155.151002
120.560912 154.809000
120.218910 154.809000
119.876908 154.466998
119.192903 154.124995
118.850901 154.124995
118.508898 153.782993
118.166896 153.440991
117.824894 153.098989
117.482892 153.098989
117.140889 152.756986
116.798887 152.414984
116.456885 152.414984
116.114882 152.072982
115.430878 151.730979
115.088875 151.388977
114.746873 151.388977
114.404871 151.046975
114.062869 150.704973
113.720866 150.704973
113.378864 150.362970
113.036862 150.020968
112.694859 150.020968
112.352857 149.678966
112.010855 149.336963
111.326850 148.994961
110.984848 148.652959
110.984848 148.310956
110.642846 147.968954
110.300843 147.626952
109.958841 147.284950
109.958841 146.942947
109.616839 146.600945
109.274836 146.258943
108.932834 145.916940
108.590832 145.574938
108.590832 145.232936
108.248830 144.548931
107.906827 144.206929
107.564825 143.864927
107.222823 143.522924
107.222823 143.180922
106.880820 142.838920
106.538818 142.496917
106.196816 142.154915
106.196816 141.470911
105.854814 141.128908
105.512811 140.786906
105.512811 140.444904
105.512811 140.102901
105.170809 139.760899
105.170809 139.418897
104.828807 139.076895
104.828807 138.734892
104.828807 138.392890
104.486804 138.050888
104.486804 137.366883
104.486804 137.024881
104.144802 136.682878
104.144802 135.998874
104.144802 135.656872
103.802800 135.314869
103.802800 134.630865
103.802800 134.288862
103.460797 133.946860
103.460797 133.604858
103.460797 132.920853
103.118795 132.578851
103.118795 132.236849
103.118795 131.552844
102.776793 131.210842
102.776793 130.868840
102.776793 130.526837
102.434791 129.842833
102.434791 129.500830
102.434791 129.158828
102.092788 128.474823
102.092788 128.132821
102.092788 127.790819
101.750786 127.448817
101.750786 127.106814
101.408784 126.764812
101.408784 126.422810
101.408784 126.080807
101.066781 125.396803
101.066781 125.054801
100.724779 124.712798
100.724779 124.370796
100.382777 124.028794
100.382777 123.686791
100.040775 123.344789
100.040775 123.002787
99.698772 122.660784
99.698772 122.318782
99.356770 121.976780
99.356770 121.634778
99.014768 121.292775
99.014768 120.950773
98.672765 120.608771
98.672765 120.266768
98.672765 119.924766
98.330763 119.240762
98.330763 118.898759
98.330763 118.556757
98.330763 118.214755
98.330763 117.872752
98.330763 117.530750
97.988761 116.846745
97.988761 116.504743
97.988761 116.162741
97.988761 115.820739
97.988761 115.478736
97.646759 115.136734
97.646759 114.452729
97.646759 114.110727
97.646759 113.768725
97.646759 113.426723
97.646759 113.084720
97.646759 112.742718
97.646759 112.058713
97.646759 111.716711
97.646759 111.374709
97.646759 111.032706
97.646759 110.690704
97.646759 110.348702
97.646759 109.664697
97.646759 109.322695
97.646759 108.980693
97.646759 108.638690
97.646759 108.296688
97.646759 107.954686
97.646759 107.270681
97.646759 106.928679
97.646759 106.586677
97.988761 106.244674
97.988761 105.902672
98.330763 105.218667
98.672765 104.876665
98.672765 104.534663
99.014768 104.192661
99.014768 103.850658
99.356770 103.166654
99.356770 102.824651
99.698772 102.482649
99.698772 102.140647
100.040775 101.798645
100.382777 101.114640
100.724779 101.114640
101.066781 101.114640
101.066781 100.772638
101.408784 100.772638
101.750786 100.772638
102.092788 100.772638
102.434791 100.772638
102.776793 100.430635
103.118795 100.430635
103.460797 100.430635
103.802800 100.430635
104.144802 100.430635
104.144802 100.088633
104.486804 100.088633
104.828807 100.088633
105.170809 100.088633
105.512811 100.088633
105.512811 99.746631
105.854814 99.746631
106.196816 99.746631
106.538818 99.404628
106.880820 99.404628
107.222823 99.404628
107.222823 99.062626
107.564825 99.062626
