113.670957 118.690491
113.670957 118.907061
113.454387 119.123631
113.454387 119.340201
113.454387 119.556771
113.454387 119.773341
113.454387 119.989911
113.454387 120.206481
113.454387 120.423051
113.454387 120.639621
113.454387 121.072761
113.454387 121.289331
113.454387 121.505901
113.454387 121.722471
113.454387 121.939041
113.237817 122.155611
113.237817 122.372181
113.237817 122.588751
113.237817 122.805321
113.237817 123.021891
113.237817 123.238461
113.237817 123.455031
113.237817 123.671601
113.237817 123.888171
113.237817 124.321311
113.237817 124.537881
113.237817 124.754451
113.237817 124.971021
113.021247 125.187591
113.021247 125.404161
113.021247 125.620731
113.021247 125.837301
113.021247 126.053871
113.021247 126.270441
113.021247 126.487011
113.021247 126.920151
113.237817 127.136721
113.237817 127.353291
113.237817 127.569861
113.237817 127.786431
113.237817 128.003001
113.454387 128.219571
113.454387 128.436141
113.454387 128.869281
113.454387 129.085851
113.454387 129.302421
113.670957 129.518991
113.670957 129.735561
113.670957 129.952131
113.670957 130.168701
113.670957 130.385271
113.887527 130.818411
113.887527 131.034981
113.887527 131.251551
113.887527 131.468121
113.887527 131.684691
114.104097 131.901261
114.104097 132.117831
114.104097 132.334401
114.320667 132.550971
114.320667 132.767541
114.537237 133.200681
114.753807 133.417251
114.970377 133.633821
114.970377 133.850391
115.186947 134.066961
115.403517 134.283531
115.403517 134.500101
115.620087 134.716671
115.836657 134.933241
116.053227 135.149811
116.053227 135.366381
116.269797 135.582951
116.269797 135.799521
116.269797 136.232661
116.269797 136.449231
116.269797 136.882371
116.269797 137.098941
116.269797 137.532081
116.269797 137.748651
116.269797 138.181791
116.269797 138.398361
116.269797 138.831501
116.269797 139.048071
116.269797 139.264641
116.269797 139.697781
116.269797 139.914351
116.269797 140.347491
116.269797 140.564061
116.269797 140.997201
116.269797 141.213772
116.269797 141.646912
116.269797 141.863482
116.269797 142.296622
116.269797 142.513192
116.269797 142.729762
116.269797 143.162902
116.269797 143.379472
116.269797 143.812612
116.269797 144.029182
116.269797 144.462322
116.269797 144.678892
116.269797 145.112032
116.269797 145.328602
116.269797 145.761742
116.269797 145.978312
116.269797 146.194882
116.486367 146.628022
116.702937 146.844592
116.919507 147.061162
117.136077 147.277732
117.352647 147.494302
117.569217 147.710872
118.002357 147.927442
118.218927 148.144012
118.435497 148.360582
118.652067 148.577152
118.868637 148.793722
119.085207 149.010292
119.301777 149.010292
119.518347 149.226862
119.734917 149.226862
119.951487 149.226862
120.168057 149.226862
120.384627 149.226862
120.601197 149.443432
120.817767 149.443432
121.034337 149.443432
121.250907 149.443432
121.467477 149.443432
121.684047 149.660002
121.900617 149.660002
122.117187 149.660002
122.333757 149.660002
122.550327 149.660002
122.766897 149.876572
122.983467 149.876572
123.200037 149.876572
123.416607 149.876572
123.633177 149.876572
123.849747 150.093142
124.066317 150.093142
124.282887 150.093142
124.499457 150.093142
124.716027 150.093142
124.932597 150.093142
125.149167 150.093142
125.365737 150.093142
125.582307 150.093142
126.015447 150.093142
126.232017 150.093142
126.448587 150.093142
126.665157 150.093142
126.881727 150.093142
127.098297 150.093142
127.314867 150.093142
127.531437 150.093142
127.748007 150.093142
127.964577 150.093142
128.181147 150.093142
128.397717 150.093142
128.830857 150.093142
129.047427 150.093142
129.263997 150.093142
129.697137 150.093142
129.913707 150.093142
130.130277 150.093142
130.346847 150.093142
130.779987 150.093142
130.996557 150.093142
131.213127 150.093142
131.646267 150.093142
131.862838 150.093142
132.079408 150.093142
132.512548 150.093142
132.729118 150.093142
132.945688 150.093142
133.378828 150.093142
133.595398 150.093142
133.811968 150.093142
134.245108 150.093142
134.461678 150.093142
134.678248 150.093142
135.111388 150.093142
135.327958 150.093142
135.544528 150.093142
135.977668 150.093142
136.194238 150.093142
136.410808 150.093142
136.627378 150.093142
136.843948 150.093142
137.060518 150.093142
137.277088 150.093142
137.493658 150.093142
137.710228 150.093142
137.926798 150.093142
138.143368 150.093142
138.359938 150.093142
138.576508 150.093142
138.793078 150.093142
139.009648 150.093142
139.226218 150.093142
139.442788 150.093142
139.659358 150.093142
139.875928 150.093142
140.092498 150.093142
140.092498 149.876572
140.309068 149.660002
140.309068 149.443432
140.525638 149.226862
140.525638 149.010292
140.525638 148.793722
140.742208 148.577152
140.742208 148.360582
140.742208 148.144012
140.958778 147.927442
140.958778 147.710872
140.958778 147.277732
141.175348 147.061162
141.175348 146.844592
141.175348 146.628022
141.175348 146.411452
141.175348 146.194882
141.175348 145.978312
141.175348 145.761742
141.175348 145.545172
141.175348 145.112032
141.175348 144.895462
141.175348 144.678892
141.175348 144.462322
141.175348 144.245752
141.175348 144.029182
141.175348 143.812612
141.175348 143.596042
141.175348 143.162902
141.175348 142.946332
141.175348 142.729762
141.175348 142.513192
141.175348 142.296622
141.175348 142.080052
141.175348 141.863482
141.175348 141.646912
141.175348 141.213772
141.175348 140.997201
141.175348 140.780631
141.175348 140.564061
141.175348 140.347491
141.175348 139.914351
141.175348 139.697781
141.175348 139.481211
141.175348 139.048071
141.175348 138.831501
141.175348 138.614931
141.175348 138.181791
141.175348 137.965221
141.175348 137.748651
141.175348 137.315511
141.175348 137.098941
141.175348 136.882371
141.175348 136.449231
141.175348 136.232661
141.175348 136.016091
141.175348 135.582951
141.175348 135.366381
141.175348 135.149811
141.175348 134.716671
141.175348 134.500101
141.175348 134.283531
141.175348 133.850391
141.175348 133.633821
140.958778 133.417251
140.742208 133.200681
140.525638 132.984111
140.309068 132.767541
139.875928 132.767541
139.659358 132.550971
139.442788 132.334401
139.226218 132.117831
139.009648 131.901261
138.793078 131.684691
138.576508 131.468121
138.143368 131.468121
137.926798 131.251551
137.710228 131.034981
137.493658 131.034981
137.277088 130.818411
137.060518 131.034981
136.843948 130.818411
136.627378 130.818411
136.410808 130.818411
136.194238 130.818411
136.194238 130.601841
135.977668 130.601841
136.194238 130.601841
135.977668 130.601841
135.761098 130.601841
135.544528 130.601841
135.327958 130.601841
135.327958 130.385271
135.111388 130.385271
134.894818 130.385271
135.111388 130.385271
134.894818 130.385271
134.678248 130.385271
134.894818 130.385271
134.678248 130.385271
134.461678 130.168701
134.245108 130.168701
134.028538 130.168701
133.811968 129.952131
133.595398 129.952131
133.378828 129.952131
133.162258 129.952131
133.162258 129.735561
132.945688 129.735561
133.162258 129.735561
133.378828 129.952131
133.595398 129.952131
133.378828 129.952131
133.162258 129.952131
133.162258 129.735561
132.945688 129.735561
132.729118 129.735561
132.729118 129.518991
132.512548 129.518991
132.295978 129.518991
132.512548 129.518991
132.295978 129.518991
132.079408 129.302421
131.862838 129.302421
131.646267 129.302421
131.646267 129.085851
131.429697 129.085851
131.213127 129.085851
131.429697 129.085851
131.213127 129.085851
130.996557 128.869281
130.779987 128.869281
130.563417 128.869281
130.563417 128.652711
130.346847 128.652711
130.130277 128.652711
130.130277 128.436141
129.913707 128.436141
129.697137 128.219571
129.480567 128.219571
129.263997 128.003001
129.047427 127.786431
128.830857 127.786431
128.614287 127.569861
128.397717 127.353291
128.181147 127.353291
127.964577 127.353291
127.964577 127.136721
127.748007 127.136721
127.531437 127.136721
127.531437 126.920151
127.314867 126.703581
127.098297 126.703581
126.881727 126.487011
126.665157 126.487011
126.665157 126.270441
126.448587 126.053871
126.232017 125.837301
126.015447 125.837301
125.798877 125.620731
125.582307 125.404161
125.365737 125.404161
125.365737 125.187591
125.149167 124.971021
124.932597 124.971021
124.932597 124.754451
124.716027 124.754451
124.499457 124.754451
124.499457 124.537881
124.282887 124.321311
124.066317 124.321311
124.066317 124.104741
123.849747 123.888171
123.633177 123.671601
123.416607 123.671601
123.416607 123.455031
123.200037 123.238461
122.983467 123.021891
122.983467 122.805321
122.766897 122.588751
122.550327 122.372181
122.333757 122.155611
122.117187 122.155611
122.117187 121.939041
121.900617 121.722471
121.900617 121.505901
121.684047 121.289331
121.467477 121.072761
121.250907 121.072761
121.250907 120.856191
121.250907 120.639621
121.034337 120.423051
120.817767 120.206481
120.601197 119.989911
120.601197 119.773341
120.384627 119.556771
120.384627 119.340201
120.168057 119.123631
119.951487 118.907061
119.951487 118.690491
119.734917 118.473921
119.734917 118.257351
119.518347 118.040781
119.301777 117.824211
119.301777 117.607641
119.085207 117.391071
118.868637 117.174501
118.652067 116.957931
118.435497 116.741361
118.002357 116.524791
117.785787 116.524791
117.569217 116.308221
117.352647 116.091651
117.136077 115.875081
116.919507 115.658511
116.702937 115.441941
116.269797 115.441941
116.053227 115.225371
115.836657 115.225371
115.620087 115.008801
115.403517 115.008801
115.186947 115.008801
114.970377 114.792231
114.753807 114.792231
114.537237 114.792231
114.320667 115.008801
114.104097 115.008801
113.887527 115.225371
113.670957 115.225371
113.454387 115.441941
113.237817 115.441941
113.021247 115.658511
112.804677 115.875081
112.588107 115.875081
112.588107 116.091651
112.588107 116.308221
112.804677 116.524791
112.804677 116.741361
113.021247 116.957931
113.021247 117.174501
113.021247 117.391071
113.237817 117.607641
113.237817 117.824211
113.454387 118.040781
113.454387 118.257351
113.454387 118.473921
113.670957 118.690491
