109.043300 103.576148
109.348251 103.271197
109.348251 103.576148
109.348251 103.881099
109.653202 103.881099
109.653202 104.186050
109.653202 104.491000
109.958153 104.795951
109.958153 105.100902
109.958153 105.405853
109.958153 105.710804
110.263104 105.710804
110.263104 106.015755
110.263104 106.320706
110.263104 106.625657
110.568054 106.625657
110.568054 106.930608
110.568054 107.235558
110.873005 107.235558
110.873005 107.540509
110.873005 107.845460
110.873005 108.150411
111.177956 108.150411
111.177956 108.455362
111.177956 108.760313
111.482907 108.760313
111.482907 109.065264
111.787858 109.370215
111.787858 109.675166
112.092809 109.675166
112.092809 109.980117
112.397760 110.285067
112.397760 110.590018
112.397760 110.894969
112.702711 110.894969
112.702711 111.199920
113.007662 111.199920
113.007662 111.504871
113.312613 111.809822
113.312613 112.114773
113.617563 112.114773
113.617563 112.419724
113.922514 112.419724
113.922514 112.724675
114.227465 113.029626
114.227465 113.334576
114.532416 113.334576
114.837367 113.639527
114.837367 113.944478
115.142318 114.249429
115.142318 114.554380
115.447269 114.859331
115.447269 115.164282
115.447269 115.469233
115.752220 115.774184
115.752220 116.079135
116.057171 116.384085
116.057171 116.689036
116.057171 116.993987
116.057171 117.298938
116.362121 117.603889
116.667072 117.908840
116.667072 118.213791
116.972023 118.518742
117.276974 118.823693
117.276974 119.128644
117.581925 119.433594
117.581925 119.738545
117.886876 120.043496
118.191827 120.348447
118.496778 120.653398
118.801729 120.958349
118.801729 121.263300
119.106680 121.263300
119.411630 121.568251
119.411630 121.873202
119.716581 122.178152
120.021532 122.483103
120.326483 122.788054
120.631434 123.093005
120.631434 123.397956
120.936385 123.702907
121.241336 124.007858
121.546287 124.312809
121.851238 124.617760
121.851238 124.922711
122.156189 125.227661
122.461139 125.532612
122.766090 125.532612
123.071041 125.837563
123.375992 126.142514
123.680943 126.447465
123.985894 126.752416
124.290845 127.057367
124.595796 127.362318
124.900747 127.362318
125.205698 127.667269
125.510648 127.972220
125.815599 128.277170
126.120550 128.277170
126.425501 128.582121
126.730452 128.887072
127.035403 128.887072
127.340354 129.192023
127.645305 129.496974
127.950256 129.496974
128.255206 129.496974
128.560157 129.801925
128.865108 130.106876
129.170059 130.106876
129.475010 130.411827
129.779961 130.411827
130.084912 130.716778
130.389863 130.716778
130.694814 131.021729
130.999765 131.326679
131.304715 131.326679
131.609666 131.326679
131.914617 131.631630
132.219568 131.631630
132.524519 131.936581
133.134421 131.936581
133.439372 131.936581
133.744323 132.241532
134.049274 132.241532
134.354224 132.241532
134.659175 132.546483
134.964126 132.546483
135.269077 132.546483
135.574028 132.851434
135.878979 132.851434
136.183930 132.851434
136.488881 133.156385
136.793832 133.156385
137.098783 133.156385
137.403733 133.461336
137.708684 133.461336
138.013635 133.766287
138.318586 134.071238
138.623537 134.071238
138.928488 134.376188
139.233439 134.681139
139.538390 134.986090
139.843341 135.291041
140.148292 135.595992
140.453242 135.900943
140.453242 136.205894
140.758193 136.510845
140.758193 136.815796
140.758193 137.120746
140.758193 137.425697
141.063144 137.730648
141.063144 138.035599
141.063144 138.340550
141.063144 138.645501
141.063144 138.950452
141.063144 139.255403
141.368095 139.560354
141.368095 139.865305
141.368095 140.170255
141.368095 140.475206
141.368095 140.780157
141.368095 141.085108
141.368095 141.390059
141.368095 141.695010
141.368095 141.999961
141.368095 142.304912
141.368095 142.609863
141.368095 142.914814
141.368095 143.219764
141.368095 143.524715
141.368095 143.829666
141.368095 144.134617
141.368095 144.439568
141.368095 144.744519
141.063144 145.049470
140.758193 145.354421
140.453242 145.659372
140.148292 145.964323
140.148292 146.269273
139.843341 146.574224
139.538390 146.879175
139.233439 147.184126
139.233439 147.489077
138.928488 147.794028
138.623537 148.098979
138.318586 148.403930
138.013635 148.403930
137.708684 148.403930
137.403733 148.708881
137.098783 148.708881
136.793832 148.708881
136.488881 148.708881
136.183930 148.708881
135.878979 148.708881
135.574028 148.708881
135.269077 148.708881
134.964126 148.708881
134.659175 148.708881
134.354224 148.708881
134.049274 149.013831
133.744323 149.013831
133.439372 149.013831
133.134421 149.013831
132.829470 149.013831
132.524519 149.013831
132.219568 149.013831
131.914617 149.013831
131.609666 149.318782
131.304715 149.318782
130.999765 149.318782
130.694814 149.318782
130.389863 149.318782
130.084912 149.623733
129.779961 149.623733
129.475010 149.623733
129.170059 149.623733
128.865108 149.623733
128.560157 149.623733
128.255206 149.928684
127.950256 149.928684
127.645305 149.928684
127.340354 149.928684
127.035403 149.928684
126.730452 149.928684
126.425501 150.233635
126.120550 150.233635
125.815599 150.233635
125.510648 150.233635
125.205698 149.928684
124.900747 149.928684
124.595796 149.623733
124.290845 149.623733
123.985894 149.318782
123.680943 149.318782
123.375992 149.013831
123.071041 149.013831
122.766090 148.708881
122.461139 148.708881
122.156189 148.403930
121.851238 148.403930
121.546287 148.403930
121.241336 148.098979
120.936385 147.794028
120.631434 147.489077
120.326483 147.184126
120.021532 146.879175
119.716581 146.574224
119.411630 146.269273
119.106680 145.964323
118.801729 145.659372
118.496778 145.659372
118.191827 145.354421
117.886876 145.049470
117.581925 144.744519
117.276974 144.439568
116.972023 144.439568
116.667072 144.134617
116.362121 143.829666
116.057171 143.829666
115.752220 143.524715
115.447269 143.219764
115.142318 142.914814
114.837367 142.914814
114.532416 142.609863
114.227465 142.304912
113.922514 141.999961
113.922514 141.695010
113.617563 141.390059
113.617563 141.085108
113.312613 140.780157
113.312613 140.475206
113.007662 140.170255
112.702711 139.865305
112.397760 139.560354
112.397760 139.255403
112.397760 138.950452
112.092809 138.645501
111.787858 138.340550
111.787858 138.035599
111.482907 137.730648
111.482907 137.425697
111.177956 137.120746
110.873005 136.815796
110.873005 136.510845
110.873005 136.205894
110.568054 135.900943
110.568054 135.595992
110.263104 135.291041
110.263104 134.986090
110.263104 134.681139
109.958153 134.376188
109.958153 134.071238
109.653202 133.766287
109.653202 133.461336
109.348251 133.156385
109.348251 132.546483
109.043300 132.241532
109.043300 131.936581
108.738349 131.631630
108.738349 131.326679
108.433398 131.021729
108.433398 130.716778
108.128447 130.411827
108.128447 130.106876
107.823496 129.801925
107.823496 129.496974
107.823496 129.192023
107.518545 128.887072
107.518545 128.582121
107.518545 128.277170
107.213595 127.972220
107.213595 127.667269
106.908644 127.362318
106.908644 127.057367
106.603693 126.752416
106.298742 126.447465
106.298742 126.142514
105.993791 125.837563
105.688840 125.532612
105.688840 125.227661
105.383889 124.922711
105.078938 124.617760
105.078938 124.312809
105.078938 124.007858
104.773987 123.702907
104.469036 123.397956
104.469036 123.093005
104.469036 122.788054
104.164086 122.483103
103.859135 122.178152
103.859135 121.873202
103.554184 121.568251
103.554184 121.263300
103.249233 120.958349
103.249233 120.653398
103.249233 120.348447
102.944282 120.043496
102.944282 119.738545
102.639331 119.433594
102.639331 119.128644
102.639331 118.823693
102.639331 118.518742
102.639331 118.213791
102.639331 117.908840
102.639331 117.603889
102.639331 117.298938
102.639331 116.993987
102.639331 116.689036
102.639331 116.384085
102.639331 116.079135
102.639331 115.774184
102.639331 115.469233
102.639331 115.164282
102.639331 114.859331
102.639331 114.554380
102.639331 114.249429
102.639331 113.944478
102.639331 113.639527
102.639331 113.334576
102.639331 113.029626
102.639331 112.724675
102.639331 112.419724
102.639331 112.114773
102.639331 111.809822
102.639331 111.504871
102.639331 111.199920
102.639331 110.894969
102.639331 110.590018
102.639331 110.285067
102.639331 109.980117
102.639331 109.675166
102.639331 109.370215
102.639331 109.065264
102.944282 108.760313
102.944282 108.455362
102.944282 108.150411
102.944282 107.845460
102.944282 107.540509
102.944282 107.235558
102.944282 106.930608
102.944282 106.625657
102.944282 106.320706
102.944282 106.015755
102.944282 105.710804
103.249233 105.405853
103.249233 105.100902
103.249233 104.795951
103.249233 104.491000
103.249233 104.186050
103.554184 103.881099
103.859135 103.881099
103.554184 103.881099
103.859135 103.881099
104.164086 103.881099
104.469036 103.881099
104.773987 103.881099
105.078938 103.881099
105.383889 103.881099
105.993791 103.881099
106.298742 103.881099
106.603693 103.881099
106.298742 103.881099
106.603693 103.881099
106.908644 103.881099
107.213595 103.881099
107.518545 103.881099
107.823496 103.576148
108.128447 103.576148
107.823496 103.576148
108.128447 103.576148
108.433398 103.576148
108.738349 103.576148
109.043300 103.576148
