100.593888 80.767472
101.118378 80.767472
101.118378 81.291962
101.118378 81.816452
101.118378 81.291962
101.118378 81.816452
101.118378 82.340943
101.118378 82.865433
101.118378 83.389923
101.118378 83.914413
101.642868 83.914413
101.642868 84.438904
101.642868 83.914413
101.642868 84.438904
101.642868 84.963394
101.642868 85.487884
101.642868 86.012374
101.642868 86.536865
101.642868 87.061355
102.167358 87.585845
102.167358 88.110335
102.167358 88.634826
102.691849 89.159316
102.691849 89.683806
102.691849 90.208296
103.216339 90.732787
103.216339 91.257277
103.216339 91.781767
103.740829 92.306257
103.740829 92.830748
103.740829 93.355238
104.265319 93.879728
104.265319 94.404219
104.265319 94.928709
104.265319 95.453199
104.789810 95.453199
104.789810 95.977689
105.314300 96.502180
105.314300 97.026670
105.314300 97.551160
105.314300 98.075650
105.838790 98.075650
105.838790 98.600141
106.363280 99.124631
106.363280 99.649121
106.363280 100.173611
106.363280 100.698102
106.887771 100.698102
106.363280 100.173611
106.363280 99.649121
106.363280 99.124631
105.838790 99.124631
105.838790 98.600141
105.838790 98.075650
105.838790 98.600141
106.363280 99.124631
106.363280 99.649121
106.363280 100.173611
106.887771 100.698102
106.887771 101.222592
106.887771 101.747082
107.412261 102.271572
107.412261 102.796063
107.412261 103.320553
107.936751 103.845043
107.936751 104.369533
107.936751 104.894024
107.936751 105.418514
108.461241 105.418514
108.461241 105.943004
108.985732 106.467494
108.985732 106.991985
108.985732 107.516475
109.510222 107.516475
109.510222 108.040965
109.510222 108.565455
110.034712 109.089946
110.034712 109.614436
110.559202 109.614436
110.559202 110.138926
110.559202 110.663416
111.083693 110.663416
111.083693 111.187907
111.083693 111.712397
111.608183 111.712397
111.608183 112.236887
112.132673 112.761377
112.657163 113.285868
112.657163 113.810358
113.181654 114.334848
113.181654 114.859338
113.706144 114.859338
113.706144 115.383829
114.230634 115.908319
114.755124 116.432809
114.755124 116.957299
115.279615 116.957299
115.279615 117.481790
115.804105 117.481790
115.804105 118.006280
116.328595 118.530770
116.853085 119.055260
116.853085 119.579751
117.377576 119.579751
117.902066 120.104241
118.426556 120.628731
118.951046 121.153221
119.475537 121.677712
120.000027 122.202202
120.524517 122.726692
121.049007 123.251182
121.573498 123.251182
122.097988 123.775673
122.622478 124.300163
123.146968 124.824653
123.671459 125.349143
124.195949 125.349143
124.720439 125.873634
125.244929 126.398124
125.769420 126.398124
126.293910 126.922614
126.818400 127.447104
127.342890 127.447104
127.867381 127.971595
128.391871 127.971595
128.916361 128.496085
129.440851 128.496085
129.965342 129.020575
130.489832 129.545065
131.014322 129.545065
131.538812 129.545065
132.063303 130.069556
132.587793 130.069556
133.112283 130.594046
133.636773 130.594046
134.161264 131.118536
134.685754 131.118536
135.210244 131.118536
135.734734 131.643026
136.259225 131.643026
136.783715 131.643026
137.308205 132.167517
137.832695 132.167517
138.357186 132.167517
138.881676 132.692007
139.406166 132.692007
139.930656 132.692007
140.455147 132.692007
140.979637 132.692007
141.504127 133.216497
142.028617 133.216497
142.553108 133.216497
143.077598 133.216497
143.602088 133.216497
144.126578 133.740987
144.651069 133.740987
145.175559 134.265478
145.700049 134.265478
146.224539 134.789968
146.749030 135.314458
147.273520 135.314458
147.798010 135.838948
148.322500 135.838948
148.846991 136.363439
149.371481 136.363439
149.895971 136.887929
150.420461 136.887929
150.944952 137.412419
151.469442 137.412419
151.993932 137.936909
152.518422 137.936909
153.042913 138.461400
153.567403 138.461400
154.091893 138.461400
154.616384 138.985890
155.140874 138.985890
155.665364 139.510380
156.189854 139.510380
156.714345 139.510380
156.714345 140.034870
156.714345 140.559361
156.714345 141.083851
156.714345 141.608341
156.714345 142.132831
156.714345 143.181812
156.714345 143.706302
156.714345 144.230792
156.714345 144.755283
156.714345 145.279773
156.714345 145.804263
156.714345 146.328753
156.714345 146.853244
156.714345 147.377734
156.714345 147.902224
156.714345 148.426714
156.189854 148.951205
155.665364 149.475695
155.140874 150.000185
154.616384 150.524676
154.091893 151.049166
153.567403 151.049166
153.042913 151.573656
152.518422 152.098146
151.993932 152.622637
151.469442 153.147127
150.944952 153.671617
150.420461 154.196107
149.895971 154.720598
149.371481 155.245088
148.322500 155.245088
147.798010 155.769578
147.273520 156.294068
146.749030 156.818559
146.224539 156.818559
145.700049 157.343049
145.175559 157.867539
144.651069 158.392029
143.602088 158.392029
143.077598 158.916520
142.553108 159.441010
142.028617 159.965500
141.504127 159.965500
140.979637 160.489990
140.455147 161.014481
139.930656 161.014481
139.406166 161.538971
138.881676 162.063461
137.832695 162.587951
137.308205 162.587951
136.783715 163.112442
136.259225 163.636932
135.734734 163.636932
135.210244 164.161422
134.685754 164.685912
134.161264 165.210403
133.636773 165.210403
133.112283 165.734893
132.587793 166.259383
132.063303 166.259383
131.538812 166.783873
131.014322 167.308364
130.489832 167.308364
129.965342 167.832854
128.916361 168.357344
128.391871 168.357344
127.867381 168.881834
127.342890 169.406325
126.818400 169.406325
126.293910 169.930815
125.769420 169.930815
125.244929 169.930815
124.720439 169.930815
123.671459 169.930815
123.146968 169.930815
122.622478 169.930815
122.097988 169.930815
121.573498 169.930815
120.524517 169.930815
120.000027 169.930815
119.475537 169.930815
118.951046 169.930815
117.902066 169.930815
117.377576 169.930815
116.853085 169.930815
116.328595 169.930815
115.804105 169.930815
114.755124 169.930815
114.230634 169.930815
113.706144 169.930815
113.181654 169.930815
112.657163 169.930815
112.132673 169.930815
111.608183 169.930815
111.083693 169.930815
110.559202 169.930815
110.034712 169.930815
109.510222 169.930815
108.985732 169.930815
108.461241 169.930815
107.936751 169.930815
107.412261 169.930815
106.887771 169.930815
106.363280 169.406325
105.838790 168.881834
105.314300 168.357344
104.789810 167.832854
104.265319 167.308364
103.740829 166.783873
103.216339 166.259383
102.691849 165.734893
102.167358 165.210403
101.642868 164.161422
101.642868 163.636932
101.118378 163.112442
101.118378 162.587951
101.118378 162.063461
101.118378 161.538971
101.118378 161.014481
100.593888 160.489990
100.069397 159.965500
99.544907 159.441010
99.544907 158.916520
99.020417 158.392029
98.495927 157.867539
97.971436 157.343049
97.971436 156.818559
97.446946 156.294068
96.922456 155.769578
96.397965 155.245088
96.397965 154.720598
95.873475 154.196107
95.348985 153.671617
94.824495 153.147127
94.824495 152.622637
94.300004 151.573656
93.775514 151.049166
93.251024 150.524676
93.251024 150.000185
92.726534 149.475695
92.726534 148.951205
92.202043 148.426714
91.677553 147.902224
91.677553 147.377734
91.153063 146.853244
90.628573 146.328753
90.628573 145.804263
90.104082 145.279773
90.104082 144.755283
89.579592 144.230792
89.055102 143.706302
89.055102 143.181812
88.530612 142.657322
88.006121 141.608341
88.006121 141.083851
87.481631 140.559361
86.957141 140.034870
86.957141 139.510380
86.432651 138.985890
86.432651 138.461400
85.908160 137.936909
85.908160 137.412419
85.383670 136.887929
85.383670 136.363439
84.859180 135.838948
84.859180 135.314458
84.859180 134.789968
84.334690 134.265478
84.334690 133.740987
83.810199 132.692007
83.810199 132.167517
83.285709 131.643026
83.285709 131.118536
82.761219 130.594046
82.761219 130.069556
82.236729 129.020575
82.236729 128.496085
81.712238 127.971595
81.712238 127.447104
81.187748 126.922614
81.187748 126.398124
80.663258 125.873634
80.663258 124.824653
80.663258 124.300163
80.138768 123.775673
80.138768 123.251182
79.614277 122.726692
79.614277 122.202202
79.614277 121.677712
79.614277 121.153221
79.614277 120.628731
79.614277 120.104241
79.614277 119.579751
79.614277 119.055260
79.614277 118.530770
79.614277 118.006280
79.614277 117.481790
79.614277 116.957299
79.614277 116.432809
79.614277 115.908319
79.614277 115.383829
79.614277 114.859338
79.614277 114.334848
79.614277 113.810358
79.614277 113.285868
79.614277 112.761377
79.089787 112.236887
79.089787 111.712397
79.089787 111.187907
79.089787 110.663416
79.089787 110.138926
79.089787 109.614436
79.089787 109.089946
79.089787 108.040965
79.089787 107.516475
79.089787 106.991985
79.089787 106.467494
79.089787 105.943004
79.089787 105.418514
79.089787 104.894024
79.089787 104.369533
79.089787 103.845043
79.089787 103.320553
79.089787 102.796063
79.089787 102.271572
79.089787 101.747082
79.089787 101.222592
79.089787 100.698102
79.089787 100.173611
79.089787 99.649121
79.089787 99.124631
79.089787 98.075650
79.089787 97.551160
79.089787 97.026670
79.089787 96.502180
79.089787 95.977689
79.089787 95.453199
79.089787 94.928709
79.614277 94.404219
80.138768 93.879728
80.138768 93.355238
80.663258 92.830748
81.187748 92.306257
81.712238 91.781767
81.712238 91.257277
82.236729 90.732787
82.761219 90.208296
83.285709 89.683806
83.285709 89.159316
83.810199 88.634826
84.334690 88.110335
84.859180 87.585845
84.859180 87.061355
85.383670 86.536865
85.908160 86.012374
86.432651 85.487884
86.432651 84.963394
86.957141 84.438904
87.481631 84.438904
88.006121 83.914413
89.055102 83.914413
89.579592 83.389923
90.104082 83.389923
90.628573 82.865433
91.153063 82.865433
92.202043 82.865433
92.726534 82.340943
93.251024 82.340943
93.775514 81.816452
94.300004 81.816452
95.348985 81.291962
95.873475 81.291962
96.397965 81.291962
96.922456 80.767472
97.971436 80.767472
98.495927 80.767472
99.020417 80.767472
99.544907 80.767472
99.020417 80.767472
99.544907 80.767472
100.069397 80.767472
100.593888 80.767472
