98.498044 87.194097
99.003975 87.700028
99.003975 88.205958
99.509905 88.711889
99.509905 89.217819
100.015836 89.723749
100.015836 90.229680
100.015836 90.735610
100.521766 91.241541
100.521766 91.747471
100.521766 92.253402
100.521766 92.759332
101.027697 93.265263
101.027697 93.771193
101.027697 94.277124
101.533627 94.783054
101.533627 95.288985
101.533627 95.794915
101.533627 96.300846
101.533627 96.806776
101.533627 97.312707
101.533627 97.818637
102.039558 98.324568
102.039558 98.830498
102.039558 99.336428
102.039558 99.842359
102.545488 100.348289
102.545488 100.854220
102.545488 101.360150
103.051419 101.866081
103.051419 102.372011
103.051419 102.877942
103.557349 103.383872
103.557349 103.889803
103.557349 104.395733
103.557349 104.901664
104.063279 105.407594
104.569210 105.913525
104.569210 106.419455
104.569210 106.925386
104.569210 107.431316
105.075140 107.937247
105.075140 108.443177
105.075140 108.949107
105.581071 109.455038
105.581071 109.960968
106.087001 110.466899
106.592932 110.972829
106.592932 111.478760
107.098862 111.984690
107.604793 112.490621
107.604793 112.996551
108.110723 113.502482
108.110723 114.008412
108.616654 114.514343
109.122584 115.020273
109.122584 115.526204
109.628515 116.032134
110.134445 116.538065
110.640376 117.043995
110.640376 117.549925
110.640376 118.055856
111.146306 118.561786
111.652237 119.067717
112.158167 119.573647
112.664098 120.079578
113.170028 120.585508
113.675958 121.091439
113.675958 121.597369
114.181889 122.103300
115.193750 122.609230
115.699680 123.115161
116.205611 123.621091
116.711541 124.127022
117.217472 124.127022
117.723402 124.632952
118.229333 125.138883
118.735263 125.138883
119.241194 125.644813
119.747124 126.150744
120.253055 126.656674
120.758985 127.162604
121.264916 127.162604
121.770846 127.668535
122.276777 128.174465
122.782707 128.680396
123.288637 129.186326
123.794568 129.186326
124.300498 129.692257
124.806429 130.198187
125.312359 130.198187
125.818290 130.704118
126.324220 131.210048
126.830151 131.210048
127.336081 131.715979
127.842012 132.221909
128.347942 132.727840
128.853873 132.727840
129.359803 133.233770
129.865734 133.233770
130.371664 133.739701
130.877595 134.245631
131.383525 134.751562
131.889455 134.751562
132.395386 135.257492
132.901316 135.763423
133.407247 135.763423
133.913177 136.269353
134.419108 136.775283
134.925038 136.775283
135.430969 137.281214
135.936899 136.775283
136.442830 136.775283
136.948760 136.775283
137.454691 137.281214
137.960621 136.775283
138.466552 136.775283
138.972482 136.775283
139.478413 136.775283
139.984343 136.269353
140.490274 136.269353
140.996204 136.269353
141.502134 136.775283
142.008065 136.775283
142.513995 137.281214
143.019926 137.281214
143.525856 137.787144
144.031787 138.293075
144.537717 138.799005
145.043648 139.304936
145.549578 139.304936
146.055509 139.810866
146.561439 140.316797
147.067370 140.316797
147.573300 140.822727
148.079231 141.328658
148.585161 141.328658
149.091092 141.834588
149.597022 142.340519
150.102953 142.340519
150.608883 142.846449
151.114813 142.846449
151.620744 143.352380
151.114813 143.858310
151.114813 144.364241
151.114813 144.870171
150.608883 145.376102
150.608883 145.882032
150.608883 146.387962
150.102953 146.893893
150.102953 147.399823
150.102953 147.905754
149.597022 147.905754
149.091092 148.411684
148.585161 148.411684
148.079231 148.917615
147.573300 149.423545
147.067370 149.929476
147.067370 150.435406
146.561439 150.941337
146.055509 151.447267
145.549578 151.953198
145.549578 152.459128
145.043648 152.965059
144.537717 153.470989
144.031787 153.976920
143.525856 153.976920
143.019926 154.482850
142.513995 154.988780
142.008065 155.494711
141.502134 156.000641
140.996204 156.000641
140.490274 156.000641
139.984343 156.000641
139.478413 156.506572
138.972482 156.506572
138.466552 156.506572
137.960621 157.012502
137.454691 157.518433
136.948760 158.024363
136.442830 158.530294
135.936899 159.036224
135.430969 159.542155
134.925038 160.048085
134.419108 160.554016
133.913177 161.059946
133.407247 161.059946
132.901316 161.565877
132.395386 162.071807
131.889455 162.577738
131.383525 163.083668
130.877595 163.083668
130.371664 163.589599
129.865734 163.589599
129.359803 164.095529
128.853873 164.601459
128.347942 164.601459
127.842012 164.601459
127.336081 164.601459
126.830151 165.107390
126.324220 165.107390
125.818290 165.613320
125.312359 166.119251
124.806429 166.119251
124.300498 166.119251
123.794568 166.119251
123.288637 166.625181
122.782707 166.625181
122.276777 166.625181
121.770846 167.131112
121.264916 167.131112
120.758985 167.131112
120.253055 167.131112
119.747124 167.131112
119.241194 167.637042
118.735263 167.637042
118.229333 167.637042
117.723402 167.637042
117.217472 167.637042
116.711541 167.637042
116.205611 167.637042
115.699680 167.131112
115.193750 167.131112
114.687819 167.131112
114.181889 167.131112
113.675958 167.131112
113.170028 167.131112
112.664098 166.625181
112.158167 166.119251
111.652237 166.119251
111.146306 166.119251
110.640376 166.119251
110.134445 165.613320
109.628515 165.613320
109.122584 165.107390
108.616654 164.601459
108.110723 164.601459
107.604793 164.095529
107.098862 164.095529
106.592932 163.589599
106.087001 163.083668
105.581071 162.577738
105.075140 162.071807
104.569210 161.565877
104.063279 161.059946
103.557349 160.554016
103.051419 160.048085
102.545488 159.542155
102.039558 159.036224
101.533627 158.530294
101.533627 158.024363
101.027697 157.518433
100.521766 157.012502
100.015836 156.506572
99.509905 156.000641
99.003975 155.494711
99.003975 154.988780
98.498044 154.482850
97.992114 153.976920
97.992114 153.470989
97.486183 152.965059
96.980253 152.459128
96.474322 151.953198
96.474322 151.447267
95.968392 150.941337
95.968392 150.435406
95.462461 149.929476
95.462461 149.423545
94.956531 148.917615
94.450600 148.411684
93.944670 147.905754
93.944670 147.399823
93.438740 146.893893
93.438740 146.387962
92.932809 145.882032
92.426879 145.376102
92.426879 144.870171
91.920948 144.364241
91.920948 143.858310
91.920948 143.352380
91.415018 142.846449
91.415018 142.340519
90.909087 141.834588
90.403157 141.328658
90.403157 140.822727
89.897226 140.316797
89.391296 139.810866
89.391296 139.304936
88.885365 138.799005
88.885365 138.293075
88.885365 137.787144
88.885365 137.281214
88.379435 136.775283
88.379435 136.269353
88.379435 135.763423
87.873504 135.257492
87.367574 134.751562
87.367574 134.245631
86.861643 133.739701
86.861643 133.233770
86.355713 132.727840
86.355713 132.221909
86.355713 131.715979
85.849782 131.210048
85.849782 130.704118
85.343852 130.198187
85.343852 129.692257
85.343852 129.186326
85.343852 128.680396
85.343852 128.174465
84.837922 127.668535
84.837922 127.162604
84.331991 126.656674
84.331991 126.150744
84.331991 125.644813
83.826061 125.138883
83.826061 124.632952
83.320130 124.127022
83.320130 123.621091
83.320130 123.115161
82.814200 122.609230
82.814200 122.103300
82.814200 121.597369
82.308269 121.091439
82.308269 120.585508
82.308269 120.079578
82.308269 119.573647
82.308269 119.067717
82.308269 118.561786
82.308269 118.055856
82.308269 117.549925
82.308269 117.043995
82.308269 116.538065
82.308269 116.032134
82.308269 115.526204
82.308269 115.020273
82.308269 114.514343
82.308269 114.008412
82.308269 113.502482
82.308269 112.996551
82.308269 112.490621
82.308269 111.984690
82.308269 111.478760
82.308269 110.972829
82.308269 110.466899
82.308269 109.960968
82.308269 109.455038
82.308269 108.949107
82.308269 108.443177
82.308269 107.937247
82.308269 107.431316
82.308269 106.925386
82.308269 106.419455
82.308269 105.913525
82.308269 105.407594
82.308269 104.901664
82.308269 104.395733
82.308269 103.889803
82.308269 103.383872
82.308269 102.877942
82.308269 102.372011
82.308269 101.866081
82.308269 101.360150
82.308269 100.854220
82.308269 100.348289
82.308269 99.842359
82.814200 99.336428
82.814200 98.830498
83.320130 98.324568
83.320130 97.818637
83.826061 97.312707
83.826061 96.806776
84.331991 96.300846
84.331991 95.794915
84.837922 95.288985
84.837922 94.783054
85.343852 94.277124
85.849782 93.771193
85.849782 93.265263
86.355713 92.759332
86.861643 92.253402
86.861643 91.747471
87.367574 91.241541
87.873504 90.735610
88.379435 90.229680
88.885365 89.723749
89.391296 89.217819
89.897226 88.711889
90.403157 88.205958
90.909087 87.700028
91.415018 87.194097
91.920948 87.194097
92.426879 86.688167
92.932809 86.182236
93.438740 86.182236
93.944670 85.676306
94.450600 85.676306
94.956531 85.676306
95.462461 85.170375
95.968392 85.676306
96.474322 85.676306
96.980253 85.676306
97.486183 86.182236
97.992114 86.688167
98.498044 87.194097
