90.791703 97.260908
91.316716 97.785921
91.841729 98.310935
91.841729 98.835948
92.366742 98.835948
92.366742 99.360961
92.891756 99.885974
92.891756 100.410987
93.416769 100.936000
93.941782 100.936000
93.941782 101.461013
94.466795 101.986026
94.991808 102.511039
94.991808 103.036053
95.516821 103.561066
95.516821 104.086079
96.041834 104.086079
96.566847 104.611092
97.091860 105.136105
97.616874 105.136105
97.616874 105.661118
97.616874 106.186131
97.616874 106.711144
98.141887 106.711144
98.141887 107.236157
98.141887 107.761170
98.666900 108.286184
98.666900 108.811197
99.191913 108.811197
99.191913 109.336210
99.191913 109.861223
99.716926 110.386236
100.241939 110.386236
100.241939 110.911249
100.241939 111.436262
100.766952 111.961275
100.766952 112.486288
101.291965 112.486288
101.291965 113.011302
101.291965 113.536315
101.816978 114.061328
101.816978 114.586341
102.341991 115.111354
102.341991 115.636367
102.867005 116.161380
102.867005 116.686393
102.867005 117.211406
103.392018 117.736419
103.392018 118.261433
103.392018 118.786446
103.917031 119.311459
104.442044 119.836472
104.967057 119.836472
104.967057 120.361485
104.967057 120.886498
105.492070 121.411511
105.492070 121.936524
106.017083 122.461537
106.542096 122.986551
107.067109 123.511564
107.592123 123.511564
107.592123 124.036577
107.592123 124.561590
107.592123 125.086603
108.117136 125.611616
108.117136 126.136629
107.592123 126.661642
108.117136 127.186655
108.642149 127.711669
108.642149 128.236682
109.167162 128.761695
109.692175 129.286708
110.217188 129.811721
110.742201 130.336734
110.742201 130.861747
111.267214 131.386760
111.792227 131.911773
112.317241 132.436786
112.842254 132.961800
113.367267 132.961800
113.892280 133.486813
114.417293 134.011826
114.942306 134.536839
115.467319 135.061852
115.992332 135.586865
116.517345 136.111878
116.517345 136.636891
117.042358 137.161904
117.567372 137.686918
118.092385 138.211931
118.617398 138.736944
119.142411 139.261957
119.667424 139.786970
120.192437 140.311983
120.717450 140.836996
121.242463 140.836996
121.767476 141.362009
122.292490 141.887022
122.817503 142.412035
123.342516 142.937049
123.867529 142.937049
124.392542 143.462062
124.917555 143.987075
125.442568 143.987075
125.967581 144.512088
126.492594 145.037101
127.017607 145.037101
127.542621 145.562114
128.067634 146.087127
128.592647 146.087127
129.117660 146.612140
129.642673 146.612140
130.167686 147.137153
130.692699 147.662167
131.217712 147.662167
131.742725 148.187180
132.267739 148.187180
132.792752 148.712193
133.317765 149.237206
133.842778 149.237206
134.367791 149.762219
134.892804 149.762219
135.417817 149.762219
135.942830 150.287232
136.467843 150.287232
136.992857 150.287232
137.517870 150.812245
138.042883 151.337258
138.567896 151.862271
138.567896 152.387285
138.567896 152.912298
138.567896 153.437311
138.567896 153.962324
138.567896 154.487337
138.567896 155.012350
138.567896 155.537363
138.567896 156.062376
138.567896 156.587389
138.567896 157.112402
138.567896 157.637416
138.567896 158.162429
138.567896 158.687442
138.567896 159.212455
138.567896 159.737468
138.042883 160.262481
138.042883 160.787494
138.042883 161.312507
137.517870 161.837520
136.992857 162.362534
136.467843 162.887547
136.467843 163.412560
135.942830 163.937573
135.417817 164.462586
134.892804 164.987599
134.367791 165.512612
133.842778 165.512612
133.317765 166.037625
132.792752 166.562638
132.267739 167.087651
131.742725 167.612665
131.217712 168.137678
130.692699 168.662691
130.167686 169.187704
129.642673 169.712717
129.117660 170.237730
128.592647 170.237730
128.067634 170.762743
127.542621 170.762743
127.017607 171.287756
126.492594 171.287756
125.967581 171.287756
125.442568 171.812769
124.917555 171.812769
124.392542 172.337783
123.867529 172.337783
123.342516 172.337783
122.817503 172.862796
122.292490 172.862796
121.767476 173.387809
121.242463 173.387809
120.717450 173.912822
120.192437 174.437835
119.667424 174.437835
119.142411 174.962848
118.617398 175.487861
118.092385 176.012874
117.567372 176.012874
117.042358 176.012874
116.517345 176.537887
115.992332 176.537887
115.467319 176.537887
114.942306 176.537887
114.417293 177.062901
113.892280 177.062901
113.367267 177.062901
112.842254 177.062901
112.317241 177.062901
111.792227 177.062901
111.267214 177.062901
110.742201 177.062901
110.217188 177.062901
109.692175 177.062901
109.167162 177.062901
108.642149 177.062901
108.117136 177.062901
107.592123 177.062901
107.067109 177.062901
106.542096 177.062901
106.017083 177.062901
105.492070 177.062901
104.967057 177.062901
104.442044 177.062901
103.917031 177.062901
103.392018 177.062901
102.867005 177.062901
102.341991 176.537887
101.816978 176.012874
101.291965 176.012874
100.766952 175.487861
100.241939 174.962848
99.716926 174.437835
99.191913 173.912822
98.666900 173.912822
98.141887 173.387809
97.616874 172.862796
97.091860 172.337783
96.566847 172.337783
96.041834 171.812769
95.516821 171.287756
94.991808 170.762743
94.466795 170.237730
94.466795 169.712717
93.941782 169.187704
93.416769 168.662691
93.416769 168.137678
92.891756 167.612665
92.366742 167.087651
92.366742 166.562638
91.841729 166.037625
91.316716 165.512612
91.316716 164.987599
90.791703 164.462586
90.266690 163.937573
90.266690 163.412560
89.741677 162.887547
89.741677 162.362534
89.216664 161.837520
89.216664 161.312507
89.216664 160.787494
89.216664 160.262481
89.216664 159.737468
88.691651 159.212455
88.691651 158.687442
88.691651 158.162429
88.691651 157.637416
88.691651 157.112402
88.166638 156.587389
88.166638 156.062376
88.166638 155.537363
88.166638 155.012350
88.166638 154.487337
88.166638 153.962324
87.641625 153.437311
87.641625 152.912298
87.641625 152.387285
87.641625 151.862271
87.116611 151.337258
87.116611 150.812245
87.116611 150.287232
87.116611 149.762219
87.116611 149.237206
87.116611 148.712193
87.116611 148.187180
87.116611 147.662167
87.116611 147.137153
86.591598 146.612140
86.591598 146.087127
86.066585 145.562114
86.066585 145.037101
86.066585 144.512088
85.541572 143.987075
85.541572 143.462062
85.016559 142.937049
85.016559 142.412035
85.016559 141.887022
84.491546 141.362009
84.491546 140.836996
84.491546 140.311983
83.966533 139.786970
83.966533 139.261957
83.441520 138.736944
83.441520 138.211931
83.441520 137.686918
82.916507 137.161904
82.391493 136.636891
82.391493 136.111878
81.866480 135.586865
81.866480 135.061852
81.866480 134.536839
81.341467 134.011826
81.341467 133.486813
80.816454 132.961800
80.816454 132.436786
80.816454 131.911773
80.291441 131.386760
80.291441 130.861747
79.766428 129.811721
79.766428 129.286708
79.241415 128.761695
78.716402 128.236682
78.191389 127.711669
78.191389 127.186655
78.191389 126.661642
77.666376 126.136629
77.666376 125.611616
77.666376 125.086603
77.666376 124.561590
77.666376 124.036577
77.141362 123.511564
77.141362 122.986551
77.141362 122.461537
77.141362 121.936524
76.616349 121.411511
76.616349 120.886498
76.091336 120.361485
76.091336 119.836472
76.091336 119.311459
76.091336 118.786446
76.091336 118.261433
75.566323 117.736419
75.566323 117.211406
75.566323 116.686393
75.041310 116.161380
75.041310 115.636367
75.041310 115.111354
75.041310 114.586341
74.516297 114.061328
74.516297 113.536315
74.516297 113.011302
75.041310 112.486288
75.041310 111.961275
75.566323 111.436262
75.566323 110.911249
76.091336 110.386236
76.091336 109.861223
76.616349 109.336210
76.616349 108.811197
76.616349 108.286184
77.141362 107.761170
77.141362 107.236157
77.141362 106.711144
77.666376 106.186131
77.666376 105.661118
77.666376 105.136105
77.666376 104.611092
77.666376 104.086079
78.191389 103.561066
78.191389 103.036053
78.191389 102.511039
78.191389 101.986026
78.716402 101.461013
79.241415 100.936000
79.766428 100.410987
80.291441 99.885974
80.816454 99.360961
81.341467 99.360961
81.341467 98.835948
81.866480 98.310935
81.866480 97.785921
82.391493 97.260908
82.916507 96.735895
83.441520 96.210882
83.441520 95.685869
83.966533 95.160856
84.491546 94.635843
84.491546 94.110830
85.016559 93.585817
85.541572 93.060803
85.541572 92.535790
86.066585 92.010777
86.591598 92.010777
87.116611 91.485764
87.641625 90.960751
88.166638 90.960751
88.691651 90.435738
89.216664 89.910725
89.741677 89.910725
89.741677 89.385712
89.741677 88.860699
89.741677 89.385712
89.741677 88.860699
89.741677 88.335686
89.741677 87.810672
89.741677 88.335686
89.741677 88.860699
89.741677 89.385712
89.741677 89.910725
89.741677 90.435738
89.741677 90.960751
89.741677 91.485764
89.741677 90.960751
89.741677 91.485764
89.741677 92.010777
89.741677 92.535790
89.741677 93.060803
89.741677 93.585817
90.266690 94.110830
90.266690 94.635843
90.266690 95.160856
90.266690 95.685869
90.266690 96.210882
90.266690 96.735895
90.791703 96.735895
90.791703 97.260908
