100.627838 98.286504
101.031652 98.286504
101.435467 98.286504
101.839281 98.286504
102.243096 98.690318
102.243096 99.094133
102.243096 99.497947
102.243096 99.901762
102.243096 100.305576
102.243096 100.709391
102.243096 101.113205
102.646910 101.517020
102.646910 101.920834
102.646910 102.324649
102.646910 102.728463
102.646910 103.132278
102.646910 103.536092
103.050725 103.939907
103.050725 104.343721
103.050725 104.747535
103.050725 105.151350
103.050725 105.555164
103.454539 105.958979
103.454539 106.362793
103.454539 106.766608
103.454539 107.170422
103.454539 107.574237
103.858353 107.574237
103.858353 107.978051
103.858353 108.381866
103.858353 108.785680
104.262168 108.785680
104.262168 109.189495
104.262168 109.593309
104.665982 109.997124
104.665982 110.400938
104.665982 110.804753
105.069797 111.208567
105.069797 111.612382
105.069797 112.016196
105.473611 112.016196
105.473611 112.420010
105.473611 112.823825
105.473611 113.227639
105.877426 113.227639
105.877426 113.631454
105.877426 114.035268
105.877426 114.439083
106.281240 114.842897
106.281240 115.246712
106.281240 115.650526
106.281240 116.054341
106.685055 116.054341
106.685055 116.458155
106.685055 116.861970
106.685055 117.265784
107.088869 117.265784
107.088869 117.669599
107.088869 118.073413
107.088869 118.477228
107.492684 118.477228
107.492684 118.881042
107.492684 119.284857
107.896498 119.284857
107.896498 119.688671
108.300313 120.092485
108.300313 120.496300
108.300313 120.900114
108.704127 121.303929
108.704127 121.707743
108.704127 122.111558
109.107942 122.111558
109.107942 122.515372
109.511756 122.919187
109.915571 123.323001
109.915571 123.726816
109.915571 124.130630
110.319385 124.130630
110.319385 124.534445
110.319385 124.938259
110.723200 124.938259
110.723200 125.342074
110.723200 125.745888
111.127014 125.745888
111.127014 126.149703
111.530829 126.149703
111.530829 126.553517
111.934643 126.957332
112.338457 127.361146
112.338457 127.764960
112.742272 127.764960
112.742272 128.168775
113.146086 128.572589
113.549901 128.976404
113.549901 129.380218
113.953715 129.380218
113.953715 129.784033
113.953715 130.187847
114.357530 130.187847
114.761344 130.591662
115.165159 130.995476
115.165159 131.399291
115.568973 131.399291
115.972788 131.803105
116.376602 132.206920
116.780417 132.610734
117.184231 133.014549
117.588046 133.418363
117.991860 133.822178
118.395675 134.225992
118.799489 134.629807
119.203304 135.033621
119.607118 135.437435
120.010932 135.437435
120.414747 135.841250
120.818561 136.245064
121.222376 136.648879
121.626190 136.648879
122.030005 137.052693
122.433819 137.456508
122.837634 137.860322
123.241448 137.860322
123.645263 138.264137
124.049077 138.667951
124.452892 138.667951
124.856706 139.071766
125.260521 139.071766
125.664335 139.475580
126.068150 139.475580
126.471964 139.879395
126.875779 140.283209
127.279593 140.283209
127.683407 140.687024
128.087222 140.687024
128.491036 141.090838
128.894851 141.090838
129.298665 141.090838
129.702480 141.494653
130.106294 141.494653
130.510109 141.898467
130.913923 141.898467
131.317738 142.302282
131.721552 142.302282
132.125367 142.302282
132.529181 142.706096
132.932996 142.706096
133.336810 142.706096
133.740625 143.109910
134.144439 143.109910
134.548254 143.109910
134.952068 143.513725
135.355882 143.513725
135.759697 143.513725
136.163511 143.513725
136.567326 143.917539
136.971140 143.917539
137.374955 143.917539
137.778769 143.917539
138.182584 143.917539
138.586398 144.321354
138.990213 144.321354
139.394027 144.321354
139.797842 144.321354
140.201656 144.321354
140.605471 144.321354
141.009285 144.725168
141.413100 144.725168
141.816914 144.725168
142.220729 144.725168
142.624543 144.725168
143.028357 144.725168
143.432172 144.725168
143.835986 144.725168
144.239801 144.725168
144.643615 144.725168
145.047430 144.725168
145.451244 144.725168
145.855059 144.725168
146.258873 144.725168
146.662688 144.725168
147.066502 144.725168
147.470317 144.725168
147.874131 144.725168
148.277946 144.725168
148.681760 145.128983
149.085575 145.936612
149.489389 146.340426
149.893204 146.744241
150.297018 147.148055
150.700832 147.551870
151.104647 147.955684
151.104647 148.359499
150.700832 148.763313
150.297018 149.167128
150.297018 149.570942
149.893204 149.974757
149.489389 150.378571
149.489389 150.782385
149.085575 151.186200
148.681760 151.590014
147.874131 151.993829
147.470317 152.801458
147.066502 153.205272
146.662688 153.609087
146.258873 154.012901
145.855059 154.416716
145.451244 154.820530
145.047430 155.224345
144.643615 155.628159
144.239801 156.031974
143.835986 156.435788
143.432172 156.839603
143.028357 157.243417
142.624543 157.243417
142.220729 157.647232
141.816914 157.647232
141.413100 158.051046
141.009285 158.454860
140.605471 158.454860
139.797842 158.858675
139.394027 159.262489
138.990213 159.666304
138.586398 160.070118
138.182584 160.473933
137.374955 160.877747
136.971140 161.281562
136.567326 161.281562
136.163511 161.685376
135.355882 162.089191
134.952068 162.493005
134.548254 162.896820
134.144439 163.300634
133.336810 163.704449
132.932996 164.108263
132.529181 164.512078
132.125367 164.915892
131.317738 164.915892
130.913923 165.319707
130.510109 165.723521
130.106294 165.723521
129.702480 165.723521
129.298665 166.127335
128.894851 166.127335
128.491036 166.127335
128.087222 166.531150
127.683407 166.531150
127.279593 166.531150
126.875779 166.531150
126.471964 166.934964
126.068150 166.934964
125.664335 166.934964
125.260521 166.934964
124.856706 167.338779
124.452892 167.338779
124.049077 167.338779
123.645263 167.742593
123.241448 167.742593
122.837634 167.742593
122.030005 167.742593
121.626190 167.742593
121.222376 167.742593
120.818561 167.742593
120.414747 167.742593
120.010932 167.742593
119.607118 167.742593
118.799489 167.742593
118.395675 167.742593
117.991860 167.742593
117.588046 167.742593
117.184231 167.742593
116.780417 167.742593
116.376602 167.742593
115.568973 167.742593
115.165159 167.742593
114.761344 167.338779
114.357530 167.338779
113.953715 166.934964
113.549901 166.934964
113.146086 166.531150
112.742272 166.531150
112.338457 166.127335
111.530829 166.127335
111.127014 165.723521
110.723200 165.723521
110.319385 165.319707
109.915571 165.319707
109.511756 164.915892
109.107942 164.915892
108.704127 164.915892
108.300313 164.512078
107.896498 164.512078
107.492684 164.108263
106.685055 164.108263
106.685055 163.300634
106.281240 162.896820
105.877426 162.493005
105.473611 162.089191
105.069797 161.685376
105.069797 161.281562
104.665982 160.877747
104.262168 160.473933
104.262168 160.070118
103.858353 159.666304
103.454539 159.262489
103.454539 158.858675
103.050725 158.454860
102.646910 158.051046
102.646910 157.243417
102.243096 156.839603
102.243096 156.435788
101.839281 156.031974
101.435467 155.628159
101.435467 155.224345
101.031652 154.820530
101.031652 154.416716
100.627838 154.012901
100.224023 153.609087
100.224023 152.801458
99.820209 152.397643
99.820209 151.993829
99.820209 151.590014
99.416394 151.186200
99.416394 150.782385
99.416394 150.378571
99.416394 149.974757
99.416394 149.570942
99.416394 149.167128
99.012580 148.763313
99.012580 148.359499
98.608765 147.551870
98.608765 147.148055
98.608765 146.744241
98.204951 146.340426
98.204951 145.936612
97.801136 145.532797
97.801136 145.128983
97.397322 144.321354
97.397322 143.917539
97.397322 143.513725
96.993507 143.109910
96.993507 142.706096
96.589693 142.302282
96.589693 141.494653
96.589693 141.090838
96.185878 140.687024
96.185878 140.283209
95.782064 139.879395
95.782064 139.475580
95.782064 139.071766
95.782064 138.667951
95.782064 137.860322
95.782064 137.456508
95.782064 137.052693
95.782064 136.648879
95.782064 136.245064
95.782064 135.841250
95.782064 135.437435
95.378250 135.033621
95.378250 134.225992
95.378250 133.822178
95.378250 133.418363
94.974435 133.014549
94.974435 132.610734
94.974435 132.206920
94.570621 131.399291
94.570621 130.995476
94.570621 130.591662
94.570621 130.187847
94.166806 129.784033
94.166806 129.380218
94.166806 128.572589
94.166806 128.168775
93.762992 127.764960
93.762992 127.361146
93.762992 126.957332
93.359177 126.553517
93.359177 126.149703
93.359177 125.745888
93.359177 125.342074
92.955363 124.938259
92.955363 124.130630
92.955363 123.726816
92.955363 123.323001
92.551548 122.919187
92.551548 122.515372
92.551548 122.111558
92.147734 121.707743
92.147734 121.303929
92.147734 120.900114
92.147734 120.496300
91.743919 120.092485
91.743919 119.688671
91.743919 119.284857
91.743919 118.881042
91.340105 118.477228
91.340105 118.073413
91.340105 117.669599
90.936290 117.265784
90.936290 116.861970
90.936290 116.458155
91.340105 116.054341
91.340105 115.650526
91.340105 115.246712
91.340105 114.842897
91.340105 114.439083
91.340105 114.035268
91.340105 113.631454
91.340105 113.227639
91.340105 112.823825
91.340105 112.420010
91.340105 112.016196
91.340105 111.612382
91.340105 111.208567
91.340105 110.804753
90.936290 110.400938
90.936290 109.997124
90.936290 109.593309
90.936290 109.189495
91.340105 108.785680
91.743919 108.381866
92.147734 108.381866
92.147734 107.978051
92.551548 107.574237
92.955363 107.574237
92.955363 107.170422
93.359177 106.766608
93.762992 106.362793
94.166806 105.958979
94.166806 105.555164
94.570621 105.151350
94.974435 104.747535
94.974435 104.343721
95.378250 103.939907
95.782064 103.536092
95.782064 103.132278
96.185878 102.728463
96.185878 102.324649
96.589693 101.920834
96.589693 101.517020
96.993507 101.113205
96.993507 100.709391
97.397322 100.305576
97.397322 99.901762
97.801136 99.497947
97.801136 99.094133
98.204951 98.690318
98.204951 98.286504
98.608765 97.882689
99.012580 97.882689
99.416394 97.882689
99.820209 97.882689
100.224023 98.286504
100.627838 98.286504
