108.156441 63.844706
107.419983 64.581165
107.419983 65.317623
107.419983 64.581165
107.419983 65.317623
107.419983 66.054082
107.419983 66.790541
107.419983 67.526999
107.419983 68.263458
107.419983 68.999917
107.419983 69.736375
107.419983 70.472834
107.419983 71.209293
107.419983 71.945751
107.419983 72.682210
107.419983 73.418668
107.419983 74.155127
107.419983 74.891586
107.419983 75.628044
108.156441 75.628044
108.156441 76.364503
108.156441 77.100962
108.156441 77.837420
107.419983 78.573879
107.419983 79.310338
107.419983 80.046796
107.419983 80.783255
106.683524 81.519714
106.683524 82.256172
106.683524 82.992631
106.683524 83.729090
106.683524 84.465548
106.683524 85.202007
105.947065 85.938465
105.947065 86.674924
105.947065 87.411383
105.947065 88.147841
105.947065 88.884300
105.947065 89.620759
105.947065 90.357217
105.947065 91.093676
105.947065 91.830135
105.947065 92.566593
105.947065 93.303052
105.947065 94.039511
105.947065 94.775969
105.947065 95.512428
106.683524 96.248887
106.683524 96.985345
106.683524 97.721804
106.683524 98.458262
106.683524 99.194721
106.683524 99.931180
107.419983 100.667638
107.419983 101.404097
107.419983 102.140556
107.419983 102.877014
107.419983 103.613473
108.156441 103.613473
108.156441 104.349932
108.156441 105.086390
108.156441 105.822849
108.892900 105.822849
108.892900 106.559308
109.629358 107.295766
109.629358 108.032225
109.629358 108.768684
110.365817 109.505142
110.365817 110.241601
110.365817 110.978059
111.102276 111.714518
111.102276 112.450977
111.838734 113.187435
111.838734 113.923894
111.838734 114.660353
112.575193 114.660353
112.575193 115.396811
113.311652 116.133270
113.311652 116.869729
114.048110 117.606187
114.048110 118.342646
114.784569 118.342646
114.784569 119.079105
115.521028 119.815563
116.257486 120.552022
116.257486 121.288481
116.993945 121.288481
116.993945 122.024939
117.730404 122.761398
118.466862 123.497856
118.466862 124.234315
119.203321 124.234315
119.939780 124.970774
120.676238 125.707232
121.412697 126.443691
122.149155 127.180150
122.885614 127.916608
123.622073 128.653067
124.358531 129.389526
125.094990 130.125984
125.831449 130.125984
126.567907 130.862443
127.304366 131.598902
128.040825 132.335360
128.777283 132.335360
129.513742 133.071819
130.250201 133.808278
130.986659 134.544736
131.723118 135.281195
132.459577 136.017653
132.459577 136.754112
133.196035 137.490571
133.932494 138.227029
134.668952 138.963488
134.668952 139.699947
135.405411 139.699947
136.141870 140.436405
136.878328 140.436405
137.614787 141.172864
138.351246 141.909323
139.087704 142.645781
139.824163 142.645781
140.560622 143.382240
141.297080 144.118699
142.033539 144.118699
142.769998 144.855157
143.506456 144.855157
143.506456 145.591616
144.242915 146.328075
144.979374 147.064533
145.715832 147.800992
145.715832 148.537450
146.452291 148.537450
147.188749 149.273909
147.188749 150.010368
147.925208 150.746826
148.661667 151.483285
148.661667 152.219744
148.661667 152.956202
149.398125 153.692661
149.398125 154.429120
149.398125 155.165578
150.134584 156.638496
150.134584 157.374954
150.871043 158.111413
150.871043 158.847872
150.871043 159.584330
151.607501 160.320789
151.607501 161.057247
151.607501 161.793706
151.607501 163.266623
151.607501 164.003082
151.607501 164.739541
152.343960 165.475999
152.343960 166.212458
152.343960 166.948917
152.343960 167.685375
152.343960 168.421834
151.607501 169.158293
151.607501 169.894751
151.607501 170.631210
150.871043 171.367669
150.871043 172.104127
150.134584 172.840586
149.398125 173.577044
148.661667 174.313503
147.925208 174.313503
147.188749 175.049962
146.452291 175.786420
145.715832 175.786420
144.979374 176.522879
144.242915 177.259338
143.506456 177.259338
142.769998 177.995796
142.033539 177.995796
141.297080 178.732255
140.560622 179.468714
139.824163 179.468714
139.087704 180.205172
138.351246 180.941631
137.614787 180.941631
136.878328 181.678090
136.141870 182.414548
134.668952 183.151007
133.932494 183.887466
133.196035 184.623924
132.459577 184.623924
131.723118 185.360383
130.250201 185.360383
129.513742 186.096841
128.777283 186.096841
128.040825 186.833300
127.304366 186.833300
125.831449 187.569759
125.094990 188.306217
124.358531 188.306217
123.622073 189.042676
122.885614 189.042676
121.412697 189.779135
120.676238 189.779135
119.939780 190.515593
119.203321 191.252052
118.466862 191.252052
116.993945 191.988511
116.257486 191.988511
115.521028 191.988511
114.784569 191.988511
114.048110 191.988511
113.311652 191.988511
112.575193 191.988511
111.838734 191.988511
111.102276 191.988511
110.365817 191.988511
109.629358 191.988511
108.892900 191.988511
108.156441 191.988511
107.419983 191.988511
106.683524 191.988511
105.947065 191.988511
105.210607 191.988511
104.474148 191.252052
103.737689 191.252052
103.001231 191.252052
102.264772 190.515593
101.528313 190.515593
100.791855 190.515593
100.055396 189.779135
99.318937 189.779135
98.582479 189.779135
97.846020 189.042676
97.109561 189.042676
96.373103 189.042676
94.900186 189.042676
94.163727 188.306217
93.427268 187.569759
92.690810 186.833300
91.954351 186.096841
91.217892 185.360383
90.481434 184.623924
89.744975 184.623924
89.008516 183.887466
88.272058 183.151007
87.535599 182.414548
86.799140 181.678090
86.062682 180.941631
85.326223 180.205172
84.589764 179.468714
83.853306 178.732255
83.853306 177.995796
83.116847 177.259338
83.116847 176.522879
82.380389 175.786420
81.643930 175.049962
81.643930 174.313503
80.907471 173.577044
80.907471 172.840586
80.171013 172.104127
79.434554 171.367669
79.434554 170.631210
78.698095 169.894751
78.698095 169.158293
77.961637 168.421834
77.225178 167.685375
77.225178 166.948917
77.225178 166.212458
76.488719 165.475999
76.488719 164.003082
76.488719 163.266623
75.752261 162.530165
75.752261 161.793706
75.015802 161.057247
75.015802 160.320789
74.279343 159.584330
74.279343 158.847872
73.542885 158.111413
73.542885 157.374954
73.542885 156.638496
72.806426 155.902037
72.806426 155.165578
72.069967 154.429120
72.069967 153.692661
71.333509 152.956202
71.333509 152.219744
70.597050 151.483285
70.597050 150.746826
70.597050 150.010368
69.860592 149.273909
69.860592 148.537450
69.124133 147.800992
69.124133 147.064533
69.124133 146.328075
68.387674 145.591616
68.387674 144.855157
67.651216 144.118699
67.651216 143.382240
66.914757 142.645781
66.914757 141.909323
66.914757 141.172864
66.178298 140.436405
66.178298 139.699947
65.441840 138.963488
65.441840 137.490571
65.441840 136.754112
65.441840 136.017653
64.705381 135.281195
64.705381 134.544736
64.705381 133.808278
64.705381 133.071819
63.968922 132.335360
63.968922 131.598902
63.968922 130.862443
63.968922 130.125984
63.232464 129.389526
63.232464 127.916608
63.232464 127.180150
63.232464 126.443691
62.496005 125.707232
62.496005 124.970774
62.496005 124.234315
62.496005 123.497856
61.759546 122.761398
61.759546 122.024939
61.759546 121.288481
61.759546 120.552022
61.023088 119.815563
61.023088 118.342646
61.023088 117.606187
61.023088 116.869729
60.286629 116.133270
60.286629 115.396811
60.286629 114.660353
59.550170 113.187435
59.550170 112.450977
59.550170 111.714518
59.550170 110.978059
58.813712 110.241601
58.813712 108.768684
58.813712 108.032225
58.077253 107.295766
58.077253 106.559308
58.077253 105.822849
57.340795 104.349932
57.340795 103.613473
57.340795 102.877014
57.340795 102.140556
56.604336 101.404097
56.604336 99.931180
56.604336 99.194721
56.604336 98.458262
57.340795 97.721804
57.340795 96.985345
57.340795 96.248887
57.340795 95.512428
58.077253 94.039511
58.077253 93.303052
58.077253 92.566593
58.077253 91.830135
58.077253 91.093676
58.813712 90.357217
58.813712 88.884300
58.813712 88.147841
58.813712 87.411383
59.550170 86.674924
59.550170 85.938465
60.286629 85.202007
60.286629 84.465548
61.023088 83.729090
61.023088 82.256172
61.759546 81.519714
61.759546 80.783255
61.759546 80.046796
62.496005 79.310338
62.496005 78.573879
63.232464 77.837420
63.232464 77.100962
63.968922 75.628044
63.968922 74.891586
64.705381 74.155127
64.705381 73.418668
65.441840 72.682210
66.178298 71.945751
66.914757 71.209293
66.914757 70.472834
67.651216 68.999917
68.387674 68.263458
68.387674 67.526999
69.124133 66.790541
69.860592 66.054082
70.597050 65.317623
70.597050 64.581165
71.333509 63.844706
72.069967 62.371789
72.806426 61.635330
73.542885 60.898871
74.279343 60.162413
75.015802 59.425954
75.752261 58.689496
75.752261 57.953037
76.488719 57.216578
77.225178 56.480120
78.698095 56.480120
79.434554 55.743661
80.171013 55.007202
80.907471 55.007202
81.643930 54.270744
82.380389 54.270744
83.116847 53.534285
84.589764 53.534285
85.326223 52.797826
86.062682 52.797826
86.799140 52.061368
87.535599 52.061368
88.272058 51.324909
89.008516 51.324909
89.744975 51.324909
90.481434 51.324909
91.217892 51.324909
91.954351 50.588450
92.690810 50.588450
93.427268 50.588450
94.163727 50.588450
94.900186 50.588450
95.636644 49.851992
96.373103 49.851992
97.109561 50.588450
97.846020 50.588450
98.582479 50.588450
100.055396 50.588450
100.791855 50.588450
101.528313 51.324909
102.264772 51.324909
103.001231 52.061368
103.001231 52.797826
103.737689 53.534285
103.737689 54.270744
104.474148 55.007202
105.210607 55.743661
105.210607 56.480120
105.947065 57.216578
105.947065 57.953037
105.947065 58.689496
106.683524 59.425954
106.683524 60.162413
107.419983 60.898871
108.156441 61.635330
108.156441 62.371789
108.156441 63.108247
108.156441 63.844706
