97.696846 92.836632
98.129021 92.836632
98.129021 93.268807
98.129021 93.700982
98.129021 94.133157
98.129021 94.565333
98.129021 94.997508
98.129021 95.429683
98.129021 95.861858
98.129021 96.294034
98.129021 96.726209
98.129021 97.158384
98.129021 97.590560
98.129021 98.022735
98.129021 98.454910
98.129021 98.887085
98.129021 99.319261
98.129021 99.751436
98.129021 100.183611
98.129021 100.615786
98.129021 101.047962
98.129021 101.480137
98.561197 101.912312
98.561197 102.344488
98.561197 102.776663
98.561197 103.208838
98.561197 103.641013
98.561197 104.073189
98.561197 104.505364
98.561197 104.937539
98.561197 105.369714
98.993372 105.369714
98.993372 105.801890
98.993372 106.234065
98.993372 105.801890
98.993372 106.234065
98.993372 106.666240
98.993372 107.098416
99.425547 107.530591
99.425547 107.962766
99.425547 108.394941
99.425547 107.962766
99.425547 108.394941
99.425547 108.827117
99.425547 108.394941
99.425547 108.827117
99.425547 109.259292
99.857723 109.259292
99.857723 109.691467
99.857723 110.123642
99.857723 110.555818
99.857723 110.987993
100.289898 110.987993
100.289898 111.420168
100.289898 111.852344
100.722073 112.284519
100.722073 112.716694
100.722073 113.148869
101.154248 113.581045
101.154248 114.013220
101.154248 114.445395
101.154248 114.013220
101.154248 114.445395
101.586424 114.877570
101.586424 115.309746
101.586424 115.741921
102.018599 115.741921
102.018599 116.174096
102.018599 116.606272
102.018599 117.038447
102.450774 117.038447
102.450774 117.470622
102.882949 117.902797
102.882949 118.334973
103.315125 118.767148
103.315125 119.199323
103.747300 119.631498
103.747300 120.063674
104.179475 120.495849
104.179475 120.928024
104.611650 121.360200
104.611650 121.792375
105.043826 122.224550
105.476001 122.656725
105.476001 123.088901
105.908176 123.521076
105.908176 123.953251
106.340352 123.953251
106.340352 124.385426
106.340352 124.817602
106.772527 124.817602
107.204702 125.249777
107.204702 125.681952
107.636877 126.114127
107.636877 126.546303
108.069053 126.546303
108.069053 126.978478
108.069053 127.410653
108.501228 127.410653
108.933403 127.842829
109.365578 128.275004
109.365578 128.707179
109.797754 128.707179
110.229929 129.139354
110.229929 129.571530
110.662104 130.003705
110.662104 130.435880
111.094280 130.435880
111.526455 130.868055
111.526455 131.300231
111.958630 131.300231
112.390805 131.732406
112.390805 132.164581
112.822981 132.164581
113.255156 132.596757
113.687331 133.028932
113.687331 133.461107
114.119506 133.461107
114.551682 133.893282
114.983857 134.325458
115.416032 134.757633
115.848208 134.757633
116.280383 135.189808
116.712558 135.621983
117.144733 136.054159
117.576909 136.486334
118.009084 136.918509
118.441259 136.918509
118.873434 137.350685
119.305610 137.782860
119.737785 137.782860
120.169960 138.215035
120.602136 138.647210
121.034311 138.647210
121.466486 139.079386
121.898661 139.511561
122.330837 139.511561
122.763012 139.943736
123.195187 140.375911
123.627362 140.375911
124.059538 140.808087
124.491713 140.808087
124.923888 141.240262
125.356064 141.240262
125.788239 141.672437
126.220414 141.672437
126.652589 142.104613
127.084765 142.104613
127.516940 142.536788
127.949115 142.536788
128.381290 142.968963
128.813466 142.968963
129.245641 142.968963
129.677816 143.401138
130.109992 143.401138
130.542167 143.833314
130.974342 143.833314
131.406517 143.833314
131.838693 144.265489
132.270868 144.265489
132.703043 144.265489
133.135218 144.697664
133.567394 144.697664
133.999569 144.697664
134.431744 145.129839
134.863919 145.129839
135.296095 145.129839
135.728270 145.562015
136.160445 145.562015
136.592621 145.562015
137.024796 145.562015
137.456971 145.994190
137.889146 145.994190
138.321322 145.994190
138.753497 145.994190
139.185672 146.426365
139.617847 146.858541
140.050023 147.722891
140.482198 148.155066
140.914373 148.587242
140.914373 149.019417
140.914373 149.451592
141.346549 149.883767
141.346549 150.315943
141.346549 150.748118
141.778724 151.180293
141.778724 152.044644
141.778724 152.476819
142.210899 152.908994
142.210899 153.341170
142.210899 153.773345
142.210899 154.205520
141.778724 154.637695
141.346549 154.637695
140.914373 155.069871
140.482198 155.502046
140.050023 155.934221
139.617847 155.934221
138.753497 156.366396
138.321322 156.798572
137.889146 157.230747
137.456971 157.230747
137.024796 157.662922
136.592621 158.095098
136.160445 158.095098
135.728270 158.527273
135.296095 158.527273
134.863919 158.959448
134.431744 158.959448
133.999569 159.391623
133.567394 159.391623
133.135218 159.823799
132.703043 159.823799
132.270868 160.255974
131.838693 160.255974
131.406517 160.688149
130.974342 160.688149
130.542167 161.120324
130.109992 161.120324
129.677816 161.552500
129.245641 161.552500
128.813466 161.984675
128.381290 161.984675
127.949115 162.416850
127.516940 162.849026
126.652589 163.281201
126.220414 163.281201
125.788239 163.713376
125.356064 164.145551
124.923888 164.577727
124.491713 165.009902
123.627362 165.009902
123.195187 165.442077
122.763012 165.874252
122.330837 166.306428
121.898661 166.738603
121.466486 167.170778
120.602136 167.170778
120.169960 167.602954
119.737785 167.602954
119.305610 167.602954
118.873434 168.035129
118.441259 168.035129
117.576909 168.035129
117.144733 168.035129
116.712558 168.467304
116.280383 168.467304
115.848208 168.467304
115.416032 168.899479
114.983857 168.899479
114.119506 168.899479
113.687331 169.331655
113.255156 169.331655
112.822981 169.331655
112.390805 169.331655
111.958630 169.331655
111.526455 169.331655
111.094280 169.331655
110.662104 169.331655
110.229929 169.331655
109.797754 169.331655
109.365578 169.331655
108.933403 169.331655
108.501228 169.331655
108.069053 169.331655
107.636877 169.331655
107.204702 169.331655
106.772527 169.331655
105.908176 169.331655
105.476001 168.899479
105.043826 168.899479
104.611650 168.467304
104.179475 168.035129
103.747300 168.035129
103.315125 167.602954
102.882949 167.602954
102.018599 167.170778
101.586424 167.170778
101.154248 166.738603
100.722073 166.738603
100.722073 166.306428
100.289898 165.874252
100.289898 165.009902
99.857723 164.577727
99.425547 164.145551
99.425547 163.713376
98.993372 163.281201
98.993372 162.849026
98.993372 162.416850
98.993372 161.984675
98.561197 161.552500
98.561197 161.120324
98.561197 160.688149
98.561197 160.255974
98.129021 159.391623
98.129021 158.959448
98.129021 158.527273
98.129021 158.095098
97.696846 157.662922
97.696846 157.230747
97.696846 156.798572
97.696846 156.366396
97.264671 155.934221
97.264671 155.502046
97.264671 155.069871
97.264671 154.205520
96.832496 153.773345
96.832496 153.341170
96.832496 152.908994
96.832496 152.476819
96.832496 152.044644
96.400320 151.612468
96.400320 151.180293
95.968145 150.748118
95.968145 150.315943
95.535970 149.883767
95.535970 149.451592
95.103795 149.019417
94.671619 148.587242
94.671619 148.155066
94.239444 147.722891
94.239444 147.290716
93.807269 146.426365
93.375093 145.994190
93.375093 145.562015
92.942918 145.129839
92.510743 144.697664
92.510743 144.265489
92.078568 143.833314
92.078568 143.401138
91.646392 142.968963
91.646392 142.536788
91.214217 142.104613
91.214217 141.672437
90.782042 141.240262
90.349867 140.808087
90.349867 140.375911
89.917691 139.511561
89.917691 139.079386
89.485516 138.647210
89.485516 138.215035
89.053341 137.782860
89.053341 137.350685
88.621165 136.918509
88.621165 136.486334
88.188990 136.054159
88.188990 135.621983
87.756815 135.189808
87.756815 134.757633
87.756815 134.325458
87.756815 133.893282
87.756815 133.461107
87.756815 133.028932
87.756815 132.596757
87.756815 132.164581
87.756815 131.732406
87.756815 131.300231
87.756815 130.435880
87.756815 130.003705
87.756815 129.571530
87.756815 129.139354
87.756815 128.707179
87.756815 127.842829
88.188990 127.410653
88.188990 126.978478
88.188990 126.546303
88.188990 126.114127
88.188990 125.249777
88.188990 124.817602
88.188990 124.385426
88.188990 123.953251
88.621165 123.088901
88.621165 122.656725
88.621165 122.224550
88.621165 121.792375
88.621165 121.360200
88.621165 120.928024
89.053341 120.495849
89.485516 119.631498
89.917691 119.199323
90.349867 118.767148
90.782042 118.334973
90.782042 117.902797
90.782042 117.470622
90.782042 117.038447
90.782042 116.606272
90.782042 116.174096
90.782042 115.741921
90.782042 114.877570
90.782042 114.445395
90.782042 114.013220
90.782042 113.581045
90.782042 113.148869
90.782042 112.716694
90.782042 111.852344
90.782042 111.420168
90.782042 110.987993
90.782042 110.555818
90.782042 110.123642
90.782042 109.691467
90.782042 108.827117
90.782042 108.394941
90.782042 107.962766
91.214217 107.530591
91.214217 106.666240
91.214217 106.234065
91.214217 105.801890
91.214217 104.937539
91.214217 104.505364
91.214217 104.073189
91.214217 103.641013
91.214217 102.776663
91.214217 102.344488
91.214217 101.912312
91.214217 101.047962
91.214217 100.615786
91.214217 100.183611
91.214217 99.751436
91.214217 98.887085
91.214217 98.454910
91.214217 98.022735
91.214217 97.158384
91.646392 96.726209
91.646392 96.294034
91.646392 95.861858
91.646392 95.429683
92.078568 94.997508
92.078568 94.133157
92.510743 93.700982
92.510743 93.268807
92.942918 92.836632
92.942918 92.404456
93.375093 91.972281
92.942918 91.540106
93.375093 91.540106
93.807269 91.540106
94.239444 91.540106
94.671619 91.540106
95.103795 91.540106
95.535970 91.972281
95.968145 91.972281
96.400320 91.972281
96.832496 92.404456
97.264671 92.404456
97.696846 92.836632
