102.700872 59.759798
103.542383 62.395673
103.870030 65.480395
103.810083 68.931991
103.486277 72.643546
103.022424 76.508289
102.540198 80.440048
102.150003 84.382110
101.941199 88.305721
101.981128 92.202758
102.320333 96.077093
102.985656 99.937627
103.983825 103.793577
105.316337 107.651140
106.994100 111.511073
109.033061 115.367056
111.441781 119.205157
114.221497 123.005034
117.361218 126.743112
120.830559 130.397635
124.577717 133.954623
128.532524 137.413343
132.605518 140.791358
136.678296 144.130306
140.589139 147.492527
144.124487 150.939144
147.028597 154.499318
149.038622 158.152762
149.940351 161.827366
149.626016 165.410750
148.136534 168.772663
145.658477 171.795657
142.459253 174.408574
138.807243 176.613193
134.917916 178.492143
130.938676 180.188100
126.954308 181.834571
123.001200 183.482838
119.083560 185.076852
115.187870 186.476625
111.295047 187.503797
107.390948 187.989866
103.476267 187.802986
99.576017 186.861100
95.746879 185.143398
92.078311 182.699404
88.682368 179.645252
85.669211 176.139407
83.112121 172.346333
81.015525 168.406108
79.303794 164.418986
77.840852 160.444346
76.474129 156.508236
75.084493 152.613942
73.620239 148.752004
72.098864 144.908020
70.580960 141.067542
69.138531 137.218773
67.831506 133.354078
66.689526 129.471595
65.697797 125.577373
64.802204 121.688082
63.939456 117.833240
63.074889 114.054732
62.227582 110.400310
61.474327 106.909453
60.928030 103.593395
60.690759 100.416171
60.799553 97.289973
61.211514 94.099482
61.856145 90.753298
62.689473 87.209166
63.719072 83.471683
65.001876 79.578212
66.623610 75.588051
68.669852 71.581644
71.193930 67.667237
74.193449 63.986766
77.610841 60.710856
81.341960 58.016275
85.246829 56.048979
89.158662 54.888773
92.891630 54.537839
96.253945 54.935638
99.072957 55.990656
101.231584 57.616676
102.700872 59.759798
