103.492342 121.158953
103.806408 121.473018
103.806408 121.787083
104.120473 121.787083
104.434538 122.101149
104.748604 122.415214
104.748604 122.729280
105.062669 122.729280
105.376734 123.043345
105.376734 123.357410
105.376734 123.671476
105.690800 123.671476
106.004865 123.985541
106.318930 124.299606
106.632996 124.613672
106.947061 124.927737
106.947061 125.241802
107.261127 125.241802
107.575192 125.555868
107.889257 125.869933
108.203323 126.183998
108.517388 126.498064
108.831453 126.812129
109.145519 126.812129
109.145519 127.126194
109.459584 127.126194
109.773649 127.440260
110.087715 127.754325
110.401780 128.068391
110.715845 128.382456
111.029911 128.696521
111.343976 129.010587
111.658041 129.324652
111.972107 129.638717
112.286172 129.952783
112.600238 130.266848
112.914303 130.580913
113.228368 130.894979
113.542434 130.894979
113.856499 131.209044
114.170564 131.523109
114.484630 131.837175
114.798695 131.837175
115.112760 132.151240
115.426826 132.465305
115.740891 132.465305
116.369022 132.779371
116.683087 133.093436
116.997152 133.093436
117.311218 133.407502
117.625283 133.407502
117.939349 133.721567
118.253414 134.035632
118.567479 134.035632
118.881545 134.349698
119.195610 134.349698
119.509675 134.663763
119.823741 134.663763
120.137806 134.977828
120.451871 134.977828
120.765937 135.291894
121.080002 135.291894
121.394067 135.605959
121.708133 135.605959
122.022198 135.605959
122.336263 135.920024
122.650329 136.234090
122.964394 136.234090
123.278459 136.234090
123.592525 136.548155
123.906590 136.548155
124.220656 136.548155
124.534721 136.862220
124.848786 136.862220
125.162852 136.862220
125.476917 136.862220
125.790982 137.176286
126.105048 137.176286
126.419113 137.490351
126.733178 137.490351
127.047244 137.490351
127.361309 137.804416
127.675374 137.804416
127.989440 137.804416
128.303505 138.118482
128.617570 138.118482
128.931636 138.118482
129.245701 138.118482
129.559767 138.432547
129.873832 138.432547
130.187897 138.432547
130.501963 138.746613
130.816028 138.746613
131.130093 138.746613
131.444159 138.746613
131.758224 139.060678
132.072289 139.060678
132.386355 139.060678
132.700420 139.060678
133.014485 139.060678
133.328551 139.374743
133.642616 139.374743
133.956681 139.374743
134.270747 139.374743
134.584812 139.374743
134.898878 139.688809
135.212943 139.688809
135.527008 139.688809
135.841074 139.688809
136.155139 139.688809
136.469204 139.688809
136.783270 139.688809
137.097335 140.002874
137.411400 140.002874
137.725466 140.002874
138.039531 140.002874
138.353596 140.002874
138.667662 140.002874
138.981727 140.002874
139.295792 140.002874
139.609858 140.002874
139.923923 140.002874
140.237989 140.316939
140.552054 140.316939
140.866119 140.316939
140.866119 140.631005
140.866119 140.945070
140.552054 140.945070
140.237989 141.259135
139.923923 141.573201
139.609858 141.887266
139.295792 142.201331
138.981727 142.515397
138.981727 142.829462
138.667662 143.143527
138.353596 143.457593
138.039531 143.771658
137.725466 144.085724
137.411400 144.399789
137.097335 144.713854
136.783270 145.027920
136.783270 145.341985
136.469204 145.656050
136.155139 145.970116
135.841074 146.284181
135.527008 146.598246
135.212943 146.912312
134.898878 147.226377
134.898878 147.540442
134.584812 147.854508
134.584812 148.168573
134.270747 148.482638
133.956681 148.796704
133.642616 149.110769
133.328551 149.424835
133.014485 149.738900
132.700420 150.052965
132.700420 150.367031
132.386355 150.681096
132.072289 150.995161
131.758224 151.309227
131.444159 151.623292
131.130093 151.937357
130.816028 152.251423
130.501963 152.565488
130.187897 152.879553
129.873832 152.879553
129.559767 153.193619
129.245701 153.507684
128.931636 153.507684
128.617570 153.507684
128.303505 153.821749
127.989440 154.135815
127.675374 154.135815
127.361309 154.449880
127.047244 154.449880
126.733178 154.763946
126.419113 154.763946
126.105048 155.078011
125.790982 155.078011
125.476917 155.078011
125.162852 155.392076
124.848786 155.392076
124.534721 155.706142
124.220656 156.020207
123.592525 156.020207
123.278459 156.020207
122.964394 156.020207
122.650329 156.020207
122.336263 156.020207
122.022198 156.020207
121.708133 156.020207
121.394067 156.020207
121.080002 156.020207
120.765937 156.020207
120.451871 156.020207
120.137806 156.020207
119.823741 156.020207
119.509675 156.020207
119.195610 156.020207
118.881545 156.020207
118.567479 156.020207
118.253414 156.020207
117.939349 156.020207
117.625283 156.020207
117.311218 156.020207
116.997152 156.020207
116.683087 156.020207
116.369022 156.020207
116.054956 156.020207
115.740891 155.706142
115.426826 155.706142
115.112760 155.392076
114.798695 155.392076
114.484630 155.392076
114.170564 155.078011
113.856499 155.078011
113.542434 154.763946
113.228368 154.763946
112.914303 154.449880
112.600238 154.449880
112.286172 154.135815
111.972107 153.821749
111.658041 153.507684
111.658041 153.193619
111.343976 152.879553
111.343976 152.565488
111.343976 152.251423
111.029911 151.937357
111.029911 151.623292
110.715845 151.309227
110.401780 150.995161
110.087715 150.681096
109.773649 150.367031
109.459584 150.052965
109.145519 149.738900
109.145519 149.424835
109.145519 149.110769
109.145519 148.796704
108.831453 148.482638
108.831453 148.168573
108.831453 147.854508
108.517388 147.540442
108.517388 147.226377
108.517388 146.912312
108.203323 146.598246
108.203323 146.284181
108.203323 145.970116
107.889257 145.656050
107.889257 145.341985
107.889257 145.027920
107.575192 144.713854
107.575192 144.399789
107.575192 144.085724
107.261127 143.771658
107.261127 143.457593
107.261127 143.143527
106.947061 142.829462
106.947061 142.515397
106.947061 142.201331
106.947061 141.887266
106.947061 141.573201
106.947061 141.259135
106.947061 140.945070
106.947061 140.631005
106.947061 140.316939
106.947061 140.002874
106.947061 139.688809
106.947061 139.374743
106.632996 139.060678
106.632996 138.746613
106.632996 138.432547
106.632996 138.118482
106.318930 137.804416
106.318930 137.490351
106.318930 137.176286
106.318930 136.862220
106.004865 136.548155
105.690800 136.234090
105.690800 135.920024
105.376734 135.605959
105.376734 135.291894
105.062669 134.977828
105.062669 134.663763
104.748604 134.349698
104.748604 134.035632
104.434538 133.721567
104.120473 133.407502
104.120473 133.093436
103.806408 132.779371
103.492342 132.465305
103.492342 132.151240
103.178277 131.837175
103.178277 131.523109
102.864212 131.209044
102.864212 130.894979
102.550146 130.580913
102.550146 130.266848
102.236081 129.952783
101.922016 129.638717
101.922016 129.324652
101.607950 129.010587
101.607950 128.696521
101.293885 128.382456
101.293885 128.068391
100.979819 127.754325
100.665754 127.440260
100.665754 127.126194
100.351689 126.812129
100.351689 126.498064
100.037623 126.183998
100.037623 125.869933
99.723558 125.555868
99.723558 125.241802
99.409493 124.927737
99.409493 124.613672
99.095427 124.299606
99.095427 123.985541
98.467297 123.671476
98.467297 123.357410
98.467297 123.043345
98.153231 122.729280
97.839166 122.415214
97.839166 122.101149
97.525101 121.787083
97.525101 121.473018
97.211035 121.158953
97.211035 120.844887
96.896970 120.530822
96.582905 120.216757
96.582905 119.902691
96.582905 119.588626
96.268839 119.274561
95.954774 118.960495
95.954774 118.646430
95.954774 118.332365
95.954774 118.018299
95.954774 117.704234
95.954774 117.390169
95.954774 117.076103
96.268839 116.762038
96.268839 116.447972
96.268839 116.133907
96.268839 115.819842
96.268839 115.505776
96.582905 115.191711
96.582905 114.877646
96.582905 114.563580
96.582905 114.249515
96.582905 113.935450
96.582905 113.621384
96.896970 113.307319
96.896970 112.993254
96.896970 112.679188
97.211035 112.679188
97.525101 112.679188
97.839166 112.679188
98.153231 112.993254
98.153231 113.307319
98.153231 112.993254
98.153231 113.307319
98.467297 113.621384
98.467297 113.935450
98.781362 114.249515
98.781362 114.563580
99.095427 114.563580
99.095427 114.877646
99.409493 115.191711
99.409493 115.505776
99.723558 115.819842
99.723558 116.133907
100.037623 116.133907
100.037623 116.447972
100.351689 116.762038
100.665754 117.076103
100.665754 117.390169
100.979819 117.704234
100.979819 118.018299
101.293885 118.018299
101.293885 118.332365
101.607950 118.646430
101.922016 118.960495
102.236081 119.274561
102.236081 119.588626
102.550146 119.902691
102.550146 120.216757
102.864212 120.216757
103.178277 120.530822
103.492342 120.844887
103.492342 121.158953
