109.707272 114.845869
109.707272 115.036799
109.516342 115.227729
109.516342 115.418658
109.325413 115.609588
109.325413 115.800518
109.134483 115.991447
109.134483 116.182377
109.134483 116.373307
108.943553 116.564236
108.943553 116.755166
108.752624 116.946095
108.752624 117.137025
108.561694 117.327955
108.561694 117.518884
108.561694 117.709814
108.370764 117.900744
108.370764 118.091673
108.179835 118.282603
108.179835 118.473533
107.988905 118.664462
108.179835 118.855392
108.179835 119.046321
108.179835 119.237251
108.370764 119.619110
108.370764 119.810040
108.370764 120.000970
108.561694 120.191899
108.561694 120.382829
108.561694 120.573758
108.752624 120.955618
108.752624 121.146547
108.943553 121.337477
108.943553 121.528407
108.943553 121.719336
109.134483 121.910266
109.134483 122.101196
109.134483 122.483055
109.325413 122.673984
109.325413 122.864914
109.325413 123.055844
109.516342 123.246773
109.516342 123.437703
109.516342 123.819562
109.707272 124.010492
109.707272 124.201421
109.898201 124.392351
110.089131 124.392351
110.280061 124.583281
110.470990 124.774210
110.661920 124.965140
110.852850 125.156070
111.043779 125.156070
111.234709 125.346999
111.425639 125.537929
111.425639 125.728859
111.425639 125.537929
111.425639 125.728859
111.425639 125.919788
111.425639 125.728859
111.425639 125.919788
111.425639 126.110718
111.425639 126.301647
111.425639 126.492577
111.425639 126.301647
111.425639 126.492577
111.425639 126.683507
111.425639 126.874436
111.425639 127.065366
111.425639 127.256296
111.616568 127.256296
111.616568 127.447225
111.616568 127.638155
111.616568 127.829084
111.807498 128.020014
111.807498 128.210944
111.998427 128.401873
111.998427 128.592803
112.189357 128.783733
112.189357 128.974662
112.380287 128.974662
112.571216 129.165592
112.762146 129.356522
112.762146 129.547451
112.953076 129.547451
113.144005 129.738381
113.334935 129.929310
113.525864 130.120240
113.716794 130.120240
113.907724 130.311170
114.098653 130.311170
114.289583 130.502099
114.480513 130.502099
114.480513 130.693029
114.480513 130.883959
114.480513 131.265818
114.671442 131.456747
114.671442 131.647677
114.671442 131.838607
114.671442 132.220466
114.671442 132.411396
114.671442 132.602325
114.862372 132.793255
114.862372 132.984185
115.053302 133.175114
115.244231 133.366044
115.244231 133.556973
115.435161 133.747903
115.435161 133.938833
115.626090 134.129762
115.626090 134.320692
115.817020 134.511622
115.817020 134.893481
116.007950 135.084410
116.007950 135.275340
116.198879 135.466270
116.198879 135.657199
116.389809 135.848129
116.389809 136.039059
116.580739 136.229988
116.580739 136.420918
116.771668 136.611848
116.771668 136.802777
116.962598 136.993707
116.962598 137.184636
117.153527 137.375566
117.153527 137.566496
117.344457 137.757425
117.535387 137.948355
117.535387 138.139285
117.726316 138.330214
117.726316 138.521144
117.917246 138.712074
117.917246 138.903003
118.108176 139.093933
118.299105 139.475792
118.490035 139.666722
118.680965 139.857651
118.871894 140.048581
119.062824 140.239511
119.253753 140.430440
119.444683 140.621370
119.635613 140.812299
119.826542 141.003229
120.017472 141.194159
120.208402 141.385088
120.399331 141.576018
120.590261 141.766948
120.781190 141.957877
120.972120 142.148807
121.163050 142.339737
121.353979 142.530666
121.544909 142.721596
121.735839 142.912525
121.926768 143.103455
122.308628 143.103455
122.499557 143.103455
122.690487 143.103455
122.881416 143.294385
123.072346 143.294385
123.263276 143.294385
123.454205 143.294385
123.836065 143.485314
124.026994 143.485314
124.217924 143.485314
124.408853 143.485314
124.599783 143.676244
124.790713 143.676244
124.981642 143.676244
125.172572 143.676244
125.554431 143.867174
125.745361 143.867174
125.936291 143.867174
126.127220 143.867174
126.318150 144.058103
126.509079 144.058103
126.700009 144.058103
126.890939 144.249033
127.272798 144.249033
127.463728 144.249033
127.654657 144.249033
127.845587 144.439962
128.036516 144.439962
128.227446 144.439962
128.418376 144.439962
128.609305 144.630892
128.991165 144.630892
129.182094 144.630892
129.373024 144.439962
129.563954 144.439962
129.754883 144.439962
129.945813 144.249033
130.327672 144.249033
130.518602 144.058103
130.709531 144.058103
130.900461 143.867174
131.091391 143.867174
131.282320 143.867174
131.664180 143.676244
131.855109 143.676244
132.046039 143.485314
132.236968 143.485314
132.427898 143.294385
132.618828 143.294385
133.000687 143.103455
133.191617 143.103455
133.382546 143.103455
133.573476 142.912525
133.764405 142.530666
133.764405 142.339737
133.955335 142.148807
134.146265 141.957877
134.146265 141.576018
134.337194 141.385088
134.528124 141.194159
134.528124 141.003229
134.719054 140.621370
134.909983 140.430440
135.100913 140.239511
135.100913 139.857651
135.291843 139.666722
135.482772 139.475792
135.482772 139.284862
135.673702 138.903003
135.864631 138.712074
135.864631 138.521144
136.055561 138.330214
136.246491 137.948355
136.246491 137.757425
136.437420 137.566496
136.628350 137.184636
136.819280 136.993707
136.819280 136.802777
137.010209 136.611848
137.010209 136.420918
137.010209 136.229988
137.201139 136.039059
137.201139 135.848129
137.201139 135.657199
137.392068 135.466270
137.392068 135.084410
137.392068 134.893481
137.582998 134.702551
137.582998 134.511622
137.582998 134.320692
137.773928 134.129762
137.773928 133.938833
137.773928 133.747903
137.964857 133.556973
137.964857 133.366044
137.964857 133.175114
138.155787 132.984185
138.155787 132.793255
138.155787 132.602325
138.346717 132.411396
138.346717 132.220466
138.346717 132.029536
138.537646 131.838607
138.537646 131.647677
138.728576 131.456747
138.728576 131.265818
138.728576 131.074888
138.919506 130.883959
138.919506 130.502099
138.919506 130.311170
138.919506 130.120240
138.728576 129.929310
138.537646 129.738381
138.537646 129.547451
138.346717 129.356522
138.155787 129.165592
137.964857 128.974662
137.773928 128.783733
137.582998 128.592803
137.392068 128.401873
137.392068 128.210944
137.201139 128.020014
137.010209 127.829084
136.819280 127.638155
136.628350 127.447225
136.437420 127.256296
136.246491 127.065366
136.055561 126.874436
135.864631 126.874436
135.673702 126.874436
135.482772 126.874436
135.291843 126.874436
135.100913 126.874436
134.909983 126.874436
134.719054 126.874436
134.528124 126.874436
134.337194 126.874436
134.146265 126.874436
133.955335 126.874436
133.764405 126.874436
133.573476 126.874436
133.382546 126.874436
133.191617 126.874436
133.000687 126.874436
132.809757 126.874436
132.618828 126.874436
132.427898 126.874436
132.236968 126.874436
132.046039 126.874436
131.855109 126.874436
131.664180 126.874436
131.473250 126.874436
131.282320 126.874436
131.091391 126.874436
130.900461 126.874436
130.709531 126.874436
130.518602 126.874436
130.327672 126.874436
130.136742 126.874436
129.945813 126.874436
129.754883 126.874436
129.563954 126.874436
129.373024 126.874436
129.182094 126.874436
128.991165 126.874436
128.800235 126.683507
128.609305 126.683507
128.418376 126.683507
128.227446 126.683507
128.036516 126.683507
127.845587 126.492577
127.654657 126.492577
127.463728 126.492577
127.272798 126.492577
127.081868 126.492577
126.700009 126.301647
126.509079 126.301647
126.318150 126.301647
126.127220 126.110718
125.936291 126.110718
125.745361 126.110718
125.554431 125.919788
125.363502 125.919788
125.172572 125.919788
124.981642 125.728859
124.790713 125.728859
124.599783 125.728859
124.408853 125.537929
124.217924 125.537929
124.026994 125.537929
123.836065 125.346999
123.645135 125.346999
123.454205 125.156070
123.263276 124.965140
123.072346 124.774210
122.881416 124.583281
122.690487 124.392351
122.499557 124.201421
122.308628 124.010492
122.117698 123.819562
121.926768 123.628633
121.735839 123.437703
121.544909 123.246773
121.353979 123.055844
121.353979 122.864914
121.163050 122.864914
120.972120 122.673984
120.781190 122.483055
120.590261 122.483055
120.399331 122.292125
120.208402 122.101196
120.017472 121.910266
119.826542 121.719336
119.635613 121.528407
119.444683 121.337477
119.253753 121.146547
119.062824 120.955618
118.871894 120.764688
118.680965 120.382829
118.490035 120.191899
118.299105 120.000970
118.108176 119.810040
117.917246 119.619110
117.726316 119.428181
117.535387 119.237251
117.344457 119.046321
117.153527 118.855392
116.962598 118.664462
116.771668 118.664462
116.580739 118.473533
116.389809 118.282603
116.198879 118.282603
116.007950 118.091673
115.817020 118.091673
115.626090 117.900744
115.435161 117.709814
115.244231 117.709814
115.053302 117.518884
114.862372 117.518884
114.671442 117.327955
114.480513 117.137025
114.289583 117.137025
114.098653 116.946095
113.907724 116.755166
113.716794 116.755166
113.525864 116.564236
113.334935 116.373307
113.144005 116.182377
112.953076 116.182377
112.762146 115.991447
112.571216 115.800518
112.380287 115.609588
112.189357 115.609588
111.998427 115.418658
111.807498 115.227729
111.616568 115.227729
111.425639 115.036799
111.234709 114.845869
111.043779 114.654940
110.852850 114.654940
110.661920 114.464010
110.470990 114.273081
110.280061 114.273081
109.898201 114.464010
109.707272 114.654940
109.707272 114.845869
