109.607880 69.426034
110.276818 70.094973
110.276818 70.763912
110.276818 71.432850
110.945757 72.101789
110.276818 72.770728
110.276818 73.439667
109.607880 74.108605
109.607880 74.777544
108.938941 75.446483
108.938941 76.115421
108.270002 76.784360
108.270002 77.453299
107.601063 78.122237
107.601063 78.791176
107.601063 79.460115
106.932125 80.129054
106.932125 80.797992
106.263186 81.466931
106.263186 82.135870
106.263186 82.804808
105.594247 83.473747
105.594247 84.142686
105.594247 84.811624
105.594247 85.480563
104.925309 86.149502
104.925309 86.818441
104.925309 87.487379
104.925309 88.156318
104.925309 88.825257
104.256370 89.494195
104.256370 90.163134
104.256370 90.832073
104.256370 91.501011
104.256370 92.169950
104.256370 92.838889
104.256370 93.507828
104.256370 94.176766
104.256370 94.845705
104.256370 95.514644
104.256370 96.183582
104.256370 96.852521
104.256370 97.521460
104.256370 98.190398
104.256370 98.859337
104.256370 99.528276
104.925309 99.528276
104.925309 100.197215
104.925309 100.866153
104.925309 101.535092
104.925309 102.204031
104.925309 102.872969
105.594247 102.872969
105.594247 103.541908
105.594247 104.210847
105.594247 104.879785
105.594247 105.548724
106.263186 105.548724
106.263186 106.217663
106.263186 106.886602
106.263186 107.555540
106.932125 107.555540
106.932125 108.224479
107.601063 108.893418
107.601063 109.562356
107.601063 110.231295
108.270002 110.231295
108.270002 110.900234
108.938941 111.569173
108.938941 112.238111
109.607880 112.907050
109.607880 113.575989
109.607880 114.244927
110.276818 114.244927
110.276818 114.913866
110.945757 114.913866
110.945757 115.582805
111.614696 115.582805
111.614696 116.251743
111.614696 116.920682
112.283634 116.920682
112.952573 117.589621
112.952573 118.258560
113.621512 118.927498
114.290451 119.596437
114.290451 120.265376
114.959389 120.265376
114.959389 120.934314
115.628328 121.603253
116.297267 122.272192
116.297267 122.941130
116.966205 122.941130
116.966205 123.610069
117.635144 123.610069
118.304083 124.279008
118.973021 124.947947
119.641960 125.616885
119.641960 126.285824
120.310899 126.285824
120.979838 126.954763
121.648776 127.623701
122.317715 128.292640
122.986654 128.961579
123.655592 129.630517
124.324531 129.630517
124.993470 130.299456
125.662408 130.968395
126.331347 131.637334
127.000286 131.637334
127.669225 132.306272
128.338163 132.306272
129.007102 132.975211
129.676041 132.975211
130.344979 133.644150
131.013918 133.644150
131.682857 134.313088
132.351795 134.313088
133.020734 134.982027
133.689673 135.650966
134.358612 136.319904
135.027550 136.988843
135.696489 137.657782
136.365428 138.326721
137.034366 138.995659
137.703305 139.664598
138.372244 139.664598
139.041182 140.333537
139.041182 141.002475
139.710121 141.671414
139.710121 142.340353
139.710121 143.678230
139.710121 144.347169
140.379060 145.016108
140.379060 145.685046
140.379060 146.353985
140.379060 147.022924
141.047999 147.691862
141.047999 148.360801
141.047999 149.029740
141.047999 149.698679
141.047999 150.367617
141.047999 151.036556
141.047999 151.705495
141.047999 152.374433
141.047999 153.712311
141.047999 154.381249
141.047999 155.050188
141.047999 155.719127
141.047999 156.388066
141.047999 157.057004
141.047999 157.725943
141.047999 158.394882
141.047999 159.063820
141.047999 159.732759
141.047999 160.401698
141.047999 161.739575
141.047999 162.408514
141.047999 163.077453
141.047999 163.746391
141.047999 164.415330
141.047999 165.084269
141.047999 165.753207
140.379060 166.422146
140.379060 167.091085
140.379060 167.760023
139.710121 168.428962
139.710121 169.097901
139.710121 169.766840
139.041182 170.435778
139.041182 171.773656
139.041182 172.442594
138.372244 173.111533
137.703305 173.111533
137.034366 173.780472
136.365428 174.449410
135.696489 174.449410
134.358612 175.118349
133.689673 175.787288
133.020734 175.787288
132.351795 176.456227
131.682857 177.125165
131.013918 177.125165
129.676041 177.794104
129.007102 178.463043
128.338163 178.463043
127.669225 179.131981
127.000286 179.800920
126.331347 179.800920
124.993470 180.469859
124.324531 180.469859
123.655592 181.138798
122.986654 181.807736
122.317715 181.807736
121.648776 182.476675
120.310899 182.476675
119.641960 182.476675
118.973021 183.145614
118.304083 183.145614
116.966205 183.145614
116.297267 183.814552
115.628328 183.814552
114.959389 184.483491
113.621512 184.483491
112.952573 184.483491
112.283634 185.152430
111.614696 185.152430
110.276818 185.152430
109.607880 185.821368
108.938941 185.821368
108.270002 186.490307
106.932125 186.490307
106.263186 186.490307
105.594247 186.490307
104.925309 185.821368
103.587431 185.152430
102.918493 185.152430
102.249554 184.483491
101.580615 184.483491
100.911676 183.814552
99.573799 183.145614
98.904860 183.145614
98.235922 182.476675
97.566983 181.807736
96.229106 181.807736
95.560167 181.138798
94.891228 181.138798
94.222289 180.469859
92.884412 179.800920
92.215473 179.800920
91.546535 179.131981
90.877596 178.463043
89.539719 178.463043
88.870780 177.794104
88.201841 177.125165
87.532902 176.456227
86.863964 176.456227
86.195025 175.118349
86.195025 174.449410
85.526086 173.780472
84.857148 173.111533
84.188209 172.442594
84.188209 171.773656
83.519270 171.104717
82.850332 170.435778
82.181393 169.766840
81.512454 169.097901
81.512454 168.428962
80.843515 167.091085
80.174577 166.422146
79.505638 165.753207
78.836699 165.084269
78.836699 164.415330
78.167761 163.746391
78.167761 163.077453
78.167761 162.408514
77.498822 161.739575
77.498822 161.070636
77.498822 159.732759
76.829883 159.063820
76.829883 158.394882
76.160945 157.725943
76.160945 157.057004
75.492006 155.719127
75.492006 155.050188
74.823067 154.381249
74.823067 153.712311
74.154128 152.374433
74.154128 151.705495
73.485190 151.036556
73.485190 150.367617
72.816251 149.029740
72.816251 148.360801
72.147312 147.691862
72.147312 147.022924
71.478374 145.685046
71.478374 145.016108
70.809435 144.347169
70.809435 143.678230
70.809435 142.340353
70.809435 141.671414
70.809435 141.002475
70.809435 140.333537
70.809435 139.664598
70.809435 138.326721
70.809435 137.657782
70.809435 136.988843
70.809435 136.319904
70.809435 134.982027
70.809435 134.313088
70.809435 133.644150
70.809435 132.975211
70.809435 131.637334
70.809435 130.968395
70.809435 130.299456
70.809435 129.630517
70.809435 128.292640
70.809435 127.623701
70.809435 126.954763
70.809435 126.285824
70.809435 125.616885
70.809435 124.947947
70.809435 124.279008
70.809435 123.610069
70.809435 122.941130
70.809435 122.272192
70.809435 121.603253
70.809435 120.934314
70.809435 120.265376
70.809435 119.596437
70.809435 118.927498
70.809435 118.258560
70.809435 117.589621
70.809435 116.920682
70.809435 116.251743
70.809435 115.582805
70.809435 114.913866
70.809435 114.244927
70.809435 112.907050
70.809435 112.238111
70.809435 111.569173
70.140496 110.900234
70.140496 110.231295
69.471557 109.562356
68.802619 108.893418
68.802619 108.224479
68.802619 107.555540
68.802619 106.886602
68.133680 106.217663
68.133680 105.548724
68.133680 104.210847
68.133680 103.541908
68.133680 102.872969
68.133680 102.204031
67.464741 101.535092
67.464741 100.866153
67.464741 100.197215
67.464741 98.859337
67.464741 98.190398
67.464741 97.521460
66.795803 96.852521
66.795803 96.183582
66.795803 95.514644
66.795803 94.176766
66.795803 93.507828
66.795803 92.838889
66.126864 92.169950
66.126864 91.501011
66.126864 90.832073
65.457925 90.163134
65.457925 89.494195
65.457925 88.825257
65.457925 88.156318
65.457925 87.487379
65.457925 86.149502
64.788987 85.480563
64.788987 84.811624
64.788987 84.142686
64.788987 83.473747
64.788987 82.804808
64.788987 82.135870
64.788987 80.797992
64.788987 80.129054
64.788987 79.460115
64.788987 78.791176
64.120048 78.122237
64.120048 77.453299
64.788987 76.784360
64.788987 76.115421
64.788987 75.446483
65.457925 74.108605
65.457925 73.439667
66.126864 72.770728
66.126864 72.101789
66.126864 71.432850
66.795803 70.763912
66.795803 70.094973
67.464741 69.426034
67.464741 68.088157
67.464741 67.419218
68.133680 66.750279
68.802619 66.081341
68.802619 65.412402
69.471557 64.743463
70.140496 64.074525
70.809435 63.405586
71.478374 63.405586
72.147312 62.736647
72.816251 62.067709
73.485190 61.398770
74.154128 60.729831
74.823067 60.060892
75.492006 59.391954
76.160945 58.723015
77.498822 58.054076
78.167761 58.054076
78.836699 58.054076
79.505638 58.054076
80.174577 58.054076
80.843515 57.385138
81.512454 57.385138
82.181393 57.385138
82.850332 57.385138
83.519270 56.716199
84.188209 56.716199
84.857148 56.716199
85.526086 56.716199
86.195025 56.047260
86.863964 56.047260
87.532902 56.047260
88.201841 56.047260
88.870780 56.047260
89.539719 56.047260
90.208657 56.047260
90.877596 56.047260
91.546535 56.047260
92.884412 56.047260
93.553351 56.047260
94.222289 56.047260
94.891228 56.047260
95.560167 56.047260
96.229106 56.047260
96.898044 56.047260
97.566983 56.047260
98.904860 56.047260
99.573799 56.047260
100.242738 56.716199
100.911676 57.385138
101.580615 58.054076
102.249554 58.054076
102.918493 58.723015
103.587431 59.391954
104.256370 59.391954
104.925309 60.060892
105.594247 60.729831
105.594247 61.398770
106.263186 62.067709
106.263186 62.736647
106.932125 63.405586
106.932125 64.074525
107.601063 64.743463
107.601063 65.412402
108.270002 66.750279
108.270002 67.419218
108.938941 68.088157
108.938941 68.757096
109.607880 69.426034
