96.271542 93.341753
96.679455 93.341753
97.087368 93.341753
97.087368 93.749666
97.495281 94.157579
97.903194 94.565492
98.311107 94.973405
98.311107 95.381318
98.311107 95.789231
98.719020 96.197144
98.719020 96.605057
98.719020 97.012970
99.126933 97.420884
99.126933 97.828797
99.126933 98.236710
99.126933 98.644623
99.534847 98.644623
99.534847 99.052536
99.534847 99.460449
99.942760 99.460449
99.942760 99.868362
99.942760 100.276275
100.350673 100.276275
100.350673 100.684188
100.758586 101.092101
100.758586 101.500014
101.166499 101.907927
101.166499 102.315840
101.166499 102.723754
101.574412 102.723754
101.574412 103.131667
101.982325 103.539580
101.982325 103.947493
101.982325 104.355406
102.390238 104.355406
102.798151 104.763319
102.798151 105.171232
103.206064 105.579145
103.206064 105.987058
103.613977 105.987058
103.613977 106.394971
104.021890 106.802884
104.429804 107.210797
104.429804 107.618710
104.837717 108.026624
105.245630 108.434537
105.245630 108.842450
105.653543 108.842450
106.061456 109.250363
106.061456 109.658276
106.469369 109.658276
106.469369 110.066189
106.877282 110.474102
107.285195 110.882015
107.693108 111.289928
107.693108 111.697841
108.101021 111.697841
108.508934 112.105754
108.916847 112.513667
108.916847 112.921581
108.916847 112.513667
108.916847 112.921581
108.916847 113.329494
109.324760 113.737407
109.324760 114.145320
109.732674 114.553233
109.732674 114.961146
109.732674 115.369059
110.140587 115.369059
110.140587 115.776972
110.548500 116.184885
110.956413 116.592798
110.956413 117.000711
111.364326 117.408624
111.364326 117.816537
111.772239 118.224451
111.772239 118.632364
112.180152 118.632364
112.180152 119.040277
112.588065 119.448190
112.588065 119.856103
112.995978 119.856103
113.403891 120.264016
113.403891 120.671929
113.811804 120.671929
113.811804 121.079842
114.219717 121.487755
114.627630 121.895668
115.035544 122.303581
115.443457 122.711494
115.851370 123.119407
116.259283 123.527321
116.667196 123.935234
117.075109 124.343147
117.483022 124.751060
117.890935 125.158973
118.298848 125.566886
118.706761 125.566886
119.114674 125.974799
119.522587 126.382712
119.930501 126.790625
120.338414 127.198538
120.746327 127.198538
121.154240 127.606451
121.562153 128.014364
121.970066 128.014364
122.377979 128.422278
122.785892 128.422278
123.193805 128.830191
123.601718 129.238104
124.009631 129.238104
124.417544 129.646017
124.825457 129.646017
125.233371 130.053930
125.641284 130.053930
126.049197 130.461843
126.457110 130.461843
126.865023 130.869756
127.272936 130.869756
127.680849 131.277669
128.088762 131.685582
128.496675 131.685582
128.904588 132.093495
129.312501 132.501408
129.720414 132.501408
130.128328 132.909321
130.536241 133.317234
130.944154 133.317234
131.352067 133.725148
131.759980 133.725148
132.167893 134.133061
132.575806 134.133061
132.983719 134.540974
133.391632 134.948887
133.799545 134.948887
134.207458 134.948887
134.615371 135.356800
135.023284 135.356800
135.431198 135.764713
135.839111 135.764713
136.247024 136.172626
136.654937 136.172626
137.062850 136.172626
137.470763 136.580539
137.878676 136.580539
138.286589 136.988452
138.694502 136.988452
139.102415 136.988452
139.510328 137.396365
139.918241 137.396365
140.326154 137.396365
140.734068 137.396365
141.141981 137.804278
141.549894 137.804278
141.957807 138.212191
142.365720 138.620105
142.773633 139.028018
143.181546 139.435931
143.589459 139.843844
143.997372 140.251757
144.405285 140.659670
144.405285 141.067583
144.405285 141.475496
144.813198 141.883409
144.813198 142.291322
144.813198 142.699235
144.813198 143.107148
144.813198 143.515061
144.813198 143.922975
144.813198 144.330888
144.813198 144.738801
144.813198 145.146714
144.813198 145.554627
144.813198 145.962540
144.813198 146.778366
144.813198 147.186279
144.813198 147.594192
144.813198 148.002105
145.221111 148.410018
145.221111 148.817931
145.221111 149.225845
144.813198 149.633758
144.405285 150.041671
143.997372 150.449584
143.997372 150.857497
143.589459 151.265410
143.181546 151.673323
142.773633 152.081236
142.365720 152.489149
141.549894 152.897062
141.141981 152.897062
140.734068 153.304975
140.326154 153.712888
139.918241 154.120802
139.510328 154.528715
139.102415 154.936628
138.286589 155.344541
137.878676 155.752454
137.470763 156.160367
137.062850 156.568280
136.654937 156.976193
136.247024 156.976193
135.839111 157.384106
135.431198 157.792019
135.023284 157.792019
134.615371 158.199932
134.207458 158.199932
133.799545 158.607845
133.391632 159.015758
132.575806 159.015758
132.167893 159.423672
131.759980 159.423672
131.352067 159.831585
130.944154 160.239498
130.128328 160.239498
129.720414 160.647411
129.312501 161.055324
128.904588 161.055324
128.088762 161.463237
127.680849 161.463237
127.272936 161.871150
126.865023 162.279063
126.457110 162.279063
125.641284 162.686976
125.233371 162.686976
124.825457 163.094889
124.417544 163.502802
124.009631 163.502802
123.601718 163.502802
123.193805 163.502802
122.785892 163.910715
122.377979 163.910715
121.970066 163.910715
121.562153 163.910715
121.154240 163.910715
120.338414 163.910715
119.930501 163.910715
119.522587 164.318629
119.114674 164.318629
118.706761 164.318629
118.298848 164.318629
117.890935 164.318629
117.483022 164.318629
117.075109 164.318629
116.667196 164.318629
116.259283 164.318629
115.851370 164.318629
115.443457 164.318629
115.035544 164.318629
114.627630 164.318629
114.219717 164.318629
113.403891 164.318629
112.995978 164.318629
112.588065 163.910715
112.180152 163.910715
111.772239 163.502802
111.364326 163.502802
110.956413 163.502802
110.548500 163.094889
110.140587 163.094889
109.732674 162.686976
109.324760 162.686976
108.916847 162.279063
108.508934 161.871150
108.101021 161.463237
107.693108 161.463237
107.285195 161.055324
106.877282 160.647411
106.061456 160.647411
105.653543 160.239498
105.245630 159.831585
104.837717 159.831585
104.429804 159.423672
104.021890 159.423672
103.613977 159.015758
103.613977 158.607845
103.206064 158.199932
103.206064 157.792019
102.798151 157.384106
102.798151 156.976193
102.798151 156.568280
102.390238 156.160367
101.982325 155.752454
101.982325 155.344541
101.574412 154.936628
101.166499 154.528715
100.758586 154.120802
100.350673 154.120802
99.942760 153.712888
99.534847 153.304975
99.534847 152.897062
99.126933 152.489149
99.126933 152.081236
99.126933 151.265410
98.719020 150.857497
98.719020 150.449584
98.311107 150.041671
98.311107 149.633758
98.311107 149.225845
97.903194 148.817931
97.903194 148.410018
97.903194 148.002105
97.903194 147.594192
97.903194 147.186279
97.495281 146.778366
97.495281 146.370453
97.495281 145.962540
97.087368 145.554627
97.087368 145.146714
96.679455 144.738801
96.271542 144.330888
96.271542 143.922975
95.863629 143.515061
95.863629 143.107148
95.455716 142.699235
95.455716 142.291322
95.047803 141.883409
95.047803 141.475496
94.639890 141.067583
94.639890 140.659670
94.231977 140.251757
93.824063 139.843844
93.824063 139.435931
93.416150 139.028018
93.416150 138.620105
93.008237 137.804278
93.008237 137.396365
92.600324 136.988452
92.600324 136.580539
92.600324 136.172626
92.192411 135.764713
92.192411 135.356800
91.784498 134.948887
91.784498 134.540974
91.784498 134.133061
91.376585 133.725148
91.376585 133.317234
91.376585 132.909321
90.968672 132.501408
90.968672 132.093495
90.968672 131.685582
90.968672 131.277669
90.560759 130.461843
90.560759 130.053930
90.560759 129.646017
90.560759 129.238104
90.560759 128.830191
90.560759 128.422278
90.560759 128.014364
90.560759 127.606451
90.560759 127.198538
90.560759 126.790625
90.560759 126.382712
90.560759 125.974799
90.560759 125.566886
90.560759 125.158973
90.560759 124.751060
90.560759 124.343147
90.152846 123.935234
90.152846 123.527321
90.152846 123.119407
89.744933 122.711494
89.744933 122.303581
89.744933 121.895668
89.337020 121.487755
89.337020 121.079842
89.337020 120.671929
88.929106 120.264016
88.929106 119.856103
88.929106 119.040277
88.521193 118.632364
88.521193 118.224451
88.521193 117.816537
88.113280 117.408624
88.113280 117.000711
88.113280 116.592798
88.113280 116.184885
88.113280 115.776972
88.113280 115.369059
88.113280 114.961146
88.113280 114.553233
88.113280 114.145320
88.113280 113.737407
88.113280 113.329494
88.113280 112.921581
88.113280 112.513667
88.113280 112.105754
88.113280 111.697841
88.113280 111.289928
88.113280 110.882015
88.113280 110.474102
88.113280 109.658276
88.113280 109.250363
88.113280 108.842450
88.113280 108.434537
88.113280 108.026624
88.113280 107.618710
88.113280 107.210797
88.113280 106.802884
88.113280 106.394971
88.113280 105.987058
88.113280 105.579145
88.113280 105.171232
88.113280 104.763319
88.113280 103.947493
88.113280 103.539580
88.521193 103.131667
88.521193 102.723754
88.521193 102.315840
88.521193 101.907927
88.521193 101.500014
88.521193 100.684188
88.521193 100.276275
88.521193 99.868362
88.521193 99.460449
88.521193 99.052536
88.521193 98.644623
88.521193 97.828797
88.521193 97.420884
88.521193 97.012970
88.929106 96.605057
89.744933 96.605057
90.152846 96.197144
90.560759 95.789231
90.968672 95.381318
91.376585 94.973405
91.376585 94.565492
91.784498 94.157579
92.192411 93.749666
92.600324 93.749666
93.008237 93.749666
93.416150 93.749666
93.824063 93.749666
93.416150 93.749666
93.824063 93.749666
94.231977 93.749666
94.639890 93.749666
95.047803 93.749666
94.639890 93.749666
94.231977 93.749666
93.824063 93.749666
93.416150 93.749666
93.824063 93.749666
94.231977 93.749666
94.639890 93.749666
95.047803 93.749666
95.455716 93.749666
95.863629 93.749666
96.271542 93.749666
96.271542 93.341753
