101.027787 67.490692
101.027787 68.173203
101.027787 68.855713
101.027787 69.538224
101.027787 70.220734
101.027787 70.903245
101.027787 71.585755
101.027787 72.268266
101.027787 72.950776
101.027787 73.633287
101.027787 74.315797
101.027787 74.998308
101.027787 75.680818
101.027787 76.363329
101.027787 77.045839
101.027787 77.728350
101.027787 78.410860
101.027787 79.093371
101.027787 79.775881
101.027787 80.458392
101.027787 81.140902
101.027787 81.823413
101.710298 81.823413
101.710298 82.505923
101.710298 83.188434
101.710298 83.870944
101.710298 84.553455
101.710298 85.235965
102.392808 85.235965
102.392808 85.918476
102.392808 86.600986
102.392808 87.283496
102.392808 87.966007
102.392808 88.648517
102.392808 89.331028
102.392808 90.013538
102.392808 90.696049
102.392808 91.378559
102.392808 92.061070
102.392808 92.743580
102.392808 93.426091
102.392808 94.108601
102.392808 94.791112
103.075319 95.473622
103.075319 96.156133
103.075319 96.838643
103.075319 97.521154
103.075319 98.203664
103.075319 98.886175
103.075319 99.568685
103.075319 100.251196
103.757829 100.251196
103.757829 100.933706
103.757829 101.616217
103.757829 102.298727
103.757829 102.981238
103.757829 103.663748
103.757829 104.346259
103.757829 105.028769
103.757829 105.711280
104.440340 105.711280
104.440340 106.393790
104.440340 107.076301
104.440340 107.758811
104.440340 108.441321
104.440340 109.123832
105.122850 109.806342
105.122850 110.488853
105.122850 111.171363
105.122850 111.853874
105.122850 112.536384
105.805361 112.536384
105.805361 113.218895
105.805361 113.901405
106.487871 114.583916
106.487871 115.266426
106.487871 115.948937
107.170382 115.948937
107.170382 116.631447
107.170382 117.313958
107.852892 117.313958
107.852892 117.996468
107.852892 118.678979
108.535403 119.361489
108.535403 120.044000
108.535403 120.726510
109.217913 120.726510
109.217913 121.409021
109.900424 122.091531
110.582934 122.774042
110.582934 123.456552
110.582934 124.139063
111.265445 124.139063
111.265445 124.821573
111.947955 125.504084
112.630466 126.186594
112.630466 126.869105
113.312976 127.551615
113.995487 128.234126
113.995487 128.916636
114.677997 129.599146
114.677997 130.281657
115.360508 130.281657
116.043018 130.964167
116.043018 131.646678
116.725529 131.646678
116.725529 132.329188
117.408039 133.011699
118.090550 133.694209
118.773060 134.376720
119.455571 135.059230
120.138081 135.741741
120.820591 136.424251
121.503102 137.106762
122.185612 137.789272
122.868123 138.471783
123.550633 139.154293
124.233144 139.836804
124.915654 139.836804
125.598165 140.519314
126.280675 141.201825
126.963186 141.884335
127.645696 141.884335
128.328207 142.566846
129.010717 143.249356
129.693228 143.249356
130.375738 143.931867
131.058249 144.614377
131.740759 144.614377
132.423270 145.296888
133.105780 145.296888
133.788291 145.979398
134.470801 146.661909
135.153312 146.661909
135.835822 146.661909
136.518333 147.344419
137.200843 147.344419
137.883354 148.026930
138.565864 148.026930
139.248375 148.709440
139.930885 148.709440
140.613396 148.709440
141.295906 149.391951
141.978416 149.391951
142.660927 149.391951
143.343437 149.391951
144.025948 150.074461
144.708458 150.074461
145.390969 150.074461
146.073479 150.756972
146.755990 150.756972
147.438500 151.439482
148.121011 151.439482
148.803521 152.121992
149.486032 152.804503
150.168542 153.487013
150.168542 154.169524
150.168542 154.852034
150.168542 155.534545
150.168542 156.217055
149.486032 156.899566
149.486032 157.582076
149.486032 158.264587
149.486032 159.629608
149.486032 160.312118
148.803521 160.994629
148.121011 161.677139
148.121011 162.359650
147.438500 163.042160
146.755990 163.724671
146.073479 164.407181
145.390969 165.089692
144.708458 165.772202
144.708458 166.454713
144.025948 167.137223
143.343437 167.819734
142.660927 169.184755
141.978416 169.867265
141.295906 170.549776
141.295906 171.232286
140.613396 171.914797
139.930885 172.597307
139.248375 172.597307
138.565864 173.279817
137.200843 173.279817
136.518333 173.962328
135.835822 173.962328
135.153312 174.644838
134.470801 174.644838
133.788291 175.327349
133.105780 175.327349
131.740759 176.009859
131.058249 176.692370
130.375738 176.692370
129.693228 177.374880
129.010717 177.374880
128.328207 178.057391
127.645696 178.057391
126.963186 178.739901
125.598165 178.739901
124.915654 179.422412
124.233144 179.422412
123.550633 180.104922
122.868123 180.787433
122.185612 181.469943
121.503102 181.469943
120.820591 182.152454
120.138081 182.152454
119.455571 182.834964
118.773060 182.834964
118.090550 183.517475
117.408039 183.517475
116.725529 184.199985
116.043018 184.199985
115.360508 184.882496
114.677997 184.882496
113.995487 185.565006
113.312976 185.565006
112.630466 185.565006
111.947955 185.565006
111.265445 185.565006
110.582934 185.565006
109.900424 185.565006
109.217913 185.565006
107.852892 185.565006
107.170382 185.565006
106.487871 185.565006
105.805361 185.565006
105.122850 185.565006
104.440340 185.565006
103.757829 185.565006
103.075319 185.565006
102.392808 185.565006
101.710298 184.882496
101.027787 184.882496
100.345277 184.882496
99.662766 184.199985
98.980256 184.199985
98.297746 184.199985
97.615235 183.517475
96.932725 183.517475
95.567704 183.517475
95.567704 182.834964
94.885193 182.152454
94.202683 181.469943
93.520172 180.104922
92.837662 179.422412
92.155151 178.739901
91.472641 178.057391
90.790130 177.374880
90.107620 176.692370
90.107620 176.009859
89.425109 175.327349
89.425109 174.644838
88.742599 173.962328
88.060088 173.279817
88.060088 172.597307
88.060088 171.914797
87.377578 171.232286
87.377578 170.549776
86.695067 169.867265
86.695067 169.184755
86.012557 168.502244
86.012557 167.819734
85.330046 167.137223
85.330046 166.454713
84.647536 165.772202
84.647536 165.089692
83.965025 164.407181
83.282515 163.724671
83.282515 162.359650
82.600004 161.677139
82.600004 160.994629
81.917494 160.312118
81.917494 159.629608
81.917494 158.947097
81.234983 158.264587
81.234983 157.582076
80.552473 156.899566
80.552473 156.217055
79.869962 154.852034
79.869962 154.169524
79.869962 153.487013
79.187452 152.804503
79.187452 152.121992
78.504941 151.439482
78.504941 150.756972
78.504941 150.074461
77.822431 149.391951
77.822431 148.026930
77.139920 147.344419
77.139920 146.661909
77.139920 145.979398
76.457410 145.296888
76.457410 144.614377
75.774900 143.931867
75.774900 143.249356
75.092389 142.566846
75.092389 141.884335
74.409879 141.201825
73.727368 139.836804
73.727368 139.154293
73.727368 138.471783
73.044858 137.789272
73.044858 137.106762
72.362347 136.424251
72.362347 135.741741
72.362347 135.059230
71.679837 133.694209
71.679837 133.011699
70.997326 132.329188
70.997326 131.646678
70.314816 130.964167
70.314816 130.281657
70.314816 129.599146
69.632305 128.916636
69.632305 128.234126
68.949795 127.551615
68.949795 126.186594
68.267284 125.504084
68.267284 124.821573
68.267284 124.139063
67.584774 123.456552
67.584774 122.774042
66.902263 122.091531
66.902263 121.409021
66.902263 120.044000
66.902263 119.361489
66.902263 118.678979
66.902263 117.996468
66.902263 116.631447
66.219753 115.948937
66.219753 115.266426
66.219753 114.583916
66.219753 113.901405
66.219753 112.536384
66.219753 111.853874
66.219753 111.171363
66.219753 110.488853
65.537242 109.123832
65.537242 108.441321
65.537242 107.758811
65.537242 107.076301
65.537242 105.711280
65.537242 105.028769
65.537242 104.346259
64.854732 103.663748
64.854732 102.981238
64.854732 101.616217
64.854732 100.933706
64.854732 100.251196
65.537242 99.568685
65.537242 98.203664
65.537242 97.521154
66.219753 96.838643
66.219753 96.156133
66.219753 94.791112
66.219753 94.108601
66.902263 93.426091
66.902263 92.743580
66.902263 91.378559
67.584774 90.696049
67.584774 90.013538
67.584774 89.331028
67.584774 88.648517
68.267284 87.283496
68.267284 86.600986
68.267284 85.918476
68.949795 85.235965
68.949795 83.870944
68.949795 83.188434
69.632305 82.505923
69.632305 81.823413
69.632305 80.458392
69.632305 79.775881
70.314816 79.093371
70.997326 78.410860
71.679837 77.728350
72.362347 77.045839
73.044858 76.363329
73.727368 75.680818
74.409879 74.998308
75.092389 74.315797
75.774900 73.633287
75.774900 72.268266
76.457410 71.585755
77.139920 70.903245
77.822431 70.220734
78.504941 69.538224
79.187452 68.855713
79.869962 68.173203
80.552473 67.490692
81.234983 67.490692
81.917494 66.808182
82.600004 66.125671
83.282515 65.443161
83.965025 64.760650
84.647536 64.078140
85.330046 63.395630
86.012557 62.713119
86.695067 62.713119
87.377578 62.713119
88.060088 62.713119
88.742599 62.713119
89.425109 62.713119
90.107620 62.713119
91.472641 62.713119
92.155151 62.713119
92.837662 62.713119
93.520172 62.030609
94.202683 62.030609
94.885193 62.713119
95.567704 62.713119
96.250214 62.713119
96.932725 63.395630
97.615235 63.395630
98.297746 64.078140
98.980256 64.078140
99.662766 64.078140
100.345277 64.760650
101.027787 64.760650
101.027787 65.443161
101.027787 64.760650
101.027787 65.443161
101.027787 66.125671
101.027787 66.808182
101.027787 67.490692
101.027787 68.173203
101.027787 68.855713
101.027787 69.538224
101.027787 70.220734
101.027787 70.903245
101.027787 71.585755
101.027787 72.268266
101.027787 72.950776
101.027787 73.633287
101.027787 72.950776
101.027787 72.268266
101.027787 71.585755
101.027787 70.903245
101.027787 70.220734
101.027787 69.538224
101.027787 68.855713
101.027787 68.173203
101.027787 67.490692
