100.057164 76.412421
100.057164 76.978007
99.491577 77.543594
99.491577 78.109181
99.491577 78.674768
99.491577 79.240354
99.491577 79.805941
99.491577 80.371528
99.491577 80.937115
99.491577 81.502702
99.491577 80.937115
99.491577 81.502702
99.491577 82.068288
99.491577 82.633875
99.491577 83.199462
99.491577 83.765049
99.491577 84.330635
99.491577 84.896222
99.491577 85.461809
99.491577 86.027396
99.491577 86.592982
99.491577 87.158569
100.057164 87.724156
100.057164 88.289743
100.057164 88.855329
100.057164 89.420916
100.057164 89.986503
100.057164 90.552090
100.057164 91.117677
100.057164 91.683263
100.622751 91.683263
100.622751 92.248850
100.622751 92.814437
100.622751 93.380024
100.622751 93.945610
100.622751 94.511197
101.188338 94.511197
101.188338 95.076784
101.188338 95.642371
101.188338 96.207957
101.188338 96.773544
101.753924 96.773544
101.753924 97.339131
101.753924 97.904718
102.319511 98.470304
102.319511 99.035891
102.319511 99.601478
102.885098 100.167065
102.885098 100.732652
103.450685 101.298238
103.450685 101.863825
103.450685 102.429412
103.450685 102.994999
103.450685 103.560585
103.450685 104.126172
104.016271 104.691759
104.016271 105.257346
104.016271 105.822932
104.016271 106.388519
104.016271 106.954106
104.016271 107.519693
104.016271 108.085279
104.581858 108.650866
104.581858 109.216453
104.581858 109.782040
104.581858 110.347627
104.581858 110.913213
105.147445 110.913213
105.147445 111.478800
105.147445 112.044387
105.147445 112.609974
105.147445 113.175560
105.713032 113.175560
105.713032 113.741147
105.713032 114.306734
106.278618 114.872321
106.278618 115.437907
106.278618 116.003494
106.278618 116.569081
106.844205 116.569081
106.844205 117.134668
106.844205 117.700254
106.844205 118.265841
107.409792 118.265841
107.409792 118.831428
107.409792 119.397015
107.975379 119.397015
107.975379 119.962602
107.975379 120.528188
108.540966 120.528188
108.540966 121.093775
108.540966 121.659362
108.540966 122.224949
109.106552 122.224949
109.106552 122.790535
109.672139 123.356122
109.672139 123.921709
110.237726 123.921709
110.237726 124.487296
110.803313 125.052882
110.803313 125.618469
110.803313 126.184056
111.368899 126.184056
111.368899 126.749643
111.934486 126.749643
111.934486 127.315229
112.500073 127.880816
112.500073 128.446403
113.065660 128.446403
113.065660 129.011990
113.631246 129.577577
114.196833 130.143163
114.196833 130.708750
114.762420 130.708750
114.762420 131.274337
115.328007 131.839924
115.893593 132.405510
116.459180 132.971097
116.459180 133.536684
117.024767 133.536684
117.590354 134.102271
118.155941 134.667857
118.155941 135.233444
118.721527 135.233444
119.287114 135.799031
119.852701 136.364618
120.418288 136.930204
120.983874 137.495791
121.549461 138.061378
122.115048 138.626965
122.680635 139.192552
123.246221 139.758138
123.811808 139.758138
124.377395 140.323725
124.942982 140.889312
125.508568 141.454899
126.074155 141.454899
126.639742 142.020485
127.205329 142.586072
127.770916 142.586072
128.336502 143.151659
128.902089 143.717246
129.467676 143.717246
130.033263 144.282832
130.598849 144.282832
131.164436 144.848419
131.730023 145.414006
132.295610 145.414006
132.861196 145.979593
133.426783 145.979593
133.992370 145.979593
134.557957 146.545179
135.123543 146.545179
135.689130 147.110766
136.254717 147.110766
136.254717 147.676353
136.254717 148.241940
136.254717 148.807527
136.820304 149.373113
136.820304 150.504287
136.820304 151.069874
136.820304 151.635460
136.820304 152.201047
136.820304 152.766634
137.385891 153.332221
137.385891 154.463394
137.385891 155.028981
137.385891 155.594568
137.385891 156.160154
137.951477 156.725741
137.951477 157.856915
137.951477 158.422502
137.385891 158.988088
137.385891 159.553675
136.820304 160.119262
136.254717 160.684849
136.254717 161.250435
135.689130 161.816022
135.123543 162.381609
135.123543 162.947196
134.557957 163.512782
133.992370 164.078369
133.426783 164.643956
133.426783 165.209543
132.861196 165.775129
132.295610 166.906303
132.295610 167.471890
131.730023 168.037477
131.164436 168.603063
130.598849 168.603063
130.033263 169.168650
129.467676 169.168650
128.902089 169.734237
127.770916 169.734237
127.205329 170.299824
126.639742 170.299824
126.074155 170.865410
125.508568 170.865410
124.377395 171.430997
123.811808 171.430997
123.246221 171.996584
122.680635 172.562171
122.115048 172.562171
121.549461 173.127757
120.418288 173.127757
119.852701 173.693344
119.287114 173.693344
118.721527 174.258931
118.155941 174.824518
117.590354 175.390104
117.024767 175.390104
116.459180 175.955691
115.893593 176.521278
115.328007 176.521278
114.762420 177.086865
114.196833 177.086865
113.631246 177.652452
113.065660 177.652452
112.500073 178.218038
111.934486 178.218038
111.368899 178.783625
110.803313 178.783625
110.237726 179.349212
109.106552 179.349212
108.540966 179.349212
107.975379 179.349212
107.409792 179.349212
106.844205 179.349212
106.278618 179.349212
105.713032 179.349212
105.147445 179.349212
104.581858 179.349212
104.016271 179.349212
103.450685 179.349212
102.885098 179.349212
102.319511 179.349212
101.753924 179.349212
101.188338 179.349212
100.622751 179.349212
100.057164 178.783625
99.491577 178.783625
98.925991 178.783625
98.360404 178.783625
97.794817 178.218038
96.663643 178.218038
96.663643 177.652452
96.098057 177.086865
95.532470 176.521278
94.966883 175.390104
94.401296 174.824518
93.835710 174.258931
93.270123 173.693344
92.704536 173.127757
92.138949 172.562171
92.138949 171.430997
91.573363 170.865410
91.007776 170.299824
90.442189 169.734237
89.876602 169.168650
89.876602 168.603063
89.311016 167.471890
89.311016 166.906303
88.745429 166.340716
88.745429 165.209543
88.745429 164.643956
88.179842 164.078369
88.179842 162.947196
87.614255 162.381609
87.614255 161.816022
87.614255 160.684849
87.048668 160.119262
87.048668 159.553675
86.483082 158.422502
86.483082 157.856915
86.483082 157.291328
85.917495 156.160154
85.917495 155.594568
85.917495 155.028981
85.351908 153.897807
85.351908 153.332221
84.786321 152.766634
84.786321 151.635460
84.786321 151.069874
84.220735 150.504287
84.220735 149.938700
84.220735 148.807527
83.655148 148.241940
83.655148 147.676353
83.655148 147.110766
83.089561 146.545179
83.089561 145.414006
83.089561 144.848419
82.523974 144.282832
82.523974 143.717246
82.523974 143.151659
81.958388 142.020485
81.958388 141.454899
81.958388 140.889312
81.392801 140.323725
81.392801 139.758138
81.392801 138.626965
80.827214 138.061378
80.827214 137.495791
80.827214 136.930204
80.261627 136.364618
80.261627 135.233444
80.261627 134.667857
79.696041 134.102271
79.696041 133.536684
79.696041 132.971097
79.130454 131.839924
79.130454 131.274337
79.130454 130.708750
79.130454 130.143163
78.564867 129.577577
78.564867 128.446403
78.564867 127.880816
77.999280 127.315229
77.999280 126.749643
77.999280 126.184056
77.999280 125.618469
77.999280 125.052882
77.433693 124.487296
77.433693 123.921709
77.433693 123.356122
77.433693 122.790535
77.433693 122.224949
76.868107 121.659362
76.868107 121.093775
76.868107 120.528188
76.868107 119.962602
76.868107 119.397015
76.302520 118.831428
76.302520 118.265841
76.302520 117.700254
76.302520 117.134668
76.302520 116.569081
75.736933 116.003494
75.736933 115.437907
75.736933 114.872321
75.736933 114.306734
75.736933 113.175560
75.736933 112.609974
75.171346 112.044387
75.171346 111.478800
74.605760 110.913213
74.605760 110.347627
74.605760 109.782040
74.040173 108.650866
74.040173 108.085279
74.040173 107.519693
73.474586 106.954106
73.474586 105.822932
72.908999 105.257346
72.908999 104.691759
72.908999 103.560585
72.343413 102.994999
72.343413 102.429412
72.343413 101.863825
71.777826 100.732652
71.777826 100.167065
71.777826 99.601478
71.212239 98.470304
71.212239 97.904718
71.212239 97.339131
70.646652 96.773544
70.646652 95.642371
70.646652 95.076784
70.081066 94.511197
70.081066 93.380024
70.081066 92.814437
70.081066 92.248850
70.646652 91.683263
70.646652 91.117677
70.646652 90.552090
71.212239 89.420916
71.212239 88.855329
71.777826 88.289743
71.777826 87.724156
72.343413 87.158569
72.343413 86.592982
72.343413 85.461809
72.908999 84.896222
72.908999 84.330635
73.474586 83.765049
73.474586 83.199462
73.474586 82.633875
74.040173 82.068288
74.040173 80.937115
74.605760 80.371528
74.605760 79.805941
74.605760 79.240354
75.171346 78.674768
75.171346 78.109181
75.736933 77.543594
75.736933 76.978007
75.736933 76.412421
76.302520 75.846834
76.868107 75.281247
77.433693 75.281247
77.999280 74.715660
78.564867 74.715660
79.130454 74.715660
79.130454 74.150074
79.696041 74.150074
80.261627 73.584487
80.827214 73.584487
81.392801 73.584487
81.392801 73.018900
81.958388 73.018900
81.958388 72.453313
82.523974 72.453313
82.523974 71.887727
83.089561 71.887727
83.655148 71.887727
83.655148 71.322140
84.220735 71.322140
84.220735 70.756553
84.786321 70.756553
84.786321 70.190966
85.351908 70.190966
85.917495 69.625379
86.483082 69.625379
87.048668 69.625379
87.614255 69.625379
88.179842 69.625379
88.745429 69.059793
89.311016 69.059793
89.876602 69.059793
90.442189 69.059793
91.007776 69.059793
91.573363 68.494206
92.138949 69.059793
92.704536 69.059793
93.270123 69.059793
93.835710 69.059793
94.401296 69.059793
94.966883 69.059793
95.532470 69.059793
96.098057 69.059793
96.663643 69.625379
97.229230 70.190966
97.229230 70.756553
97.794817 71.322140
97.794817 71.887727
98.360404 72.453313
98.925991 73.018900
99.491577 73.584487
100.057164 74.150074
100.057164 74.715660
100.057164 75.281247
100.057164 75.846834
100.057164 76.412421
