103.585606 75.264807
103.585606 75.982685
102.867728 76.700563
102.867728 77.418441
102.867728 78.136320
102.149850 78.854198
102.149850 79.572076
102.149850 80.289954
101.431972 81.007832
101.431972 81.725710
101.431972 82.443588
101.431972 83.161466
100.714094 83.879344
100.714094 84.597222
100.714094 85.315100
100.714094 86.032978
100.714094 86.750856
100.714094 87.468734
100.714094 88.186612
99.996216 88.904490
99.996216 89.622368
99.996216 90.340246
99.996216 91.058124
99.996216 91.776002
99.996216 92.493880
99.996216 93.211758
99.996216 93.929636
99.996216 94.647514
99.996216 95.365392
99.996216 96.083270
100.714094 96.801148
100.714094 97.519026
100.714094 98.236904
100.714094 98.954782
100.714094 99.672660
100.714094 100.390538
100.714094 101.108416
101.431972 101.826294
101.431972 102.544172
101.431972 103.262050
101.431972 103.979928
102.149850 104.697806
102.149850 105.415684
102.149850 106.133562
102.867728 106.851440
102.867728 107.569318
102.867728 108.287196
103.585606 109.005074
103.585606 109.722952
104.303484 110.440830
104.303484 111.158708
105.021362 111.876586
105.021362 112.594464
105.739240 113.312342
105.739240 114.030220
106.457118 114.748098
106.457118 115.465976
107.174996 116.183854
107.892874 116.901732
107.892874 117.619610
108.610752 118.337488
109.328630 119.055366
110.046508 119.773244
110.764386 120.491122
110.764386 121.209000
111.482264 121.926878
112.200142 122.644756
112.918020 123.362635
112.918020 124.080513
113.635898 124.798391
114.353776 125.516269
115.071654 126.234147
115.789532 126.952025
116.507410 127.669903
117.225288 128.387781
117.943166 129.105659
117.943166 129.823537
118.661044 130.541415
119.378922 131.259293
120.096800 131.977171
120.814678 131.977171
121.532556 132.695049
122.250434 133.412927
122.968312 133.412927
123.686190 134.130805
124.404068 134.848683
125.121946 134.848683
125.839824 134.848683
126.557702 135.566561
127.275580 135.566561
127.993458 136.284439
128.711336 136.284439
129.429214 136.284439
130.147092 137.002317
130.864971 137.720195
131.582849 137.720195
132.300727 137.720195
133.018605 138.438073
133.018605 139.155951
133.736483 139.873829
133.736483 140.591707
134.454361 141.309585
134.454361 142.027463
135.172239 142.745341
135.172239 143.463219
135.172239 144.181097
135.890117 144.898975
135.890117 145.616853
136.607995 146.334731
136.607995 147.052609
137.325873 147.770487
137.325873 148.488365
137.325873 149.206243
138.043751 149.924121
138.043751 150.641999
138.043751 151.359877
138.043751 152.077755
138.043751 152.795633
138.043751 153.513511
138.043751 154.231389
138.043751 154.949267
138.043751 155.667145
138.043751 156.385023
138.043751 157.102901
138.043751 157.820779
138.043751 158.538657
138.043751 159.256535
138.043751 159.974413
138.043751 160.692291
138.043751 161.410169
138.043751 162.128047
138.043751 162.845925
137.325873 163.563803
137.325873 164.281681
137.325873 164.999559
136.607995 165.717437
135.890117 166.435315
135.172239 167.153193
134.454361 167.153193
133.736483 167.871071
133.018605 168.588950
132.300727 169.306828
131.582849 170.024706
130.864971 170.024706
130.147092 170.742584
129.429214 170.742584
128.711336 171.460462
127.993458 172.178340
127.275580 172.896218
126.557702 173.614096
125.839824 173.614096
125.121946 173.614096
124.404068 174.331974
123.686190 175.049852
122.968312 175.767730
122.250434 176.485608
121.532556 176.485608
120.814678 176.485608
120.096800 177.203486
119.378922 177.921364
118.661044 177.921364
117.943166 177.921364
117.225288 177.921364
116.507410 177.921364
115.789532 178.639242
115.071654 178.639242
114.353776 178.639242
113.635898 178.639242
112.918020 178.639242
112.200142 178.639242
111.482264 178.639242
110.764386 179.357120
110.046508 179.357120
109.328630 179.357120
108.610752 179.357120
107.892874 179.357120
107.174996 179.357120
106.457118 179.357120
105.739240 179.357120
105.021362 180.074998
104.303484 180.074998
103.585606 180.074998
102.867728 180.074998
102.149850 179.357120
101.431972 179.357120
100.714094 178.639242
99.996216 178.639242
99.278338 177.921364
98.560460 177.203486
97.842582 177.203486
97.124704 176.485608
96.406826 176.485608
95.688948 176.485608
94.971070 175.767730
94.253192 175.049852
93.535314 174.331974
92.817436 173.614096
92.099558 172.896218
91.381680 172.178340
90.663802 171.460462
90.663802 170.742584
89.945924 170.024706
89.228046 169.306828
88.510168 168.588950
87.792290 168.588950
87.074412 167.871071
86.356534 167.153193
86.356534 166.435315
85.638656 165.717437
85.638656 164.999559
84.920777 164.281681
84.202899 163.563803
84.202899 162.845925
83.485021 162.128047
83.485021 161.410169
82.767143 160.692291
82.767143 159.974413
82.049265 159.256535
82.049265 158.538657
82.049265 157.820779
81.331387 157.102901
80.613509 156.385023
80.613509 155.667145
80.613509 154.949267
80.613509 154.231389
79.895631 153.513511
79.895631 152.795633
79.895631 152.077755
79.177753 151.359877
79.177753 150.641999
78.459875 149.924121
78.459875 149.206243
78.459875 148.488365
78.459875 147.770487
77.741997 147.052609
77.741997 146.334731
77.741997 145.616853
77.741997 144.898975
77.741997 144.181097
77.024119 143.463219
77.024119 142.745341
77.024119 142.027463
77.024119 141.309585
77.024119 140.591707
76.306241 139.873829
76.306241 139.155951
76.306241 138.438073
75.588363 137.720195
75.588363 137.002317
75.588363 136.284439
75.588363 135.566561
75.588363 134.848683
75.588363 134.130805
75.588363 133.412927
75.588363 132.695049
75.588363 131.977171
75.588363 131.259293
75.588363 130.541415
75.588363 129.823537
76.306241 129.105659
76.306241 128.387781
76.306241 127.669903
76.306241 126.952025
76.306241 126.234147
76.306241 125.516269
76.306241 124.798391
76.306241 124.080513
76.306241 123.362635
76.306241 122.644756
76.306241 121.926878
76.306241 121.209000
76.306241 120.491122
76.306241 119.773244
76.306241 119.055366
76.306241 118.337488
76.306241 117.619610
76.306241 116.901732
76.306241 116.183854
75.588363 115.465976
75.588363 114.748098
75.588363 114.030220
75.588363 113.312342
74.870485 112.594464
74.870485 111.876586
74.870485 111.158708
74.870485 110.440830
74.870485 109.722952
74.870485 109.005074
74.870485 108.287196
74.870485 107.569318
74.870485 106.851440
74.870485 106.133562
74.152607 105.415684
74.152607 104.697806
74.152607 103.979928
74.152607 103.262050
73.434729 102.544172
73.434729 101.826294
73.434729 101.108416
73.434729 100.390538
72.716851 99.672660
72.716851 98.954782
72.716851 98.236904
72.716851 97.519026
71.998973 96.801148
71.998973 96.083270
71.998973 95.365392
71.998973 94.647514
71.281095 93.929636
71.281095 93.211758
71.281095 92.493880
71.281095 91.776002
70.563217 91.058124
70.563217 90.340246
70.563217 89.622368
70.563217 88.904490
70.563217 88.186612
70.563217 87.468734
70.563217 86.750856
70.563217 86.032978
70.563217 85.315100
70.563217 84.597222
70.563217 83.879344
70.563217 83.161466
70.563217 82.443588
70.563217 81.725710
70.563217 81.007832
70.563217 80.289954
70.563217 79.572076
70.563217 78.854198
70.563217 78.136320
70.563217 77.418441
69.845339 76.700563
70.563217 75.982685
70.563217 75.264807
70.563217 74.546929
71.281095 73.829051
71.281095 73.111173
71.281095 72.393295
71.281095 71.675417
71.998973 70.957539
71.998973 70.239661
71.998973 69.521783
72.716851 68.803905
73.434729 68.086027
73.434729 67.368149
74.152607 66.650271
74.870485 65.932393
75.588363 65.214515
76.306241 64.496637
77.024119 64.496637
77.741997 63.778759
78.459875 63.060881
79.177753 62.343003
79.895631 62.343003
80.613509 61.625125
81.331387 61.625125
82.049265 61.625125
82.767143 60.907247
83.485021 60.907247
84.202899 60.907247
84.920777 60.189369
85.638656 60.189369
86.356534 59.471491
87.074412 59.471491
87.792290 58.753613
88.510168 58.035735
89.228046 58.035735
89.945924 57.317857
90.663802 57.317857
91.381680 57.317857
92.099558 57.317857
92.817436 57.317857
93.535314 58.035735
94.253192 58.035735
94.971070 58.753613
95.688948 58.753613
96.406826 59.471491
97.124704 59.471491
97.842582 60.189369
98.560460 60.189369
99.278338 60.907247
99.996216 60.907247
100.714094 61.625125
101.431972 61.625125
102.149850 62.343003
102.867728 62.343003
103.585606 63.060881
103.585606 63.778759
104.303484 64.496637
103.585606 65.214515
103.585606 65.932393
104.303484 66.650271
105.021362 67.368149
105.739240 68.086027
105.739240 68.803905
105.739240 69.521783
106.457118 70.239661
105.739240 70.957539
105.739240 71.675417
105.021362 72.393295
105.021362 73.111173
104.303484 73.829051
104.303484 74.546929
103.585606 75.264807
