97.079288 106.539989
97.428552 106.889253
97.777816 106.889253
98.127080 106.889253
98.476345 107.238517
98.825609 107.238517
99.174873 107.238517
99.524137 107.587781
99.873401 107.587781
100.222666 107.587781
100.571930 107.587781
100.921194 107.937046
101.270458 107.937046
101.619723 107.937046
101.968987 107.937046
102.318251 107.937046
102.318251 108.286310
102.667515 108.635574
102.667515 108.984838
102.667515 109.334102
103.016779 109.334102
103.016779 109.683367
103.366044 110.032631
103.715308 110.381895
103.715308 110.731159
103.715308 111.080424
104.064572 111.080424
104.064572 111.429688
104.064572 111.778952
104.413836 111.778952
104.413836 112.128216
104.763101 112.477480
104.763101 112.826745
104.763101 113.176009
105.112365 113.525273
105.112365 113.874537
105.112365 114.223801
105.461629 114.573066
105.461629 114.922330
105.810893 115.271594
105.461629 115.620858
105.810893 115.271594
105.810893 115.620858
106.160157 115.970123
105.810893 115.620858
105.810893 115.271594
105.461629 114.922330
105.461629 114.573066
105.461629 114.922330
105.810893 115.271594
105.810893 115.620858
105.810893 115.970123
106.160157 115.970123
105.810893 115.620858
105.810893 115.271594
105.461629 114.922330
105.461629 114.573066
105.461629 114.922330
105.810893 115.271594
105.810893 115.620858
105.810893 115.271594
105.461629 114.922330
105.461629 114.573066
105.112365 114.223801
105.112365 113.874537
105.112365 113.525273
104.763101 113.176009
104.763101 112.826745
104.763101 113.176009
105.112365 113.525273
105.112365 113.874537
105.112365 114.223801
105.112365 114.573066
105.461629 114.573066
105.461629 114.922330
105.461629 115.271594
105.810893 115.271594
105.810893 115.620858
106.160157 115.970123
106.160157 116.319387
106.509422 116.668651
106.160157 116.319387
106.160157 115.970123
105.810893 115.620858
105.810893 115.271594
105.461629 114.922330
105.461629 114.573066
105.112365 114.223801
105.112365 113.874537
105.112365 113.525273
104.763101 113.176009
104.763101 112.826745
104.763101 113.176009
105.112365 113.525273
105.112365 113.874537
105.112365 114.223801
105.112365 114.573066
105.461629 114.573066
105.461629 114.922330
105.810893 115.271594
105.810893 115.620858
106.160157 115.970123
106.160157 116.319387
106.509422 116.668651
106.160157 116.319387
106.160157 115.970123
105.810893 115.620858
105.810893 115.271594
105.461629 114.922330
105.461629 114.573066
105.112365 114.223801
105.112365 113.874537
105.112365 113.525273
104.763101 113.176009
104.763101 112.826745
104.763101 113.176009
105.112365 113.525273
105.112365 113.874537
105.112365 114.223801
105.112365 114.573066
105.461629 114.573066
105.461629 114.922330
105.461629 115.271594
105.810893 115.271594
105.810893 115.620858
105.810893 115.970123
106.160157 115.970123
105.810893 115.620858
105.810893 115.271594
105.461629 114.922330
105.461629 114.573066
105.112365 114.223801
105.112365 113.874537
105.112365 113.525273
104.763101 113.176009
104.763101 112.826745
104.763101 113.176009
105.112365 113.525273
105.112365 113.874537
105.112365 114.223801
105.112365 114.573066
105.461629 114.573066
105.461629 114.922330
105.461629 115.271594
105.810893 115.271594
105.810893 115.620858
105.810893 115.970123
106.160157 115.970123
106.160157 116.319387
106.160157 116.668651
106.509422 116.668651
106.509422 117.017915
106.509422 116.668651
106.160157 116.319387
106.160157 115.970123
105.810893 115.620858
105.810893 115.271594
105.461629 114.922330
105.461629 114.573066
105.112365 114.223801
105.112365 113.874537
105.112365 113.525273
104.763101 113.176009
104.763101 112.826745
104.763101 112.477480
104.763101 112.826745
104.763101 113.176009
105.112365 113.525273
105.112365 113.874537
105.112365 114.223801
105.461629 114.573066
105.461629 114.922330
105.810893 115.271594
105.810893 115.620858
106.160157 115.970123
105.810893 115.620858
105.810893 115.271594
105.461629 114.922330
105.461629 114.573066
105.112365 114.223801
105.112365 113.874537
105.112365 113.525273
104.763101 113.176009
104.763101 112.826745
104.763101 113.176009
105.112365 113.525273
105.112365 113.874537
105.112365 114.223801
105.461629 114.573066
105.461629 114.922330
105.810893 115.271594
105.810893 115.620858
106.160157 115.970123
105.810893 115.620858
105.810893 115.271594
105.461629 114.922330
105.461629 114.573066
105.112365 114.223801
105.112365 113.874537
105.112365 113.525273
104.763101 113.176009
104.763101 112.826745
104.763101 113.176009
105.112365 113.525273
105.112365 113.874537
105.112365 114.223801
105.461629 114.573066
105.461629 114.922330
105.810893 115.271594
105.461629 115.271594
105.461629 114.922330
105.461629 114.573066
105.112365 114.223801
105.112365 113.874537
105.112365 113.525273
104.763101 113.176009
104.763101 112.826745
104.763101 113.176009
105.112365 113.525273
105.112365 113.874537
105.112365 114.223801
105.461629 114.573066
105.461629 114.922330
105.461629 114.573066
105.112365 114.223801
105.112365 113.874537
105.112365 113.525273
104.763101 113.176009
104.763101 112.826745
104.763101 113.176009
105.112365 113.525273
105.112365 113.874537
105.112365 114.223801
105.461629 114.573066
105.112365 114.223801
105.112365 113.874537
105.112365 113.525273
104.763101 113.176009
104.763101 112.826745
104.763101 113.176009
105.112365 113.525273
105.112365 113.874537
105.112365 114.223801
105.461629 114.573066
105.461629 114.922330
105.810893 115.271594
105.461629 114.922330
105.461629 114.573066
105.112365 114.223801
105.112365 113.874537
105.112365 113.525273
104.763101 113.176009
104.763101 112.826745
104.763101 113.176009
105.112365 113.525273
105.112365 113.874537
105.112365 114.223801
105.112365 113.874537
105.112365 114.223801
105.461629 114.573066
105.461629 114.922330
105.461629 114.573066
105.461629 114.922330
105.810893 115.271594
105.810893 115.620858
106.160157 115.970123
106.160157 116.319387
106.509422 116.668651
106.509422 117.017915
106.858686 117.367179
106.858686 117.716444
107.207950 118.065708
107.207950 118.414972
107.207950 118.065708
106.858686 117.716444
106.858686 117.367179
106.858686 117.716444
107.207950 118.065708
106.858686 117.716444
106.858686 117.367179
106.509422 117.017915
106.509422 116.668651
106.509422 117.017915
106.858686 117.367179
106.858686 117.716444
106.858686 117.367179
106.509422 117.017915
106.509422 116.668651
106.509422 117.017915
106.858686 117.367179
106.858686 117.716444
106.858686 117.367179
106.509422 117.017915
106.509422 116.668651
106.509422 117.017915
106.858686 117.367179
106.858686 117.716444
106.858686 117.367179
106.509422 117.017915
106.509422 116.668651
106.509422 117.017915
106.858686 117.367179
106.858686 117.716444
106.858686 118.065708
107.207950 118.065708
106.858686 117.716444
106.858686 117.367179
106.509422 117.017915
106.509422 116.668651
106.509422 117.017915
106.858686 117.367179
106.858686 117.716444
106.858686 118.065708
107.207950 118.065708
107.207950 118.414972
107.557214 118.764236
107.207950 118.414972
107.207950 118.065708
106.858686 117.716444
106.858686 117.367179
106.509422 117.017915
106.509422 116.668651
106.509422 117.017915
106.858686 117.367179
106.858686 117.716444
106.858686 118.065708
107.207950 118.065708
107.207950 118.414972
107.557214 118.764236
107.207950 118.414972
107.207950 118.065708
106.858686 117.716444
106.858686 117.367179
106.509422 117.017915
106.509422 116.668651
106.509422 117.017915
106.858686 117.367179
106.858686 117.716444
106.858686 118.065708
107.207950 118.065708
107.207950 118.414972
107.557214 118.764236
107.557214 119.113501
107.906478 119.113501
107.557214 118.764236
107.207950 118.414972
107.207950 118.065708
106.858686 117.716444
106.858686 117.367179
106.509422 117.017915
106.509422 116.668651
106.509422 117.017915
106.858686 117.367179
106.858686 117.716444
106.858686 118.065708
107.207950 118.065708
107.207950 118.414972
107.557214 118.764236
107.557214 119.113501
107.906478 119.113501
107.557214 118.764236
107.207950 118.414972
107.207950 118.065708
106.858686 117.716444
106.858686 117.367179
106.509422 117.017915
106.509422 116.668651
106.509422 117.017915
106.858686 117.367179
106.509422 117.017915
106.509422 116.668651
106.509422 117.017915
106.858686 117.367179
106.858686 117.716444
106.858686 118.065708
107.207950 118.065708
106.858686 117.716444
106.858686 117.367179
106.509422 117.017915
106.509422 116.668651
106.509422 117.017915
106.858686 117.367179
106.858686 117.716444
106.858686 118.065708
107.207950 118.065708
107.207950 118.414972
107.207950 118.764236
107.557214 118.764236
107.906478 119.113501
107.906478 119.462765
108.255743 119.812029
108.255743 120.161293
108.605007 120.510557
108.255743 120.161293
108.255743 119.812029
107.906478 119.812029
107.906478 119.462765
107.906478 119.113501
107.557214 118.764236
107.207950 118.414972
107.207950 118.065708
106.858686 117.716444
106.858686 117.367179
106.509422 117.017915
106.509422 116.668651
106.509422 117.017915
106.858686 117.367179
106.858686 117.716444
106.858686 118.065708
107.207950 118.065708
107.207950 118.414972
107.557214 118.764236
107.906478 119.113501
107.906478 119.462765
108.255743 119.812029
108.255743 120.161293
108.605007 120.510557
108.954271 120.859822
109.303535 121.209086
109.303535 121.558350
109.652800 121.907614
109.652800 122.256878
110.002064 122.606143
110.351328 122.606143
110.351328 122.955407
110.351328 123.304671
110.700592 123.304671
111.049856 123.653935
111.399121 124.003200
111.748385 124.352464
112.097649 124.701728
112.446913 125.050992
112.796178 125.400256
113.145442 125.749521
113.494706 126.098785
113.843970 126.448049
114.193234 126.797313
114.542499 127.146578
114.891763 127.495842
115.241027 127.495842
115.590291 127.845106
115.939555 128.194370
116.288820 128.543634
116.638084 128.543634
116.987348 128.892899
117.336612 129.242163
117.685877 129.591427
118.035141 129.591427
118.384405 129.940691
118.733669 129.940691
119.082933 130.289955
119.432198 130.639220
119.781462 130.639220
120.130726 130.988484
120.479990 130.988484
120.829254 131.337748
121.178519 131.337748
121.527783 131.687012
121.877047 131.687012
122.226311 132.036277
122.575576 132.036277
122.924840 132.385541
123.274104 132.385541
123.623368 132.734805
123.972632 132.734805
124.321897 133.084069
124.671161 133.084069
125.020425 133.084069
125.369689 133.433333
125.718954 133.433333
126.068218 133.433333
126.417482 133.782598
126.766746 133.782598
127.116010 133.782598
127.465275 134.131862
127.814539 134.131862
128.163803 134.131862
128.513067 134.481126
128.862331 134.481126
129.211596 134.481126
129.560860 134.481126
129.910124 134.830390
130.259388 134.830390
130.608653 134.830390
130.957917 134.830390
131.307181 134.830390
131.656445 134.830390
132.005709 135.179655
132.354974 135.179655
132.704238 135.179655
133.053502 135.179655
133.402766 135.179655
133.752031 135.179655
134.101295 135.179655
134.450559 135.179655
134.799823 135.179655
135.149087 135.528919
135.498352 135.528919
135.847616 135.528919
136.196880 135.528919
136.546144 135.528919
136.895408 135.528919
137.244673 135.528919
137.593937 135.528919
137.943201 135.528919
138.292465 135.528919
138.641730 135.528919
138.990994 135.528919
139.340258 135.528919
139.689522 135.528919
140.038786 135.528919
140.388051 135.528919
140.737315 135.528919
141.086579 135.528919
141.435843 135.528919
141.785108 135.528919
142.134372 135.528919
142.483636 135.528919
142.134372 135.528919
142.483636 135.528919
142.832900 135.528919
143.182164 135.528919
143.531429 135.528919
143.880693 135.528919
144.229957 135.528919
144.579221 135.528919
144.928485 135.179655
145.277750 135.179655
145.627014 135.528919
146.325542 135.878183
146.325542 136.227447
146.325542 136.576711
146.325542 136.925976
146.325542 137.275240
146.325542 137.624504
146.325542 137.973768
146.325542 138.323032
146.325542 138.672297
146.325542 139.021561
146.325542 139.370825
146.325542 139.720089
146.325542 140.069354
146.325542 140.418618
146.325542 140.767882
146.325542 141.117146
146.325542 141.466410
146.325542 141.815675
146.325542 142.164939
146.325542 142.514203
146.325542 142.863467
146.325542 143.212732
145.976278 143.561996
145.627014 144.260524
145.627014 144.609788
145.277750 144.959053
144.928485 145.308317
144.579221 145.657581
144.229957 146.006845
143.880693 146.356109
143.880693 147.054638
143.531429 147.403902
143.182164 147.753166
142.832900 148.102431
142.483636 148.451695
142.483636 148.800959
142.134372 149.150223
141.785108 149.848752
141.435843 150.198016
141.086579 150.547280
140.737315 150.896544
140.737315 151.245809
140.388051 151.595073
140.038786 151.944337
139.689522 152.642865
139.340258 152.992130
138.990994 153.341394
138.641730 153.690658
138.292465 154.039922
137.943201 154.039922
137.593937 154.389186
137.244673 154.738451
136.895408 155.087715
136.546144 155.087715
136.196880 155.436979
135.847616 155.436979
135.498352 155.786243
135.149087 156.135508
134.799823 156.135508
134.450559 156.484772
133.752031 156.484772
133.402766 156.834036
133.053502 156.834036
132.704238 157.183300
132.354974 157.532564
132.005709 157.532564
131.656445 157.881829
130.957917 157.881829
130.608653 158.231093
130.259388 158.231093
129.910124 158.580357
129.560860 158.580357
129.211596 158.580357
128.862331 158.580357
128.513067 158.580357
128.163803 158.929621
127.814539 158.929621
127.465275 158.929621
127.116010 158.929621
126.766746 158.929621
126.417482 158.929621
126.068218 159.278885
125.718954 159.278885
125.369689 159.278885
125.020425 159.278885
124.321897 159.278885
123.972632 159.278885
123.623368 159.278885
123.274104 159.628150
122.924840 159.628150
122.575576 159.628150
122.226311 159.628150
121.877047 159.628150
121.527783 159.628150
121.178519 159.628150
120.829254 159.628150
120.479990 159.628150
120.130726 159.628150
119.781462 159.628150
119.432198 159.628150
119.082933 159.628150
118.733669 159.628150
118.384405 159.628150
118.035141 159.628150
117.685877 159.628150
117.336612 159.628150
116.987348 159.628150
116.638084 159.628150
116.288820 159.628150
115.939555 159.628150
115.590291 159.628150
115.241027 159.628150
114.891763 159.628150
114.542499 159.628150
114.193234 159.628150
113.843970 159.628150
113.494706 159.278885
113.145442 159.278885
112.796178 159.278885
112.446913 159.278885
112.097649 159.278885
111.748385 158.929621
111.399121 158.929621
111.049856 158.580357
110.351328 158.580357
110.002064 158.231093
109.652800 157.881829
109.303535 157.532564
108.954271 157.183300
108.605007 156.834036
108.255743 156.484772
107.906478 156.135508
107.557214 155.786243
106.858686 155.087715
106.509422 154.738451
106.160157 154.389186
105.810893 154.039922
105.461629 153.690658
105.112365 153.341394
104.763101 152.992130
104.413836 152.293601
104.413836 151.944337
104.413836 151.595073
104.064572 150.896544
104.064572 150.547280
104.064572 150.198016
103.715308 149.499487
103.715308 149.150223
103.366044 148.800959
103.366044 148.102431
103.366044 147.753166
103.016779 147.403902
103.016779 146.705374
103.016779 146.356109
102.667515 146.006845
102.667515 145.308317
102.318251 144.959053
102.318251 144.609788
102.318251 143.911260
101.968987 143.561996
101.968987 143.212732
101.619723 142.514203
101.619723 142.164939
101.619723 141.815675
101.270458 141.466410
101.270458 140.767882
101.270458 140.418618
101.270458 140.069354
101.270458 139.720089
101.270458 139.370825
101.270458 139.021561
101.270458 138.672297
101.270458 138.323032
100.921194 137.973768
100.921194 137.624504
100.571930 137.275240
100.222666 136.925976
99.873401 136.576711
99.524137 136.227447
99.524137 135.878183
99.174873 135.528919
98.825609 134.830390
98.476345 134.481126
98.476345 134.131862
98.127080 133.782598
97.777816 133.433333
97.428552 133.084069
97.428552 132.734805
97.079288 132.385541
96.730024 132.036277
96.380759 131.687012
96.380759 131.337748
96.031495 130.988484
95.682231 130.639220
95.332967 129.940691
95.332967 129.591427
94.983702 129.242163
94.634438 128.892899
94.634438 128.543634
94.634438 128.194370
94.634438 127.845106
94.634438 127.495842
94.634438 127.146578
94.634438 126.797313
94.634438 126.448049
94.634438 126.098785
94.634438 125.749521
94.285174 125.400256
94.285174 125.050992
93.935910 124.701728
93.935910 124.352464
93.586646 124.003200
93.586646 123.653935
93.237381 123.304671
93.237381 122.955407
93.237381 122.606143
92.888117 122.256878
92.888117 121.907614
92.538853 121.558350
92.538853 121.209086
92.189589 120.859822
92.189589 120.510557
91.840324 120.161293
91.840324 119.812029
91.840324 119.462765
91.491060 119.113501
91.491060 118.764236
91.141796 118.414972
91.141796 118.065708
90.792532 117.716444
90.792532 117.017915
90.792532 116.668651
90.792532 116.319387
90.792532 115.970123
90.792532 115.620858
90.792532 115.271594
90.792532 114.922330
90.792532 114.573066
91.141796 114.223801
91.141796 113.874537
91.141796 113.525273
91.141796 113.176009
91.141796 112.826745
91.141796 112.477480
91.491060 112.128216
91.491060 111.778952
91.491060 111.429688
91.491060 111.080424
91.491060 110.731159
91.491060 110.381895
91.491060 110.032631
91.840324 109.683367
91.840324 109.334102
91.840324 108.984838
91.840324 108.635574
91.840324 108.286310
91.840324 107.937046
92.189589 107.587781
92.538853 106.889253
92.538853 106.539989
92.888117 106.190724
93.237381 105.841460
93.586646 105.492196
93.586646 105.142932
93.935910 105.142932
94.285174 105.492196
93.935910 105.492196
93.935910 105.142932
93.586646 105.142932
93.935910 105.142932
94.285174 105.492196
94.634438 105.492196
94.983702 105.841460
95.332967 105.841460
95.682231 106.190724
96.031495 106.190724
96.380759 106.539989
96.730024 106.539989
97.079288 106.539989
