102.105519 49.146816
102.853886 49.895183
102.853886 50.643550
103.602253 51.391917
104.350620 52.140284
104.350620 52.888651
104.350620 53.637018
105.098987 54.385385
105.098987 55.133753
105.098987 55.882120
105.098987 56.630487
105.098987 57.378854
105.847355 58.127221
105.847355 58.875588
105.847355 59.623955
105.847355 60.372322
105.847355 61.120689
105.098987 61.869057
105.098987 62.617424
105.098987 63.365791
105.098987 64.114158
105.098987 64.862525
105.098987 65.610892
104.350620 66.359259
104.350620 67.107626
104.350620 67.855993
103.602253 68.604361
103.602253 69.352728
103.602253 70.101095
103.602253 70.849462
102.853886 71.597829
102.853886 72.346196
102.853886 73.094563
102.105519 73.842930
102.105519 74.591298
102.105519 75.339665
101.357152 76.088032
101.357152 76.836399
101.357152 78.333133
100.608785 79.081500
100.608785 79.829867
100.608785 80.578234
100.608785 81.326602
100.608785 82.074969
99.860418 82.823336
99.860418 83.571703
99.860418 84.320070
99.860418 85.068437
99.860418 85.816804
99.860418 86.565171
99.860418 87.313538
99.860418 88.061906
100.608785 88.810273
100.608785 89.558640
100.608785 90.307007
100.608785 91.055374
100.608785 91.803741
101.357152 92.552108
101.357152 93.300475
101.357152 94.048843
102.105519 94.797210
102.105519 95.545577
102.853886 96.293944
102.853886 97.042311
102.853886 97.790678
103.602253 98.539045
104.350620 99.287412
104.350620 100.035779
105.098987 100.784147
105.847355 101.532514
105.847355 102.280881
106.595722 103.029248
107.344089 103.777615
108.092456 104.525982
108.092456 105.274349
108.840823 106.022716
109.589190 106.771084
110.337557 107.519451
111.085924 109.016185
111.834292 109.764552
111.834292 110.512919
112.582659 111.261286
113.331026 112.009653
114.079393 112.758020
114.827760 113.506388
115.576127 114.254755
116.324494 115.003122
117.072861 115.751489
117.821228 116.499856
118.569596 117.248223
118.569596 117.996590
119.317963 118.744957
120.066330 119.493324
120.814697 120.241692
121.563064 120.990059
122.311431 121.738426
123.059798 122.486793
123.808165 123.235160
124.556532 123.983527
125.304900 124.731894
125.304900 125.480261
126.053267 126.228629
126.801634 126.976996
127.550001 127.725363
128.298368 128.473730
129.046735 129.222097
129.795102 129.970464
130.543469 130.718831
131.291837 131.467198
132.040204 132.215565
132.788571 132.963933
132.788571 133.712300
133.536938 134.460667
134.285305 135.209034
135.033672 135.957401
135.782039 136.705768
136.530406 137.454135
137.278773 138.202502
138.027141 138.950869
138.775508 139.699237
139.523875 140.447604
140.272242 141.195971
141.020609 141.944338
141.768976 142.692705
141.768976 143.441072
142.517343 144.189439
143.265710 144.937806
144.014078 145.686174
144.762445 146.434541
144.762445 147.182908
145.510812 147.931275
146.259179 148.679642
146.259179 149.428009
147.007546 150.176376
147.007546 150.924743
147.755913 151.673110
147.755913 152.421478
148.504280 153.169845
148.504280 153.918212
148.504280 155.414946
148.504280 156.163313
149.252647 156.911680
149.252647 157.660047
149.252647 158.408414
149.252647 159.156782
149.252647 159.905149
149.252647 160.653516
148.504280 161.401883
148.504280 162.150250
148.504280 162.898617
147.755913 163.646984
147.755913 164.395351
147.007546 165.143719
147.007546 165.892086
146.259179 166.640453
145.510812 167.388820
145.510812 168.137187
144.762445 168.885554
144.014078 169.633921
143.265710 170.382288
142.517343 171.130655
141.768976 171.879023
141.020609 172.627390
140.272242 172.627390
139.523875 173.375757
138.775508 174.124124
138.027141 174.872491
137.278773 174.872491
136.530406 175.620858
135.782039 175.620858
135.033672 176.369225
134.285305 176.369225
133.536938 177.117592
132.788571 177.865959
131.291837 177.865959
130.543469 177.865959
129.795102 178.614327
129.046735 178.614327
128.298368 179.362694
127.550001 179.362694
126.801634 180.111061
126.053267 180.111061
125.304900 180.859428
124.556532 180.859428
123.808165 180.859428
123.059798 181.607795
122.311431 181.607795
121.563064 181.607795
120.814697 182.356162
120.066330 182.356162
119.317963 182.356162
118.569596 183.104529
117.821228 183.104529
117.072861 183.852896
116.324494 183.852896
115.576127 183.852896
114.827760 183.852896
114.079393 184.601264
113.331026 184.601264
112.582659 184.601264
111.834292 185.349631
111.085924 185.349631
110.337557 185.349631
109.589190 185.349631
108.840823 185.349631
107.344089 186.097998
106.595722 186.097998
105.847355 186.097998
105.098987 186.097998
104.350620 186.097998
103.602253 186.097998
102.853886 186.097998
102.105519 186.097998
101.357152 186.097998
100.608785 186.097998
99.860418 186.097998
99.112051 185.349631
98.363683 185.349631
97.615316 185.349631
96.866949 185.349631
96.118582 184.601264
95.370215 184.601264
94.621848 184.601264
93.873481 183.852896
93.125114 183.852896
92.376747 183.104529
91.628379 182.356162
90.880012 182.356162
90.131645 181.607795
89.383278 180.859428
88.634911 180.859428
87.886544 180.111061
87.138177 179.362694
86.389810 178.614327
85.641442 177.865959
84.893075 177.117592
84.144708 176.369225
83.396341 175.620858
82.647974 174.872491
81.899607 174.124124
81.151240 173.375757
80.402873 172.627390
79.654506 171.879023
79.654506 171.130655
78.906138 170.382288
78.157771 169.633921
78.157771 168.885554
77.409404 168.137187
76.661037 167.388820
76.661037 166.640453
75.912670 165.892086
75.164303 165.143719
75.164303 164.395351
74.415936 163.646984
74.415936 162.898617
73.667569 162.150250
73.667569 161.401883
72.919202 160.653516
72.919202 159.905149
72.170834 159.156782
72.170834 158.408414
72.170834 157.660047
71.422467 156.911680
71.422467 156.163313
70.674100 155.414946
70.674100 154.666579
69.925733 153.918212
69.925733 153.169845
69.925733 152.421478
69.177366 151.673110
69.177366 150.924743
68.428999 150.176376
68.428999 149.428009
68.428999 147.931275
67.680632 147.182908
67.680632 146.434541
66.932265 145.686174
66.932265 144.937806
66.932265 144.189439
66.183897 143.441072
66.183897 142.692705
66.183897 141.944338
65.435530 141.195971
65.435530 140.447604
65.435530 139.699237
65.435530 138.950869
64.687163 138.202502
64.687163 137.454135
64.687163 136.705768
64.687163 135.957401
63.938796 135.209034
63.938796 134.460667
63.938796 133.712300
63.938796 132.963933
63.938796 132.215565
63.190429 131.467198
63.190429 130.718831
63.190429 129.970464
63.190429 129.222097
63.190429 128.473730
63.190429 127.725363
63.190429 126.976996
63.190429 126.228629
62.442062 125.480261
62.442062 124.731894
62.442062 123.983527
62.442062 123.235160
62.442062 122.486793
62.442062 121.738426
62.442062 120.990059
62.442062 120.241692
62.442062 118.744957
62.442062 117.996590
62.442062 117.248223
62.442062 116.499856
62.442062 115.751489
62.442062 115.003122
62.442062 114.254755
61.693695 113.506388
61.693695 112.758020
61.693695 112.009653
61.693695 111.261286
61.693695 110.512919
61.693695 109.764552
61.693695 109.016185
61.693695 108.267818
60.945328 107.519451
60.945328 106.771084
60.945328 106.022716
60.945328 105.274349
60.945328 104.525982
60.945328 103.777615
60.945328 103.029248
61.693695 102.280881
61.693695 101.532514
61.693695 100.784147
61.693695 100.035779
61.693695 99.287412
61.693695 98.539045
61.693695 97.790678
60.945328 97.790678
60.945328 97.042311
60.945328 96.293944
60.945328 95.545577
60.945328 94.797210
60.945328 94.048843
60.945328 93.300475
60.945328 92.552108
60.945328 91.803741
60.196961 91.803741
60.196961 91.055374
60.196961 90.307007
60.196961 89.558640
60.196961 88.810273
59.448593 88.810273
59.448593 88.061906
59.448593 87.313538
59.448593 86.565171
60.196961 85.816804
60.196961 85.068437
60.945328 84.320070
60.945328 83.571703
60.945328 82.823336
61.693695 82.074969
61.693695 81.326602
61.693695 80.578234
62.442062 79.829867
62.442062 79.081500
62.442062 78.333133
62.442062 77.584766
63.190429 76.836399
63.190429 76.088032
63.190429 75.339665
63.190429 74.591298
63.190429 73.842930
63.190429 73.094563
63.190429 72.346196
63.190429 71.597829
63.938796 70.849462
63.938796 70.101095
63.938796 69.352728
63.938796 68.604361
63.938796 67.855993
63.938796 67.107626
63.938796 66.359259
64.687163 65.610892
64.687163 64.862525
64.687163 64.114158
65.435530 63.365791
65.435530 62.617424
66.183897 61.869057
66.183897 61.120689
66.932265 60.372322
66.932265 59.623955
67.680632 58.875588
68.428999 57.378854
68.428999 56.630487
69.177366 55.882120
69.925733 55.133753
70.674100 54.385385
71.422467 53.637018
72.170834 52.888651
72.919202 52.140284
73.667569 51.391917
74.415936 51.391917
75.164303 50.643550
75.912670 49.895183
76.661037 49.146816
77.409404 48.398448
78.157771 48.398448
78.906138 47.650081
79.654506 46.901714
80.402873 46.901714
81.151240 46.153347
81.899607 46.153347
82.647974 45.404980
83.396341 45.404980
84.144708 45.404980
84.893075 44.656613
85.641442 44.656613
86.389810 44.656613
87.138177 44.656613
87.886544 43.908246
88.634911 43.908246
89.383278 43.908246
90.131645 43.908246
90.880012 43.908246
91.628379 43.908246
92.376747 43.908246
93.125114 43.908246
93.873481 44.656613
94.621848 44.656613
95.370215 44.656613
96.118582 44.656613
96.866949 45.404980
97.615316 46.153347
98.363683 46.153347
99.112051 46.901714
99.860418 47.650081
100.608785 47.650081
101.357152 48.398448
102.105519 49.146816
