102.281897 67.507476
102.281897 68.135771
102.281897 68.764066
102.281897 69.392361
102.281897 70.020655
102.281897 70.648950
102.910192 71.905540
103.538487 72.533835
103.538487 73.162130
104.166782 74.418720
104.166782 75.047015
104.795077 75.675310
105.423371 76.931900
105.423371 77.560195
105.423371 78.188489
105.423371 78.816784
105.423371 79.445079
104.795077 80.073374
104.795077 80.701669
104.795077 81.329964
104.795077 81.958259
104.795077 82.586554
104.795077 83.214849
104.795077 83.843144
104.795077 84.471439
104.795077 85.099734
104.795077 85.728029
104.795077 86.356323
104.795077 86.984618
104.795077 87.612913
104.795077 88.241208
104.795077 87.612913
104.795077 88.241208
104.795077 88.869503
104.795077 89.497798
105.423371 90.126093
105.423371 90.754388
105.423371 91.382683
105.423371 92.010978
105.423371 92.639273
105.423371 93.267568
105.423371 93.895862
105.423371 94.524157
106.051666 95.152452
106.051666 95.780747
106.051666 96.409042
106.051666 97.037337
106.051666 97.665632
106.679961 98.293927
106.679961 98.922222
106.679961 99.550517
107.308256 100.178812
107.308256 100.807107
107.308256 101.435402
107.308256 102.063696
107.308256 102.691991
107.936551 102.691991
107.936551 103.320286
107.936551 103.948581
107.936551 104.576876
107.936551 105.205171
107.936551 105.833466
107.936551 106.461761
107.936551 107.090056
107.936551 107.718351
108.564846 107.718351
108.564846 108.346646
108.564846 108.974941
108.564846 109.603236
108.564846 110.231530
108.564846 110.859825
109.193141 110.859825
109.193141 111.488120
109.193141 112.116415
109.193141 112.744710
109.821436 112.744710
109.821436 113.373005
109.821436 114.001300
109.821436 114.629595
109.821436 115.257890
110.449731 115.257890
110.449731 115.886185
110.449731 116.514480
110.449731 117.142775
111.078026 117.142775
111.078026 117.771069
111.078026 118.399364
111.706321 118.399364
111.706321 119.027659
111.706321 119.655954
112.334616 119.655954
112.334616 120.284249
112.334616 120.912544
112.962911 121.540839
112.962911 122.169134
112.962911 122.797429
113.591205 122.797429
113.591205 123.425724
114.219500 123.425724
114.219500 124.054019
114.847795 124.682314
114.847795 125.310609
115.476090 125.938903
115.476090 126.567198
115.476090 127.195493
116.104385 127.195493
116.732680 127.823788
116.732680 128.452083
117.360975 128.452083
117.360975 129.080378
117.989270 129.708673
118.617565 130.336968
118.617565 130.965263
119.245860 130.965263
119.245860 131.593558
119.874155 132.221853
120.502450 132.850148
120.502450 133.478443
121.130745 133.478443
121.759039 134.106737
122.387334 134.735032
123.015629 135.363327
123.643924 135.991622
124.272219 136.619917
124.900514 137.248212
125.528809 137.876507
126.157104 138.504802
126.785399 139.133097
127.413694 139.133097
128.041989 139.761392
128.670284 140.389687
129.298578 141.017982
129.926873 141.017982
130.555168 141.646276
131.183463 142.274571
131.811758 142.902866
132.440053 142.902866
133.068348 143.531161
133.696643 143.531161
134.324938 144.159456
134.953233 144.159456
135.581528 144.787751
136.209823 145.416046
136.838118 145.416046
137.466412 146.044341
138.094707 146.044341
138.723002 146.044341
139.351297 146.672636
139.979592 147.300931
139.979592 147.929226
140.607887 148.557521
140.607887 149.185816
141.236182 150.442405
141.236182 151.070700
141.236182 151.698995
141.236182 152.327290
141.236182 152.955585
141.236182 153.583880
141.236182 154.212175
141.236182 154.840470
141.236182 155.468765
141.236182 156.097060
141.236182 156.725355
141.236182 157.353649
141.236182 157.981944
141.236182 158.610239
141.236182 159.238534
141.236182 159.866829
141.236182 160.495124
140.607887 161.123419
140.607887 161.751714
140.607887 162.380009
140.607887 163.008304
140.607887 163.636599
139.979592 164.264894
139.979592 164.893189
139.979592 165.521483
139.351297 166.149778
138.723002 166.778073
138.094707 167.406368
138.094707 168.662958
137.466412 169.291253
136.838118 169.919548
136.209823 170.547843
135.581528 171.176138
134.953233 171.804433
134.953233 172.432728
134.324938 173.061023
133.696643 173.689317
133.068348 174.317612
132.440053 174.945907
131.811758 175.574202
131.183463 176.202497
130.555168 176.830792
129.926873 177.459087
128.670284 177.459087
128.041989 178.087382
127.413694 178.715677
126.785399 179.343972
126.157104 179.972267
125.528809 180.600562
124.900514 181.228856
124.272219 181.857151
123.015629 181.857151
122.387334 182.485446
121.759039 182.485446
121.130745 182.485446
120.502450 183.113741
119.874155 183.113741
119.245860 183.113741
118.617565 183.742036
117.989270 183.742036
117.360975 183.742036
116.732680 184.370331
116.104385 184.370331
115.476090 184.998626
114.847795 184.998626
114.219500 184.998626
113.591205 185.626921
112.962911 185.626921
112.334616 185.626921
111.078026 185.626921
110.449731 185.626921
109.821436 185.626921
109.193141 185.626921
108.564846 185.626921
107.936551 185.626921
107.308256 185.626921
106.679961 185.626921
106.051666 185.626921
105.423371 185.626921
104.795077 185.626921
104.166782 184.998626
103.538487 184.998626
102.910192 184.998626
102.281897 184.370331
101.653602 184.370331
101.025307 184.370331
100.397012 183.742036
99.768717 183.742036
99.140422 183.113741
97.883832 183.113741
97.255538 183.113741
96.627243 182.485446
95.998948 182.485446
95.370653 182.485446
94.742358 181.857151
94.114063 181.228856
94.114063 180.600562
93.485768 179.972267
92.857473 179.343972
92.229178 178.715677
91.600883 178.087382
90.972588 177.459087
90.344293 176.830792
89.715998 176.202497
89.087704 175.574202
87.831114 174.945907
87.202819 174.317612
86.574524 173.689317
86.574524 173.061023
85.946229 172.432728
85.317934 171.804433
85.317934 171.176138
84.689639 170.547843
84.689639 169.919548
84.061344 169.291253
83.433049 168.662958
83.433049 168.034663
82.804754 167.406368
82.804754 166.778073
82.176459 166.149778
82.176459 164.893189
81.548165 164.264894
80.919870 163.636599
80.919870 163.008304
80.291575 162.380009
80.291575 161.751714
79.663280 161.123419
79.663280 160.495124
79.034985 159.866829
78.406690 159.238534
78.406690 158.610239
77.778395 157.981944
77.778395 157.353649
77.778395 156.725355
77.150100 156.097060
77.150100 155.468765
77.150100 154.840470
77.150100 154.212175
76.521805 152.955585
76.521805 152.327290
76.521805 151.698995
75.893510 151.070700
75.893510 149.814110
75.893510 149.185816
75.265215 148.557521
75.265215 147.929226
74.636920 147.300931
74.636920 146.044341
74.636920 145.416046
74.008625 144.787751
74.008625 144.159456
74.008625 142.902866
73.380331 142.274571
73.380331 141.646276
73.380331 141.017982
72.752036 139.761392
72.752036 139.133097
72.752036 138.504802
72.752036 137.876507
72.752036 137.248212
72.752036 136.619917
72.752036 135.991622
72.123741 135.363327
72.123741 134.735032
72.123741 134.106737
72.123741 133.478443
72.123741 132.850148
71.495446 132.221853
71.495446 131.593558
71.495446 130.965263
71.495446 130.336968
70.867151 129.080378
70.867151 128.452083
70.867151 127.823788
70.867151 127.195493
70.238856 126.567198
70.238856 125.938903
70.238856 125.310609
70.238856 124.682314
69.610561 124.054019
69.610561 123.425724
69.610561 122.797429
69.610561 122.169134
68.982266 121.540839
68.982266 120.912544
68.982266 120.284249
68.982266 119.655954
68.353971 119.027659
68.353971 118.399364
68.353971 117.771069
68.353971 117.142775
68.353971 116.514480
68.353971 115.886185
67.725676 115.257890
67.725676 114.001300
67.725676 113.373005
67.725676 112.744710
67.725676 112.116415
67.725676 111.488120
67.097381 110.859825
67.097381 110.231530
67.097381 109.603236
67.097381 108.974941
67.097381 108.346646
66.469086 107.718351
66.469086 107.090056
66.469086 106.461761
66.469086 105.833466
66.469086 105.205171
66.469086 104.576876
65.840791 103.948581
65.840791 103.320286
65.840791 102.691991
65.840791 102.063696
65.840791 101.435402
66.469086 100.807107
66.469086 99.550517
66.469086 98.922222
66.469086 98.293927
66.469086 97.665632
66.469086 97.037337
66.469086 96.409042
66.469086 95.780747
66.469086 95.152452
66.469086 94.524157
66.469086 93.895862
66.469086 92.639273
66.469086 92.010978
66.469086 91.382683
66.469086 90.754388
66.469086 90.126093
66.469086 89.497798
66.469086 88.869503
67.097381 88.241208
67.097381 87.612913
67.097381 86.356323
67.097381 85.728029
67.097381 85.099734
67.097381 84.471439
67.725676 83.843144
67.725676 83.214849
67.725676 81.958259
67.725676 81.329964
67.725676 80.701669
67.725676 80.073374
67.725676 79.445079
68.353971 78.816784
68.353971 77.560195
68.353971 76.931900
68.982266 76.303605
69.610561 75.675310
70.238856 75.047015
70.867151 74.418720
71.495446 73.790425
71.495446 73.162130
72.123741 72.533835
72.752036 71.905540
73.380331 71.277245
74.008625 70.648950
74.636920 70.020655
75.265215 69.392361
75.893510 68.764066
76.521805 68.135771
77.150100 68.135771
77.778395 67.507476
78.406690 66.879181
79.034985 66.879181
79.663280 66.250886
80.291575 65.622591
80.919870 64.994296
81.548165 64.994296
82.176459 64.994296
82.804754 64.994296
83.433049 64.994296
84.061344 64.994296
84.689639 64.994296
85.946229 64.994296
86.574524 64.994296
87.202819 64.994296
87.831114 64.994296
88.459409 64.366001
89.087704 64.366001
89.715998 64.366001
90.344293 64.366001
90.972588 64.366001
91.600883 64.366001
92.229178 64.366001
92.857473 64.366001
93.485768 64.366001
94.114063 64.366001
94.742358 64.366001
95.370653 64.366001
95.998948 64.366001
96.627243 64.366001
97.255538 64.366001
98.512127 64.994296
99.140422 64.994296
99.768717 64.994296
100.397012 64.994296
101.025307 64.994296
101.653602 65.622591
102.281897 65.622591
102.910192 65.622591
102.910192 66.250886
102.910192 66.879181
102.910192 67.507476
102.281897 67.507476
