100.599203 79.356959
100.599203 79.931832
100.599203 80.506704
100.599203 81.081577
100.024330 81.656450
100.024330 82.231323
100.024330 82.806196
100.024330 83.381068
100.024330 83.955941
99.449457 84.530814
99.449457 85.105687
99.449457 85.680560
99.449457 86.255432
99.449457 86.830305
99.449457 87.405178
99.449457 87.980051
99.449457 88.554924
99.449457 89.129797
99.449457 89.704669
99.449457 90.279542
99.449457 90.854415
99.449457 91.429288
99.449457 92.004161
99.449457 92.579033
99.449457 93.153906
99.449457 93.728779
99.449457 94.303652
99.449457 94.878525
99.449457 95.453397
99.449457 96.028270
99.449457 96.603143
99.449457 97.178016
99.449457 97.752889
99.449457 98.327761
99.449457 98.902634
99.449457 99.477507
99.449457 100.052380
99.449457 100.627253
99.449457 101.202126
100.024330 101.776998
100.024330 102.351871
100.024330 102.926744
100.024330 103.501617
100.024330 104.076490
100.024330 104.651362
100.599203 104.651362
100.599203 105.226235
100.599203 105.801108
100.599203 106.375981
100.599203 106.950854
101.174075 106.950854
101.174075 107.525726
101.174075 108.100599
101.174075 108.675472
101.748948 108.675472
101.748948 109.250345
101.748948 109.825218
102.323821 110.400090
102.323821 110.974963
102.323821 111.549836
102.898694 111.549836
102.898694 112.124709
102.898694 112.699582
102.898694 113.274455
103.473567 113.274455
103.473567 113.849327
103.473567 114.424200
104.048439 114.424200
104.048439 114.999073
104.623312 115.573946
104.623312 116.148819
104.623312 116.723691
105.198185 116.723691
105.198185 117.298564
105.773058 117.298564
105.773058 117.873437
105.773058 118.448310
106.347931 118.448310
106.347931 119.023183
106.922803 119.598055
107.497676 120.172928
108.072549 120.747801
108.072549 121.322674
108.647422 121.897547
108.647422 122.472419
109.222295 122.472419
109.797167 123.047292
109.797167 123.622165
110.372040 124.197038
110.372040 124.771911
110.946913 124.771911
111.521786 125.346784
111.521786 125.921656
112.096659 125.921656
112.096659 126.496529
112.671532 127.071402
112.671532 127.646275
113.246404 127.646275
113.821277 128.221148
113.821277 128.796020
114.396150 128.796020
114.971023 129.370893
115.545896 129.945766
116.120768 129.945766
116.120768 130.520639
116.695641 130.520639
117.270514 131.095512
117.845387 131.670384
118.420260 132.245257
118.995132 132.245257
118.995132 132.820130
119.570005 132.820130
120.144878 133.395003
120.719751 133.969876
121.294624 133.969876
121.869496 134.544749
122.444369 135.119621
123.019242 135.119621
123.594115 135.694494
124.168988 136.269367
124.743861 136.844240
125.318733 137.419113
125.893606 137.993985
126.468479 138.568858
127.043352 139.143731
127.618225 139.718604
128.193097 140.293477
128.767970 140.868349
129.342843 141.443222
129.917716 141.443222
130.492589 142.018095
131.067461 142.592968
131.642334 143.167841
132.217207 143.167841
132.792080 143.742713
133.366953 144.317586
133.941825 144.317586
134.516698 144.892459
135.091571 145.467332
135.666444 145.467332
136.241317 146.042205
136.816190 146.042205
137.391062 146.617078
137.965935 146.617078
138.540808 147.191950
139.115681 147.191950
139.690554 147.766823
140.265426 147.766823
140.840299 147.766823
141.415172 148.341696
141.990045 148.341696
142.564918 148.916569
143.139790 148.916569
143.714663 148.916569
144.289536 149.491442
144.864409 149.491442
145.439282 150.066314
146.014154 150.066314
146.589027 150.641187
147.163900 150.641187
147.738773 151.216060
148.313646 151.216060
148.888519 151.216060
149.463391 151.790933
150.038264 151.790933
150.613137 151.790933
151.188010 151.790933
151.762883 152.365806
151.762883 152.940678
151.762883 153.515551
151.762883 154.090424
151.762883 154.665297
151.762883 155.240170
151.762883 155.815042
151.762883 156.389915
151.188010 156.964788
151.188010 157.539661
151.188010 158.114534
150.613137 158.689407
150.613137 159.264279
150.613137 159.839152
150.038264 160.414025
149.463391 160.988898
149.463391 161.563771
148.888519 161.563771
148.313646 162.138643
147.738773 162.713516
147.163900 163.288389
146.589027 163.863262
146.014154 164.438135
145.439282 164.438135
144.864409 165.013007
144.289536 165.013007
143.714663 165.013007
143.139790 165.587880
142.564918 165.587880
141.990045 165.587880
141.415172 165.587880
140.840299 166.162753
140.265426 166.737626
139.690554 167.312499
139.115681 167.887371
138.540808 168.462244
137.965935 168.462244
137.391062 169.037117
136.816190 169.611990
136.241317 170.186863
135.666444 170.186863
135.091571 170.761736
134.516698 171.336608
133.941825 171.336608
133.366953 171.911481
132.792080 172.486354
132.217207 172.486354
131.642334 173.061227
131.067461 173.061227
130.492589 173.061227
129.917716 173.636100
129.342843 174.210972
128.767970 174.210972
128.193097 174.210972
127.618225 174.785845
127.043352 174.785845
126.468479 175.360718
125.893606 175.360718
125.318733 175.360718
124.743861 175.935591
124.168988 175.935591
123.594115 176.510464
123.019242 176.510464
122.444369 176.510464
121.869496 177.085336
121.294624 177.085336
120.719751 177.085336
120.144878 177.660209
119.570005 177.660209
118.995132 177.660209
118.420260 177.660209
117.845387 178.235082
117.270514 178.235082
116.695641 178.235082
116.120768 178.235082
115.545896 178.235082
114.971023 178.235082
114.396150 178.235082
113.821277 178.235082
113.246404 178.235082
112.671532 178.235082
112.096659 178.235082
111.521786 178.235082
110.946913 178.235082
110.372040 178.235082
109.797167 177.660209
109.222295 177.660209
108.647422 177.660209
108.072549 177.660209
107.497676 177.085336
106.922803 177.085336
106.347931 177.085336
105.773058 176.510464
105.198185 176.510464
104.623312 175.935591
104.048439 175.360718
103.473567 175.360718
102.898694 174.785845
102.323821 174.210972
101.748948 173.636100
101.174075 173.061227
100.599203 172.486354
100.024330 171.911481
99.449457 171.336608
98.874584 170.761736
98.299711 170.186863
97.724838 169.611990
97.149966 169.037117
97.149966 168.462244
96.575093 167.887371
96.000220 167.312499
96.000220 166.737626
95.425347 166.162753
94.850474 165.587880
94.850474 165.013007
94.275602 164.438135
93.700729 163.863262
93.700729 163.288389
93.125856 162.713516
93.125856 162.138643
92.550983 161.563771
91.976110 160.988898
91.976110 160.414025
91.401238 159.839152
91.401238 159.264279
90.826365 158.689407
90.826365 158.114534
90.251492 157.539661
90.251492 156.964788
90.251492 156.389915
89.676619 155.815042
89.676619 155.240170
89.101746 154.665297
89.101746 154.090424
88.526874 153.515551
88.526874 152.940678
87.952001 152.365806
87.952001 151.790933
87.377128 151.216060
87.377128 150.641187
86.802255 150.066314
86.802255 149.491442
86.227382 148.916569
86.227382 148.341696
85.652509 147.766823
85.652509 147.191950
85.077637 146.617078
85.077637 146.042205
84.502764 145.467332
83.927891 144.892459
83.927891 144.317586
83.353018 143.742713
83.353018 143.167841
82.778145 142.592968
82.778145 142.018095
82.203273 141.443222
82.203273 140.868349
81.628400 140.293477
81.628400 139.718604
81.628400 139.143731
81.628400 138.568858
81.628400 137.993985
81.628400 137.419113
81.628400 136.844240
81.628400 136.269367
81.628400 135.694494
81.628400 135.119621
81.628400 134.544749
81.628400 133.969876
81.628400 133.395003
81.628400 132.820130
81.628400 132.245257
81.628400 131.670384
81.628400 131.095512
81.628400 130.520639
81.628400 129.945766
81.628400 129.370893
81.628400 128.796020
81.628400 128.221148
81.628400 127.646275
81.628400 127.071402
81.628400 126.496529
81.628400 125.921656
81.628400 125.346784
81.628400 124.771911
81.628400 124.197038
81.628400 123.622165
81.628400 123.047292
81.628400 122.472419
81.628400 121.897547
81.628400 121.322674
81.628400 120.747801
81.628400 120.172928
81.628400 119.598055
81.628400 119.023183
81.628400 118.448310
81.628400 117.873437
81.628400 117.298564
81.628400 116.723691
82.203273 116.148819
82.203273 115.573946
82.203273 114.999073
82.203273 114.424200
82.203273 113.849327
82.203273 113.274455
82.203273 112.699582
82.203273 112.124709
82.203273 111.549836
82.203273 110.974963
82.203273 110.400090
82.203273 109.825218
82.203273 109.250345
82.203273 108.675472
82.203273 108.100599
82.203273 107.525726
82.203273 106.950854
82.203273 106.375981
82.203273 105.801108
82.203273 105.226235
82.203273 104.651362
82.203273 104.076490
82.203273 103.501617
82.203273 102.926744
82.203273 102.351871
82.203273 101.776998
82.203273 101.202126
82.203273 100.627253
82.203273 100.052380
82.203273 99.477507
82.203273 98.902634
82.203273 98.327761
82.203273 97.752889
82.203273 97.178016
82.778145 96.603143
83.353018 96.028270
83.353018 95.453397
83.927891 94.878525
83.927891 94.303652
83.927891 93.728779
84.502764 93.153906
84.502764 92.579033
84.502764 92.004161
85.077637 91.429288
85.077637 90.854415
85.077637 90.279542
85.652509 89.704669
85.652509 89.129797
85.652509 88.554924
85.652509 87.980051
85.652509 87.405178
85.652509 86.830305
85.652509 86.255432
86.227382 85.680560
86.227382 85.105687
86.802255 84.530814
86.802255 83.955941
87.377128 83.381068
87.952001 83.381068
88.526874 82.806196
89.101746 82.231323
89.676619 81.656450
90.251492 81.081577
90.826365 80.506704
91.401238 80.506704
91.976110 80.506704
92.550983 79.931832
93.125856 79.356959
93.700729 79.356959
94.275602 78.782086
94.850474 78.782086
95.425347 78.782086
96.000220 78.207213
96.575093 78.207213
97.149966 77.632340
97.724838 77.632340
98.299711 77.632340
98.874584 77.632340
99.449457 77.632340
100.024330 77.632340
100.599203 77.632340
101.174075 78.207213
101.174075 78.782086
100.599203 79.356959
