101.590660 73.822587
102.291877 74.523804
102.291877 75.225021
101.590660 75.926238
101.590660 76.627455
101.590660 77.328672
100.889443 78.029889
100.889443 78.731106
100.889443 79.432323
100.889443 80.133540
100.889443 80.834757
100.188226 81.535974
100.188226 82.237191
100.188226 82.938409
100.188226 83.639626
100.188226 84.340843
100.188226 85.042060
100.188226 85.743277
100.188226 86.444494
100.188226 87.145711
100.188226 87.846928
100.188226 88.548145
100.188226 89.249362
100.188226 89.950579
100.188226 90.651796
100.188226 91.353013
100.188226 92.054230
100.188226 92.755447
100.188226 93.456664
100.188226 94.157881
100.188226 94.859098
100.188226 95.560316
100.188226 96.261533
100.188226 96.962750
100.188226 97.663967
100.188226 98.365184
100.188226 99.066401
100.188226 99.767618
100.889443 99.767618
100.889443 100.468835
100.889443 101.170052
100.889443 101.871269
100.889443 102.572486
100.889443 103.273703
100.889443 103.974920
100.889443 104.676137
101.590660 104.676137
101.590660 105.377354
101.590660 106.078571
101.590660 106.779788
101.590660 107.481005
101.590660 108.182222
101.590660 108.883440
102.291877 108.883440
102.291877 109.584657
102.291877 110.285874
102.291877 110.987091
102.291877 111.688308
102.993094 111.688308
102.993094 112.389525
102.993094 113.090742
102.993094 113.791959
103.694311 113.791959
103.694311 114.493176
103.694311 115.194393
103.694311 115.895610
104.395529 115.895610
104.395529 116.596827
104.395529 117.298044
105.096746 117.298044
105.096746 117.999261
105.096746 118.700478
105.797963 118.700478
105.797963 119.401695
106.499180 120.102912
106.499180 120.804129
106.499180 121.505346
107.200397 121.505346
107.200397 122.206564
107.200397 122.907781
107.901614 122.907781
107.901614 123.608998
108.602831 124.310215
109.304048 125.011432
109.304048 125.712649
110.005265 125.712649
110.005265 126.413866
110.706482 127.115083
111.407699 127.816300
111.407699 128.517517
112.108916 128.517517
112.108916 129.218734
112.810133 129.218734
112.810133 129.919951
113.511350 130.621168
114.212567 131.322385
114.212567 132.023602
114.913784 132.023602
115.615001 132.724819
116.316218 132.724819
117.017435 133.426036
117.718653 134.127253
118.419870 134.828470
119.121087 135.529688
119.822304 135.529688
120.523521 136.230905
121.224738 136.932122
121.925955 137.633339
122.627172 137.633339
123.328389 138.334556
124.029606 138.334556
124.730823 139.035773
125.432040 139.035773
126.133257 139.736990
126.834474 139.736990
127.535691 140.438207
128.236908 140.438207
128.938125 141.139424
129.639342 141.840641
130.340559 142.541858
131.041777 142.541858
131.742994 143.243075
132.444211 143.243075
133.145428 143.944292
133.846645 144.645509
134.547862 144.645509
135.249079 145.346726
135.950296 145.346726
136.651513 146.047943
137.352730 146.749160
138.053947 146.749160
138.755164 147.450377
139.456381 148.151595
140.157598 148.151595
140.858815 148.852812
141.560032 149.554029
142.261249 150.255246
142.962466 150.956463
143.663683 151.657680
144.364901 152.358897
145.066118 153.060114
145.767335 153.761331
146.468552 154.462548
147.169769 155.163765
147.169769 155.864982
147.870986 156.566199
147.870986 157.267416
148.572203 157.968633
148.572203 158.669850
148.572203 159.371067
148.572203 160.072284
148.572203 160.773501
148.572203 161.474719
148.572203 162.175936
148.572203 162.877153
148.572203 163.578370
147.870986 164.279587
147.870986 164.980804
147.870986 165.682021
147.169769 166.383238
146.468552 167.084455
146.468552 167.785672
145.767335 168.486889
145.066118 169.188106
144.364901 169.889323
143.663683 170.590540
142.962466 171.291757
142.261249 171.992974
141.560032 171.992974
140.858815 172.694191
140.157598 173.395408
139.456381 173.395408
138.755164 174.096625
138.053947 174.797843
137.352730 174.797843
136.651513 174.797843
135.950296 175.499060
135.249079 175.499060
134.547862 176.200277
133.846645 176.901494
133.145428 176.901494
132.444211 177.602711
131.742994 177.602711
131.041777 178.303928
131.041777 179.005145
130.340559 179.005145
129.639342 179.005145
129.639342 179.706362
128.938125 179.706362
128.236908 179.706362
128.236908 180.407579
127.535691 180.407579
126.834474 181.108796
126.133257 181.108796
125.432040 181.810013
124.730823 181.810013
124.029606 181.810013
124.029606 182.511230
123.328389 182.511230
122.627172 182.511230
121.925955 182.511230
121.224738 183.212447
120.523521 183.212447
119.822304 183.913664
119.121087 183.913664
118.419870 183.913664
118.419870 184.614881
117.718653 184.614881
117.017435 185.316098
116.316218 185.316098
115.615001 186.017315
114.913784 185.316098
114.212567 185.316098
113.511350 185.316098
112.810133 185.316098
112.108916 185.316098
111.407699 186.017315
110.706482 186.017315
110.005265 186.017315
109.304048 186.017315
108.602831 186.017315
107.901614 186.017315
107.200397 186.017315
106.499180 185.316098
105.797963 185.316098
105.096746 185.316098
104.395529 185.316098
103.694311 185.316098
102.993094 184.614881
102.291877 184.614881
101.590660 184.614881
100.889443 183.913664
100.188226 183.913664
99.487009 183.913664
98.785792 183.212447
98.084575 182.511230
97.383358 181.810013
96.682141 181.108796
95.980924 180.407579
95.279707 179.706362
94.578490 179.005145
93.877273 178.303928
93.176056 177.602711
92.474839 176.901494
92.474839 176.200277
91.773622 175.499060
91.773622 174.797843
91.072404 174.096625
90.371187 173.395408
90.371187 172.694191
89.669970 171.992974
89.669970 171.291757
88.968753 170.590540
88.267536 169.889323
88.267536 169.188106
87.566319 168.486889
87.566319 167.785672
87.566319 167.084455
86.865102 166.383238
86.865102 165.682021
86.865102 164.980804
86.865102 164.279587
86.865102 163.578370
86.865102 162.877153
86.865102 162.175936
86.865102 161.474719
86.865102 160.773501
86.865102 160.072284
86.865102 159.371067
86.163885 158.669850
85.462668 157.968633
84.761451 157.267416
84.060234 156.566199
83.359017 155.864982
83.359017 155.163765
82.657800 154.462548
81.956583 153.761331
81.956583 153.060114
81.255366 152.358897
81.255366 151.657680
80.554149 150.956463
79.852932 150.255246
79.151715 150.255246
79.151715 149.554029
78.450498 148.852812
77.749280 148.151595
77.749280 147.450377
77.048063 146.749160
76.346846 146.047943
76.346846 145.346726
76.346846 144.645509
76.346846 143.944292
75.645629 143.243075
75.645629 142.541858
75.645629 141.840641
75.645629 141.139424
75.645629 140.438207
75.645629 139.736990
74.944412 139.035773
74.944412 138.334556
74.243195 137.633339
74.243195 136.932122
74.243195 136.230905
73.541978 135.529688
73.541978 134.828470
72.840761 134.127253
72.840761 133.426036
72.139544 132.724819
72.139544 132.023602
71.438327 131.322385
71.438327 130.621168
71.438327 129.919951
70.737110 129.218734
70.737110 128.517517
70.737110 127.816300
70.737110 127.115083
70.035893 126.413866
70.035893 125.712649
70.035893 125.011432
69.334676 124.310215
69.334676 123.608998
69.334676 122.907781
68.633459 122.206564
68.633459 121.505346
68.633459 120.804129
68.633459 120.102912
68.633459 119.401695
68.633459 118.700478
69.334676 117.999261
69.334676 117.298044
69.334676 116.596827
70.035893 115.895610
70.035893 115.194393
70.035893 114.493176
70.035893 113.791959
70.035893 113.090742
70.035893 112.389525
70.035893 111.688308
70.035893 110.987091
70.035893 110.285874
70.035893 109.584657
70.035893 108.883440
70.737110 108.182222
70.737110 107.481005
70.737110 106.779788
70.737110 106.078571
71.438327 105.377354
71.438327 104.676137
71.438327 103.974920
71.438327 103.273703
72.139544 102.572486
72.139544 101.871269
72.139544 101.170052
72.139544 100.468835
72.840761 99.767618
73.541978 99.066401
73.541978 98.365184
74.243195 97.663967
74.944412 96.962750
74.944412 96.261533
75.645629 95.560316
75.645629 94.859098
76.346846 94.157881
77.048063 93.456664
77.048063 92.755447
77.749280 92.054230
78.450498 91.353013
79.151715 91.353013
79.151715 90.651796
79.151715 89.950579
79.852932 89.249362
79.852932 88.548145
80.554149 87.846928
81.255366 87.145711
81.255366 86.444494
81.956583 85.743277
81.956583 85.042060
82.657800 84.340843
82.657800 83.639626
82.657800 82.938409
83.359017 82.237191
83.359017 81.535974
84.060234 80.834757
84.060234 80.133540
84.060234 79.432323
84.761451 78.731106
84.761451 78.029889
84.761451 77.328672
85.462668 76.627455
85.462668 75.926238
85.462668 75.225021
85.462668 74.523804
86.163885 73.822587
86.163885 73.121370
86.865102 72.420153
87.566319 72.420153
88.267536 71.718936
88.968753 71.718936
89.669970 71.718936
90.371187 71.017719
91.072404 71.017719
91.773622 71.017719
92.474839 71.017719
93.176056 71.017719
93.877273 71.017719
94.578490 70.316502
95.279707 70.316502
95.980924 71.017719
96.682141 71.017719
97.383358 71.017719
98.084575 71.017719
98.785792 71.017719
99.487009 71.718936
100.188226 72.420153
100.889443 73.121370
101.590660 73.822587
