105.887894 110.251567
106.163974 109.975486
106.440055 109.975486
106.716136 109.975486
106.440055 109.699405
106.440055 109.423325
106.440055 109.699405
106.716136 109.975486
106.716136 110.251567
106.992216 110.251567
106.992216 110.527647
106.992216 110.251567
106.716136 109.975486
106.440055 109.699405
106.440055 109.423325
106.440055 109.699405
106.440055 109.975486
106.716136 109.975486
106.716136 110.251567
106.992216 110.251567
106.992216 110.527647
106.992216 110.251567
106.716136 109.975486
106.440055 109.699405
106.440055 109.423325
106.440055 109.699405
106.716136 109.975486
106.716136 110.251567
106.992216 110.251567
106.992216 110.527647
107.268297 110.803728
107.268297 111.079809
107.544378 111.079809
107.544378 111.355889
107.820458 111.631970
108.096539 111.908051
108.096539 112.184131
108.372620 112.184131
108.372620 112.460212
108.372620 112.736293
108.648700 112.736293
108.648700 113.012373
108.924781 113.012373
109.200862 113.288454
109.200862 113.564535
109.476942 113.840615
109.753023 114.116696
110.029104 114.392777
109.753023 114.116696
109.476942 113.840615
109.476942 113.564535
109.200862 113.288454
109.200862 113.564535
109.476942 113.564535
109.476942 113.840615
109.753023 114.116696
110.029104 114.392777
109.753023 114.116696
109.476942 114.116696
109.476942 113.840615
109.476942 113.564535
109.200862 113.288454
109.476942 113.564535
109.476942 113.840615
109.753023 114.116696
110.029104 114.392777
110.305184 114.668858
110.029104 114.668858
110.029104 114.392777
109.753023 114.116696
109.476942 113.840615
109.476942 113.564535
109.200862 113.288454
109.476942 113.564535
109.476942 113.840615
109.753023 114.116696
110.029104 114.392777
110.305184 114.668858
110.029104 114.668858
110.029104 114.392777
109.753023 114.116696
109.476942 113.840615
109.476942 113.564535
109.200862 113.288454
108.924781 113.012373
108.648700 112.736293
108.372620 112.460212
108.372620 112.184131
108.372620 112.460212
108.648700 112.736293
108.924781 113.012373
108.924781 113.288454
109.200862 113.288454
109.476942 113.564535
109.476942 113.840615
109.753023 114.116696
110.029104 114.392777
109.753023 114.116696
109.476942 113.840615
109.476942 113.564535
109.476942 113.840615
109.753023 114.116696
110.029104 114.392777
109.753023 114.116696
109.476942 114.116696
109.476942 113.840615
109.476942 113.564535
109.476942 113.840615
109.476942 114.116696
109.753023 114.116696
110.029104 114.392777
109.753023 114.116696
109.476942 113.840615
109.476942 113.564535
109.476942 113.840615
109.476942 114.116696
109.753023 114.116696
110.029104 114.392777
109.753023 114.116696
109.476942 114.116696
109.476942 113.840615
109.476942 113.564535
109.200862 113.288454
108.924781 113.012373
108.648700 112.736293
108.372620 112.460212
108.372620 112.184131
108.372620 112.460212
108.648700 112.736293
108.924781 113.012373
108.924781 113.288454
109.200862 113.288454
109.476942 113.564535
109.476942 113.840615
109.476942 114.116696
109.753023 114.116696
110.029104 114.392777
109.753023 114.116696
109.476942 113.840615
109.476942 113.564535
109.476942 113.840615
109.476942 113.564535
109.200862 113.288454
108.924781 113.012373
108.648700 112.736293
108.372620 112.460212
108.372620 112.184131
108.372620 112.460212
108.648700 112.736293
108.924781 113.012373
108.924781 113.288454
109.200862 113.288454
109.476942 113.564535
109.476942 113.840615
109.476942 113.564535
109.476942 113.840615
109.753023 114.116696
110.029104 114.392777
110.029104 114.668858
110.305184 114.668858
110.581265 114.944938
110.305184 114.668858
110.029104 114.668858
110.029104 114.392777
109.753023 114.116696
109.476942 113.840615
109.476942 113.564535
109.200862 113.288454
108.924781 113.012373
108.648700 112.736293
108.372620 112.460212
108.372620 112.184131
108.372620 112.460212
108.648700 112.736293
108.924781 113.012373
108.924781 113.288454
109.200862 113.288454
109.476942 113.564535
109.476942 113.840615
109.753023 114.116696
109.753023 114.392777
110.029104 114.392777
110.305184 114.668858
110.029104 114.392777
109.753023 114.392777
109.753023 114.116696
109.476942 113.840615
109.476942 113.564535
109.200862 113.288454
108.924781 113.012373
108.648700 112.736293
108.372620 112.460212
108.372620 112.184131
108.372620 112.460212
108.648700 112.736293
108.924781 113.012373
108.924781 113.288454
109.200862 113.288454
109.476942 113.564535
109.476942 113.840615
109.753023 114.116696
109.753023 114.392777
110.029104 114.392777
110.305184 114.668858
110.305184 114.944938
110.581265 114.944938
110.857346 115.221019
110.581265 114.944938
110.305184 114.944938
110.305184 114.668858
110.029104 114.392777
109.753023 114.116696
109.476942 113.840615
109.476942 113.564535
109.200862 113.288454
108.924781 113.012373
108.648700 112.736293
108.372620 112.460212
108.372620 112.184131
108.372620 112.460212
108.648700 112.736293
108.924781 113.012373
108.924781 113.288454
109.200862 113.288454
109.476942 113.564535
109.476942 113.840615
109.753023 114.116696
109.753023 114.392777
110.029104 114.392777
110.305184 114.668858
110.305184 114.944938
110.581265 114.944938
110.857346 115.221019
110.581265 115.221019
110.581265 114.944938
110.305184 114.668858
110.029104 114.392777
109.753023 114.116696
109.476942 113.840615
109.476942 113.564535
109.200862 113.288454
108.924781 113.012373
108.648700 112.736293
108.372620 112.460212
108.372620 112.184131
108.372620 112.460212
108.648700 112.736293
108.924781 113.012373
108.924781 113.288454
109.200862 113.288454
109.476942 113.564535
109.476942 113.840615
109.476942 114.116696
109.753023 114.116696
110.029104 114.392777
110.305184 114.668858
110.305184 114.944938
110.581265 114.944938
110.305184 114.668858
110.029104 114.392777
109.753023 114.116696
109.476942 113.840615
109.476942 113.564535
109.200862 113.288454
108.924781 113.012373
108.648700 112.736293
108.648700 113.012373
108.924781 113.288454
109.200862 113.288454
109.476942 113.564535
109.476942 113.840615
109.753023 114.116696
110.029104 114.392777
110.305184 114.668858
110.305184 114.944938
110.581265 114.944938
110.857346 115.221019
110.857346 115.497100
111.133427 115.773180
111.409507 115.773180
111.133427 115.497100
110.857346 115.497100
110.857346 115.221019
110.581265 114.944938
110.305184 114.668858
110.029104 114.392777
109.753023 114.116696
109.476942 113.840615
109.476942 113.564535
109.200862 113.288454
108.924781 113.012373
108.648700 112.736293
108.648700 113.012373
108.924781 113.012373
109.200862 113.288454
108.924781 113.288454
108.924781 113.012373
108.648700 112.736293
108.924781 113.012373
108.924781 113.288454
109.200862 113.288454
109.476942 113.564535
109.476942 113.840615
109.476942 113.564535
109.200862 113.288454
108.924781 113.288454
108.924781 113.012373
108.648700 112.736293
108.924781 113.012373
108.924781 113.288454
109.200862 113.288454
109.476942 113.564535
109.476942 113.840615
109.753023 114.116696
109.753023 114.392777
110.029104 114.392777
110.305184 114.668858
110.029104 114.668858
110.029104 114.392777
109.753023 114.116696
109.476942 113.840615
109.476942 113.564535
109.200862 113.288454
109.200862 113.564535
109.476942 113.840615
109.476942 114.116696
109.753023 114.116696
109.753023 114.392777
110.029104 114.392777
110.305184 114.668858
110.305184 114.944938
110.581265 114.944938
110.857346 115.221019
111.133427 115.497100
111.133427 115.773180
111.409507 115.773180
111.685588 116.049261
111.685588 116.325342
111.961669 116.601422
112.237749 116.601422
112.513830 116.877503
112.513830 117.153584
112.789911 117.153584
113.065991 117.429664
113.065991 117.705745
113.342072 117.705745
113.342072 117.981826
113.618153 117.981826
113.618153 118.257906
113.894233 118.257906
114.170314 118.533987
114.170314 118.810068
114.446395 118.810068
114.722475 119.086148
114.998556 119.362229
115.274637 119.638310
115.550717 119.914390
115.826798 120.190471
116.102879 120.466552
116.378959 120.466552
116.655040 120.742632
116.931121 121.018713
117.207201 121.294794
117.483282 121.570874
117.759363 121.846955
118.035443 121.846955
118.311524 122.123036
118.587605 122.399117
118.863686 122.675197
119.139766 122.675197
119.415847 122.951278
119.691928 123.227359
119.968008 123.227359
120.244089 123.503439
120.520170 123.779520
120.796250 123.779520
121.072331 124.055601
121.348412 124.055601
121.624492 124.331681
121.900573 124.331681
122.176654 124.607762
122.452734 124.883843
122.728815 124.883843
123.004896 125.159923
123.280976 125.159923
123.557057 125.436004
123.833138 125.436004
124.109218 125.712085
124.385299 125.712085
124.661380 125.988165
124.937460 125.988165
125.213541 126.264246
125.489622 126.264246
125.765702 126.264246
126.041783 126.540327
126.317864 126.540327
126.593945 126.816407
126.870025 126.816407
127.146106 126.816407
127.422187 127.092488
127.698267 127.092488
127.974348 127.368569
128.250429 127.368569
128.526509 127.368569
128.802590 127.644649
129.078671 127.644649
129.354751 127.644649
129.630832 127.644649
129.906913 127.920730
130.182993 127.920730
130.459074 127.920730
130.735155 128.196811
131.011235 128.196811
131.287316 128.196811
131.563397 128.196811
131.839477 128.196811
132.115558 128.472891
132.391639 128.472891
132.667719 128.472891
132.943800 128.472891
133.219881 128.472891
133.495961 128.748972
133.772042 128.748972
134.048123 128.748972
134.324204 128.748972
134.600284 128.748972
134.876365 128.748972
135.152446 128.748972
135.428526 128.748972
135.704607 129.025053
135.980688 129.025053
136.256768 129.025053
136.532849 129.025053
136.808930 129.025053
137.085010 129.025053
137.361091 129.025053
137.637172 129.025053
137.913252 129.025053
138.189333 129.025053
138.465414 129.301133
138.741494 129.301133
139.017575 129.301133
139.293656 129.301133
139.569736 129.301133
139.845817 129.301133
140.121898 129.301133
140.397978 129.301133
140.674059 129.301133
140.950140 129.301133
141.502301 129.577214
141.778382 129.853295
142.330543 130.129376
142.606624 130.405456
143.158785 130.681537
143.434866 130.681537
143.434866 131.233698
143.434866 131.509779
143.434866 131.785860
143.434866 132.061940
143.434866 132.338021
143.434866 132.614102
143.710947 132.890182
143.710947 133.166263
143.710947 133.718424
143.710947 133.994505
143.710947 134.270586
143.710947 134.546666
143.710947 134.822747
143.710947 135.098828
143.710947 135.374908
143.710947 135.650989
143.710947 136.203150
143.710947 136.479231
143.987027 136.755312
143.987027 137.031392
143.987027 137.307473
143.987027 137.583554
143.987027 137.859634
143.987027 138.135715
143.987027 138.687877
143.710947 138.963957
143.434866 139.240038
143.158785 139.516119
142.882705 139.792199
142.606624 140.068280
142.330543 140.344361
142.054463 140.620441
141.778382 140.896522
141.502301 141.172603
141.226220 141.448683
140.950140 141.724764
140.674059 142.000845
140.674059 142.276925
140.397978 142.829087
140.121898 143.105167
139.845817 143.381248
139.569736 143.657329
139.293656 143.933409
139.293656 144.209490
139.017575 144.485571
138.741494 144.761651
138.465414 145.313813
138.189333 145.313813
137.913252 145.589893
137.637172 145.865974
137.361091 145.865974
137.085010 146.142055
136.808930 146.418136
136.532849 146.418136
136.256768 146.694216
135.980688 146.970297
135.704607 147.246378
135.428526 147.246378
135.152446 147.522458
134.876365 147.798539
134.600284 147.798539
134.324204 148.074620
134.048123 148.350700
133.772042 148.350700
133.495961 148.626781
133.219881 148.902862
132.943800 149.178942
132.667719 149.178942
132.391639 149.178942
132.115558 149.455023
131.839477 149.455023
131.563397 149.455023
131.287316 149.731104
131.011235 149.731104
130.735155 149.731104
130.459074 149.731104
130.182993 150.007184
129.906913 150.007184
129.354751 150.007184
129.078671 150.283265
128.802590 150.283265
128.526509 150.283265
128.250429 150.559346
127.974348 150.559346
127.698267 150.559346
127.422187 150.835426
127.146106 150.835426
126.870025 150.835426
126.593945 151.111507
126.317864 151.111507
126.041783 151.111507
125.765702 151.387588
125.489622 151.387588
125.213541 151.387588
124.661380 151.387588
124.385299 151.387588
124.109218 151.387588
123.833138 151.387588
123.557057 151.387588
123.004896 151.387588
122.728815 151.387588
122.452734 151.387588
122.176654 151.387588
121.900573 151.387588
121.348412 151.387588
121.072331 151.387588
120.796250 151.387588
120.520170 151.387588
120.244089 151.387588
119.691928 151.387588
119.415847 151.387588
119.139766 151.387588
118.863686 151.111507
118.587605 150.835426
118.311524 150.835426
118.035443 150.559346
117.759363 150.559346
117.483282 150.283265
117.207201 150.007184
116.931121 150.007184
116.655040 149.731104
116.378959 149.731104
116.102879 149.455023
115.826798 149.178942
115.550717 148.902862
115.274637 148.626781
114.998556 148.626781
114.722475 148.350700
114.446395 148.074620
114.170314 147.798539
113.894233 147.522458
113.618153 147.522458
113.342072 147.246378
113.065991 146.970297
112.789911 146.694216
112.789911 146.418136
112.513830 146.142055
112.237749 145.865974
111.961669 145.589893
111.685588 145.313813
111.685588 145.037732
111.409507 144.761651
111.133427 144.485571
110.857346 143.933409
110.857346 143.657329
110.581265 143.381248
110.305184 143.105167
110.029104 142.829087
109.753023 142.553006
109.753023 142.276925
109.476942 142.000845
109.476942 141.724764
109.200862 141.448683
109.200862 141.172603
108.924781 140.896522
108.648700 140.620441
108.648700 140.344361
108.372620 140.068280
108.372620 139.516119
108.096539 139.240038
108.096539 138.963957
107.820458 138.687877
107.544378 138.411796
107.544378 138.135715
107.268297 137.859634
106.992216 137.583554
106.992216 137.307473
106.716136 136.755312
106.716136 136.479231
106.440055 136.203150
106.163974 135.927070
106.163974 135.650989
105.887894 135.374908
105.887894 135.098828
105.887894 134.822747
105.887894 134.546666
105.887894 134.270586
105.887894 133.994505
105.887894 133.718424
105.887894 133.442344
105.887894 133.166263
105.887894 132.890182
105.887894 132.614102
105.887894 132.338021
105.611813 132.061940
105.611813 131.785860
105.335732 131.509779
105.335732 131.233698
105.335732 130.957618
105.059652 130.681537
105.059652 130.405456
104.783571 130.129376
104.783571 129.853295
104.783571 129.577214
104.507490 129.301133
104.507490 129.025053
104.231410 128.748972
104.231410 128.472891
104.231410 128.196811
103.955329 127.920730
103.955329 127.644649
103.679248 127.368569
103.679248 127.092488
103.403168 126.816407
103.127087 126.540327
102.851006 125.988165
102.574925 125.712085
102.574925 125.436004
102.298845 125.159923
102.022764 124.883843
101.746683 124.607762
101.470603 124.331681
101.194522 124.055601
100.918441 123.779520
100.918441 123.503439
100.918441 123.227359
100.918441 122.951278
100.918441 122.675197
100.918441 122.399117
100.918441 122.123036
100.918441 121.846955
100.918441 121.570874
100.918441 121.294794
100.918441 121.018713
100.918441 120.742632
100.918441 120.466552
100.918441 120.190471
100.918441 119.914390
100.918441 119.638310
100.918441 119.362229
100.918441 119.086148
100.918441 118.810068
100.918441 118.533987
100.918441 118.257906
100.918441 117.981826
100.918441 117.705745
100.918441 117.429664
100.918441 117.153584
100.918441 116.877503
100.918441 116.601422
100.918441 116.325342
100.918441 116.049261
100.918441 115.773180
100.918441 115.497100
100.918441 114.944938
100.918441 114.668858
100.918441 114.392777
100.918441 114.116696
101.194522 113.564535
101.194522 113.288454
101.194522 113.012373
101.194522 112.460212
101.194522 112.184131
101.470603 112.184131
101.746683 112.184131
102.022764 112.184131
102.022764 111.908051
102.298845 111.908051
102.574925 111.631970
102.851006 111.908051
103.127087 111.631970
103.127087 111.355889
102.851006 111.631970
102.574925 111.631970
102.851006 111.631970
103.127087 111.355889
102.851006 111.631970
102.574925 111.631970
102.298845 111.908051
102.022764 111.908051
101.746683 112.184131
101.470603 112.184131
101.746683 112.184131
102.022764 111.908051
102.298845 111.908051
102.574925 111.631970
102.851006 111.631970
103.127087 111.631970
103.127087 111.355889
103.403168 111.355889
103.679248 111.355889
103.955329 111.355889
103.955329 111.079809
104.231410 111.079809
104.507490 110.803728
104.783571 110.803728
105.059652 110.527647
105.335732 110.527647
105.611813 110.251567
105.887894 110.251567
105.611813 110.251567
105.887894 110.251567
105.611813 110.251567
105.611813 110.527647
105.887894 110.251567
