103.364862 92.415822
104.295613 92.881198
104.295613 93.346573
104.295613 93.811948
104.295613 94.277324
104.295613 94.742699
104.295613 95.208074
104.295613 95.673450
104.760988 96.138825
104.760988 96.604200
104.760988 97.069576
104.760988 97.534951
104.760988 98.000326
104.760988 98.465702
104.760988 98.931077
105.226363 99.396452
105.226363 99.861828
105.226363 100.327203
105.226363 100.792578
105.691739 101.257954
105.691739 101.723329
105.691739 102.188704
105.691739 102.654080
106.157114 103.119455
106.157114 103.584830
106.157114 104.050206
106.622489 104.515581
106.622489 104.980956
106.622489 105.446332
107.087865 105.446332
107.087865 105.911707
107.087865 106.377082
107.553240 106.842458
107.553240 107.307833
108.018615 107.773208
108.018615 108.238584
108.483991 108.703959
108.483991 109.169334
108.949366 109.634709
108.949366 110.100085
108.949366 110.565460
109.414741 111.030835
109.414741 111.496211
109.414741 111.961586
109.414741 112.426961
109.880117 112.892337
109.880117 113.357712
109.880117 113.823087
110.345492 114.288463
110.345492 114.753838
110.345492 115.219213
110.345492 115.684589
110.810867 115.684589
110.810867 116.149964
110.810867 116.615339
110.810867 117.080715
111.276243 117.080715
111.276243 117.546090
111.741618 118.011465
111.741618 118.476841
112.206993 118.942216
112.206993 119.407591
112.672369 119.872967
112.672369 120.338342
113.137744 120.803717
113.137744 121.269093
113.603119 121.734468
113.603119 122.199843
114.068495 122.665219
114.068495 123.130594
114.533870 123.130594
114.533870 123.595969
114.999245 124.061345
115.464621 124.526720
115.464621 124.992095
115.929996 125.457471
115.929996 125.922846
116.395371 125.922846
116.860746 126.388221
116.860746 126.853596
117.326122 126.853596
117.326122 127.318972
117.791497 127.784347
118.256872 128.249722
118.722248 128.715098
119.187623 129.180473
119.652998 129.645848
120.118374 130.111224
120.583749 130.576599
121.049124 131.041974
121.514500 131.507350
121.979875 131.972725
122.445250 132.438100
122.910626 132.438100
123.376001 132.903476
123.841376 133.368851
124.306752 133.834226
124.772127 134.299602
125.237502 134.299602
125.702878 134.764977
126.168253 135.230352
126.633628 135.230352
127.099004 135.695728
127.564379 136.161103
128.029754 136.161103
128.495130 136.626478
128.960505 136.626478
129.425880 137.091854
129.891256 137.091854
130.356631 137.557229
130.822006 137.557229
131.287382 138.022604
131.752757 138.022604
132.218132 138.487980
132.683508 138.487980
133.148883 138.953355
133.614258 138.953355
134.079634 138.953355
134.545009 139.418730
135.010384 139.418730
135.475759 139.418730
135.941135 139.884106
136.406510 139.884106
136.871885 139.884106
137.337261 140.349481
137.802636 140.349481
138.268011 140.349481
138.733387 140.349481
139.198762 140.814856
139.664137 140.814856
140.129513 140.814856
140.594888 140.814856
141.060263 140.814856
141.525639 141.280232
141.991014 141.280232
142.456389 141.280232
142.921765 141.280232
143.387140 141.280232
143.852515 141.280232
144.317891 141.280232
144.783266 141.280232
145.248641 141.745607
145.714017 141.745607
146.179392 141.745607
146.644767 141.745607
147.110143 141.745607
147.575518 141.745607
148.040893 141.745607
148.506269 141.745607
148.971644 141.745607
149.437019 141.745607
149.902395 141.745607
150.367770 141.745607
150.833145 141.745607
151.298521 141.745607
151.763896 141.745607
152.229271 141.745607
152.694646 141.745607
153.160022 141.280232
153.625397 141.745607
154.090772 142.676358
154.556148 143.141733
154.556148 143.607108
154.556148 144.072484
154.090772 144.537859
154.090772 145.003234
154.090772 145.468609
154.090772 145.933985
154.090772 146.399360
153.625397 146.864735
153.625397 147.330111
153.625397 147.795486
153.625397 148.260861
153.625397 148.726237
153.625397 149.656987
153.160022 150.122363
153.160022 150.587738
153.160022 151.053113
153.160022 151.518489
153.160022 151.983864
152.694646 152.449239
152.694646 152.914615
152.229271 153.379990
152.229271 153.845365
151.763896 154.310741
151.298521 154.776116
150.833145 155.241491
150.367770 155.706867
149.902395 156.172242
149.437019 156.637617
148.971644 157.102993
148.506269 157.568368
148.506269 158.033743
148.040893 158.499119
147.575518 158.964494
147.110143 159.429869
146.644767 159.895245
146.179392 160.360620
145.714017 160.825995
145.248641 161.291371
144.783266 161.756746
144.317891 162.222121
143.852515 162.687497
143.387140 163.152872
142.921765 163.618247
142.456389 164.083622
141.991014 164.548998
141.525639 165.014373
141.060263 165.479748
140.594888 165.945124
140.129513 166.410499
139.664137 166.875874
139.198762 166.875874
138.733387 167.341250
138.268011 167.806625
137.802636 168.272000
136.871885 168.737376
136.406510 169.202751
135.941135 169.668126
135.475759 170.133502
135.010384 170.598877
134.545009 170.598877
134.079634 171.064252
133.614258 171.064252
133.148883 171.529628
132.683508 171.529628
132.218132 171.529628
131.287382 171.529628
130.822006 171.529628
130.356631 171.995003
129.891256 171.995003
129.425880 171.995003
128.960505 171.995003
128.495130 172.460378
127.564379 172.460378
127.099004 172.460378
126.633628 172.460378
126.168253 172.460378
125.702878 172.925754
125.237502 172.925754
124.772127 172.925754
124.306752 172.925754
123.841376 172.925754
123.376001 172.925754
122.910626 172.925754
122.445250 172.925754
121.979875 172.925754
121.514500 172.925754
121.049124 172.925754
120.583749 172.925754
120.118374 172.925754
119.652998 172.925754
119.187623 172.925754
118.722248 172.925754
118.256872 172.925754
117.791497 172.925754
117.326122 172.925754
116.860746 172.925754
116.395371 172.925754
115.464621 172.925754
114.999245 172.460378
114.533870 172.460378
114.068495 172.460378
113.603119 172.460378
113.137744 171.995003
112.672369 171.995003
112.206993 171.995003
111.741618 171.529628
111.276243 171.529628
110.810867 171.529628
110.345492 171.529628
109.880117 171.064252
108.949366 171.064252
108.483991 171.064252
108.018615 170.598877
107.553240 170.598877
107.087865 170.133502
106.622489 169.668126
106.157114 169.202751
105.691739 168.737376
105.226363 168.272000
104.760988 167.806625
104.295613 167.341250
103.830237 166.875874
103.364862 166.410499
102.899487 165.945124
102.434111 165.479748
101.968736 165.014373
101.037985 164.548998
100.572610 164.083622
100.107235 163.152872
99.641859 162.687497
99.176484 162.222121
99.176484 161.756746
98.711109 161.291371
98.245733 160.825995
97.780358 160.360620
97.780358 159.895245
97.314983 159.429869
96.849608 158.964494
96.849608 158.499119
96.384232 158.033743
95.918857 157.102993
95.453482 156.637617
95.453482 156.172242
94.988106 155.706867
94.522731 155.241491
94.522731 154.776116
94.057356 154.310741
93.591980 153.845365
93.126605 152.914615
93.126605 152.449239
92.661230 151.983864
92.195854 151.518489
92.195854 151.053113
91.730479 150.587738
91.265104 150.122363
91.265104 149.656987
91.265104 149.191612
91.265104 148.726237
91.265104 148.260861
90.799728 147.795486
90.799728 147.330111
90.334353 146.864735
90.334353 146.399360
89.868978 145.468609
89.868978 145.003234
89.868978 144.537859
89.868978 144.072484
89.868978 143.607108
89.403602 143.141733
89.403602 142.676358
89.403602 141.745607
89.403602 141.280232
89.403602 140.814856
89.403602 140.349481
89.403602 139.884106
89.403602 139.418730
89.403602 138.953355
89.403602 138.022604
89.403602 137.557229
89.403602 137.091854
89.403602 136.626478
89.403602 136.161103
89.403602 135.695728
89.403602 135.230352
89.403602 134.764977
89.403602 134.299602
88.938227 133.834226
88.938227 133.368851
88.938227 132.438100
88.938227 131.972725
88.472852 131.507350
88.472852 131.041974
88.472852 130.111224
88.007476 129.645848
88.007476 129.180473
88.007476 128.715098
88.007476 127.784347
87.542101 127.318972
87.542101 126.853596
87.542101 126.388221
87.076726 125.457471
87.076726 124.992095
87.076726 124.526720
86.611350 124.061345
86.611350 123.130594
86.611350 122.665219
86.611350 122.199843
86.611350 121.734468
86.611350 121.269093
86.611350 120.803717
86.611350 120.338342
86.611350 119.872967
86.611350 119.407591
86.611350 118.942216
86.611350 118.476841
86.611350 117.546090
86.611350 117.080715
86.611350 116.615339
86.611350 116.149964
86.611350 115.684589
86.611350 115.219213
86.611350 114.753838
86.611350 114.288463
86.611350 113.823087
86.611350 113.357712
86.611350 112.892337
86.611350 112.426961
86.611350 111.961586
87.076726 111.496211
87.076726 111.030835
87.542101 110.565460
87.542101 110.100085
88.007476 109.634709
88.007476 109.169334
88.472852 108.703959
88.472852 108.238584
88.938227 107.773208
88.938227 107.307833
89.403602 106.842458
89.403602 106.377082
89.868978 105.911707
89.868978 105.446332
90.334353 104.980956
90.334353 104.515581
90.799728 104.050206
90.799728 103.584830
91.265104 102.654080
91.730479 102.188704
92.195854 101.723329
92.195854 101.257954
92.661230 100.792578
93.126605 100.327203
93.591980 99.861828
94.057356 99.396452
94.522731 98.931077
94.988106 98.465702
94.988106 98.000326
95.453482 97.534951
95.918857 97.069576
96.384232 96.138825
96.849608 95.673450
97.314983 95.208074
97.314983 94.742699
97.780358 94.277324
98.245733 93.811948
98.711109 93.346573
98.711109 92.881198
99.176484 92.415822
99.641859 91.950447
100.107235 91.950447
100.572610 91.950447
101.037985 91.950447
101.503361 91.950447
101.037985 91.950447
101.503361 91.950447
101.968736 91.950447
102.434111 91.950447
102.899487 91.950447
103.364862 91.950447
103.830237 91.950447
103.364862 91.950447
102.899487 91.950447
103.364862 92.415822
