104.755514 63.807494
104.755514 64.512923
104.755514 65.218351
104.755514 65.923779
105.460942 66.629207
105.460942 67.334635
105.460942 68.040064
105.460942 68.745492
105.460942 69.450920
105.460942 70.156348
106.166370 70.156348
106.166370 70.861776
106.166370 71.567204
106.166370 72.272633
106.166370 72.978061
106.871798 72.978061
106.871798 73.683489
106.871798 74.388917
106.871798 75.094345
106.871798 75.799773
106.166370 76.505202
106.166370 77.210630
106.166370 77.916058
106.166370 78.621486
106.166370 79.326914
105.460942 80.032342
105.460942 80.737771
105.460942 81.443199
105.460942 82.148627
105.460942 82.854055
105.460942 83.559483
105.460942 84.264912
104.755514 84.970340
104.755514 85.675768
104.755514 86.381196
104.755514 87.086624
104.755514 87.792052
104.755514 88.497481
104.755514 89.202909
104.755514 89.908337
104.755514 90.613765
104.755514 91.319193
104.755514 92.024621
104.755514 92.730050
104.755514 93.435478
104.755514 94.140906
104.755514 94.846334
105.460942 95.551762
105.460942 96.257190
105.460942 96.962619
105.460942 97.668047
105.460942 98.373475
105.460942 99.078903
105.460942 99.784331
105.460942 100.489760
106.166370 100.489760
106.166370 101.195188
106.166370 101.900616
106.166370 102.606044
106.166370 103.311472
106.871798 104.016900
106.871798 104.722329
106.871798 105.427757
106.871798 106.133185
107.577227 106.133185
107.577227 106.838613
107.577227 107.544041
107.577227 108.249469
107.577227 108.954898
108.282655 108.954898
108.282655 109.660326
108.282655 110.365754
108.988083 110.365754
108.988083 111.071182
108.988083 111.776610
108.988083 112.482039
109.693511 112.482039
109.693511 113.187467
109.693511 113.892895
110.398939 113.892895
110.398939 114.598323
110.398939 115.303751
111.104367 115.303751
111.104367 116.009179
111.104367 116.714608
111.809796 116.714608
111.809796 117.420036
112.515224 118.125464
112.515224 118.830892
113.220652 119.536320
113.926080 120.241748
113.926080 120.947177
113.926080 121.652605
114.631508 121.652605
115.336936 122.358033
115.336936 123.063461
115.336936 123.768889
116.042365 123.768889
116.747793 124.474317
117.453221 125.179746
117.453221 125.885174
118.158649 126.590602
118.864077 127.296030
119.569506 128.001458
120.274934 128.706887
120.980362 129.412315
121.685790 130.117743
122.391218 130.823171
123.096646 131.528599
123.802075 132.234027
124.507503 132.939456
125.212931 133.644884
125.918359 134.350312
126.623787 134.350312
127.329215 135.055740
128.034644 135.761168
128.740072 136.466596
129.445500 136.466596
130.150928 137.172025
130.856356 137.877453
131.561784 137.877453
132.267213 138.582881
132.972641 139.288309
133.678069 139.288309
134.383497 139.993737
135.088925 139.993737
135.794354 140.699165
136.499782 140.699165
137.205210 141.404594
137.910638 141.404594
138.616066 142.110022
139.321494 142.110022
140.026923 142.815450
140.732351 142.815450
141.437779 142.815450
142.143207 143.520878
142.848635 144.226306
143.554063 144.226306
144.259492 144.931735
144.964920 144.931735
145.670348 145.637163
146.375776 146.342591
147.081204 146.342591
147.786632 147.048019
148.492061 147.048019
149.197489 147.753447
149.902917 147.753447
150.608345 148.458875
151.313773 148.458875
152.019202 149.164304
152.724630 149.164304
153.430058 149.869732
154.135486 150.575160
154.840914 151.280588
155.546342 152.691444
155.546342 153.396873
156.251771 154.102301
156.957199 154.807729
156.251771 155.513157
156.251771 156.218585
155.546342 156.924013
155.546342 157.629442
154.840914 158.334870
154.840914 159.040298
154.840914 160.451154
154.135486 161.156583
154.135486 161.862011
153.430058 162.567439
153.430058 163.272867
152.724630 163.978295
152.724630 164.683723
152.724630 165.389152
152.724630 166.094580
152.019202 166.800008
152.019202 167.505436
151.313773 168.210864
150.608345 168.916292
149.902917 168.916292
148.492061 169.621721
147.786632 170.327149
147.081204 171.032577
146.375776 171.738005
145.670348 172.443433
144.964920 173.148861
144.964920 173.854290
144.259492 174.559718
143.554063 175.265146
142.848635 175.970574
142.143207 175.970574
141.437779 176.676002
140.732351 177.381431
140.026923 177.381431
139.321494 178.086859
138.616066 178.086859
137.910638 178.792287
137.205210 179.497715
136.499782 179.497715
135.794354 180.203143
135.088925 180.203143
133.678069 180.908571
132.972641 181.614000
132.267213 181.614000
131.561784 182.319428
131.561784 183.024856
130.856356 183.730284
130.150928 184.435712
129.445500 184.435712
128.740072 185.141140
128.034644 185.141140
127.329215 185.846569
126.623787 185.846569
125.918359 185.846569
125.212931 186.551997
124.507503 186.551997
123.802075 186.551997
123.096646 187.257425
122.391218 187.257425
121.685790 187.962853
120.274934 187.962853
119.569506 187.962853
118.864077 188.668281
118.158649 188.668281
117.453221 188.668281
116.747793 188.668281
116.042365 188.668281
115.336936 188.668281
114.631508 188.668281
113.926080 188.668281
113.220652 188.668281
112.515224 188.668281
111.809796 188.668281
111.104367 188.668281
110.398939 188.668281
109.693511 189.373709
108.988083 189.373709
108.282655 190.079138
107.577227 190.079138
106.871798 190.079138
106.166370 190.784566
105.460942 190.784566
104.755514 190.784566
104.050086 190.784566
103.344658 190.784566
102.639229 190.784566
101.933801 190.784566
101.228373 190.079138
100.522945 189.373709
99.112088 189.373709
98.406660 188.668281
97.701232 187.962853
96.995804 187.962853
96.290376 187.257425
95.584948 186.551997
94.174091 185.846569
93.468663 185.846569
92.763235 185.141140
92.057807 184.435712
91.352379 184.435712
90.646950 183.024856
89.941522 182.319428
89.941522 181.614000
89.236094 180.908571
88.530666 180.203143
88.530666 179.497715
87.825238 178.792287
87.119809 178.086859
87.119809 177.381431
86.414381 175.970574
85.708953 175.265146
85.708953 174.559718
85.003525 173.854290
84.298097 173.148861
84.298097 172.443433
83.592669 171.738005
82.887240 171.032577
82.887240 170.327149
82.181812 169.621721
81.476384 168.916292
81.476384 167.505436
80.770956 166.800008
80.065528 166.094580
79.360100 165.389152
79.360100 164.683723
78.654671 163.978295
78.654671 163.272867
77.949243 162.567439
77.949243 161.862011
77.243815 161.156583
77.243815 160.451154
77.243815 159.745726
76.538387 159.040298
76.538387 158.334870
75.832959 157.629442
75.832959 156.924013
75.127531 156.218585
75.127531 155.513157
74.422102 154.807729
74.422102 154.102301
73.716674 153.396873
73.716674 152.691444
73.011246 151.986016
73.011246 151.280588
72.305818 150.575160
72.305818 149.869732
71.600390 149.164304
71.600390 148.458875
71.600390 147.048019
70.894961 146.342591
70.894961 145.637163
70.894961 144.931735
70.894961 144.226306
70.189533 143.520878
70.189533 142.815450
70.189533 142.110022
69.484105 141.404594
69.484105 140.699165
69.484105 139.993737
68.778677 139.288309
68.778677 138.582881
68.778677 137.877453
68.073249 137.172025
68.073249 136.466596
68.073249 135.761168
67.367821 134.350312
67.367821 133.644884
67.367821 132.939456
67.367821 132.234027
66.662392 131.528599
66.662392 130.823171
66.662392 130.117743
65.956964 129.412315
65.956964 128.706887
65.956964 128.001458
65.251536 127.296030
65.251536 126.590602
65.251536 125.885174
65.251536 125.179746
65.251536 124.474317
65.251536 123.768889
65.251536 123.063461
64.546108 122.358033
64.546108 120.947177
64.546108 120.241748
64.546108 119.536320
63.840680 118.830892
63.840680 118.125464
63.840680 117.420036
63.135252 116.714608
63.135252 116.009179
63.135252 115.303751
63.135252 114.598323
62.429823 113.892895
62.429823 113.187467
62.429823 111.776610
61.724395 111.071182
61.724395 110.365754
61.724395 109.660326
61.724395 108.954898
61.724395 108.249469
61.724395 107.544041
61.724395 106.838613
61.724395 106.133185
61.724395 105.427757
61.724395 104.722329
61.724395 104.016900
61.724395 103.311472
61.724395 102.606044
61.724395 101.900616
61.724395 101.195188
61.724395 100.489760
61.724395 99.784331
61.724395 99.078903
61.724395 98.373475
61.724395 97.668047
61.724395 96.962619
61.724395 96.257190
61.724395 95.551762
61.724395 94.846334
62.429823 94.140906
62.429823 93.435478
62.429823 92.730050
62.429823 91.319193
63.135252 90.613765
63.135252 89.908337
63.135252 89.202909
63.135252 88.497481
63.840680 87.792052
63.840680 86.381196
63.840680 85.675768
64.546108 84.970340
64.546108 84.264912
64.546108 83.559483
64.546108 82.148627
65.251536 81.443199
65.251536 80.737771
65.251536 80.032342
65.251536 79.326914
65.956964 78.621486
65.956964 77.210630
66.662392 76.505202
67.367821 75.799773
68.073249 75.094345
68.778677 74.388917
69.484105 73.683489
70.894961 72.978061
71.600390 71.567204
72.305818 70.861776
73.011246 70.156348
73.716674 69.450920
74.422102 68.745492
75.127531 68.040064
76.538387 66.629207
77.243815 65.923779
77.949243 65.218351
78.654671 64.512923
79.360100 64.512923
80.065528 63.807494
80.770956 63.102066
81.476384 62.396638
82.181812 61.691210
82.887240 61.691210
83.592669 60.985782
84.298097 60.280354
85.003525 59.574925
85.708953 58.869497
86.414381 58.869497
87.119809 58.164069
87.825238 58.164069
88.530666 58.164069
89.236094 58.164069
89.941522 57.458641
90.646950 57.458641
91.352379 57.458641
92.057807 57.458641
92.763235 56.753213
93.468663 56.753213
94.879519 56.753213
95.584948 56.753213
96.290376 56.753213
96.995804 57.458641
97.701232 57.458641
98.406660 57.458641
99.112088 57.458641
99.817517 57.458641
100.522945 58.164069
101.228373 58.164069
101.933801 58.869497
102.639229 58.869497
103.344658 59.574925
104.050086 60.280354
104.755514 60.280354
104.755514 60.985782
104.755514 61.691210
104.755514 62.396638
104.755514 63.102066
104.755514 63.807494
