102.170828 98.552376
103.630688 98.552376
103.630688 100.012236
103.630688 101.472096
105.090548 102.931956
105.090548 104.391816
106.550408 105.851676
106.550408 107.311536
108.010268 108.771396
108.010268 110.231257
109.470129 111.691117
109.470129 113.150977
109.470129 111.691117
109.470129 113.150977
109.470129 111.691117
109.470129 113.150977
109.470129 111.691117
109.470129 113.150977
109.470129 111.691117
109.470129 113.150977
110.929989 114.610837
110.929989 116.070697
110.929989 114.610837
109.470129 113.150977
109.470129 111.691117
109.470129 113.150977
110.929989 114.610837
110.929989 116.070697
110.929989 114.610837
109.470129 113.150977
109.470129 111.691117
109.470129 113.150977
110.929989 114.610837
110.929989 116.070697
110.929989 114.610837
109.470129 113.150977
109.470129 111.691117
108.010268 110.231257
109.470129 111.691117
109.470129 113.150977
110.929989 114.610837
109.470129 113.150977
109.470129 111.691117
108.010268 110.231257
109.470129 111.691117
109.470129 113.150977
110.929989 114.610837
109.470129 113.150977
109.470129 111.691117
108.010268 110.231257
109.470129 111.691117
109.470129 113.150977
110.929989 114.610837
109.470129 113.150977
109.470129 111.691117
108.010268 110.231257
109.470129 111.691117
109.470129 113.150977
110.929989 114.610837
110.929989 116.070697
110.929989 114.610837
109.470129 113.150977
109.470129 111.691117
108.010268 110.231257
109.470129 111.691117
109.470129 113.150977
110.929989 114.610837
110.929989 116.070697
110.929989 114.610837
109.470129 113.150977
109.470129 111.691117
109.470129 113.150977
110.929989 114.610837
109.470129 113.150977
109.470129 111.691117
109.470129 113.150977
110.929989 114.610837
110.929989 116.070697
110.929989 114.610837
109.470129 113.150977
109.470129 111.691117
108.010268 110.231257
109.470129 111.691117
109.470129 113.150977
110.929989 114.610837
109.470129 113.150977
109.470129 111.691117
108.010268 110.231257
109.470129 111.691117
109.470129 113.150977
110.929989 114.610837
110.929989 116.070697
110.929989 114.610837
109.470129 113.150977
109.470129 111.691117
108.010268 110.231257
109.470129 111.691117
109.470129 113.150977
110.929989 114.610837
110.929989 116.070697
110.929989 114.610837
109.470129 113.150977
109.470129 111.691117
108.010268 110.231257
109.470129 111.691117
109.470129 113.150977
110.929989 114.610837
110.929989 116.070697
110.929989 114.610837
109.470129 113.150977
109.470129 111.691117
108.010268 110.231257
109.470129 111.691117
109.470129 113.150977
110.929989 114.610837
110.929989 116.070697
110.929989 114.610837
109.470129 113.150977
109.470129 111.691117
108.010268 110.231257
109.470129 111.691117
109.470129 113.150977
110.929989 114.610837
110.929989 116.070697
112.389849 117.530557
110.929989 116.070697
110.929989 114.610837
109.470129 113.150977
109.470129 111.691117
108.010268 110.231257
109.470129 111.691117
109.470129 113.150977
110.929989 114.610837
110.929989 116.070697
112.389849 117.530557
113.849709 118.990417
112.389849 117.530557
110.929989 116.070697
110.929989 114.610837
109.470129 113.150977
109.470129 111.691117
108.010268 110.231257
109.470129 111.691117
109.470129 113.150977
110.929989 114.610837
110.929989 116.070697
112.389849 117.530557
113.849709 118.990417
112.389849 117.530557
110.929989 116.070697
110.929989 114.610837
109.470129 113.150977
109.470129 111.691117
108.010268 110.231257
109.470129 111.691117
109.470129 113.150977
110.929989 114.610837
110.929989 116.070697
112.389849 117.530557
113.849709 118.990417
112.389849 117.530557
110.929989 116.070697
110.929989 114.610837
109.470129 113.150977
109.470129 111.691117
108.010268 110.231257
109.470129 111.691117
109.470129 113.150977
110.929989 114.610837
110.929989 116.070697
112.389849 117.530557
113.849709 118.990417
112.389849 117.530557
110.929989 116.070697
110.929989 114.610837
109.470129 113.150977
109.470129 111.691117
108.010268 110.231257
109.470129 111.691117
109.470129 113.150977
110.929989 114.610837
110.929989 116.070697
112.389849 117.530557
113.849709 118.990417
112.389849 117.530557
110.929989 116.070697
110.929989 114.610837
109.470129 113.150977
109.470129 111.691117
108.010268 110.231257
109.470129 111.691117
109.470129 113.150977
110.929989 114.610837
110.929989 116.070697
112.389849 117.530557
110.929989 116.070697
110.929989 114.610837
109.470129 113.150977
109.470129 111.691117
108.010268 110.231257
109.470129 111.691117
109.470129 113.150977
110.929989 114.610837
110.929989 116.070697
110.929989 114.610837
109.470129 113.150977
109.470129 111.691117
108.010268 110.231257
109.470129 111.691117
109.470129 113.150977
110.929989 114.610837
110.929989 116.070697
112.389849 117.530557
110.929989 116.070697
110.929989 114.610837
109.470129 113.150977
109.470129 111.691117
108.010268 110.231257
109.470129 111.691117
109.470129 113.150977
110.929989 114.610837
110.929989 116.070697
112.389849 117.530557
110.929989 116.070697
110.929989 114.610837
109.470129 113.150977
109.470129 111.691117
108.010268 110.231257
109.470129 111.691117
109.470129 113.150977
110.929989 114.610837
110.929989 116.070697
112.389849 117.530557
113.849709 118.990417
113.849709 120.450277
115.309569 121.910137
116.769429 123.369998
118.229289 124.829858
119.689149 126.289718
121.149010 127.749578
122.608870 127.749578
124.068730 129.209438
125.528590 129.209438
126.988450 130.669298
128.448310 130.669298
129.908170 132.129158
131.368030 133.589018
132.827890 133.589018
134.287751 135.048879
135.747611 135.048879
137.207471 135.048879
138.667331 136.508739
140.127191 136.508739
141.587051 136.508739
143.046911 137.968599
144.506771 137.968599
145.966631 137.968599
147.426492 137.968599
148.886352 137.968599
150.346212 137.968599
151.806072 139.428459
153.265932 139.428459
153.265932 140.888319
153.265932 142.348179
154.725792 143.808039
153.265932 145.267899
151.806072 146.727759
150.346212 148.187620
148.886352 149.647480
147.426492 151.107340
145.966631 151.107340
144.506771 152.567200
143.046911 154.027060
141.587051 155.486920
140.127191 156.946780
138.667331 156.946780
137.207471 158.406640
135.747611 159.866501
134.287751 161.326361
132.827890 161.326361
131.368030 161.326361
129.908170 161.326361
128.448310 162.786221
126.988450 162.786221
125.528590 162.786221
124.068730 162.786221
122.608870 162.786221
121.149010 162.786221
119.689149 162.786221
118.229289 162.786221
116.769429 162.786221
115.309569 161.326361
113.849709 161.326361
112.389849 161.326361
110.929989 159.866501
109.470129 158.406640
108.010268 156.946780
106.550408 155.486920
105.090548 154.027060
103.630688 152.567200
103.630688 151.107340
102.170828 149.647480
102.170828 148.187620
100.710968 146.727759
100.710968 145.267899
99.251108 143.808039
99.251108 142.348179
99.251108 140.888319
97.791248 139.428459
97.791248 137.968599
97.791248 136.508739
96.331388 135.048879
96.331388 133.589018
96.331388 132.129158
96.331388 130.669298
94.871527 129.209438
94.871527 127.749578
94.871527 126.289718
93.411667 124.829858
93.411667 123.369998
91.951807 121.910137
91.951807 120.450277
91.951807 118.990417
91.951807 117.530557
91.951807 116.070697
91.951807 114.610837
93.411667 113.150977
93.411667 111.691117
94.871527 110.231257
94.871527 108.771396
96.331388 107.311536
97.791248 105.851676
97.791248 104.391816
97.791248 102.931956
97.791248 101.472096
99.251108 100.012236
99.251108 98.552376
99.251108 97.092515
100.710968 97.092515
102.170828 97.092515
102.170828 98.552376
