108.859472 62.035349
108.072148 62.822673
108.072148 63.609997
108.072148 64.397321
108.072148 65.184645
107.284824 65.971969
107.284824 66.759293
107.284824 67.546617
107.284824 68.333941
107.284824 69.121265
106.497500 69.908589
106.497500 70.695913
106.497500 71.483237
106.497500 72.270561
106.497500 73.057886
106.497500 73.845210
106.497500 74.632534
106.497500 75.419858
106.497500 76.207182
105.710176 76.994506
105.710176 77.781830
105.710176 78.569154
104.922852 79.356478
104.922852 80.143802
104.922852 80.931126
104.922852 81.718450
104.922852 82.505774
104.922852 83.293098
104.135528 84.080422
104.135528 84.867746
104.135528 85.655071
104.135528 86.442395
104.135528 87.229719
104.135528 88.017043
104.135528 88.804367
104.135528 89.591691
104.135528 90.379015
104.922852 91.166339
104.922852 91.953663
104.922852 92.740987
104.922852 93.528311
104.922852 94.315635
104.922852 95.102959
105.710176 95.890283
105.710176 96.677607
105.710176 97.464931
105.710176 98.252256
106.497500 98.252256
106.497500 99.039580
106.497500 99.826904
107.284824 100.614228
107.284824 101.401552
107.284824 102.188876
108.072148 102.188876
108.072148 102.976200
108.072148 103.763524
108.859472 103.763524
108.859472 104.550848
109.646797 104.550848
109.646797 105.338172
110.434121 106.125496
111.221445 106.912820
112.008769 107.700144
112.796093 108.487468
112.796093 109.274792
113.583417 109.274792
114.370741 110.062116
115.158065 110.849441
115.945389 111.636765
116.732713 112.424089
117.520037 113.211413
118.307361 113.998737
119.094685 113.998737
119.882009 114.786061
120.669333 115.573385
121.456658 115.573385
122.243982 116.360709
122.243982 117.148033
123.031306 117.148033
123.818630 117.935357
123.818630 118.722681
124.605954 119.510005
125.393278 120.297329
125.393278 121.084653
126.180602 121.084653
126.180602 121.871977
126.967926 122.659302
127.755250 123.446626
128.542574 124.233950
129.329898 125.021274
129.329898 125.808598
130.117222 125.808598
130.904546 126.595922
131.691870 127.383246
132.479194 128.170570
133.266518 128.170570
134.053843 128.957894
134.841167 129.745218
135.628491 130.532542
136.415815 130.532542
137.203139 131.319866
137.203139 132.107190
137.990463 132.107190
137.990463 132.894514
137.990463 133.681838
138.777787 133.681838
138.777787 134.469162
139.565111 135.256487
139.565111 136.043811
140.352435 136.043811
141.139759 136.831135
141.139759 137.618459
141.927083 138.405783
142.714407 139.193107
142.714407 139.980431
143.501731 139.980431
144.289055 140.767755
145.076379 141.555079
145.863703 142.342403
146.651028 143.129727
147.438352 143.917051
148.225676 144.704375
149.013000 144.704375
149.013000 145.491699
149.013000 146.279023
149.800324 147.853672
149.800324 148.640996
149.800324 149.428320
149.800324 150.215644
150.587648 151.002968
150.587648 151.790292
150.587648 153.364940
151.374972 154.152264
151.374972 154.939588
151.374972 155.726912
151.374972 156.514236
151.374972 157.301560
151.374972 158.088884
151.374972 158.876208
151.374972 159.663532
151.374972 160.450857
151.374972 161.238181
151.374972 162.025505
151.374972 162.812829
151.374972 163.600153
151.374972 164.387477
151.374972 165.174801
151.374972 166.749449
151.374972 167.536773
151.374972 168.324097
150.587648 169.111421
149.800324 169.898745
149.013000 170.686069
148.225676 171.473393
147.438352 172.260717
146.651028 173.048042
145.863703 173.048042
145.076379 173.835366
144.289055 174.622690
143.501731 174.622690
142.714407 175.410014
141.927083 176.197338
141.139759 176.197338
140.352435 176.984662
139.565111 176.984662
138.777787 177.771986
137.990463 178.559310
137.203139 178.559310
136.415815 179.346634
135.628491 180.133958
134.841167 180.133958
134.053843 180.921282
133.266518 180.921282
132.479194 181.708606
131.691870 181.708606
130.117222 182.495930
129.329898 182.495930
128.542574 183.283254
127.755250 183.283254
126.967926 184.070578
125.393278 184.070578
124.605954 184.857902
123.818630 184.857902
123.031306 185.645227
122.243982 186.432551
121.456658 186.432551
119.882009 187.219875
119.094685 187.219875
118.307361 188.007199
117.520037 188.007199
116.732713 188.007199
115.945389 188.007199
115.158065 188.007199
114.370741 188.007199
113.583417 188.794523
112.796093 188.794523
112.008769 188.794523
111.221445 188.794523
110.434121 188.794523
109.646797 188.794523
108.859472 188.794523
108.072148 188.794523
107.284824 189.581847
106.497500 189.581847
105.710176 189.581847
104.922852 189.581847
104.135528 189.581847
103.348204 189.581847
102.560880 189.581847
101.773556 190.369171
100.986232 190.369171
100.198908 190.369171
99.411584 190.369171
98.624260 190.369171
97.836936 190.369171
96.262287 189.581847
95.474963 189.581847
94.687639 188.794523
93.900315 188.007199
93.112991 188.007199
92.325667 187.219875
91.538343 187.219875
90.751019 186.432551
89.963695 185.645227
89.176371 185.645227
88.389047 184.857902
87.601723 184.857902
86.814399 184.070578
85.239751 183.283254
85.239751 182.495930
84.452427 181.708606
83.665102 180.921282
82.877778 180.133958
82.090454 179.346634
81.303130 178.559310
80.515806 177.771986
79.728482 176.984662
78.941158 176.197338
78.941158 175.410014
78.153834 174.622690
77.366510 173.835366
76.579186 173.048042
75.791862 172.260717
75.004538 171.473393
74.217214 170.686069
74.217214 169.898745
73.429890 169.111421
72.642566 168.324097
72.642566 167.536773
71.855242 166.749449
71.855242 165.962125
71.067917 165.174801
71.067917 163.600153
71.067917 162.812829
70.280593 162.025505
70.280593 161.238181
69.493269 160.450857
69.493269 159.663532
69.493269 158.876208
68.705945 158.088884
68.705945 157.301560
68.705945 156.514236
67.918621 155.726912
67.918621 154.152264
67.131297 153.364940
67.131297 152.577616
67.131297 151.790292
66.343973 151.002968
66.343973 150.215644
65.556649 149.428320
65.556649 148.640996
65.556649 147.853672
64.769325 147.066347
64.769325 146.279023
64.769325 145.491699
63.982001 144.704375
63.982001 143.917051
63.982001 143.129727
63.194677 142.342403
63.194677 141.555079
62.407353 140.767755
62.407353 139.980431
62.407353 139.193107
61.620029 138.405783
61.620029 137.618459
61.620029 136.831135
60.832705 136.043811
60.832705 135.256487
60.832705 134.469162
60.045381 133.681838
60.045381 132.894514
60.045381 131.319866
60.045381 130.532542
60.045381 129.745218
60.045381 128.957894
60.045381 128.170570
60.045381 127.383246
60.045381 125.808598
60.045381 125.021274
60.045381 124.233950
59.258057 123.446626
59.258057 122.659302
59.258057 121.871977
59.258057 120.297329
59.258057 119.510005
59.258057 118.722681
59.258057 117.935357
59.258057 117.148033
59.258057 116.360709
59.258057 115.573385
59.258057 114.786061
59.258057 113.998737
59.258057 112.424089
59.258057 111.636765
59.258057 110.849441
58.470732 110.062116
58.470732 109.274792
58.470732 108.487468
58.470732 107.700144
58.470732 106.912820
58.470732 106.125496
57.683408 105.338172
57.683408 104.550848
57.683408 103.763524
57.683408 102.976200
57.683408 102.188876
57.683408 101.401552
56.896084 100.614228
56.896084 99.826904
56.896084 99.039580
56.896084 98.252256
56.896084 97.464931
56.896084 96.677607
56.108760 95.890283
56.108760 95.102959
56.108760 94.315635
56.108760 92.740987
56.108760 91.953663
56.108760 91.166339
56.108760 89.591691
56.108760 88.804367
56.896084 88.017043
56.896084 87.229719
56.896084 85.655071
56.896084 84.867746
56.896084 84.080422
56.896084 82.505774
56.896084 81.718450
56.896084 80.931126
57.683408 80.143802
57.683408 78.569154
57.683408 77.781830
57.683408 76.994506
57.683408 75.419858
57.683408 74.632534
57.683408 73.845210
57.683408 72.270561
57.683408 71.483237
58.470732 70.695913
58.470732 69.908589
58.470732 68.333941
58.470732 67.546617
59.258057 66.759293
59.258057 65.971969
60.045381 65.184645
60.045381 64.397321
60.832705 63.609997
60.832705 62.822673
61.620029 62.035349
61.620029 61.248025
62.407353 59.673376
63.194677 58.886052
63.194677 58.098728
63.982001 57.311404
63.982001 56.524080
64.769325 55.736756
65.556649 54.949432
66.343973 54.162108
67.131297 53.374784
67.131297 52.587460
67.918621 51.800136
68.705945 50.225488
69.493269 49.438164
70.280593 48.650840
71.067917 47.863516
71.855242 47.076191
72.642566 46.288867
73.429890 45.501543
74.217214 44.714219
75.004538 44.714219
75.791862 43.926895
76.579186 43.926895
77.366510 43.139571
78.153834 43.139571
78.941158 42.352247
79.728482 42.352247
80.515806 42.352247
81.303130 41.564923
82.090454 41.564923
82.877778 40.777599
83.665102 40.777599
84.452427 40.777599
85.239751 40.777599
86.027075 40.777599
86.814399 40.777599
87.601723 40.777599
88.389047 39.990275
89.176371 39.990275
90.751019 39.990275
91.538343 39.990275
92.325667 39.990275
93.112991 39.990275
93.900315 39.990275
94.687639 39.990275
95.474963 39.990275
96.262287 39.990275
97.049612 39.990275
97.836936 39.990275
98.624260 39.990275
99.411584 39.990275
100.198908 39.990275
100.986232 39.990275
101.773556 39.990275
102.560880 40.777599
103.348204 40.777599
104.135528 40.777599
104.922852 41.564923
104.922852 42.352247
105.710176 43.139571
106.497500 43.926895
107.284824 44.714219
107.284824 45.501543
108.072148 46.288867
108.859472 47.076191
108.859472 47.863516
109.646797 48.650840
109.646797 49.438164
109.646797 50.225488
109.646797 51.012812
110.434121 51.800136
110.434121 52.587460
110.434121 53.374784
110.434121 54.162108
110.434121 54.949432
110.434121 55.736756
110.434121 56.524080
110.434121 57.311404
110.434121 58.098728
109.646797 58.886052
109.646797 59.673376
108.859472 60.460701
108.859472 61.248025
108.859472 62.035349
