136.765317 98.476061
136.157861 99.083516
136.157861 100.298427
135.550406 100.905883
134.942950 101.513338
134.942950 102.120794
134.335495 102.728250
133.728039 102.728250
133.120583 102.728250
133.120583 103.335705
132.513128 103.335705
131.905672 103.335705
131.298217 103.335705
130.690761 103.943161
130.083306 103.943161
129.475850 103.943161
128.868394 104.550616
128.260939 104.550616
127.653483 104.550616
127.046028 104.550616
126.438572 104.550616
126.438572 105.158072
125.831116 105.158072
125.223661 105.158072
124.616205 105.765528
124.008750 105.765528
123.401294 106.372983
122.793838 106.372983
122.186383 106.372983
121.578927 106.980439
120.971472 106.980439
120.364016 107.587894
119.756561 107.587894
119.149105 108.195350
118.541649 108.195350
117.934194 108.802806
117.326738 108.802806
117.326738 109.410261
116.719283 109.410261
116.111827 110.017717
115.504371 110.017717
115.504371 110.625172
114.896916 110.625172
114.289460 111.232628
113.682005 111.840083
113.074549 111.840083
113.074549 112.447539
112.467093 112.447539
111.859638 113.054995
111.252182 113.054995
111.252182 113.662450
110.644727 114.269906
110.037271 114.877361
109.429815 115.484817
108.822360 116.092273
108.214904 116.699728
107.607449 117.307184
107.607449 117.914639
106.999993 118.522095
106.392538 119.129551
105.785082 119.737006
105.785082 120.344462
105.177626 120.951917
104.570171 121.559373
104.570171 122.166828
103.962715 122.774284
103.355260 123.381740
103.355260 123.989195
102.747804 124.596651
102.747804 125.204106
102.140348 125.811562
102.140348 126.419018
101.532893 127.026473
101.532893 127.633929
101.532893 128.241384
100.925437 128.848840
100.925437 129.456296
100.317982 130.063751
100.317982 130.671207
100.317982 131.278662
99.710526 131.886118
99.710526 132.493573
99.710526 133.101029
99.710526 133.708485
99.103070 134.315940
99.103070 134.923396
99.103070 135.530851
99.103070 136.138307
99.103070 136.745763
99.103070 137.353218
98.495615 137.960674
98.495615 138.568129
98.495615 139.175585
98.495615 139.783041
98.495615 140.390496
98.495615 140.997952
98.495615 141.605407
98.495615 142.212863
98.495615 142.820318
98.495615 143.427774
98.495615 144.035230
98.495615 144.642685
98.495615 145.250141
98.495615 145.857596
98.495615 146.465052
98.495615 147.072508
98.495615 147.679963
98.495615 148.287419
98.495615 148.894874
99.103070 149.502330
99.103070 150.109786
99.103070 150.717241
99.103070 151.324697
99.103070 151.932152
99.103070 152.539608
99.710526 153.147063
99.710526 153.754519
99.710526 154.361975
99.710526 154.969430
100.317982 155.576886
100.317982 156.184341
100.317982 156.791797
100.317982 157.399253
100.925437 157.399253
100.925437 158.006708
100.925437 158.614164
100.925437 159.221619
101.532893 159.221619
101.532893 159.829075
102.140348 160.436531
102.140348 161.043986
102.140348 161.651442
102.747804 162.258897
102.747804 162.866353
102.747804 163.473809
103.355260 163.473809
103.355260 164.081264
103.355260 164.688720
103.962715 164.688720
103.962715 165.296175
104.570171 165.903631
104.570171 166.511086
104.570171 167.118542
105.177626 167.118542
105.785082 167.725998
105.785082 168.333453
105.785082 168.940909
106.392538 168.940909
106.999993 169.548364
106.999993 170.155820
107.607449 170.763276
108.214904 171.370731
107.607449 172.585642
107.607449 173.193098
106.999993 173.800554
106.999993 174.408009
106.392538 174.408009
105.785082 175.015465
105.177626 175.015465
103.962715 175.015465
103.355260 175.015465
102.747804 175.015465
102.140348 175.622920
101.532893 175.622920
100.925437 175.622920
100.317982 175.622920
99.103070 176.230376
98.495615 176.230376
97.888159 176.230376
97.280704 176.230376
96.673248 176.230376
96.065793 176.837831
95.458337 176.837831
94.850881 176.837831
93.635970 176.837831
93.028515 177.445287
92.421059 177.445287
91.813603 177.445287
91.206148 177.445287
90.598692 177.445287
89.991237 178.052743
89.383781 178.052743
88.776325 178.052743
88.168870 178.052743
87.561414 178.052743
86.953959 178.052743
85.739048 177.445287
85.131592 177.445287
84.524136 177.445287
83.916681 176.837831
83.309225 176.837831
82.094314 176.230376
81.486858 176.230376
80.879403 176.230376
80.271947 175.622920
79.664492 175.622920
78.449580 175.015465
77.842125 175.015465
77.234669 175.015465
76.627214 174.408009
76.019758 174.408009
74.804847 173.800554
74.197391 173.800554
73.589936 173.800554
72.982480 173.193098
72.375025 173.193098
71.160113 172.585642
70.552658 172.585642
69.945202 171.978187
69.337747 171.978187
68.122835 171.978187
67.515380 171.370731
66.907924 170.763276
66.300469 170.155820
65.693013 169.548364
65.085558 168.940909
63.870646 168.333453
63.263191 167.725998
62.655735 167.118542
62.048280 166.511086
61.440824 165.903631
60.833368 165.296175
60.225913 164.688720
59.011002 164.688720
58.403546 164.081264
57.796090 163.473809
57.188635 162.866353
56.581179 162.258897
55.973724 161.651442
54.758813 161.043986
54.151357 160.436531
53.543901 159.829075
52.936446 159.221619
52.328990 158.614164
51.721535 158.006708
50.506623 157.399253
50.506623 156.791797
50.506623 156.184341
50.506623 155.576886
49.899168 154.969430
49.899168 154.361975
49.899168 153.754519
49.899168 153.147063
49.899168 152.539608
49.291712 151.932152
49.291712 151.324697
49.291712 150.717241
49.291712 150.109786
49.291712 149.502330
49.291712 148.287419
48.684257 147.679963
48.684257 147.072508
48.684257 146.465052
48.684257 145.857596
48.684257 145.250141
48.076801 144.642685
48.076801 144.035230
48.076801 143.427774
48.076801 142.820318
48.076801 141.605407
48.076801 140.997952
48.076801 140.390496
48.076801 139.783041
48.076801 138.568129
48.076801 137.960674
48.076801 137.353218
48.076801 136.745763
48.076801 135.530851
48.076801 134.923396
48.076801 134.315940
48.076801 133.708485
48.076801 133.101029
48.076801 131.886118
48.076801 131.278662
48.076801 130.671207
48.076801 130.063751
48.076801 129.456296
48.076801 128.848840
48.076801 128.241384
48.076801 127.633929
48.684257 127.026473
48.684257 126.419018
49.291712 125.204106
49.291712 124.596651
49.899168 123.989195
49.899168 123.381740
50.506623 122.774284
51.114079 122.166828
51.114079 121.559373
51.721535 120.951917
51.721535 120.344462
52.328990 119.737006
52.936446 118.522095
52.936446 117.914639
53.543901 117.307184
53.543901 116.699728
54.151357 116.092273
54.151357 115.484817
54.758813 114.877361
55.366268 114.269906
55.366268 113.662450
55.973724 113.054995
55.973724 112.447539
56.581179 111.232628
57.188635 110.625172
57.188635 110.017717
57.796090 109.410261
59.011002 108.802806
59.618457 107.587894
60.225913 106.980439
60.833368 106.372983
61.440824 105.158072
62.048280 104.550616
62.655735 103.943161
63.263191 102.728250
64.478102 102.120794
65.085558 101.513338
65.693013 100.905883
66.300469 99.690972
66.907924 99.083516
67.515380 98.476061
68.122835 97.261149
68.730291 96.653694
69.945202 96.046238
70.552658 94.831327
71.160113 94.223871
71.767569 93.616416
72.375025 92.401505
72.982480 91.794049
73.589936 91.186593
74.197391 90.579138
75.412303 89.971682
76.019758 89.364227
76.627214 88.756771
77.234669 88.149316
77.842125 88.149316
79.057036 87.541860
79.664492 86.934404
80.271947 86.326949
80.879403 85.719493
81.486858 85.112038
82.094314 85.112038
83.309225 84.504582
83.916681 83.897126
84.524136 83.289671
85.131592 82.682215
85.739048 82.682215
86.953959 82.074760
87.561414 81.467304
88.168870 80.859848
88.776325 80.252393
89.383781 80.252393
89.991237 79.644937
91.206148 79.644937
91.813603 79.037482
92.421059 79.037482
93.028515 78.430026
93.635970 78.430026
94.243426 77.822570
94.850881 77.822570
96.065793 77.215115
96.673248 77.215115
97.280704 76.607659
97.888159 76.607659
98.495615 76.000204
99.103070 76.000204
99.710526 75.392748
100.317982 75.392748
101.532893 75.392748
102.140348 75.392748
102.747804 75.392748
103.355260 75.392748
103.962715 75.392748
105.177626 75.392748
105.785082 75.392748
106.392538 75.392748
106.999993 75.392748
107.607449 75.392748
108.214904 75.392748
109.429815 75.392748
110.037271 75.392748
110.644727 75.392748
111.252182 75.392748
111.859638 75.392748
113.074549 75.392748
113.682005 75.392748
114.289460 75.392748
114.896916 75.392748
115.504371 75.392748
116.111827 75.392748
116.719283 75.392748
117.326738 75.392748
117.934194 76.000204
118.541649 76.000204
119.149105 76.607659
119.756561 76.607659
120.364016 77.215115
120.971472 77.215115
121.578927 77.822570
122.186383 78.430026
122.793838 78.430026
123.401294 79.037482
124.008750 79.037482
124.616205 79.644937
125.223661 79.644937
125.831116 80.252393
126.438572 80.252393
127.653483 80.859848
128.260939 81.467304
128.868394 81.467304
129.475850 82.074760
130.083306 82.074760
130.690761 82.682215
131.298217 82.682215
131.905672 83.289671
132.513128 83.289671
133.120583 83.897126
133.120583 84.504582
133.120583 85.112038
133.728039 85.719493
133.728039 86.326949
133.728039 86.934404
133.728039 87.541860
134.335495 88.149316
134.335495 88.756771
134.335495 89.364227
134.335495 89.971682
134.942950 90.579138
134.942950 91.186593
134.942950 91.794049
135.550406 92.401505
135.550406 93.008960
135.550406 93.616416
135.550406 94.223871
136.157861 94.831327
136.157861 95.438783
136.157861 96.046238
136.157861 96.653694
136.765317 97.261149
136.765317 97.868605
136.765317 98.476061
136.765317 99.083516
137.372773 99.690972
137.372773 100.298427
137.372773 99.690972
136.765317 99.083516
136.765317 98.476061
