119.633019 107.575293
119.633019 107.876698
119.633019 108.178103
119.633019 108.479508
119.633019 108.780914
119.633019 109.082319
119.633019 109.383724
119.633019 109.685129
119.633019 109.986534
119.633019 110.287939
119.633019 110.589344
119.934424 110.890749
119.934424 111.192154
119.934424 111.493559
120.235830 111.794964
120.235830 112.096369
120.235830 112.397774
120.235830 112.699179
120.537235 113.000584
120.537235 113.603394
120.537235 113.904799
120.537235 114.206204
120.235830 114.507609
119.934424 114.809015
119.934424 115.110420
119.633019 115.411825
119.331614 115.713230
119.331614 116.014635
119.030209 116.014635
119.030209 116.316040
118.728804 116.617445
118.427399 116.918850
118.427399 117.220255
118.125994 117.521660
118.125994 117.823065
117.824589 118.124470
117.523184 118.425875
117.523184 118.727280
117.221779 119.028685
117.221779 119.330090
116.920374 119.631495
116.920374 119.932900
116.618969 120.234305
116.618969 120.535710
116.317564 120.837116
116.317564 121.138521
116.016159 121.439926
116.016159 121.741331
115.714754 122.042736
115.714754 122.344141
115.714754 122.645546
115.413349 122.946951
115.413349 123.248356
115.413349 123.549761
115.111944 123.851166
115.111944 124.152571
115.111944 124.453976
114.810539 124.755381
114.810539 125.056786
114.810539 125.358191
114.509134 125.659596
114.509134 125.961001
114.509134 126.262406
114.509134 126.563811
114.207729 126.865217
114.207729 127.166622
114.207729 127.468027
114.207729 127.769432
113.906323 128.070837
113.906323 128.372242
113.906323 128.673647
113.906323 128.975052
113.906323 129.276457
113.906323 129.577862
113.604918 129.879267
113.604918 130.180672
113.604918 130.482077
113.604918 130.783482
113.604918 131.084887
113.604918 131.386292
113.604918 131.687697
113.604918 131.989102
113.604918 132.290507
113.604918 132.591912
113.604918 132.893318
113.604918 133.194723
113.303513 133.496128
113.303513 133.797533
113.303513 134.098938
113.303513 134.400343
113.303513 134.701748
113.303513 135.003153
113.604918 135.003153
113.604918 135.304558
113.604918 135.605963
113.604918 135.907368
113.604918 136.208773
113.604918 135.907368
113.604918 136.208773
113.604918 136.510178
113.604918 136.811583
113.604918 137.112988
113.604918 137.414393
113.604918 137.715798
113.604918 138.017203
113.604918 138.318608
113.906323 138.620013
113.604918 138.921419
113.906323 139.222824
113.906323 139.524229
113.906323 139.825634
113.906323 140.127039
113.906323 140.428444
114.207729 140.428444
114.207729 140.729849
114.207729 141.031254
114.207729 141.332659
114.207729 141.634064
114.509134 141.634064
114.509134 141.935469
114.509134 142.236874
114.509134 142.538279
114.509134 142.839684
114.810539 142.839684
114.810539 143.141089
114.810539 142.839684
114.810539 143.141089
114.810539 142.839684
114.810539 143.141089
114.810539 143.442494
115.111944 143.743899
115.111944 144.045304
115.111944 143.743899
115.111944 144.045304
115.111944 144.346709
115.111944 144.648114
115.413349 144.648114
115.413349 144.949520
115.413349 145.250925
115.714754 145.552330
115.714754 145.853735
115.714754 146.155140
115.714754 145.853735
115.714754 146.155140
116.016159 146.456545
116.016159 146.757950
116.016159 147.059355
116.317564 147.059355
116.317564 147.360760
116.317564 147.059355
116.317564 147.360760
116.618969 147.662165
116.618969 147.963570
116.618969 147.662165
116.618969 147.963570
116.618969 147.662165
116.618969 147.963570
116.920374 148.264975
116.920374 148.566380
117.221779 148.867785
117.221779 149.169190
117.523184 149.470595
117.523184 149.772000
117.824589 150.073405
118.125994 150.374810
118.125994 150.676215
118.427399 150.977621
118.427399 151.279026
118.728804 151.580431
118.728804 151.881836
119.030209 151.881836
119.331614 152.183241
119.331614 152.484646
119.633019 152.786051
119.934424 153.087456
119.934424 153.388861
120.235830 153.690266
120.537235 153.991671
120.838640 154.293076
120.838640 154.594481
121.140045 154.594481
121.441450 154.895886
121.742855 155.197291
121.742855 155.498696
122.044260 155.800101
122.345665 156.101506
122.345665 156.402911
122.647070 156.402911
122.948475 156.704316
123.249880 157.005722
123.551285 157.307127
123.852690 157.307127
124.154095 157.608532
124.455500 157.909937
124.455500 158.211342
124.756905 158.211342
125.058310 158.512747
125.359715 158.814152
125.661120 159.115557
125.962525 159.115557
126.263931 159.416962
126.565336 159.718367
126.866741 159.718367
127.168146 160.019772
127.469551 160.321177
127.168146 160.622582
126.866741 160.923987
126.565336 161.225392
126.263931 161.526797
125.962525 161.828202
125.661120 162.129607
125.359715 162.129607
125.058310 162.431012
124.756905 162.732418
124.455500 163.033823
123.852690 163.335228
123.551285 163.636633
123.249880 163.938038
122.948475 164.239443
122.647070 164.239443
122.345665 164.540848
122.044260 164.540848
121.441450 164.239443
121.140045 164.239443
120.838640 164.239443
120.537235 164.239443
120.235830 164.239443
119.934424 163.938038
119.633019 163.938038
119.030209 163.938038
118.728804 163.938038
118.427399 163.636633
118.125994 163.636633
117.824589 163.636633
117.523184 163.636633
117.221779 163.636633
116.920374 163.335228
116.317564 163.335228
116.016159 163.335228
115.714754 163.335228
115.413349 163.335228
115.111944 163.033823
114.810539 163.033823
114.509134 163.033823
113.906323 163.033823
113.604918 162.732418
113.303513 162.732418
113.002108 162.732418
112.700703 162.732418
112.399298 162.732418
112.097893 162.431012
111.495083 162.431012
111.193678 162.431012
110.892273 162.431012
110.590868 162.129607
110.289463 162.129607
109.988058 162.129607
109.686653 162.129607
109.083843 162.129607
108.782438 161.828202
108.481033 161.828202
108.179628 161.828202
107.878222 161.828202
107.576817 161.526797
107.275412 161.526797
106.974007 161.526797
106.371197 161.526797
106.069792 161.526797
105.768387 161.225392
105.466982 161.225392
105.165577 161.225392
104.864172 160.923987
104.562767 160.622582
104.261362 160.321177
103.959957 160.321177
103.357147 160.019772
103.055742 159.718367
102.754337 159.718367
102.452932 159.416962
102.151527 159.115557
101.850121 158.814152
101.548716 158.814152
101.247311 158.512747
100.945906 158.211342
100.644501 158.211342
100.343096 157.909937
100.041691 157.608532
99.740286 157.307127
99.438881 157.307127
99.137476 157.005722
98.836071 156.704316
98.534666 156.704316
98.233261 156.402911
97.931856 156.101506
97.630451 155.800101
97.329046 155.800101
97.027641 155.498696
96.424831 155.197291
96.123426 154.895886
95.822020 154.895886
95.520615 154.594481
95.219210 154.293076
94.917805 154.293076
94.616400 153.991671
94.616400 153.388861
94.616400 153.087456
94.616400 152.786051
94.314995 152.484646
94.314995 151.881836
94.314995 151.580431
94.013590 151.279026
94.013590 150.977621
94.013590 150.374810
93.712185 150.073405
93.712185 149.772000
93.712185 149.470595
93.712185 148.867785
93.410780 148.566380
93.410780 148.264975
93.410780 147.963570
93.109375 147.360760
93.109375 147.059355
93.109375 146.757950
93.109375 146.456545
92.807970 145.853735
92.807970 145.552330
92.807970 145.250925
92.506565 144.949520
92.506565 144.648114
92.506565 144.045304
92.506565 143.743899
92.506565 143.442494
92.506565 143.141089
92.506565 142.839684
92.506565 142.236874
92.506565 141.935469
92.506565 141.634064
92.506565 141.332659
92.506565 140.729849
92.506565 140.428444
92.506565 140.127039
92.506565 139.825634
92.506565 139.524229
92.506565 138.921419
92.506565 138.620013
92.506565 138.318608
92.506565 138.017203
92.506565 137.715798
92.506565 137.112988
92.506565 136.811583
92.506565 136.510178
92.506565 136.208773
92.506565 135.907368
92.506565 135.304558
92.506565 135.003153
92.506565 134.701748
92.506565 134.400343
92.506565 133.797533
92.506565 133.496128
92.506565 133.194723
92.506565 132.893318
92.506565 132.591912
92.807970 131.989102
92.807970 131.687697
93.109375 131.386292
93.109375 131.084887
93.109375 130.783482
93.410780 130.482077
93.410780 129.879267
93.712185 129.577862
93.712185 129.276457
94.013590 128.975052
94.013590 128.673647
94.013590 128.372242
94.314995 127.769432
94.314995 127.468027
94.616400 127.166622
94.616400 126.865217
94.917805 126.563811
94.917805 125.961001
95.219210 125.659596
95.219210 125.358191
95.219210 125.056786
95.520615 124.755381
95.520615 124.453976
95.822020 123.851166
95.822020 123.549761
96.123426 123.248356
96.424831 123.248356
97.027641 122.946951
97.329046 122.645546
97.630451 122.344141
97.931856 122.042736
98.233261 121.741331
98.534666 121.741331
98.836071 121.439926
99.137476 121.138521
99.438881 120.837116
99.740286 120.535710
100.343096 120.535710
100.644501 120.234305
100.945906 119.932900
101.247311 119.631495
101.548716 119.330090
101.850121 119.028685
102.151527 119.028685
102.452932 118.727280
102.754337 118.425875
103.055742 118.124470
103.658552 117.823065
103.959957 117.521660
104.261362 117.521660
104.562767 117.220255
104.864172 116.918850
105.165577 116.617445
105.466982 116.316040
105.768387 116.014635
106.069792 116.014635
106.371197 115.713230
106.974007 115.411825
107.275412 115.110420
107.576817 115.110420
107.878222 114.809015
108.179628 114.809015
108.481033 114.507609
108.782438 114.206204
109.385248 114.206204
109.686653 113.904799
109.988058 113.904799
110.289463 113.603394
110.590868 113.301989
110.892273 113.301989
111.495083 113.000584
111.796488 112.699179
112.097893 112.699179
112.399298 112.397774
112.700703 112.397774
113.002108 112.096369
113.303513 111.794964
113.906323 111.794964
114.207729 111.493559
114.509134 111.493559
114.810539 111.192154
115.111944 110.890749
115.413349 110.890749
116.016159 110.589344
116.317564 110.589344
116.618969 110.287939
116.920374 109.986534
117.221779 109.986534
117.523184 109.685129
118.125994 109.685129
118.427399 109.383724
118.728804 109.082319
118.728804 108.780914
119.030209 108.479508
119.331614 108.178103
119.331614 107.876698
119.633019 107.575293
