133.067895 95.993550
133.067895 96.568495
132.492950 97.143439
132.492950 97.718384
132.492950 98.293329
132.492950 98.868274
131.918005 99.443218
131.918005 100.018163
131.343061 100.593108
130.768116 101.168053
130.768116 101.742998
130.193171 102.317942
129.618226 102.892887
129.043282 102.892887
129.043282 103.467832
128.468337 103.467832
127.893392 103.467832
127.318447 104.042777
126.743502 104.042777
126.168558 104.042777
126.168558 104.617722
125.593613 104.617722
125.018668 105.192666
124.443723 105.767611
123.868778 105.767611
123.293834 106.342556
122.718889 106.342556
122.143944 106.917501
121.568999 106.917501
121.568999 107.492446
120.994055 107.492446
120.419110 108.067390
119.844165 108.642335
119.269220 108.642335
119.269220 109.217280
118.694275 109.217280
118.119331 109.792225
117.544386 110.367169
116.969441 110.942114
116.394496 111.517059
115.819551 112.092004
115.244607 112.666949
114.669662 113.241893
114.094717 113.816838
113.519772 114.391783
112.944828 114.966728
112.369883 115.541673
111.794938 116.116617
111.219993 116.691562
111.219993 117.266507
110.645048 117.841452
110.070104 118.416396
109.495159 118.991341
109.495159 119.566286
108.920214 120.141231
108.345269 120.716176
108.345269 121.291120
107.770324 121.866065
107.770324 122.441010
107.195380 123.015955
106.620435 123.590900
106.620435 124.165844
106.045490 124.740789
106.045490 125.315734
105.470545 125.890679
105.470545 126.465623
105.470545 127.040568
104.895600 127.615513
104.895600 128.190458
104.320656 128.765403
104.320656 129.340347
104.320656 129.915292
103.745711 130.490237
103.745711 131.065182
103.745711 131.640127
103.170766 132.215071
103.170766 132.790016
103.170766 133.364961
103.170766 133.939906
102.595821 134.514851
102.595821 135.089795
102.595821 135.664740
102.595821 136.239685
102.020877 136.814630
102.020877 137.389574
102.020877 137.964519
102.020877 138.539464
102.020877 139.114409
102.020877 139.689354
102.020877 140.264298
101.445932 140.839243
101.445932 141.414188
101.445932 141.989133
101.445932 142.564078
101.445932 143.139022
101.445932 143.713967
101.445932 144.288912
101.445932 144.863857
101.445932 145.438801
101.445932 146.013746
101.445932 146.588691
101.445932 147.163636
101.445932 147.738581
101.445932 148.313525
101.445932 148.888470
101.445932 149.463415
102.020877 149.463415
102.020877 150.038360
102.020877 150.613305
102.020877 151.188249
102.020877 151.763194
102.020877 152.338139
102.020877 152.913084
102.595821 153.488028
102.595821 154.062973
102.595821 154.637918
102.595821 155.212863
103.170766 155.787808
103.170766 156.362752
103.170766 156.937697
103.170766 157.512642
103.170766 158.087587
103.745711 158.087587
103.745711 158.662532
103.745711 159.237476
104.320656 159.812421
104.320656 160.387366
104.320656 160.962311
104.320656 161.537256
104.895600 161.537256
104.895600 162.112200
104.895600 162.687145
105.470545 162.687145
105.470545 163.262090
105.470545 163.837035
106.045490 164.411979
106.045490 164.986924
106.620435 165.561869
106.620435 166.136814
107.195380 166.711759
107.770324 167.286703
107.770324 167.861648
108.345269 168.436593
108.345269 169.011538
108.345269 169.586483
108.345269 170.161427
107.770324 171.311317
107.770324 171.886262
107.195380 172.461206
107.195380 173.036151
107.195380 174.186041
106.620435 174.186041
106.045490 174.760986
105.470545 175.335930
104.895600 175.910875
104.320656 175.910875
103.745711 176.485820
103.170766 177.060765
102.595821 177.060765
102.020877 177.060765
101.445932 177.060765
100.870987 177.060765
100.296042 177.060765
99.721097 177.060765
99.146153 177.060765
98.571208 177.060765
97.421318 177.060765
96.846373 177.060765
96.271429 177.060765
95.696484 177.060765
95.121539 176.485820
94.546594 176.485820
93.971650 176.485820
93.396705 176.485820
92.821760 176.485820
92.246815 175.910875
91.671870 175.910875
91.096926 175.910875
90.521981 175.910875
89.947036 175.910875
89.372091 175.910875
88.797146 175.335930
88.222202 175.335930
87.647257 175.335930
87.072312 175.335930
86.497367 175.335930
85.922423 174.760986
85.347478 174.760986
84.772533 174.760986
84.197588 174.760986
83.047699 174.760986
82.472754 174.186041
81.897809 174.186041
81.322864 174.186041
80.747919 173.611096
80.172975 173.611096
79.598030 173.036151
79.023085 173.036151
78.448140 172.461206
77.873195 172.461206
77.298251 171.886262
76.723306 171.886262
76.148361 171.311317
75.573416 170.736372
74.998472 170.736372
74.423527 170.161427
73.848582 170.161427
73.273637 169.586483
72.698692 169.586483
72.123748 169.011538
71.548803 168.436593
70.973858 168.436593
70.398913 167.861648
69.823968 167.861648
69.249024 167.286703
68.674079 167.286703
68.099134 166.711759
67.524189 166.136814
66.949245 166.136814
66.374300 165.561869
65.799355 165.561869
65.224410 164.986924
64.649465 164.411979
64.074521 163.837035
63.499576 163.262090
62.924631 162.687145
62.349686 162.687145
61.774741 162.112200
61.199797 161.537256
60.624852 160.962311
60.049907 160.387366
59.474962 159.812421
58.900017 159.237476
58.325073 159.237476
57.750128 158.662532
57.175183 158.087587
56.600238 157.512642
55.450349 156.937697
55.450349 156.362752
54.875404 155.787808
54.875404 155.212863
54.300459 154.637918
53.725514 153.488028
53.725514 152.913084
53.150570 152.338139
53.150570 151.763194
52.575625 151.188249
52.575625 150.613305
52.000680 149.463415
51.425735 148.888470
51.425735 148.313525
50.850790 147.738581
50.850790 147.163636
50.275846 146.588691
50.275846 146.013746
50.275846 145.438801
50.275846 144.863857
50.275846 144.288912
50.275846 143.139022
50.275846 142.564078
50.275846 141.989133
50.275846 141.414188
50.275846 140.839243
50.275846 140.264298
50.275846 139.689354
50.275846 139.114409
50.275846 138.539464
50.275846 137.964519
50.275846 137.389574
50.275846 136.814630
50.275846 136.239685
50.275846 135.664740
50.275846 135.089795
50.275846 134.514851
50.275846 133.939906
50.275846 133.364961
50.275846 132.790016
50.275846 132.215071
50.275846 131.640127
50.850790 131.065182
50.850790 130.490237
50.850790 129.915292
50.850790 129.340347
50.850790 128.765403
51.425735 128.190458
52.000680 127.040568
52.575625 126.465623
52.575625 125.890679
53.150570 125.315734
53.725514 124.165844
54.300459 123.590900
54.300459 123.015955
54.875404 121.866065
55.450349 121.291120
56.025294 120.716176
56.025294 119.566286
56.600238 118.991341
57.175183 118.416396
57.750128 117.266507
58.325073 116.691562
58.325073 116.116617
58.900017 115.541673
59.474962 114.391783
60.049907 113.816838
60.049907 113.241893
60.624852 112.092004
61.199797 111.517059
61.774741 110.942114
61.774741 109.792225
62.349686 109.217280
62.924631 108.642335
64.074521 108.067390
64.649465 107.492446
65.224410 106.917501
65.799355 105.767611
66.374300 105.192666
66.949245 104.617722
67.524189 104.042777
68.099134 103.467832
68.674079 102.317942
69.249024 101.742998
69.823968 101.168053
70.398913 100.593108
70.973858 100.018163
71.548803 98.868274
72.123748 98.293329
73.273637 97.718384
73.848582 97.143439
74.423527 96.568495
74.998472 95.993550
75.573416 94.843660
76.148361 94.268715
76.723306 93.693771
77.298251 93.118826
77.873195 92.543881
78.448140 91.393991
79.023085 90.819047
79.598030 90.244102
80.172975 89.669157
80.747919 89.094212
81.322864 88.519268
82.472754 87.369378
83.047699 86.794433
83.622643 86.794433
84.197588 86.219488
84.772533 85.644544
85.347478 85.069599
85.922423 85.069599
86.497367 84.494654
87.072312 83.919709
87.647257 83.344764
88.222202 83.344764
88.797146 82.769820
89.372091 82.194875
89.947036 81.619930
90.521981 81.619930
91.096926 81.044985
91.671870 81.044985
92.246815 81.044985
92.821760 81.044985
93.396705 80.470041
94.546594 80.470041
95.121539 80.470041
95.696484 80.470041
96.271429 80.470041
96.846373 80.470041
97.996263 80.470041
98.571208 79.895096
99.146153 79.895096
99.721097 79.895096
100.870987 79.895096
101.445932 79.895096
102.020877 79.895096
102.595821 79.895096
103.170766 79.320151
104.320656 79.320151
104.895600 79.320151
105.470545 79.320151
106.045490 79.320151
106.620435 79.320151
107.195380 79.320151
107.770324 79.320151
108.345269 79.320151
108.920214 79.320151
109.495159 79.320151
110.070104 79.320151
110.645048 79.320151
111.219993 79.320151
112.369883 79.320151
112.944828 79.320151
113.519772 79.320151
114.094717 79.320151
114.669662 79.320151
115.244607 79.320151
115.819551 79.320151
116.394496 79.320151
116.969441 79.320151
117.544386 79.320151
118.694275 79.895096
119.269220 80.470041
119.844165 81.044985
120.419110 81.619930
120.994055 82.194875
121.568999 82.769820
122.143944 82.769820
122.718889 83.344764
123.293834 83.919709
123.868778 84.494654
124.443723 85.069599
125.018668 85.644544
125.593613 86.219488
126.743502 86.794433
127.318447 87.369378
127.318447 87.944323
127.893392 88.519268
128.468337 89.094212
129.043282 89.669157
129.618226 90.244102
130.193171 90.819047
130.768116 91.968936
131.343061 92.543881
131.343061 93.118826
131.918005 93.693771
132.492950 94.268715
132.492950 94.843660
132.492950 95.418605
133.067895 95.993550
133.067895 96.568495
133.642840 97.143439
133.642840 97.718384
133.642840 97.143439
133.067895 96.568495
133.067895 95.993550
