128.585637 100.330875
128.066838 100.330875
127.548038 100.849674
127.029239 100.849674
126.510440 101.368473
125.991641 101.368473
125.472842 101.887272
124.954043 101.887272
124.435244 102.406071
123.916445 102.406071
123.397646 102.406071
123.397646 102.924870
122.878847 102.924870
122.878847 103.443669
122.360048 103.443669
121.841249 103.962468
121.322450 103.962468
120.803651 104.481267
120.284852 104.481267
120.284852 105.000066
119.766053 105.000066
119.247254 105.000066
119.247254 105.518865
118.728455 106.037664
118.209656 106.037664
118.209656 106.556463
117.690857 106.556463
117.172058 106.556463
117.172058 107.075262
116.653259 107.594061
116.134460 108.112860
115.615661 108.112860
115.615661 108.631659
115.096862 109.150458
114.578063 109.150458
114.059264 109.150458
114.059264 109.669258
113.540464 110.188057
113.021665 110.706856
112.502866 111.225655
111.984067 111.744454
111.465268 112.263253
111.465268 112.782052
110.946469 113.300851
110.427670 113.819650
109.908871 114.338449
109.390072 114.857248
108.871273 115.376047
108.871273 115.894846
108.352474 116.413645
107.833675 116.932444
107.314876 117.451243
107.314876 117.970042
106.796077 118.488841
106.796077 119.007640
106.277278 119.526439
105.758479 120.045238
105.758479 120.564037
105.239680 121.082836
105.239680 121.601635
104.720881 122.120434
104.720881 122.639233
104.202082 123.158032
104.202082 123.676832
103.683283 124.195631
103.683283 124.714430
103.164484 125.233229
103.164484 125.752028
103.164484 126.270827
102.645685 126.789626
102.645685 127.308425
102.126886 127.827224
102.126886 128.346023
102.126886 128.864822
102.126886 129.383621
101.608087 129.902420
101.608087 130.421219
101.608087 130.940018
101.089288 131.458817
101.089288 131.977616
101.089288 132.496415
101.089288 133.015214
101.089288 133.534013
100.570489 134.052812
100.570489 134.571611
100.570489 135.090410
100.570489 135.609209
100.570489 136.128008
100.570489 136.646807
100.051690 137.165606
100.051690 137.684406
100.051690 138.203205
100.051690 138.722004
100.051690 139.240803
100.051690 139.759602
100.051690 140.278401
100.051690 140.797200
100.051690 141.315999
100.051690 141.834798
100.051690 142.353597
100.051690 142.872396
100.051690 143.391195
100.051690 143.909994
100.051690 144.428793
100.051690 144.947592
100.051690 145.466391
100.051690 145.985190
100.051690 146.503989
100.051690 147.022788
100.051690 147.541587
100.051690 148.060386
100.051690 148.579185
100.051690 149.097984
100.051690 149.616783
100.051690 150.135582
100.051690 150.654381
100.051690 151.173180
100.051690 151.691979
100.051690 152.210779
100.051690 152.729578
100.051690 153.248377
100.570489 153.767176
100.570489 154.285975
100.570489 154.804774
100.570489 155.323573
100.570489 155.842372
100.570489 156.361171
101.089288 156.879970
101.089288 157.398769
101.089288 157.917568
101.089288 158.436367
101.089288 157.917568
101.089288 158.436367
101.089288 157.917568
101.089288 158.436367
101.089288 158.955166
101.608087 159.473965
101.608087 159.992764
101.608087 160.511563
101.608087 161.030362
102.126886 161.030362
102.126886 161.549161
102.126886 162.067960
102.126886 162.586759
102.645685 163.105558
102.645685 163.624357
102.645685 164.143156
103.164484 164.143156
103.164484 164.661955
103.164484 164.143156
103.164484 164.661955
103.164484 165.180754
103.683283 165.699553
103.683283 166.218353
103.683283 166.737152
104.202082 166.737152
104.202082 167.255951
104.720881 167.774750
104.720881 168.293549
105.239680 168.812348
105.239680 169.331147
105.239680 169.849946
104.720881 169.849946
104.202082 170.368745
103.683283 170.887544
103.164484 170.887544
102.645685 171.406343
102.126886 171.406343
101.608087 171.925142
101.089288 172.443941
100.570489 172.443941
99.532890 171.925142
99.014091 171.925142
98.495292 171.925142
97.976493 171.406343
97.457694 171.406343
96.420096 171.406343
95.901297 170.887544
95.382498 170.887544
94.863699 170.887544
93.826101 170.887544
93.307302 170.368745
92.788503 170.368745
92.269704 170.368745
91.232106 169.849946
90.713307 169.849946
90.194508 169.849946
89.675709 169.849946
88.638111 169.331147
88.119312 169.331147
87.600513 169.331147
87.081714 168.812348
86.044116 168.812348
85.525317 168.812348
85.006517 168.812348
84.487718 168.293549
83.450120 168.293549
82.931321 168.293549
82.412522 167.774750
81.893723 167.774750
80.856125 167.774750
80.337326 167.774750
79.818527 167.255951
79.299728 167.255951
78.780929 166.737152
77.743331 166.737152
77.224532 166.218353
76.705733 165.699553
76.186934 165.699553
75.668135 165.180754
75.149336 164.661955
74.630537 164.661955
73.592939 164.143156
73.074140 164.143156
72.555341 163.624357
72.036542 163.105558
71.517743 163.105558
70.998943 162.586759
69.961345 162.067960
69.442546 162.067960
68.923747 161.549161
68.404948 161.030362
67.886149 161.030362
67.367350 160.511563
66.848551 160.511563
65.810953 159.992764
65.292154 159.473965
64.773355 159.473965
64.254556 158.955166
63.735757 158.436367
63.216958 157.917568
62.698159 157.398769
62.179360 156.879970
61.141762 156.879970
60.622963 156.361171
60.104164 155.842372
59.585365 155.323573
59.066566 154.804774
58.547767 154.285975
58.028968 153.767176
57.510169 153.248377
56.991369 152.729578
55.953771 152.210779
55.953771 151.691979
55.953771 151.173180
55.953771 150.654381
55.953771 150.135582
55.953771 149.097984
55.953771 148.579185
55.434972 148.060386
55.434972 147.022788
55.434972 146.503989
55.434972 145.985190
55.434972 145.466391
55.434972 144.428793
55.434972 143.909994
54.916173 143.391195
54.916173 142.353597
54.916173 141.834798
54.916173 141.315999
54.916173 140.797200
54.916173 139.759602
55.434972 139.240803
55.434972 138.722004
55.434972 138.203205
55.434972 137.684406
55.434972 137.165606
55.953771 136.646807
55.953771 136.128008
55.953771 135.609209
55.953771 135.090410
55.953771 134.571611
55.953771 134.052812
56.472570 133.534013
56.472570 133.015214
56.472570 132.496415
56.472570 131.977616
56.991369 131.977616
56.991369 131.458817
57.510169 130.940018
57.510169 130.421219
58.028968 129.902420
58.547767 129.383621
58.547767 128.864822
59.066566 128.864822
59.066566 128.346023
59.585365 127.827224
59.585365 127.308425
60.104164 126.789626
60.104164 126.270827
60.622963 126.270827
60.622963 125.752028
60.622963 125.233229
61.141762 124.714430
61.141762 124.195631
61.660561 123.676832
61.660561 123.158032
62.179360 123.158032
62.179360 122.639233
62.179360 122.120434
62.698159 121.601635
62.698159 121.082836
62.698159 120.564037
63.216958 120.045238
63.216958 119.526439
63.735757 119.526439
63.735757 119.007640
64.254556 118.488841
64.254556 117.970042
64.773355 117.451243
65.292154 116.932444
65.810953 116.932444
65.810953 116.413645
66.329752 115.894846
66.329752 115.376047
66.848551 114.857248
67.367350 114.338449
67.886149 113.819650
67.886149 113.300851
68.404948 112.782052
68.923747 112.263253
69.442546 111.744454
69.961345 111.225655
70.480144 110.706856
70.998943 110.188057
71.517743 109.669258
72.036542 109.150458
72.555341 108.631659
73.074140 108.112860
73.592939 107.594061
74.111738 107.075262
74.111738 106.556463
74.630537 106.037664
75.149336 105.518865
75.668135 105.000066
76.186934 104.481267
76.186934 103.962468
76.705733 103.443669
77.224532 102.924870
77.743331 102.406071
77.743331 101.887272
78.262130 101.368473
78.780929 100.849674
78.780929 100.330875
79.299728 99.812076
79.299728 99.293277
79.818527 98.774478
80.337326 98.255679
80.337326 97.736880
80.856125 97.218081
80.856125 96.699282
81.374924 96.180483
81.893723 95.661684
82.412522 95.142885
82.931321 94.624085
83.968919 94.105286
84.487718 93.586487
85.006517 93.067688
85.525317 92.548889
86.044116 92.548889
86.562915 92.030090
87.081714 91.511291
87.600513 90.992492
88.119312 90.473693
88.638111 89.954894
89.156910 89.436095
89.675709 89.436095
90.194508 88.917296
90.713307 88.398497
91.232106 87.879698
92.269704 87.360899
92.788503 86.842100
93.307302 86.842100
93.826101 86.323301
94.344900 85.804502
94.863699 85.285703
95.382498 84.766904
95.901297 84.248105
96.420096 84.248105
96.938895 84.248105
97.457694 84.248105
98.495292 84.248105
99.014091 84.248105
99.532890 84.248105
100.051690 84.766904
100.570489 84.766904
101.089288 84.766904
101.608087 84.766904
102.645685 84.766904
103.164484 84.766904
103.683283 84.766904
104.202082 84.766904
104.720881 84.766904
105.239680 84.766904
106.277278 84.766904
106.796077 84.766904
107.314876 84.766904
107.833675 84.766904
108.352474 84.766904
108.871273 84.766904
109.390072 84.766904
110.427670 84.766904
110.946469 84.766904
111.465268 84.766904
111.984067 84.766904
112.502866 85.285703
113.021665 85.285703
113.540464 85.285703
114.059264 85.285703
114.578063 85.285703
115.096862 85.285703
115.615661 85.285703
116.134460 85.285703
116.653259 85.285703
117.172058 85.285703
117.690857 85.804502
118.209656 86.323301
118.728455 86.323301
119.247254 86.842100
119.766053 87.360899
120.284852 87.879698
120.803651 87.879698
121.322450 88.398497
121.841249 88.917296
122.360048 89.436095
122.878847 89.954894
122.878847 90.473693
123.397646 90.992492
123.916445 91.511291
124.435244 92.030090
124.954043 93.067688
124.954043 93.586487
125.472842 94.105286
125.991641 94.624085
126.510440 95.142885
126.510440 95.661684
127.029239 96.180483
127.548038 96.699282
127.548038 97.218081
127.548038 97.736880
128.066838 98.255679
128.066838 98.774478
128.585637 99.293277
128.585637 99.812076
128.585637 100.330875
