149.712762 91.286631
149.119657 91.286631
149.119657 91.879736
148.526552 92.472842
147.933447 92.472842
147.933447 93.065947
147.340342 93.065947
146.747236 93.659052
146.154131 93.659052
146.154131 94.252157
145.561026 94.252157
144.967921 94.845262
144.374816 94.845262
143.781711 94.845262
143.188605 94.845262
143.188605 95.438367
142.595500 95.438367
142.002395 96.031473
141.409290 96.031473
140.816185 96.031473
140.816185 96.624578
140.223080 96.624578
139.629975 97.217683
139.036869 97.217683
139.036869 97.810788
138.443764 97.810788
137.850659 98.403893
137.257554 98.403893
137.257554 98.996998
136.664449 98.996998
136.071344 99.590103
135.478238 100.183209
134.885133 100.183209
134.885133 100.776314
134.292028 100.776314
134.292028 101.369419
133.698923 101.369419
133.105818 101.962524
132.512713 102.555629
131.919608 103.148734
131.326502 103.741840
130.733397 104.334945
130.140292 104.928050
130.140292 105.521155
129.547187 106.114260
128.954082 106.707365
128.360977 107.300470
127.767871 107.893576
127.767871 108.486681
127.174766 109.079786
126.581661 109.672891
126.581661 110.265996
125.988556 110.859101
125.395451 111.452207
125.395451 112.045312
124.802346 112.638417
124.802346 113.231522
124.209241 113.824627
124.209241 114.417732
123.616135 115.010837
123.616135 115.603943
123.616135 116.197048
123.023030 116.790153
123.023030 117.383258
122.429925 117.976363
122.429925 118.569468
122.429925 119.162574
121.836820 119.755679
121.836820 120.348784
121.836820 120.941889
121.836820 121.534994
121.243715 122.128099
121.243715 122.721204
121.243715 123.314310
121.243715 123.907415
121.243715 124.500520
120.650610 125.093625
120.650610 125.686730
120.650610 126.279835
120.650610 126.872941
120.650610 127.466046
120.650610 128.059151
120.650610 128.652256
120.650610 129.245361
120.650610 129.838466
120.650610 130.431571
120.650610 131.024677
120.650610 131.617782
120.650610 132.210887
120.650610 132.803992
120.650610 133.397097
120.650610 133.990202
120.650610 134.583308
120.650610 135.176413
120.650610 135.769518
120.650610 136.362623
120.650610 136.955728
121.243715 137.548833
121.243715 138.141938
121.243715 138.735044
121.243715 139.328149
121.243715 139.921254
121.243715 140.514359
121.836820 140.514359
121.836820 141.107464
121.836820 141.700569
121.836820 142.293675
122.429925 142.886780
122.429925 143.479885
122.429925 144.072990
123.023030 144.666095
123.023030 145.259200
123.616135 145.852305
123.616135 146.445411
123.616135 147.038516
124.209241 147.631621
123.616135 148.224726
123.616135 148.817831
123.023030 149.410936
123.023030 150.597147
122.429925 151.190252
122.429925 151.783357
121.836820 152.376462
121.243715 152.969567
121.243715 153.562673
120.650610 154.155778
120.650610 154.748883
120.057504 155.341988
120.057504 155.935093
119.464399 156.528198
118.871294 157.121303
118.278189 157.121303
117.685084 157.121303
117.091979 157.121303
116.498874 157.121303
115.905768 157.714409
115.312663 157.714409
114.719558 157.714409
114.126453 157.714409
113.533348 157.714409
112.940243 157.714409
112.347137 157.714409
111.754032 158.307514
111.160927 158.307514
110.567822 158.307514
109.974717 158.307514
109.381612 158.307514
108.788507 158.307514
108.195401 158.307514
107.602296 158.307514
107.009191 158.307514
106.416086 158.307514
105.822981 158.307514
105.229876 158.307514
104.636770 158.307514
104.043665 158.307514
103.450560 158.307514
102.857455 158.307514
102.264350 158.307514
101.078139 158.307514
100.485034 157.714409
99.891929 157.714409
99.298824 157.121303
98.705719 157.121303
98.112614 157.121303
97.519509 156.528198
96.926403 156.528198
96.333298 155.935093
95.740193 155.935093
95.147088 155.341988
94.553983 155.341988
93.367772 154.748883
92.774667 154.748883
92.181562 154.748883
91.588457 154.155778
90.995352 154.155778
90.402247 153.562673
89.809142 153.562673
89.216036 152.969567
88.622931 152.969567
88.029826 152.376462
87.436721 152.376462
86.843616 152.376462
85.657405 151.783357
85.064300 151.190252
84.471195 150.597147
83.878090 150.004042
83.284985 149.410936
82.691880 148.817831
82.098775 148.224726
81.505669 147.631621
80.912564 147.038516
80.319459 146.445411
79.726354 145.852305
79.133249 145.259200
78.540144 144.666095
77.947038 144.072990
77.353933 143.479885
76.760828 142.886780
76.167723 142.293675
75.574618 141.700569
74.981513 141.107464
74.388408 140.514359
73.795302 139.921254
73.202197 139.328149
72.609092 138.735044
72.015987 138.141938
71.422882 137.548833
70.829777 136.955728
70.829777 136.362623
70.829777 135.769518
70.829777 135.176413
70.236671 134.583308
70.236671 133.990202
70.236671 133.397097
69.643566 132.803992
69.643566 132.210887
69.643566 131.617782
69.643566 131.024677
69.050461 130.431571
69.050461 129.838466
69.050461 129.245361
69.050461 128.652256
68.457356 128.059151
68.457356 127.466046
68.457356 126.872941
68.457356 126.279835
67.864251 125.686730
67.864251 125.093625
67.864251 124.500520
67.864251 123.907415
67.271146 123.314310
67.271146 122.721204
67.271146 122.128099
67.271146 121.534994
67.271146 120.941889
67.271146 120.348784
67.271146 119.755679
67.271146 119.162574
67.271146 117.976363
67.271146 117.383258
67.271146 116.790153
67.271146 116.197048
67.271146 115.603943
67.864251 115.010837
67.864251 114.417732
67.864251 113.824627
67.864251 113.231522
67.864251 112.638417
67.864251 111.452207
68.457356 110.859101
68.457356 110.265996
68.457356 109.672891
68.457356 109.079786
68.457356 108.486681
68.457356 107.893576
69.050461 107.300470
69.050461 106.707365
69.643566 106.114260
70.236671 105.521155
70.829777 104.334945
70.829777 103.741840
71.422882 103.148734
72.015987 102.555629
72.609092 101.962524
72.609092 101.369419
73.202197 100.183209
73.795302 99.590103
73.795302 98.996998
74.388408 98.403893
74.981513 97.810788
75.574618 97.217683
75.574618 96.031473
76.167723 95.438367
76.760828 94.845262
77.353933 94.252157
77.353933 93.659052
77.947038 93.065947
78.540144 92.472842
78.540144 91.879736
79.133249 91.286631
79.726354 90.693526
80.912564 90.100421
81.505669 89.507316
82.098775 88.914211
82.691880 88.321106
83.284985 88.321106
83.878090 87.728000
84.471195 87.134895
85.657405 86.541790
86.250511 85.948685
86.843616 85.948685
87.436721 85.355580
88.029826 84.762475
88.622931 84.169369
89.216036 83.576264
90.402247 83.576264
90.995352 82.983159
91.588457 82.390054
92.181562 81.796949
92.774667 81.203844
93.367772 80.610739
94.553983 80.610739
95.147088 80.017633
95.740193 79.424528
96.333298 78.831423
96.926403 78.238318
97.519509 78.238318
98.112614 77.645213
99.298824 77.052108
99.891929 76.459002
100.485034 75.865897
101.078139 75.865897
101.671245 75.272792
102.264350 74.679687
102.857455 74.086582
103.450560 73.493477
104.043665 72.900372
104.636770 72.307266
105.822981 72.307266
106.416086 71.714161
107.009191 71.121056
107.602296 70.527951
108.195401 69.934846
108.788507 69.341741
109.381612 68.748635
109.974717 68.748635
110.567822 68.155530
111.160927 67.562425
111.754032 66.969320
112.347137 66.376215
112.940243 65.783110
113.533348 65.190005
114.126453 65.190005
114.719558 64.596899
115.312663 64.003794
115.905768 63.410689
116.498874 62.817584
117.091979 62.224479
117.685084 62.224479
118.278189 62.224479
119.464399 61.631374
120.057504 61.631374
120.650610 61.631374
121.243715 61.631374
121.836820 61.631374
122.429925 61.038268
123.023030 61.038268
123.616135 61.038268
124.802346 61.038268
125.395451 60.445163
125.988556 60.445163
126.581661 60.445163
127.174766 60.445163
127.767871 60.445163
128.360977 59.852058
128.954082 59.852058
129.547187 59.852058
130.140292 59.852058
130.733397 59.852058
131.326502 59.852058
132.512713 59.852058
133.105818 59.852058
133.698923 59.852058
134.292028 59.852058
134.885133 59.852058
135.478238 59.852058
136.071344 59.258953
136.664449 59.258953
137.257554 59.258953
137.850659 59.852058
138.443764 59.852058
139.036869 59.852058
139.629975 59.852058
140.223080 59.852058
140.816185 59.852058
141.409290 59.852058
142.002395 59.852058
142.595500 59.852058
143.188605 59.852058
143.781711 59.852058
144.374816 59.852058
145.561026 60.445163
146.154131 60.445163
146.747236 61.038268
147.340342 61.631374
147.933447 62.224479
148.526552 62.817584
149.119657 63.410689
149.712762 63.410689
150.305867 64.003794
150.898972 64.596899
151.492078 65.190005
152.085183 65.783110
152.678288 66.376215
153.271393 66.969320
153.864498 66.969320
154.457603 67.562425
155.050709 68.155530
155.050709 68.748635
155.050709 69.341741
155.050709 69.934846
155.643814 70.527951
155.643814 71.121056
155.643814 71.714161
155.643814 72.307266
155.643814 72.900372
155.643814 73.493477
156.236919 74.086582
156.236919 74.679687
156.236919 75.272792
156.236919 75.865897
156.830024 76.459002
156.830024 77.052108
156.830024 77.645213
157.423129 78.238318
157.423129 79.424528
157.423129 80.017633
158.016234 80.610739
158.016234 81.203844
158.016234 81.796949
158.016234 82.390054
157.423129 82.983159
157.423129 83.576264
156.830024 84.169369
156.830024 84.762475
156.236919 85.355580
156.236919 85.948685
155.643814 86.541790
155.643814 87.134895
155.643814 87.728000
155.643814 88.321106
155.050709 88.321106
154.457603 88.914211
153.864498 88.914211
153.271393 89.507316
152.678288 89.507316
152.085183 89.507316
152.085183 90.100421
151.492078 90.100421
150.898972 90.693526
150.305867 91.286631
149.712762 91.286631
