119.281362 110.264772
119.281362 110.619933
119.281362 110.975095
119.281362 111.330256
119.281362 111.685418
119.281362 112.040579
119.281362 112.395740
119.281362 112.750902
119.281362 113.106063
119.281362 113.461225
119.281362 113.816386
118.926200 114.171548
118.571039 114.526709
118.571039 114.881871
118.215877 115.237032
118.215877 115.592194
117.860716 115.592194
117.860716 115.947355
117.860716 116.302516
117.505555 116.657678
117.505555 117.012839
117.150393 117.368001
117.150393 117.723162
116.795232 118.078324
116.795232 118.433485
116.440070 118.788647
116.440070 119.143808
116.440070 119.498970
116.084909 119.854131
116.084909 120.209293
115.729747 120.564454
115.729747 120.919615
115.729747 121.274777
115.374586 121.629938
115.374586 121.985100
115.374586 122.340261
115.374586 122.695423
115.019424 123.050584
115.019424 123.405746
115.019424 123.760907
115.019424 124.116069
114.664263 124.471230
114.664263 124.826391
114.664263 125.181553
114.664263 125.536714
114.664263 125.891876
114.664263 126.247037
114.664263 126.602199
114.309101 126.957360
114.309101 127.312522
114.309101 127.667683
114.309101 128.022845
114.309101 128.378006
114.309101 128.733167
114.309101 129.088329
114.309101 129.443490
114.309101 129.798652
114.309101 130.153813
114.309101 130.508975
114.309101 130.864136
114.309101 131.219298
114.309101 131.574459
114.309101 131.929621
114.309101 132.284782
114.309101 132.639944
114.309101 132.995105
114.309101 133.350266
114.309101 133.705428
114.309101 134.060589
114.309101 134.415751
114.309101 134.770912
114.309101 135.126074
114.309101 135.481235
114.309101 135.836397
114.309101 136.191558
114.309101 136.546720
114.309101 136.901881
114.309101 137.257042
114.309101 137.612204
114.309101 137.967365
114.309101 138.322527
114.309101 138.677688
114.309101 139.032850
114.309101 138.677688
114.309101 139.032850
114.309101 139.388011
114.309101 139.743173
114.309101 140.098334
114.309101 139.743173
114.309101 140.098334
114.309101 140.453496
114.309101 140.808657
114.309101 141.163819
114.664263 141.518980
114.664263 141.874141
114.664263 142.229303
114.664263 142.584464
114.664263 142.939626
114.664263 143.294787
114.664263 143.649949
114.664263 144.005110
115.019424 144.005110
115.019424 144.360272
115.019424 144.715433
115.019424 145.070595
115.019424 145.425756
115.374586 145.425756
115.374586 145.780917
115.374586 146.136079
115.374586 146.491240
115.374586 146.846402
115.729747 146.846402
115.729747 147.201563
115.729747 146.846402
115.729747 147.201563
115.729747 147.556725
116.084909 147.911886
116.084909 148.267048
116.084909 148.622209
116.440070 148.622209
116.440070 148.977371
116.440070 149.332532
116.440070 149.687693
116.795232 149.687693
116.795232 150.042855
116.795232 150.398016
117.150393 150.398016
117.150393 150.753178
117.150393 151.108339
117.505555 151.108339
117.505555 151.463501
117.505555 151.818662
117.860716 151.818662
117.860716 152.173824
117.860716 152.528985
118.215877 152.528985
118.215877 152.884147
118.215877 153.239308
118.571039 153.239308
118.571039 153.594470
118.926200 153.949631
119.281362 154.304792
119.281362 154.659954
119.281362 155.015115
119.636523 155.015115
119.991685 155.370277
119.991685 155.725438
120.346846 155.725438
120.346846 156.080600
120.702008 156.435761
121.057169 156.790923
121.057169 157.146084
121.412331 157.146084
121.412331 157.501246
121.767492 157.501246
121.767492 157.856407
122.122654 158.211568
122.477815 158.566730
122.832976 158.921891
123.188138 159.277053
123.543299 159.632214
123.898461 159.987376
124.253622 160.342537
124.608784 160.342537
124.963945 160.697699
125.319107 161.052860
125.674268 161.408022
126.029430 161.763183
125.674268 162.118344
125.319107 162.473506
125.674268 162.828667
125.319107 163.183829
124.963945 163.538990
124.608784 163.894152
124.608784 164.249313
124.253622 164.604475
123.898461 164.959636
123.543299 165.314798
123.188138 165.669959
122.832976 165.669959
122.477815 166.025121
122.122654 166.025121
121.767492 166.025121
121.412331 166.380282
121.057169 166.380282
120.346846 166.380282
119.991685 166.380282
119.636523 166.735443
119.281362 166.735443
118.926200 166.735443
118.571039 166.735443
118.215877 167.090605
117.860716 167.090605
117.150393 167.090605
116.795232 167.445766
116.440070 167.445766
116.084909 167.445766
115.729747 167.445766
115.374586 167.445766
115.019424 167.445766
114.664263 167.800928
114.309101 167.800928
113.953940 167.800928
113.243617 167.800928
112.888456 167.800928
112.533294 167.800928
112.178133 167.800928
111.822971 168.156089
111.467810 168.156089
111.112648 168.156089
110.757487 168.156089
110.402325 168.156089
110.047164 168.156089
109.692003 168.511251
108.981680 168.511251
108.626518 168.156089
108.271357 168.156089
107.916195 168.156089
107.561034 167.800928
107.205872 167.800928
106.850711 167.800928
106.495549 167.445766
106.140388 167.445766
105.430065 167.445766
105.074904 167.090605
104.719742 167.090605
104.364581 167.090605
104.009419 166.735443
103.654258 166.735443
103.299096 166.735443
102.943935 166.735443
102.233612 166.380282
101.878450 166.380282
101.523289 166.380282
101.168128 166.025121
100.812966 166.025121
100.457805 166.025121
100.102643 165.669959
99.747482 165.669959
99.037159 165.669959
98.681997 165.314798
98.326836 165.314798
97.971674 165.314798
97.616513 164.959636
97.261352 164.959636
96.906190 164.959636
96.551029 164.604475
96.195867 164.604475
95.485544 164.604475
95.130383 164.249313
94.775221 164.249313
94.420060 164.249313
94.064898 164.249313
93.709737 163.894152
93.354575 163.894152
92.999414 163.894152
92.644253 163.894152
92.289091 163.894152
91.933930 163.538990
91.578768 163.538990
91.223607 163.538990
90.868445 163.538990
90.513284 163.183829
90.158122 163.183829
89.802961 163.183829
89.447799 163.183829
89.092638 162.828667
88.737477 162.828667
88.382315 162.473506
88.382315 162.118344
88.027154 161.408022
88.027154 161.052860
88.027154 160.697699
87.671992 160.342537
87.671992 159.632214
87.316831 159.277053
87.316831 158.921891
86.961669 158.566730
86.961669 157.856407
86.606508 157.501246
86.606508 157.146084
86.251346 156.790923
86.251346 156.080600
85.896185 155.725438
85.896185 155.370277
85.541023 154.659954
85.541023 154.304792
85.541023 153.949631
85.185862 153.594470
85.185862 152.884147
84.830700 152.528985
84.830700 152.173824
84.475539 151.818662
84.475539 151.108339
84.120378 150.753178
84.120378 150.398016
83.765216 150.042855
83.765216 149.332532
83.410055 148.977371
83.410055 148.622209
83.054893 148.267048
83.054893 147.911886
83.054893 147.201563
83.054893 146.846402
83.410055 146.491240
83.410055 146.136079
83.410055 145.780917
83.410055 145.070595
83.410055 144.715433
83.410055 144.360272
83.410055 144.005110
83.410055 143.649949
83.410055 143.294787
83.410055 142.584464
83.410055 142.229303
83.410055 141.874141
83.410055 141.518980
83.410055 141.163819
83.410055 140.453496
83.410055 140.098334
83.765216 139.743173
83.765216 139.388011
83.765216 139.032850
83.765216 138.677688
83.765216 137.967365
83.765216 137.612204
83.765216 137.257042
83.765216 136.901881
83.765216 136.546720
83.765216 135.836397
83.765216 135.481235
83.765216 135.126074
83.765216 134.770912
83.765216 134.415751
83.765216 133.705428
83.765216 133.350266
84.120378 132.995105
84.120378 132.639944
84.120378 132.284782
84.120378 131.929621
84.120378 131.219298
84.120378 130.864136
84.120378 130.508975
84.120378 130.153813
84.120378 129.798652
84.120378 129.088329
84.120378 128.733167
84.120378 128.378006
84.120378 128.022845
84.120378 127.667683
84.120378 127.312522
84.475539 126.602199
84.830700 126.247037
84.830700 125.891876
85.185862 125.536714
85.541023 125.181553
85.541023 124.826391
85.896185 124.116069
86.251346 123.760907
86.606508 123.405746
86.606508 123.050584
86.961669 122.695423
87.316831 122.340261
87.316831 121.985100
87.671992 121.629938
88.027154 121.274777
88.027154 120.564454
88.382315 120.209293
88.737477 119.854131
89.092638 119.498970
89.092638 119.143808
89.447799 118.788647
89.802961 118.433485
89.802961 118.078324
90.158122 117.368001
90.513284 117.012839
90.513284 116.657678
90.868445 116.302516
91.223607 115.947355
91.578768 115.592194
91.578768 115.237032
91.933930 114.881871
92.289091 114.171548
92.289091 113.816386
92.999414 113.461225
93.354575 113.461225
93.709737 113.106063
94.064898 113.106063
94.775221 113.106063
95.130383 112.750902
95.485544 112.750902
95.840706 112.395740
96.551029 112.395740
96.906190 112.395740
97.261352 112.040579
97.971674 112.040579
98.326836 111.685418
98.681997 111.685418
99.037159 111.330256
99.747482 111.330256
100.102643 111.330256
100.457805 110.975095
100.812966 110.975095
101.523289 110.619933
101.878450 110.619933
102.233612 110.619933
102.588773 110.264772
103.299096 110.264772
103.654258 109.909610
104.009419 109.909610
104.364581 109.554449
105.074904 109.554449
105.430065 109.554449
105.785226 109.199287
106.140388 109.199287
106.850711 108.844126
107.205872 108.844126
107.561034 108.844126
107.916195 108.844126
108.271357 108.488964
108.981680 108.488964
109.336841 108.488964
109.692003 108.488964
110.047164 108.488964
110.402325 108.488964
111.112648 108.488964
111.467810 108.488964
111.822971 108.488964
112.178133 108.488964
112.533294 108.488964
113.243617 108.488964
113.598779 108.488964
113.953940 108.488964
114.309101 108.488964
114.664263 108.488964
115.019424 108.133803
115.729747 108.133803
116.084909 108.488964
116.440070 108.844126
116.795232 108.844126
117.150393 109.199287
117.505555 109.199287
117.860716 109.554449
118.215877 109.554449
118.571039 109.909610
118.926200 109.909610
119.281362 109.909610
119.281362 110.264772
