126.768188 98.056952
126.303571 98.521569
125.838954 98.986186
125.374336 99.915420
124.909719 100.844655
124.909719 101.309272
124.909719 102.238506
124.909719 102.703123
124.909719 103.632358
124.909719 104.096975
124.909719 105.026209
124.909719 105.490826
124.445102 105.955444
124.445102 106.420061
124.445102 106.884678
123.980485 107.349295
123.515868 107.813912
123.051251 108.278530
123.051251 108.743147
122.586633 109.207764
122.122016 109.207764
122.122016 109.672381
122.122016 110.136998
121.657399 110.601615
121.657399 111.066233
121.192782 111.530850
120.728165 111.995467
120.263548 112.460084
119.798930 112.924701
119.798930 113.389318
119.334313 113.853936
118.869696 114.318553
118.405079 114.783170
117.940462 115.247787
117.940462 115.712404
117.475845 116.177021
117.011227 116.641639
117.011227 117.106256
116.546610 117.570873
116.081993 118.035490
116.081993 118.500107
115.617376 118.964724
115.617376 119.429342
115.152759 119.893959
114.688142 120.358576
114.688142 120.823193
114.223524 121.287810
114.223524 121.752427
113.758907 122.217045
113.758907 122.681662
113.294290 123.146279
113.294290 123.610896
112.829673 124.075513
112.829673 124.540131
112.829673 125.004748
112.365056 125.469365
112.365056 125.933982
111.900438 126.398599
111.900438 126.863216
111.900438 127.327834
111.435821 127.792451
111.435821 128.257068
111.435821 128.721685
111.435821 129.186302
110.971204 129.650919
110.971204 130.115537
110.971204 130.580154
110.971204 131.044771
110.506587 131.509388
110.506587 131.974005
110.506587 132.438622
110.506587 132.903240
110.506587 133.367857
110.506587 133.832474
110.041970 134.297091
110.041970 134.761708
110.041970 135.226325
110.041970 135.690943
110.041970 136.155560
110.041970 136.620177
110.041970 137.084794
110.041970 137.549411
110.041970 138.014028
110.041970 138.478646
110.041970 138.943263
110.041970 139.407880
110.041970 139.872497
110.041970 140.337114
110.041970 140.801731
110.041970 141.266349
110.041970 141.730966
110.041970 142.195583
110.041970 142.660200
110.041970 143.124817
110.506587 143.124817
110.506587 143.589435
110.506587 144.054052
110.506587 144.518669
110.506587 144.983286
110.506587 145.447903
110.506587 145.912520
110.971204 145.912520
110.971204 146.377138
110.971204 146.841755
110.971204 147.306372
110.971204 147.770989
111.435821 147.770989
111.435821 148.235606
111.435821 148.700223
111.435821 149.164841
111.900438 149.629458
111.900438 150.094075
111.900438 150.558692
112.365056 151.023309
112.365056 151.487926
112.365056 151.952544
112.829673 151.952544
112.365056 152.417161
112.829673 152.881778
113.294290 153.346395
113.294290 153.811012
113.294290 154.275629
113.758907 154.275629
113.758907 154.740247
114.223524 155.204864
114.223524 155.669481
114.688142 156.134098
114.688142 156.598715
115.152759 156.598715
115.152759 157.063332
115.617376 157.527950
115.617376 157.992567
115.617376 158.457184
116.081993 158.457184
116.546610 158.921801
116.546610 159.386418
117.011227 159.851036
117.475845 160.315653
117.940462 160.780270
117.940462 161.244887
118.405079 161.244887
118.405079 161.709504
118.869696 162.174121
119.334313 162.638739
119.334313 163.103356
119.798930 163.103356
120.263548 163.567973
120.728165 164.032590
120.728165 164.961824
120.263548 165.426442
120.263548 166.355676
120.263548 166.820293
120.263548 167.749527
120.263548 168.214145
120.263548 169.143379
119.798930 169.143379
119.334313 169.607996
118.869696 169.607996
118.405079 170.072613
117.940462 170.537230
117.011227 170.537230
116.546610 171.001848
116.081993 171.001848
115.617376 171.466465
115.152759 171.931082
114.688142 171.931082
114.223524 171.931082
113.758907 172.395699
113.294290 172.395699
112.365056 172.395699
111.900438 172.860316
111.435821 172.860316
110.971204 172.860316
110.506587 173.324933
110.041970 173.324933
109.112735 173.324933
108.648118 173.789551
108.183501 173.789551
107.718884 173.789551
107.254267 173.789551
106.789650 173.789551
105.860415 173.789551
105.395798 173.789551
104.931181 173.324933
104.466564 173.324933
104.001947 173.324933
103.537329 173.324933
103.072712 172.860316
102.143478 172.860316
101.678861 172.860316
101.214244 172.860316
100.749626 172.860316
100.285009 172.395699
99.820392 172.395699
99.355775 172.395699
98.426541 172.395699
97.961923 171.931082
97.497306 171.931082
97.032689 171.931082
96.568072 171.466465
96.103455 171.466465
95.638838 171.001848
95.174220 171.001848
94.709603 170.537230
94.244986 170.537230
93.315752 170.072613
92.851134 169.607996
92.386517 169.607996
91.921900 169.143379
90.992666 169.143379
90.528049 168.678762
90.063431 168.678762
89.598814 168.214145
88.669580 167.749527
88.204963 167.749527
87.740346 167.284910
87.275728 167.284910
86.346494 166.820293
85.881877 166.820293
85.417260 166.355676
84.952643 165.891059
84.023408 165.891059
83.558791 165.426442
83.094174 165.426442
82.629557 164.961824
82.164940 164.961824
81.235705 164.497207
80.771088 164.032590
80.306471 163.567973
79.841854 163.103356
78.912619 162.638739
78.448002 162.174121
77.983385 161.709504
77.518768 161.244887
76.589533 160.780270
76.124916 160.315653
75.660299 159.851036
75.195682 159.386418
74.266448 158.921801
73.801830 158.921801
73.337213 158.457184
72.872596 157.992567
71.943362 157.527950
71.478745 157.063332
71.014127 156.598715
70.549510 156.134098
70.084893 155.669481
69.620276 155.204864
69.620276 154.740247
69.155659 154.275629
69.155659 153.811012
69.155659 153.346395
68.691042 152.881778
68.691042 152.417161
68.691042 151.952544
68.226424 151.023309
68.226424 150.558692
68.226424 150.094075
67.761807 149.629458
67.761807 149.164841
67.761807 148.700223
67.761807 148.235606
67.297190 147.306372
67.297190 146.841755
67.297190 146.377138
66.832573 145.912520
66.832573 145.447903
66.832573 144.983286
66.832573 144.518669
66.367956 144.054052
66.367956 143.589435
66.367956 142.660200
66.367956 142.195583
66.367956 141.730966
66.367956 141.266349
66.367956 140.801731
66.832573 140.337114
66.832573 139.872497
66.832573 138.943263
67.297190 138.478646
67.297190 137.549411
67.297190 137.084794
67.761807 136.620177
67.761807 135.690943
67.761807 135.226325
68.226424 134.297091
68.226424 133.832474
68.226424 133.367857
68.691042 132.438622
68.691042 131.974005
68.691042 131.509388
68.691042 130.580154
69.155659 130.115537
69.155659 129.186302
69.155659 128.721685
69.620276 128.257068
69.620276 127.327834
69.620276 126.863216
70.084893 125.933982
70.084893 125.469365
70.084893 125.004748
70.549510 124.075513
70.549510 123.610896
70.549510 122.681662
71.014127 122.217045
71.014127 121.752427
71.014127 120.823193
71.478745 120.358576
71.478745 119.429342
71.478745 118.964724
71.943362 118.500107
72.407979 118.500107
72.872596 118.035490
73.337213 117.570873
73.801830 117.106256
74.266448 116.641639
74.731065 116.177021
75.195682 115.712404
75.660299 115.247787
76.124916 114.783170
77.054151 114.783170
77.518768 114.318553
77.983385 113.853936
78.448002 113.389318
78.912619 112.924701
79.377237 112.460084
79.841854 111.995467
80.306471 111.530850
80.771088 111.066233
81.235705 110.601615
81.235705 110.136998
81.700322 109.672381
82.164940 109.207764
82.629557 108.743147
83.094174 108.278530
83.558791 108.278530
84.023408 107.813912
84.952643 107.349295
85.417260 106.884678
85.881877 106.420061
86.346494 106.420061
87.275728 105.955444
87.740346 105.490826
88.204963 105.026209
88.669580 105.026209
89.598814 104.561592
90.063431 104.096975
90.528049 103.632358
90.992666 103.167741
91.921900 103.167741
92.386517 102.703123
92.851134 102.238506
93.315752 101.773889
94.244986 101.773889
94.709603 101.309272
95.174220 101.309272
95.638838 100.844655
96.568072 100.844655
97.032689 100.844655
97.497306 100.380038
98.426541 100.380038
98.891158 100.380038
99.355775 99.915420
99.820392 99.915420
100.749626 99.915420
101.214244 99.450803
101.678861 99.450803
102.608095 99.450803
103.072712 98.986186
103.537329 98.986186
104.001947 98.521569
104.931181 98.521569
105.395798 98.521569
105.860415 98.056952
106.789650 98.056952
107.254267 98.056952
107.718884 97.592335
108.183501 97.592335
109.112735 97.592335
109.577353 97.127717
110.041970 97.127717
110.971204 97.127717
111.435821 96.663100
111.900438 96.663100
112.365056 96.198483
113.294290 96.198483
113.758907 96.198483
114.223524 96.198483
114.688142 96.198483
115.152759 96.198483
115.617376 96.198483
116.081993 96.198483
116.546610 96.198483
117.011227 96.198483
117.940462 96.198483
118.405079 96.198483
118.869696 96.198483
119.334313 96.198483
120.263548 96.198483
120.728165 96.198483
121.192782 96.198483
121.657399 96.198483
122.586633 96.198483
123.051251 96.198483
123.515868 96.198483
123.980485 96.198483
124.909719 96.198483
125.374336 96.198483
125.838954 96.198483
126.303571 96.198483
126.768188 95.733866
126.768188 96.198483
127.232805 96.663100
127.232805 97.127717
127.232805 97.592335
127.232805 98.056952
126.768188 98.056952
