116.899568 120.865011
116.999093 121.097235
117.098618 121.329460
117.198143 121.561685
117.297667 121.793909
117.397192 122.026134
117.496717 122.258359
117.596242 122.490583
117.695767 122.722808
117.795292 122.955032
117.894816 123.187257
117.994341 123.419482
118.093866 123.651706
118.193391 123.883931
118.292916 124.116156
118.392441 124.348380
118.491965 124.580605
118.652311 125.072700
118.746307 125.409978
118.840302 125.747257
118.934298 126.084536
119.028294 126.421814
119.122289 126.759093
119.216285 127.096371
119.310281 127.433650
119.404276 127.770929
119.498272 128.108207
119.592268 128.445486
119.686263 128.782765
119.780259 129.120043
119.874255 129.457322
119.968251 129.794600
120.062246 130.131879
120.156242 130.469158
120.250238 130.806436
120.344233 131.143715
120.438229 131.480994
120.532225 131.818272
120.626220 132.155551
120.720216 132.492829
120.814212 132.830108
120.908207 133.167387
121.002203 133.504665
121.096199 133.841944
121.190194 134.179222
121.284190 134.516501
121.378186 134.853780
121.472181 135.191058
121.566177 135.528337
121.660173 135.865616
121.754168 136.202894
121.848164 136.540173
121.942160 136.877451
122.036156 137.214730
122.130151 137.552009
122.224147 137.889287
122.318143 138.226566
122.412138 138.563844
122.506134 138.901123
122.600130 139.238402
122.694125 139.575680
122.788121 139.912959
122.882117 140.250238
122.976112 140.587516
123.070108 140.924795
123.164104 141.262073
123.258099 141.599352
123.352095 141.936631
123.446091 142.273909
123.540086 142.611188
123.634082 142.948467
123.728078 143.285745
123.822073 143.623024
123.916069 143.960302
124.010065 144.297581
124.104060 144.634860
124.198056 144.972138
124.292052 145.309417
124.386048 145.646695
124.480043 145.983974
124.574039 146.321253
124.668035 146.658531
124.762030 146.995810
124.856026 147.333089
124.950022 147.670367
125.044017 148.007646
125.138013 148.344924
125.232009 148.682203
125.326004 149.019482
125.420000 149.356760
125.513996 149.694039
125.607991 150.031317
125.701987 150.368596
125.795983 150.705875
125.889978 151.043153
125.983974 151.380432
126.077970 151.717711
126.171965 152.054989
126.265961 152.392268
126.359957 152.729546
126.453952 153.066825
126.547948 153.404104
126.641944 153.741382
126.735940 154.078661
126.829935 154.415940
126.923931 154.753218
127.017927 155.090497
127.111922 155.427775
127.205918 155.765054
127.299914 156.102333
127.393909 156.439611
127.487905 156.776890
127.581901 157.114168
127.675896 157.451447
127.769892 157.788726
127.863888 158.126004
127.957883 158.463283
127.681425 158.739741
127.404968 159.016199
127.128510 159.292657
126.852052 159.569114
126.575594 159.845572
126.299136 160.122030
126.022678 160.398488
125.746220 160.674946
125.469762 160.951404
125.193305 161.227862
124.916847 161.504320
124.640389 161.780778
124.363931 162.057235
124.087473 162.333693
123.811015 162.610151
123.534557 162.886609
123.258099 163.163067
122.981641 163.439525
122.705184 163.715983
122.428726 163.992441
122.113564 163.992441
121.798402 163.992441
121.483240 163.992441
121.168078 163.992441
120.852916 163.992441
120.537754 163.992441
120.222592 163.992441
119.907430 163.992441
119.592268 163.992441
119.277106 163.992441
118.961944 163.992441
118.646782 163.992441
118.331620 163.992441
118.016458 163.992441
117.701296 163.992441
117.386134 163.992441
117.070972 163.992441
116.755810 163.992441
116.440648 163.992441
116.125486 163.992441
115.810324 163.992441
115.495162 163.992441
115.180000 163.992441
114.864838 163.992441
114.549676 163.992441
114.234514 163.992441
113.919352 163.992441
113.604190 163.992441
113.289028 163.992441
112.973866 163.992441
112.658704 163.992441
112.343542 163.992441
112.028380 163.992441
111.740864 163.959266
111.497581 163.915032
111.254298 163.870799
111.011015 163.826566
110.767732 163.782333
110.524449 163.738099
110.281166 163.693866
110.037883 163.649633
109.794600 163.605400
109.551317 163.561166
109.308035 163.516933
109.064752 163.472700
108.821469 163.428467
108.578186 163.384233
108.334903 163.340000
108.091620 163.295767
107.848337 163.251533
107.605054 163.207300
107.361771 163.163067
107.118488 163.118834
106.875205 163.074600
106.631922 163.030367
106.388639 162.986134
106.145356 162.941901
105.902073 162.897667
105.675378 162.665443
105.492916 162.422160
105.310454 162.178877
105.127991 161.935594
104.945529 161.692311
104.763067 161.449028
104.580605 161.205745
104.398143 160.962462
104.215680 160.719179
104.000043 160.475896
103.756760 160.210497
103.513477 159.945097
103.270194 159.679698
103.026911 159.414298
102.783629 159.148898
102.540346 158.883499
102.297063 158.618099
102.053780 158.352700
101.810497 158.087300
101.567214 157.821901
101.323931 157.556501
101.080648 157.291102
100.837365 157.025702
100.594082 156.760302
100.350799 156.494903
100.107516 156.229503
99.864233 155.964104
99.620950 155.698704
99.377667 155.433305
99.134384 155.167905
98.891102 154.902505
98.647819 154.637106
98.404536 154.371706
98.161253 154.106307
98.100432 153.807732
98.100432 153.575508
98.100432 153.343283
98.100432 153.111058
98.100432 152.878834
98.100432 152.646609
98.100432 152.414384
98.100432 152.182160
98.100432 151.949935
98.100432 151.717711
98.100432 151.485486
98.100432 151.253261
98.100432 151.021037
98.100432 150.788812
98.100432 150.556587
98.100432 150.324363
98.100432 150.092138
98.100432 149.859914
98.100432 149.627689
98.100432 149.395464
98.100432 149.163240
98.100432 148.931015
98.100432 148.698790
98.100432 148.466566
98.100432 148.234341
98.100432 148.002117
98.100432 147.769892
98.100432 147.537667
98.100432 147.305443
98.100432 147.073218
98.100432 146.840994
98.100432 146.608769
98.100432 146.376544
98.100432 146.144320
98.100432 145.912095
98.100432 145.679870
98.100432 145.447646
98.100432 145.215421
98.100432 144.983197
98.100432 144.750972
98.100432 144.518747
98.100432 144.286523
98.100432 144.054298
98.100432 143.822073
98.100432 143.589849
98.100432 143.357624
98.100432 143.125400
98.100432 142.893175
98.100432 142.660950
98.100432 142.428726
98.282894 142.185443
98.465356 141.942160
98.647819 141.698877
98.830281 141.455594
99.012743 141.212311
99.195205 140.969028
99.377667 140.725745
99.560130 140.482462
99.742592 140.239179
99.991404 139.968251
100.223629 139.719438
100.455853 139.470626
100.688078 139.221814
100.920302 138.973002
101.152527 138.724190
101.384752 138.475378
101.616976 138.226566
101.849201 137.977754
102.081425 137.728942
102.313650 137.480130
102.545875 137.231317
102.778099 136.982505
103.010324 136.733693
103.242549 136.484881
103.474773 136.236069
103.706998 135.987257
103.939222 135.738445
104.171447 135.489633
104.403672 135.240821
104.635896 134.992009
104.868121 134.743197
105.100346 134.494384
105.332570 134.245572
105.564795 133.996760
105.797019 133.747948
106.029244 133.499136
106.261469 133.250324
106.493693 133.001512
106.725918 132.752700
106.958143 132.503888
107.190367 132.255076
107.422592 132.006263
107.676933 131.702160
107.942333 131.370410
108.207732 131.038661
108.473132 130.706911
108.738531 130.375162
109.003931 130.043413
109.269330 129.711663
109.534730 129.379914
109.800130 129.048164
110.065529 128.716415
110.330929 128.384665
110.596328 128.052916
110.861728 127.721166
111.127127 127.389417
111.392527 127.057667
111.657927 126.725918
111.923326 126.394168
112.188726 126.062419
112.454125 125.730670
112.719525 125.398920
112.984924 125.067171
113.250324 124.735421
113.515724 124.403672
113.781123 124.071922
114.046523 123.740173
114.311922 123.408423
114.577322 123.076674
114.842721 122.744924
115.108121 122.413175
115.373521 122.081425
115.638920 121.749676
115.904320 121.417927
116.169719 121.086177
116.401944 120.865011
116.634168 120.865011
116.866393 120.865011
116.899568 120.865011
