154.517168 82.017463
154.517168 82.685866
153.848765 82.685866
153.180362 83.354269
152.511959 83.354269
151.843556 83.354269
151.175153 83.354269
150.506750 83.354269
149.838347 83.354269
149.838347 84.022672
149.169944 84.022672
148.501541 84.022672
147.833138 84.691075
147.164735 84.691075
146.496332 84.691075
145.827929 84.691075
145.827929 85.359478
145.159526 85.359478
144.491123 85.359478
143.822720 86.027881
143.154317 86.027881
142.485914 86.696284
141.817511 86.696284
141.149108 87.364687
140.480705 87.364687
139.812302 88.033090
139.143899 88.033090
139.143899 88.701493
138.475496 88.701493
137.807093 88.701493
137.807093 89.369896
137.138690 89.369896
136.470287 90.038299
135.801884 90.706702
135.133480 90.706702
135.133480 91.375105
134.465077 91.375105
133.796674 92.043508
133.128271 92.711911
132.459868 93.380314
131.791465 94.048717
131.123062 94.717120
130.454659 95.385523
129.786256 96.053926
129.117853 96.722329
128.449450 97.390732
127.781047 98.059135
127.781047 98.727538
127.112644 99.395941
126.444241 100.064344
125.775838 100.732747
125.775838 101.401150
125.107435 102.069553
125.107435 102.737956
124.439032 103.406359
123.770629 104.074762
123.770629 104.743165
123.102226 105.411568
123.102226 106.079971
122.433823 106.748374
122.433823 107.416777
121.765420 108.085180
121.765420 108.753583
121.765420 109.421986
121.097017 110.090389
121.097017 110.758792
121.097017 111.427196
120.428614 112.095599
120.428614 112.764002
120.428614 113.432405
119.760211 114.100808
119.760211 114.769211
119.760211 115.437614
119.760211 116.106017
119.760211 116.774420
119.091808 117.442823
119.091808 118.111226
119.091808 118.779629
119.091808 119.448032
119.091808 120.116435
119.091808 120.784838
119.091808 121.453241
119.091808 122.121644
119.091808 122.790047
119.091808 123.458450
119.091808 124.126853
119.091808 124.795256
119.091808 125.463659
119.091808 126.132062
119.091808 126.800465
119.091808 127.468868
119.091808 128.137271
119.091808 128.805674
119.091808 129.474077
119.091808 130.142480
119.091808 130.810883
119.760211 131.479286
119.760211 132.147689
119.760211 132.816092
119.760211 133.484495
119.760211 134.152898
120.428614 134.821301
120.428614 135.489704
120.428614 136.158107
121.097017 136.826510
121.097017 137.494913
121.097017 138.163316
121.765420 138.831719
121.765420 139.500122
121.765420 140.168525
122.433823 140.836928
122.433823 141.505331
122.433823 142.173734
123.102226 142.842137
122.433823 143.510540
121.765420 144.847346
121.097017 146.184152
120.428614 147.520958
119.760211 148.857764
119.760211 149.526167
119.091808 150.194570
118.423405 150.862973
117.755002 152.199780
117.086599 152.868183
116.418196 153.536586
115.081390 154.204989
114.412987 154.873392
113.744584 155.541795
113.076181 156.210198
112.407778 156.878601
111.739375 158.215407
111.070972 157.547004
110.402569 157.547004
109.734166 157.547004
109.065763 157.547004
108.397360 157.547004
107.728957 156.878601
106.392151 156.878601
105.723748 156.878601
105.055345 156.878601
104.386942 156.878601
103.718539 156.210198
103.050136 156.210198
102.381733 156.210198
101.713330 155.541795
100.376524 155.541795
99.708121 154.873392
99.039718 154.873392
98.371315 154.204989
97.702912 153.536586
97.034509 153.536586
96.366106 152.868183
95.697703 152.868183
94.360896 152.199780
93.692493 152.199780
93.024090 151.531377
92.355687 150.862973
91.687284 150.862973
91.018881 150.194570
90.350478 150.194570
89.682075 149.526167
88.345269 149.526167
87.676866 148.857764
87.008463 148.857764
86.340060 148.189361
85.671657 147.520958
85.003254 147.520958
84.334851 146.852555
83.666448 146.852555
82.329642 146.184152
81.661239 146.184152
80.992836 145.515749
80.324433 144.847346
78.987627 144.847346
78.319224 144.178943
77.650821 143.510540
76.982418 143.510540
75.645612 142.842137
74.977209 142.842137
74.308806 142.173734
73.640403 141.505331
72.303597 141.505331
71.635194 140.836928
70.966791 140.168525
70.298388 140.168525
68.961582 139.500122
68.293179 139.500122
67.624776 138.831719
66.956373 138.163316
66.287970 137.494913
65.619567 136.826510
65.619567 136.158107
64.951164 135.489704
64.282761 134.821301
63.614358 133.484495
62.945955 132.816092
62.945955 132.147689
62.277552 131.479286
61.609149 130.810883
60.940746 130.142480
60.272343 129.474077
60.272343 128.137271
60.272343 127.468868
60.272343 126.800465
59.603940 126.132062
59.603940 125.463659
59.603940 124.795256
58.935537 124.126853
58.935537 123.458450
58.935537 122.121644
58.935537 121.453241
58.267134 120.784838
58.267134 120.116435
58.267134 119.448032
58.267134 118.779629
57.598731 118.111226
57.598731 117.442823
57.598731 116.106017
57.598731 115.437614
56.930328 114.769211
56.930328 114.100808
56.930328 113.432405
56.930328 112.764002
56.261925 112.095599
56.261925 111.427196
56.261925 110.090389
56.261925 109.421986
56.261925 108.753583
56.930328 108.085180
56.930328 107.416777
57.598731 106.748374
57.598731 106.079971
57.598731 105.411568
58.267134 104.074762
58.267134 103.406359
58.267134 102.737956
58.935537 102.069553
58.935537 101.401150
59.603940 100.732747
59.603940 100.064344
59.603940 99.395941
60.272343 98.727538
60.272343 97.390732
60.272343 96.722329
60.940746 96.053926
60.940746 95.385523
61.609149 94.717120
61.609149 94.048717
61.609149 93.380314
62.277552 92.711911
62.945955 92.043508
63.614358 91.375105
64.282761 90.706702
64.951164 90.038299
65.619567 89.369896
66.287970 88.701493
66.956373 88.701493
67.624776 88.033090
68.293179 87.364687
68.961582 86.696284
69.629985 86.027881
70.298388 85.359478
70.966791 84.691075
71.635194 84.022672
72.303597 83.354269
72.972000 82.685866
73.640403 82.017463
74.308806 82.017463
74.977209 81.349060
76.314015 80.680657
76.982418 80.012254
77.650821 79.343851
78.319224 79.343851
78.987627 78.675448
80.324433 78.007045
80.992836 78.007045
81.661239 77.338642
82.329642 76.670239
82.998045 76.670239
84.334851 76.001836
85.003254 75.333433
85.671657 75.333433
86.340060 74.665030
87.008463 73.996627
87.676866 73.996627
89.013672 73.328224
89.682075 72.659821
90.350478 72.659821
91.018881 71.991418
91.687284 71.323015
93.024090 71.323015
93.692493 70.654612
94.360896 69.986208
95.029300 69.317805
95.697703 68.649402
96.366106 68.649402
97.034509 67.980999
97.702912 67.312596
98.371315 66.644193
99.039718 65.975790
99.708121 65.307387
100.376524 65.307387
101.044927 64.638984
102.381733 63.970581
103.050136 63.302178
103.718539 62.633775
104.386942 61.965372
105.055345 61.965372
105.723748 61.296969
106.392151 60.628566
107.060554 59.960163
107.728957 59.291760
108.397360 59.291760
109.734166 58.623357
110.402569 57.954954
111.070972 57.286551
111.739375 56.618148
112.407778 56.618148
113.076181 55.949745
113.744584 55.281342
115.081390 54.612939
115.749793 53.944536
116.418196 53.944536
117.086599 53.276133
117.755002 52.607730
118.423405 51.939327
119.091808 51.939327
119.760211 51.270924
120.428614 51.270924
121.097017 51.270924
121.765420 51.270924
123.102226 50.602521
123.770629 50.602521
124.439032 50.602521
125.107435 50.602521
125.775838 50.602521
126.444241 49.934118
127.112644 49.934118
127.781047 49.934118
128.449450 49.934118
129.117853 49.265715
129.786256 49.265715
130.454659 49.934118
131.123062 49.934118
131.791465 49.934118
132.459868 49.934118
133.128271 49.934118
134.465077 49.934118
135.133480 49.934118
135.801884 49.934118
136.470287 49.934118
137.138690 49.934118
137.807093 49.934118
138.475496 49.934118
139.143899 49.934118
139.812302 49.934118
140.480705 49.934118
141.149108 49.934118
141.817511 49.934118
143.154317 49.265715
143.822720 49.265715
144.491123 49.265715
145.159526 49.265715
145.827929 49.265715
146.496332 49.265715
147.164735 48.597312
147.833138 47.928909
148.501541 47.928909
149.169944 47.260506
149.838347 46.592103
150.506750 45.923700
151.175153 45.923700
151.843556 45.923700
152.511959 45.923700
153.180362 45.923700
154.517168 46.592103
155.185571 47.260506
155.853974 47.260506
156.522377 47.928909
157.190780 48.597312
157.859183 49.265715
158.527586 49.934118
159.195989 49.934118
159.864392 50.602521
159.864392 51.270924
160.532795 52.607730
160.532795 53.276133
160.532795 53.944536
160.532795 54.612939
160.532795 55.281342
161.201198 55.949745
161.201198 56.618148
161.201198 57.286551
161.201198 57.954954
161.201198 58.623357
161.869601 59.291760
161.869601 60.628566
161.869601 61.296969
161.869601 61.965372
161.869601 62.633775
162.538004 63.302178
161.869601 63.970581
161.869601 64.638984
161.869601 65.307387
161.869601 65.975790
161.869601 67.312596
161.869601 67.980999
161.201198 68.649402
161.201198 69.317805
161.201198 69.986208
161.201198 70.654612
161.201198 71.323015
161.201198 72.659821
160.532795 73.328224
160.532795 73.996627
160.532795 74.665030
160.532795 75.333433
160.532795 76.001836
159.864392 76.670239
159.864392 77.338642
159.195989 78.007045
158.527586 78.675448
157.859183 79.343851
157.190780 80.012254
156.522377 80.680657
155.853974 81.349060
155.185571 82.017463
154.517168 82.017463
