148.789619 89.205321
148.253668 89.205321
147.717716 89.205321
147.181765 89.205321
147.181765 89.741272
146.645814 89.741272
146.109863 89.741272
145.573911 90.277223
145.037960 90.277223
144.502009 90.813174
143.966057 90.813174
143.430106 90.813174
142.894155 91.349126
142.358204 91.349126
141.822252 91.885077
141.286301 91.885077
140.750350 91.885077
140.750350 92.421028
140.214399 92.956979
139.678447 92.956979
139.142496 92.956979
139.142496 93.492931
138.606545 93.492931
138.070594 94.028882
137.534642 94.564833
136.998691 94.564833
136.462740 95.100784
135.926789 95.100784
135.390837 95.100784
135.390837 95.636736
134.854886 96.172687
134.318935 96.708638
133.782984 96.708638
133.247032 97.244589
132.711081 97.244589
132.711081 97.780541
132.175130 98.316492
131.639178 98.316492
131.639178 98.852443
131.103227 99.388395
130.567276 99.388395
130.031325 99.388395
130.031325 99.924346
129.495373 100.460297
128.959422 100.996248
128.423471 101.532200
128.423471 102.068151
127.887520 102.604102
127.351568 103.140053
126.815617 103.676005
126.279666 104.211956
125.743715 104.747907
125.743715 105.283858
125.207763 105.819810
124.671812 106.355761
124.135861 106.891712
124.135861 107.427663
123.599910 107.963615
123.599910 108.499566
123.063958 109.035517
122.528007 109.571469
122.528007 110.107420
121.992056 110.643371
121.992056 111.179322
121.456105 111.715274
121.456105 112.251225
121.456105 112.787176
120.920153 113.323127
120.920153 113.859079
120.384202 114.395030
120.384202 114.930981
120.384202 115.466932
119.848251 116.002884
119.848251 116.538835
119.848251 117.074786
119.848251 117.610737
119.312299 118.146689
119.312299 118.682640
119.312299 119.218591
119.312299 119.754542
118.776348 120.290494
118.776348 120.826445
118.776348 121.362396
118.776348 121.898348
118.776348 122.434299
118.776348 122.970250
118.776348 123.506201
118.776348 124.042153
118.240397 124.578104
118.240397 125.114055
118.240397 125.650006
118.240397 126.185958
118.240397 126.721909
118.240397 127.257860
118.240397 127.793811
118.240397 128.329763
118.240397 128.865714
118.240397 129.401665
118.240397 129.937616
118.240397 130.473568
118.240397 131.009519
118.240397 131.545470
118.240397 132.081421
118.240397 132.617373
118.776348 133.153324
118.776348 133.689275
118.776348 134.225227
118.776348 134.761178
118.776348 135.297129
118.776348 135.833080
118.776348 136.369032
118.776348 136.904983
119.312299 137.440934
119.312299 137.976885
119.312299 138.512837
119.312299 139.048788
119.312299 139.584739
119.848251 139.584739
119.848251 140.120690
119.848251 140.656642
119.848251 141.192593
120.384202 141.728544
120.384202 142.264495
120.384202 142.800447
120.384202 143.336398
120.920153 143.336398
120.920153 143.872349
121.456105 144.408300
121.456105 144.944252
121.456105 145.480203
121.456105 146.016154
120.920153 147.088057
120.384202 147.624008
120.384202 148.159959
119.848251 148.695911
119.848251 149.767813
119.312299 150.303764
118.776348 150.839716
118.776348 151.375667
118.240397 151.911618
118.240397 152.983521
117.704446 153.519472
117.704446 154.055423
116.632543 154.055423
116.096592 154.055423
115.560641 154.055423
115.024689 154.055423
114.488738 154.055423
113.952787 154.055423
113.416836 154.055423
112.880884 154.055423
112.344933 154.055423
111.808982 154.055423
111.273031 154.591374
110.737079 154.591374
109.665177 154.591374
109.129226 154.591374
108.593274 154.591374
108.057323 154.591374
107.521372 154.591374
106.985420 154.591374
106.449469 154.591374
105.913518 154.591374
105.377567 154.591374
104.305664 154.055423
103.769713 154.055423
103.233762 153.519472
102.161859 153.519472
101.625908 152.983521
101.089957 152.983521
100.554005 152.447569
99.482103 152.447569
98.946152 151.911618
98.410200 151.911618
97.874249 151.375667
96.802347 151.375667
96.266395 150.839716
95.730444 150.839716
94.658541 150.303764
94.122590 150.303764
93.586639 149.767813
93.050688 149.767813
91.978785 149.231862
91.442834 149.231862
90.906883 148.695911
89.834980 148.695911
89.299029 148.159959
88.763078 148.159959
88.227126 147.624008
87.691175 147.088057
87.155224 146.552106
86.619273 145.480203
85.547370 144.944252
85.011419 144.408300
84.475468 143.872349
83.939516 143.336398
83.403565 142.800447
82.867614 142.264495
82.331662 141.728544
81.795711 141.192593
81.259760 140.656642
80.723809 140.120690
80.187857 139.584739
79.651906 139.048788
78.580004 138.512837
78.044052 137.976885
77.508101 137.440934
76.972150 136.904983
76.972150 136.369032
76.436199 135.833080
76.436199 134.761178
76.436199 134.225227
75.900247 133.689275
75.900247 133.153324
75.900247 132.081421
75.364296 131.545470
75.364296 131.009519
75.364296 130.473568
74.828345 129.401665
74.828345 128.865714
74.292394 128.329763
74.292394 127.793811
74.292394 126.721909
73.756442 126.185958
73.756442 125.650006
73.756442 125.114055
73.220491 124.042153
73.220491 123.506201
72.684540 122.970250
72.684540 122.434299
72.684540 121.898348
72.148589 120.826445
72.148589 120.290494
72.148589 119.754542
72.684540 119.218591
72.684540 118.682640
72.684540 118.146689
72.684540 117.610737
73.220491 117.074786
73.220491 116.538835
73.220491 116.002884
73.756442 115.466932
73.756442 114.930981
73.756442 114.395030
74.292394 113.859079
74.292394 113.323127
74.292394 112.787176
74.828345 112.251225
74.828345 111.715274
74.828345 111.179322
75.364296 110.643371
75.364296 110.107420
75.364296 109.571469
75.364296 109.035517
75.900247 108.499566
75.900247 107.963615
75.900247 107.427663
76.436199 106.891712
76.436199 105.819810
76.436199 105.283858
76.972150 104.747907
76.972150 104.211956
76.972150 103.676005
77.508101 103.140053
77.508101 102.604102
77.508101 102.068151
78.044052 101.532200
78.580004 100.996248
79.115955 100.460297
80.187857 99.924346
80.723809 99.388395
81.259760 98.852443
81.795711 98.316492
82.867614 97.244589
83.403565 96.708638
83.939516 96.172687
84.475468 95.636736
85.547370 95.100784
86.083321 94.564833
86.619273 94.028882
87.155224 92.956979
88.227126 92.421028
88.763078 91.885077
89.299029 91.349126
89.834980 90.813174
90.906883 90.277223
91.442834 89.741272
91.978785 89.205321
92.514736 88.669369
93.050688 88.133418
93.586639 87.597467
94.122590 87.061516
95.194493 86.525564
95.730444 85.989613
96.266395 85.989613
96.802347 85.453662
97.338298 84.917710
97.874249 84.381759
98.410200 83.845808
99.482103 83.309857
100.018054 82.773905
100.554005 82.237954
101.089957 81.702003
101.625908 81.166052
102.161859 81.166052
103.233762 80.630100
103.769713 80.094149
104.305664 79.558198
104.841615 79.022247
105.377567 78.486295
105.913518 77.950344
106.449469 77.414393
106.985420 76.878442
107.521372 76.342490
108.057323 75.806539
108.593274 75.270588
109.129226 74.734637
109.665177 74.198685
110.201128 73.662734
110.737079 73.662734
111.273031 73.126783
111.808982 72.590831
112.344933 72.054880
112.880884 71.518929
113.416836 70.982978
113.952787 70.982978
114.488738 70.447026
115.024689 69.911075
115.560641 69.375124
116.096592 68.839173
116.632543 68.303221
117.168494 68.303221
117.704446 67.767270
118.240397 67.231319
118.776348 66.695368
119.312299 66.159416
119.848251 66.159416
120.384202 65.623465
120.920153 65.087514
121.992056 64.551563
122.528007 64.551563
123.063958 64.551563
123.599910 64.551563
124.135861 64.015611
124.671812 64.015611
125.743715 64.015611
126.279666 64.015611
126.815617 64.015611
127.351568 64.015611
128.423471 64.015611
128.959422 64.015611
129.495373 64.015611
130.031325 64.015611
131.103227 63.479660
131.639178 63.479660
132.175130 63.479660
132.711081 63.479660
133.782984 63.479660
134.318935 63.479660
134.854886 63.479660
135.390837 63.479660
135.926789 63.479660
136.462740 63.479660
136.998691 63.479660
137.534642 63.479660
138.070594 63.479660
138.606545 63.479660
139.142496 63.479660
139.678447 63.479660
140.214399 63.479660
140.750350 63.479660
141.286301 63.479660
141.822252 63.479660
142.358204 64.015611
143.430106 64.551563
143.966057 64.551563
144.502009 65.087514
145.037960 65.623465
145.573911 65.623465
146.109863 66.159416
146.645814 66.695368
147.181765 67.231319
147.717716 67.231319
148.253668 67.767270
148.789619 68.303221
149.861521 68.839173
150.397473 68.839173
150.933424 69.375124
150.933424 69.911075
151.469375 70.447026
152.005326 70.982978
152.005326 71.518929
152.541278 72.590831
153.077229 73.126783
153.077229 73.662734
153.613180 74.198685
154.149131 74.734637
154.149131 75.270588
154.149131 75.806539
154.149131 76.342490
154.149131 76.878442
154.685083 77.414393
154.685083 77.950344
154.685083 78.486295
155.221034 79.022247
155.221034 79.558198
155.221034 80.094149
155.756985 80.630100
155.756985 81.166052
155.756985 81.702003
155.756985 82.237954
155.756985 82.773905
155.221034 83.309857
154.685083 83.845808
154.149131 84.381759
153.613180 84.381759
153.077229 84.917710
152.541278 85.453662
152.005326 85.989613
151.469375 86.525564
150.933424 87.061516
150.397473 87.061516
149.861521 87.597467
149.325570 88.133418
148.789619 88.669369
148.789619 89.205321
