124.496818 93.461588
124.496818 94.010599
124.496818 94.559609
123.947808 95.108620
123.947808 95.657630
123.398797 96.206641
122.849787 96.206641
122.300776 96.755651
121.751766 97.304662
121.202755 97.304662
121.202755 97.853672
120.653745 97.853672
120.104734 98.402683
119.555724 98.951693
119.006713 99.500704
118.457703 99.500704
118.457703 100.049714
117.908692 100.049714
117.908692 100.598725
117.359682 100.598725
116.810671 101.147735
116.261661 101.147735
116.261661 101.696746
115.712650 102.245756
115.163640 102.794767
115.163640 103.343777
114.614629 103.892788
114.065619 104.441798
113.516608 104.990809
112.967598 105.539819
112.418587 106.088830
112.418587 106.637840
111.869577 107.186851
111.320566 107.735861
110.771556 108.284872
110.771556 108.833882
110.222545 109.382893
109.673535 109.931903
109.673535 110.480914
109.124524 111.029924
109.124524 111.578935
108.575514 112.127945
108.575514 112.676956
108.026503 113.225966
108.026503 113.774977
107.477493 114.323987
107.477493 114.872998
106.928482 115.422008
106.928482 115.971019
106.379472 116.520029
106.379472 117.069040
105.830461 117.618050
105.830461 118.167061
105.830461 118.716071
105.281450 119.265082
105.281450 119.814092
105.281450 120.363103
104.732440 120.912113
104.732440 121.461124
104.732440 122.010134
104.183429 122.559145
104.183429 123.108155
104.183429 123.657166
103.634419 124.206176
103.634419 124.755187
103.634419 125.304197
103.634419 125.853208
103.085408 126.402218
103.085408 126.951229
103.085408 127.500239
103.085408 128.049250
103.085408 128.598260
102.536398 129.147271
102.536398 129.696281
102.536398 130.245292
102.536398 130.794302
102.536398 131.343313
102.536398 131.892323
102.536398 132.441334
101.987387 132.990344
101.987387 133.539355
101.987387 134.088365
101.987387 134.637376
101.987387 135.186386
101.987387 135.735397
101.987387 136.284407
101.987387 136.833418
101.987387 137.382428
101.987387 137.931439
101.987387 138.480449
101.987387 139.029460
101.987387 139.578470
101.987387 140.127481
101.987387 140.676491
101.987387 141.225502
101.987387 141.774512
101.987387 142.323523
101.987387 142.872533
101.987387 142.323523
101.987387 142.872533
101.987387 142.323523
101.987387 142.872533
101.987387 143.421544
101.987387 143.970554
102.536398 144.519565
102.536398 145.068575
102.536398 145.617586
102.536398 146.166596
102.536398 146.715607
102.536398 147.264617
102.536398 147.813628
103.085408 148.362638
103.085408 148.911649
103.085408 149.460659
103.085408 150.009670
103.085408 150.558680
103.634419 151.107691
103.634419 151.656701
103.634419 152.205712
103.634419 152.754722
104.183429 153.303733
104.183429 153.852743
104.183429 154.401754
104.183429 154.950764
104.732440 154.950764
104.732440 155.499775
104.732440 156.048785
104.732440 156.597796
105.281450 156.597796
105.281450 157.146806
105.830461 157.695817
105.830461 158.244827
106.379472 158.793838
106.379472 159.342848
106.379472 159.891859
106.928482 159.891859
106.928482 160.440869
107.477493 160.989880
107.477493 161.538890
107.477493 162.087901
108.026503 162.087901
108.026503 162.636912
108.026503 163.185922
108.575514 163.185922
108.575514 163.734933
109.124524 164.283943
109.124524 164.832954
109.124524 165.381964
109.673535 165.381964
109.673535 165.930975
110.222545 166.479985
110.771556 167.028996
110.771556 167.578006
110.771556 168.127017
111.320566 168.127017
111.869577 168.676027
111.869577 169.225038
111.320566 170.323059
111.320566 170.872069
111.320566 171.421080
111.320566 172.519101
111.320566 173.068111
110.771556 173.617122
110.771556 174.715143
110.222545 175.264153
109.673535 175.264153
109.124524 175.813164
108.575514 176.362174
108.026503 176.911185
107.477493 177.460195
106.928482 178.009206
106.379472 178.009206
105.281450 178.558216
104.732440 178.558216
104.183429 178.558216
103.634419 179.107227
103.085408 179.107227
102.536398 179.656237
101.987387 179.656237
101.438377 179.656237
100.889366 180.205248
100.340356 179.656237
99.791345 179.656237
99.242335 179.107227
98.693324 179.107227
97.595303 179.107227
97.046293 178.558216
96.497282 178.558216
95.948272 178.558216
95.399261 178.009206
94.850251 178.009206
94.301240 178.009206
93.752230 177.460195
93.203219 177.460195
92.654209 176.911185
92.105198 176.911185
91.556188 176.911185
91.007177 176.362174
90.458167 176.362174
89.909156 176.362174
89.360146 175.813164
88.811135 175.813164
88.262125 175.813164
87.713114 175.264153
87.164104 175.264153
86.615093 174.715143
86.066083 174.715143
85.517072 174.715143
84.968062 174.166132
84.419051 174.166132
83.870041 174.166132
83.321030 173.617122
82.772020 173.617122
82.223009 173.617122
81.673999 173.068111
81.124988 173.068111
80.575978 173.068111
79.477957 172.519101
78.928946 172.519101
78.379936 172.519101
77.830925 171.970090
77.281915 171.970090
76.732904 171.970090
76.183894 171.970090
75.634883 171.421080
75.085873 171.421080
74.536862 170.872069
73.987852 170.872069
73.438841 170.872069
72.340820 170.323059
71.791810 170.323059
71.242799 169.774048
70.693789 169.774048
70.144778 169.225038
69.595768 169.225038
68.497747 168.676027
67.948736 168.676027
67.399726 168.127017
66.850715 168.127017
66.301705 168.127017
65.752694 167.578006
64.654673 167.578006
64.105663 167.028996
63.556652 167.028996
63.007642 166.479985
62.458631 165.930975
61.909621 165.930975
61.360610 165.381964
60.811600 164.832954
60.262589 164.832954
59.713579 164.283943
59.164568 163.734933
58.615558 163.734933
58.066547 163.185922
57.517537 162.636912
56.968526 162.636912
56.419516 162.087901
55.870505 161.538890
55.321495 161.538890
54.772484 160.989880
54.223474 160.440869
53.674463 160.440869
53.125453 159.891859
52.576442 159.342848
52.027432 158.793838
51.478421 158.793838
50.929411 158.244827
50.380400 157.695817
49.831390 157.695817
49.282379 157.146806
49.282379 156.597796
49.282379 156.048785
49.282379 154.950764
49.282379 154.401754
49.282379 153.852743
49.282379 153.303733
49.282379 152.754722
49.282379 152.205712
49.282379 151.656701
48.733369 151.107691
48.733369 150.558680
48.733369 150.009670
48.733369 149.460659
48.733369 148.911649
48.733369 148.362638
48.733369 147.813628
48.733369 147.264617
49.282379 146.166596
49.282379 145.617586
49.831390 145.068575
49.831390 143.970554
49.831390 143.421544
50.380400 142.323523
50.380400 141.774512
50.929411 141.225502
50.929411 140.127481
50.929411 139.578470
51.478421 139.029460
51.478421 137.931439
52.027432 137.382428
52.027432 136.284407
52.027432 135.735397
52.576442 135.186386
52.576442 134.088365
52.576442 133.539355
53.125453 132.441334
53.125453 131.892323
53.674463 131.343313
53.674463 130.245292
53.674463 129.696281
54.223474 128.598260
54.223474 128.049250
54.772484 127.500239
54.772484 126.402218
54.772484 125.853208
55.321495 124.755187
55.321495 124.206176
55.870505 123.657166
55.870505 122.559145
55.870505 122.010134
56.419516 121.461124
56.968526 120.912113
57.517537 120.363103
58.066547 119.814092
58.066547 119.265082
58.615558 118.716071
59.164568 118.167061
59.713579 117.069040
59.713579 116.520029
60.262589 115.971019
60.811600 115.422008
61.360610 114.872998
61.909621 114.323987
61.909621 113.774977
62.458631 113.225966
63.007642 112.676956
63.556652 112.127945
64.105663 111.578935
64.105663 111.029924
64.654673 110.480914
65.203684 109.931903
65.752694 109.382893
65.752694 108.833882
66.301705 108.284872
66.850715 107.186851
67.399726 106.637840
67.948736 106.088830
67.948736 105.539819
68.497747 104.990809
69.046757 104.441798
69.595768 103.892788
70.144778 103.343777
70.144778 102.794767
70.693789 102.245756
71.242799 101.696746
71.791810 101.147735
71.791810 100.598725
72.889831 100.049714
73.438841 99.500704
73.987852 98.951693
74.536862 98.402683
75.634883 97.853672
76.183894 97.853672
76.732904 97.304662
77.281915 96.755651
78.379936 96.206641
78.928946 95.657630
79.477957 95.108620
80.026967 94.559609
81.124988 94.010599
81.673999 93.461588
82.223009 93.461588
82.772020 92.912578
83.870041 92.363567
84.419051 91.814557
84.968062 91.265546
85.517072 90.716536
86.066083 90.167525
87.164104 89.618515
87.713114 89.069504
88.262125 89.069504
88.811135 88.520494
89.909156 87.971483
90.458167 87.971483
91.007177 87.422473
91.556188 87.422473
92.105198 87.422473
92.654209 86.873462
93.203219 86.873462
93.752230 86.324452
94.301240 86.324452
94.850251 86.324452
95.399261 85.775441
96.497282 85.775441
97.046293 85.226431
97.595303 85.226431
98.144314 85.226431
98.693324 84.677420
99.242335 84.677420
99.791345 84.128410
100.340356 84.128410
100.889366 84.128410
101.438377 83.579399
101.987387 83.579399
103.085408 83.030389
103.634419 83.030389
104.183429 83.030389
104.732440 83.030389
105.281450 83.030389
105.830461 83.579399
106.379472 83.579399
106.928482 84.128410
107.477493 84.128410
108.026503 84.677420
108.575514 84.677420
109.124524 85.226431
109.673535 85.226431
110.222545 85.775441
110.771556 85.775441
111.320566 86.324452
111.869577 86.324452
112.418587 86.873462
112.967598 86.873462
113.516608 87.422473
114.065619 87.422473
115.163640 87.971483
115.712650 87.971483
116.261661 88.520494
116.810671 88.520494
117.359682 89.069504
117.908692 89.069504
118.457703 89.618515
119.006713 89.618515
119.555724 89.618515
120.104734 90.167525
120.653745 90.167525
121.202755 90.716536
121.751766 90.716536
122.300776 91.265546
122.849787 91.265546
123.398797 91.814557
123.947808 91.814557
124.496818 92.363567
124.496818 92.912578
124.496818 93.461588
