121.471082 105.524212
121.471082 105.930509
121.471082 106.336807
121.877379 106.743104
121.877379 107.149402
122.283677 107.555700
122.283677 107.961997
122.283677 108.368295
122.689974 108.774592
122.689974 109.180890
123.096272 109.993485
123.096272 110.399783
123.096272 110.806080
123.096272 111.618676
123.096272 112.024973
123.096272 112.431271
123.096272 112.837569
122.689974 113.243866
122.689974 113.650164
122.283677 114.056461
122.283677 114.462759
121.877379 114.869057
121.877379 115.275354
121.471082 115.681652
121.471082 116.087949
121.064784 116.494247
121.064784 116.900545
120.658486 117.306842
120.658486 117.713140
120.658486 118.119437
120.252189 118.525735
120.252189 118.932033
120.252189 119.338330
119.845891 119.744628
119.845891 120.150925
119.845891 120.557223
119.845891 120.150925
119.845891 120.557223
119.439593 120.963521
119.439593 121.369818
119.439593 121.776116
119.439593 122.182413
119.033296 122.588711
119.033296 122.995009
119.033296 123.401306
119.033296 123.807604
118.626998 124.213901
118.626998 124.620199
118.626998 125.026497
118.626998 124.620199
118.626998 125.026497
118.626998 125.432794
118.626998 125.839092
118.626998 125.432794
118.626998 125.839092
118.626998 126.245389
118.220701 126.651687
118.220701 127.057985
118.220701 127.464282
118.220701 127.870580
117.814403 128.276877
117.814403 128.683175
117.814403 129.089473
117.814403 128.683175
117.814403 129.089473
117.814403 129.495770
117.814403 129.902068
117.814403 130.308365
117.814403 130.714663
117.408105 131.120961
117.408105 131.527258
117.408105 131.933556
117.408105 132.339854
117.408105 132.746151
117.408105 133.152449
117.408105 133.558746
117.408105 133.965044
117.408105 134.371342
117.408105 134.777639
117.408105 135.183937
117.408105 135.590234
117.408105 135.996532
117.408105 136.402830
117.408105 136.809127
117.408105 137.215425
117.408105 137.621722
117.408105 138.028020
117.408105 138.434318
117.408105 138.840615
117.814403 138.840615
117.814403 139.246913
117.814403 139.653210
117.814403 140.059508
117.814403 140.465806
117.814403 140.872103
117.814403 141.278401
117.814403 141.684698
118.220701 141.684698
118.220701 142.090996
118.220701 142.497294
118.220701 142.903591
118.220701 143.309889
118.626998 143.309889
118.626998 143.716186
118.626998 144.122484
118.626998 143.716186
118.626998 144.122484
118.626998 144.528782
119.033296 144.935079
119.033296 145.341377
119.033296 145.747674
119.033296 146.153972
119.439593 146.153972
119.439593 146.560270
119.439593 146.966567
119.439593 147.372865
119.845891 147.372865
119.845891 147.779162
119.845891 148.185460
120.252189 148.591758
120.252189 148.998055
120.252189 149.404353
120.658486 149.404353
120.658486 149.810650
120.658486 149.404353
120.658486 149.810650
121.064784 150.216948
121.064784 150.623246
121.064784 151.029543
121.471082 151.029543
121.471082 151.435841
121.471082 151.029543
121.471082 151.435841
121.877379 151.842139
121.877379 152.248436
122.283677 152.654734
122.283677 153.061031
122.689974 153.467329
122.689974 153.873627
123.096272 154.279924
123.502570 154.686222
123.502570 155.092519
123.502570 155.498817
123.908867 155.498817
124.315165 155.905115
124.315165 156.311412
124.721462 156.311412
124.721462 156.717710
125.127760 157.124007
125.127760 157.530305
125.534058 157.530305
125.940355 157.936603
126.346653 158.342900
126.346653 158.749198
126.752950 158.749198
126.752950 159.155495
127.159248 159.561793
127.159248 159.968091
127.565546 159.968091
127.971843 160.374388
128.378141 160.780686
128.784438 161.186983
128.784438 161.593281
129.190736 161.999579
129.190736 162.405876
129.597034 162.812174
129.597034 163.624769
129.597034 164.031067
129.597034 164.437364
129.190736 164.843662
128.784438 165.249959
128.784438 165.656257
128.378141 166.062555
127.971843 166.468852
127.565546 166.875150
127.159248 167.281447
126.752950 167.687745
126.346653 168.094043
125.940355 168.500340
125.534058 168.906638
125.127760 169.312935
124.721462 169.719233
124.315165 170.125531
123.908867 170.125531
123.502570 170.125531
123.096272 170.125531
122.689974 170.125531
122.283677 170.125531
121.877379 170.125531
121.064784 170.125531
120.658486 170.125531
120.252189 170.125531
119.845891 170.531828
119.439593 170.531828
119.033296 170.531828
118.626998 170.531828
118.220701 170.531828
117.814403 170.938126
117.408105 170.938126
117.001808 170.938126
116.595510 170.938126
116.189213 170.938126
115.782915 171.344424
115.376617 171.344424
114.970320 171.344424
114.564022 171.344424
114.157725 171.344424
113.751427 171.750721
113.345129 171.750721
112.938832 171.750721
112.532534 171.750721
112.126237 171.750721
111.719939 171.750721
111.313641 171.750721
110.907344 171.750721
110.501046 171.750721
110.094749 171.750721
109.688451 171.750721
109.282153 171.750721
108.875856 171.750721
108.469558 171.750721
108.063261 171.750721
107.656963 171.750721
107.250665 171.750721
106.844368 171.750721
106.438070 171.750721
106.031773 171.750721
105.625475 171.750721
105.219177 171.750721
104.812880 171.750721
104.406582 171.750721
103.593987 171.750721
103.187689 171.750721
102.781392 171.750721
102.375094 171.750721
101.968797 171.750721
101.562499 171.750721
101.156201 171.344424
100.749904 171.344424
100.343606 170.938126
99.937308 170.938126
99.531011 170.531828
99.124713 170.531828
98.718416 170.531828
98.312118 170.125531
97.905820 170.125531
97.499523 169.719233
97.093225 169.719233
96.686928 169.312935
96.280630 169.312935
95.874332 169.312935
95.468035 168.906638
95.061737 168.906638
94.655440 168.500340
94.249142 168.500340
93.842844 168.094043
93.436547 168.094043
93.030249 167.687745
92.217654 167.687745
91.811356 167.687745
91.405059 167.281447
90.998761 167.281447
90.592464 166.875150
90.186166 166.468852
89.779868 166.062555
89.373571 166.062555
88.560976 165.656257
88.154678 165.249959
87.748380 165.249959
87.342083 164.843662
86.935785 164.437364
86.529488 164.437364
85.716892 164.031067
85.310595 163.624769
84.904297 163.624769
84.498000 163.218471
84.091702 162.812174
83.685404 162.812174
83.279107 162.405876
82.466512 161.999579
82.060214 161.999579
82.060214 161.186983
81.653916 160.780686
81.653916 160.374388
81.247619 159.968091
81.247619 159.561793
81.247619 159.155495
80.841321 158.342900
80.841321 157.936603
80.841321 157.530305
80.435023 157.124007
80.435023 156.717710
80.028726 156.311412
80.028726 155.905115
80.028726 155.092519
79.622428 154.686222
79.622428 154.279924
79.622428 153.873627
79.216131 153.467329
79.216131 153.061031
78.809833 152.654734
78.809833 151.842139
78.809833 151.435841
78.403535 151.029543
78.403535 150.623246
77.997238 150.216948
77.997238 149.810650
77.997238 148.998055
77.997238 148.591758
77.997238 148.185460
77.997238 147.372865
77.997238 146.966567
77.997238 146.560270
77.997238 145.747674
77.997238 145.341377
77.997238 144.935079
77.997238 144.528782
77.997238 143.716186
77.997238 143.309889
77.997238 142.903591
77.997238 142.090996
77.997238 141.684698
77.997238 141.278401
77.997238 140.465806
77.997238 140.059508
77.997238 139.653210
77.997238 138.840615
77.997238 138.434318
77.997238 138.028020
77.997238 137.621722
77.997238 136.809127
77.997238 136.402830
77.997238 135.996532
77.997238 135.183937
77.997238 134.777639
77.997238 134.371342
77.997238 133.558746
77.997238 133.152449
77.997238 132.746151
78.403535 132.339854
78.403535 131.933556
78.403535 131.527258
78.403535 131.120961
78.403535 130.714663
78.809833 130.308365
78.809833 129.902068
78.809833 129.495770
79.216131 128.683175
79.216131 128.276877
79.216131 127.870580
79.622428 127.464282
79.622428 126.651687
80.028726 126.245389
80.028726 125.839092
80.435023 125.432794
80.435023 124.620199
80.841321 124.213901
80.841321 123.807604
80.841321 123.401306
81.247619 122.588711
81.247619 122.182413
81.653916 121.776116
81.653916 121.369818
82.060214 120.557223
82.060214 120.150925
82.060214 119.744628
82.466512 119.338330
82.466512 118.525735
82.872809 118.119437
82.872809 117.713140
83.279107 117.306842
83.279107 116.494247
83.685404 116.087949
84.091702 115.681652
84.498000 115.275354
84.904297 114.869057
85.310595 114.462759
85.716892 114.056461
86.123190 113.650164
86.529488 113.243866
86.935785 112.837569
87.342083 112.431271
87.748380 112.024973
88.154678 111.618676
88.560976 111.212378
88.967273 110.806080
89.373571 110.399783
89.779868 109.993485
90.186166 109.587188
90.592464 109.180890
90.998761 108.774592
91.405059 108.368295
91.811356 107.961997
92.217654 107.555700
92.623952 107.149402
93.030249 106.743104
93.436547 106.336807
93.842844 106.336807
94.655440 106.336807
95.061737 106.336807
95.468035 106.336807
95.874332 105.930509
96.280630 105.930509
96.686928 105.930509
97.093225 105.930509
97.499523 105.930509
97.905820 105.930509
98.312118 105.524212
99.124713 105.524212
99.531011 105.524212
99.937308 105.524212
100.343606 105.524212
100.749904 105.524212
101.156201 105.117914
101.562499 105.117914
101.968797 105.117914
102.375094 105.117914
102.781392 105.117914
103.593987 105.117914
104.000285 104.711616
104.406582 104.711616
104.812880 104.711616
105.219177 104.711616
105.625475 104.711616
106.031773 104.711616
106.438070 104.305319
106.844368 104.305319
107.656963 104.305319
108.063261 104.305319
108.469558 104.305319
108.875856 104.305319
109.282153 104.305319
109.688451 104.305319
110.094749 104.305319
110.501046 104.305319
110.907344 104.305319
111.313641 104.305319
111.719939 104.305319
112.126237 104.305319
112.532534 104.305319
112.938832 104.305319
113.345129 104.305319
113.751427 104.305319
114.157725 104.305319
114.564022 104.305319
114.970320 104.305319
115.376617 104.305319
115.782915 104.305319
116.189213 104.305319
116.595510 104.305319
117.001808 104.305319
117.408105 104.305319
117.814403 104.305319
118.220701 104.305319
118.626998 104.305319
119.033296 104.305319
119.439593 104.305319
119.845891 104.305319
120.252189 104.305319
120.658486 104.305319
121.064784 104.305319
121.471082 104.305319
121.471082 104.711616
121.471082 105.117914
121.471082 105.524212
