135.115669 93.971721
135.115669 94.649988
134.437402 94.649988
133.759135 94.649988
133.080868 95.328255
132.402601 95.328255
131.724334 95.328255
131.046066 96.006522
130.367799 96.006522
129.689532 96.006522
129.011265 96.684790
128.332998 96.684790
127.654731 97.363057
126.976464 97.363057
126.298197 97.363057
125.619929 98.041324
124.941662 98.041324
124.263395 98.719591
123.585128 99.397858
122.906861 99.397858
122.228594 99.397858
122.228594 100.076125
121.550327 100.076125
120.872060 100.754392
120.193792 100.754392
120.193792 101.432659
119.515525 102.110927
118.837258 102.110927
118.158991 102.789194
117.480724 102.789194
117.480724 103.467461
116.802457 103.467461
116.802457 104.145728
116.124190 104.823995
115.445923 104.823995
115.445923 105.502262
114.767655 106.180529
114.089388 106.858796
113.411121 106.858796
113.411121 107.537064
112.732854 108.215331
112.054587 108.893598
111.376320 109.571865
110.698053 110.250132
110.019786 110.928399
110.019786 111.606666
109.341518 112.284933
108.663251 112.963201
107.984984 113.641468
107.984984 114.319735
107.306717 114.998002
107.306717 115.676269
106.628450 116.354536
105.950183 117.032803
105.950183 117.711070
105.271916 118.389338
105.271916 119.067605
105.271916 119.745872
104.593649 120.424139
104.593649 121.102406
103.915382 121.780673
103.915382 122.458940
103.915382 123.137207
103.237114 123.815474
103.237114 124.493742
103.237114 125.172009
102.558847 125.850276
102.558847 126.528543
102.558847 127.206810
102.558847 127.885077
102.558847 128.563344
101.880580 129.241611
101.880580 129.919879
101.880580 130.598146
101.880580 131.276413
101.880580 131.954680
101.880580 132.632947
101.202313 133.311214
101.202313 133.989481
101.202313 134.667748
101.202313 135.346016
101.202313 136.024283
101.202313 136.702550
101.202313 137.380817
101.202313 138.059084
101.202313 138.737351
101.202313 139.415618
101.202313 140.093885
101.202313 140.772153
101.202313 141.450420
101.202313 142.128687
101.202313 142.806954
101.202313 143.485221
101.202313 144.163488
101.202313 144.841755
101.202313 145.520022
101.202313 146.198290
101.202313 146.876557
101.202313 147.554824
101.202313 148.233091
101.202313 148.911358
101.880580 149.589625
101.880580 150.267892
101.880580 150.946159
101.880580 151.624427
101.880580 152.302694
101.880580 152.980961
102.558847 153.659228
102.558847 154.337495
102.558847 155.015762
102.558847 155.694029
102.558847 156.372296
103.237114 157.050563
103.237114 157.728831
103.237114 158.407098
103.915382 159.085365
103.915382 159.763632
103.915382 160.441899
104.593649 161.120166
104.593649 161.798433
105.271916 162.476700
105.271916 163.154968
105.271916 163.833235
105.271916 164.511502
105.950183 164.511502
105.950183 165.189769
106.628450 165.868036
107.306717 166.546303
107.306717 167.224570
107.306717 167.902837
107.984984 167.902837
107.984984 168.581105
108.663251 169.259372
109.341518 169.937639
109.341518 170.615906
110.019786 170.615906
110.019786 171.294173
110.698053 171.972440
111.376320 172.650707
111.376320 173.328974
112.054587 173.328974
112.732854 174.007242
112.732854 174.685509
112.732854 175.363776
112.054587 176.042043
112.054587 177.398577
111.376320 178.076844
111.376320 178.755111
110.698053 179.433379
110.019786 179.433379
109.341518 180.111646
108.663251 180.111646
107.984984 180.789913
107.306717 180.789913
106.628450 181.468180
105.950183 181.468180
105.271916 182.146447
103.915382 182.146447
103.237114 182.824714
102.558847 182.824714
101.880580 183.502981
101.202313 183.502981
100.524046 183.502981
99.845779 184.181248
99.167512 184.181248
98.489245 184.181248
97.810977 184.181248
97.132710 184.181248
96.454443 184.181248
95.776176 184.181248
95.097909 184.181248
94.419642 184.181248
93.741375 184.181248
93.063108 184.181248
92.384840 184.181248
91.706573 184.181248
91.028306 184.181248
90.350039 184.181248
89.671772 183.502981
88.993505 183.502981
88.315238 183.502981
87.636971 183.502981
86.958703 183.502981
85.602169 182.824714
84.923902 182.824714
84.245635 182.146447
83.567368 182.146447
82.889101 181.468180
82.210834 181.468180
81.532566 181.468180
80.854299 180.789913
80.176032 180.789913
79.497765 180.111646
78.819498 180.111646
78.141231 179.433379
77.462964 179.433379
76.784697 178.755111
76.106429 178.755111
75.428162 178.076844
74.749895 178.076844
74.071628 177.398577
73.393361 177.398577
72.715094 176.720310
72.036827 176.720310
71.358560 176.720310
70.680293 176.042043
70.002025 176.042043
69.323758 175.363776
68.645491 175.363776
67.967224 174.685509
67.288957 174.685509
66.610690 174.007242
65.932423 174.007242
65.254156 173.328974
64.575888 173.328974
63.897621 172.650707
63.219354 172.650707
62.541087 171.972440
61.862820 171.972440
61.184553 171.294173
60.506286 170.615906
59.828019 170.615906
59.149751 169.937639
58.471484 169.937639
57.793217 169.259372
57.114950 168.581105
56.436683 168.581105
55.758416 167.902837
55.080149 167.224570
54.401882 167.224570
53.723614 166.546303
53.045347 166.546303
52.367080 165.868036
51.688813 165.189769
51.010546 165.189769
50.332279 164.511502
49.654012 163.833235
48.975745 163.833235
48.297477 163.154968
47.619210 162.476700
46.940943 161.798433
46.262676 161.120166
44.906142 160.441899
44.227875 160.441899
43.549608 159.763632
42.871340 159.085365
42.193073 158.407098
41.514806 157.728831
40.836539 157.050563
40.158272 157.050563
39.480005 156.372296
38.801738 155.694029
38.123471 155.015762
38.123471 154.337495
38.123471 153.659228
38.123471 152.302694
38.123471 151.624427
37.445203 150.946159
37.445203 150.267892
37.445203 149.589625
37.445203 148.911358
37.445203 148.233091
36.766936 147.554824
36.766936 146.876557
36.766936 145.520022
36.766936 144.841755
36.766936 144.163488
36.766936 143.485221
36.766936 142.806954
36.766936 142.128687
37.445203 141.450420
37.445203 140.772153
37.445203 140.093885
38.123471 139.415618
38.123471 138.737351
38.123471 138.059084
38.123471 137.380817
38.801738 136.702550
38.801738 136.024283
38.801738 135.346016
39.480005 134.667748
39.480005 133.989481
39.480005 133.311214
40.158272 132.632947
40.158272 131.954680
40.158272 131.276413
40.836539 130.598146
40.836539 129.919879
40.836539 129.241611
41.514806 128.563344
41.514806 127.885077
41.514806 127.206810
42.193073 126.528543
42.193073 125.850276
42.193073 125.172009
42.871340 124.493742
42.871340 123.137207
42.871340 122.458940
42.871340 121.780673
43.549608 121.102406
43.549608 120.424139
43.549608 119.745872
44.227875 119.067605
44.906142 118.389338
45.584409 117.711070
45.584409 117.032803
46.262676 116.354536
46.940943 115.676269
47.619210 114.319735
48.297477 113.641468
48.297477 112.963201
48.975745 112.284933
49.654012 110.928399
50.332279 110.250132
51.010546 109.571865
51.688813 108.893598
51.688813 108.215331
52.367080 106.858796
53.045347 106.180529
53.723614 105.502262
54.401882 104.823995
54.401882 103.467461
55.080149 102.789194
55.758416 102.110927
56.436683 101.432659
57.114950 100.076125
57.793217 99.397858
57.793217 98.719591
58.471484 98.041324
59.149751 96.684790
59.828019 96.006522
60.506286 95.328255
61.184553 94.649988
61.862820 93.971721
62.541087 93.293454
63.897621 92.615187
64.575888 91.936920
65.254156 91.258653
65.932423 90.580385
66.610690 89.223851
67.288957 88.545584
67.967224 87.867317
69.323758 87.189050
70.002025 86.510783
70.680293 85.832516
71.358560 85.154249
72.036827 84.475981
72.715094 83.797714
73.393361 83.119447
74.749895 81.762913
75.428162 81.762913
76.106429 81.084646
76.784697 80.406379
77.462964 80.406379
78.819498 79.728112
79.497765 79.728112
80.176032 79.049844
80.854299 79.049844
81.532566 78.371577
82.889101 78.371577
83.567368 77.693310
84.245635 77.693310
84.923902 77.015043
85.602169 77.015043
86.958703 76.336776
87.636971 76.336776
88.315238 75.658509
88.993505 75.658509
90.350039 74.980242
91.028306 74.980242
91.706573 74.301975
92.384840 74.301975
93.063108 73.623707
94.419642 73.623707
95.097909 72.945440
95.776176 72.945440
96.454443 72.267173
97.132710 72.267173
97.810977 72.267173
98.489245 72.267173
99.167512 72.267173
99.845779 71.588906
100.524046 71.588906
101.202313 71.588906
101.880580 71.588906
102.558847 71.588906
103.237114 70.910639
103.915382 70.910639
104.593649 70.910639
105.271916 70.910639
105.950183 70.910639
106.628450 70.910639
107.306717 70.232372
107.984984 70.232372
108.663251 70.232372
109.341518 70.232372
110.019786 70.232372
110.698053 69.554105
111.376320 69.554105
112.054587 69.554105
112.732854 69.554105
113.411121 69.554105
114.089388 69.554105
114.767655 70.232372
115.445923 70.232372
116.802457 70.232372
117.480724 70.232372
118.158991 70.910639
118.837258 70.910639
119.515525 70.910639
120.193792 70.910639
120.872060 71.588906
121.550327 71.588906
122.228594 71.588906
122.906861 71.588906
123.585128 72.267173
124.263395 72.267173
124.941662 72.267173
125.619929 72.267173
126.298197 72.267173
126.976464 72.267173
127.654731 72.945440
128.332998 73.623707
129.011265 74.301975
129.011265 74.980242
129.689532 76.336776
130.367799 77.015043
130.367799 77.693310
131.046066 78.371577
131.724334 79.049844
131.724334 79.728112
132.402601 80.406379
133.080868 81.762913
133.759135 82.441180
133.759135 83.119447
133.759135 83.797714
134.437402 84.475981
134.437402 85.154249
134.437402 85.832516
134.437402 86.510783
134.437402 87.189050
134.437402 87.867317
134.437402 88.545584
134.437402 89.223851
134.437402 89.902118
134.437402 90.580385
135.115669 91.258653
135.793936 91.258653
135.115669 91.936920
135.115669 92.615187
135.115669 93.293454
135.115669 93.971721
