153.792728 80.725846
153.792728 81.508292
153.792728 82.290738
153.010281 83.073185
151.445388 83.855631
151.445388 84.638078
150.662942 85.420524
149.880495 85.420524
149.098049 86.202971
148.315603 86.985417
147.533156 87.767864
146.750710 87.767864
145.968263 88.550310
145.185817 89.332757
144.403370 90.115203
143.620924 90.115203
142.838477 90.115203
142.056031 90.897649
141.273584 90.897649
140.491138 91.680096
139.708692 92.462542
138.926245 93.244989
138.143799 93.244989
137.361352 94.027435
136.578906 94.027435
135.796459 94.809882
135.014013 95.592328
134.231566 96.374775
133.449120 96.374775
132.666673 97.157221
132.666673 97.939668
131.884227 98.722114
131.101781 99.504560
130.319334 100.287007
129.536888 101.069453
128.754441 101.851900
127.971995 102.634346
127.189548 103.416793
126.407102 104.199239
125.624655 104.981686
125.624655 105.764132
124.842209 106.546579
124.842209 107.329025
124.059763 108.111471
124.059763 108.893918
123.277316 109.676364
123.277316 110.458811
122.494870 111.241257
122.494870 112.023704
122.494870 112.806150
121.712423 113.588597
121.712423 114.371043
121.712423 115.153489
120.929977 115.935936
120.929977 116.718382
120.929977 117.500829
120.147530 118.283275
120.147530 119.065722
119.365084 119.848168
119.365084 120.630615
119.365084 121.413061
119.365084 122.195508
119.365084 122.977954
118.582637 123.760400
118.582637 124.542847
118.582637 125.325293
118.582637 126.107740
118.582637 126.890186
118.582637 127.672633
118.582637 128.455079
118.582637 129.237526
118.582637 130.019972
118.582637 130.802419
118.582637 131.584865
118.582637 132.367311
118.582637 133.149758
118.582637 133.932204
118.582637 134.714651
118.582637 135.497097
118.582637 136.279544
118.582637 137.061990
118.582637 137.844437
118.582637 138.626883
118.582637 139.409329
118.582637 140.191776
119.365084 140.974222
119.365084 141.756669
119.365084 142.539115
119.365084 143.321562
119.365084 144.104008
120.147530 144.886455
120.147530 145.668901
120.147530 146.451348
120.147530 147.233794
120.929977 148.016240
120.929977 148.798687
120.929977 149.581133
121.712423 150.363580
121.712423 151.146026
121.712423 151.928473
122.494870 152.710919
122.494870 153.493366
122.494870 154.275812
122.494870 155.058259
121.712423 155.840705
121.712423 156.623151
120.929977 157.405598
120.929977 158.188044
120.147530 158.970491
120.147530 159.752937
120.147530 160.535384
119.365084 161.317830
119.365084 162.100277
119.365084 162.882723
117.800191 163.665170
117.017744 164.447616
116.235298 165.230062
115.452852 165.230062
114.670405 165.230062
113.887959 166.012509
113.105512 166.794955
112.323066 166.794955
111.540619 166.794955
110.758173 166.794955
109.975726 166.794955
109.193280 166.794955
108.410833 166.794955
107.628387 166.794955
106.845941 166.794955
106.063494 166.794955
105.281048 166.794955
104.498601 166.794955
103.716155 166.794955
102.933708 166.794955
102.151262 166.794955
101.368815 166.794955
100.586369 166.794955
99.803922 166.794955
99.021476 166.794955
98.239030 166.794955
97.456583 166.794955
96.674137 166.794955
95.891690 166.794955
95.109244 166.794955
94.326797 166.012509
93.544351 166.012509
92.761904 165.230062
91.979458 165.230062
91.197012 165.230062
90.414565 165.230062
89.632119 164.447616
88.849672 163.665170
88.067226 163.665170
87.284779 162.882723
86.502333 162.882723
85.719886 162.100277
84.937440 162.100277
84.154993 161.317830
83.372547 161.317830
82.590101 160.535384
81.807654 160.535384
81.025208 160.535384
80.242761 159.752937
79.460315 159.752937
78.677868 158.970491
77.895422 158.970491
77.112975 158.188044
76.330529 158.188044
75.548082 157.405598
74.765636 157.405598
73.983190 156.623151
73.200743 155.840705
72.418297 155.840705
71.635850 155.058259
70.853404 155.058259
70.070957 155.058259
69.288511 154.275812
68.506064 154.275812
67.723618 153.493366
66.941172 153.493366
66.158725 152.710919
65.376279 151.928473
64.593832 151.928473
63.811386 151.146026
63.028939 151.146026
62.246493 150.363580
61.464046 150.363580
60.681600 149.581133
59.899153 149.581133
59.116707 148.798687
58.334261 148.016240
57.551814 148.016240
56.769368 147.233794
55.986921 146.451348
55.204475 145.668901
54.422028 144.886455
53.639582 144.104008
52.857135 143.321562
52.074689 142.539115
51.292242 141.756669
50.509796 140.974222
49.727350 140.191776
49.727350 139.409329
48.944903 138.626883
48.944903 137.844437
48.162457 136.279544
47.380010 135.497097
47.380010 134.714651
46.597564 133.932204
46.597564 133.149758
45.815117 132.367311
45.032671 131.584865
45.032671 130.802419
44.250224 130.019972
44.250224 129.237526
44.250224 128.455079
44.250224 127.672633
44.250224 126.890186
44.250224 126.107740
44.250224 125.325293
44.250224 124.542847
44.250224 123.760400
44.250224 122.977954
44.250224 122.195508
45.032671 121.413061
45.032671 120.630615
45.032671 119.848168
45.032671 119.065722
45.032671 118.283275
45.032671 117.500829
45.815117 116.718382
45.815117 115.935936
45.815117 115.153489
45.815117 114.371043
45.815117 113.588597
45.815117 112.806150
45.815117 112.023704
45.815117 111.241257
46.597564 110.458811
46.597564 109.676364
46.597564 108.893918
47.380010 108.111471
47.380010 107.329025
48.162457 106.546579
48.944903 105.764132
48.944903 104.981686
48.944903 104.199239
49.727350 103.416793
50.509796 102.634346
50.509796 101.851900
51.292242 101.069453
52.074689 100.287007
52.074689 99.504560
52.857135 98.722114
52.857135 97.939668
53.639582 97.157221
54.422028 96.374775
54.422028 95.592328
55.204475 94.809882
55.986921 94.027435
55.986921 93.244989
56.769368 92.462542
57.551814 91.680096
58.334261 91.680096
59.116707 90.897649
59.899153 90.115203
60.681600 89.332757
61.464046 88.550310
62.246493 87.767864
63.028939 87.767864
63.811386 86.985417
64.593832 86.202971
65.376279 85.420524
66.158725 84.638078
66.941172 83.855631
67.723618 83.073185
68.506064 83.073185
69.288511 81.508292
70.070957 80.725846
70.853404 79.943399
71.635850 79.160953
72.418297 78.378506
73.200743 78.378506
73.983190 77.596060
74.765636 76.813613
75.548082 76.031167
76.330529 75.248720
77.112975 74.466274
77.895422 74.466274
78.677868 73.683828
79.460315 72.901381
80.242761 72.901381
81.025208 72.901381
81.807654 72.118935
82.590101 71.336488
83.372547 70.554042
84.154993 70.554042
84.937440 69.771595
85.719886 68.989149
86.502333 68.989149
87.284779 68.206702
88.067226 67.424256
88.849672 67.424256
89.632119 66.641809
90.414565 65.859363
91.197012 65.859363
91.979458 65.076917
92.761904 64.294470
93.544351 64.294470
94.326797 63.512024
95.109244 62.729577
95.891690 61.947131
96.674137 61.164684
97.456583 61.164684
98.239030 60.382238
99.021476 59.599791
99.803922 59.599791
100.586369 58.817345
101.368815 58.034898
102.151262 57.252452
102.933708 57.252452
103.716155 56.470006
104.498601 56.470006
105.281048 55.687559
106.063494 54.905113
106.845941 54.122666
107.628387 54.122666
108.410833 54.122666
109.193280 53.340220
109.975726 53.340220
110.758173 53.340220
111.540619 53.340220
112.323066 52.557773
113.105512 52.557773
113.887959 52.557773
114.670405 52.557773
115.452852 51.775327
116.235298 51.775327
117.017744 51.775327
117.800191 51.775327
118.582637 51.775327
119.365084 50.992880
120.147530 50.992880
120.929977 50.992880
121.712423 50.992880
122.494870 50.210434
123.277316 50.210434
124.059763 50.210434
124.842209 50.210434
125.624655 49.427988
126.407102 49.427988
127.189548 49.427988
128.754441 49.427988
129.536888 49.427988
130.319334 49.427988
131.101781 49.427988
131.884227 48.645541
132.666673 48.645541
133.449120 48.645541
134.231566 48.645541
135.014013 48.645541
135.796459 49.427988
136.578906 49.427988
137.361352 50.210434
138.143799 50.210434
138.926245 50.992880
139.708692 50.992880
140.491138 50.992880
141.273584 50.992880
142.056031 51.775327
142.838477 51.775327
143.620924 51.775327
144.403370 51.775327
145.185817 51.775327
145.968263 51.775327
146.750710 51.775327
147.533156 51.775327
148.315603 52.557773
149.098049 53.340220
149.880495 54.122666
149.880495 54.905113
150.662942 55.687559
151.445388 56.470006
151.445388 57.252452
152.227835 58.034898
153.010281 58.817345
153.792728 59.599791
154.575174 60.382238
155.357621 61.164684
155.357621 61.947131
155.357621 62.729577
156.140067 63.512024
156.922513 64.294470
156.922513 65.076917
156.922513 65.859363
156.922513 66.641809
156.922513 67.424256
156.922513 68.206702
156.922513 68.989149
156.922513 69.771595
156.922513 70.554042
156.922513 71.336488
156.922513 72.118935
156.922513 72.901381
156.922513 73.683828
156.922513 74.466274
156.922513 75.248720
156.140067 76.031167
156.140067 76.813613
155.357621 77.596060
154.575174 78.378506
154.575174 79.160953
153.792728 79.943399
153.792728 80.725846
153.010281 81.508292
153.792728 80.725846
