120.161849 98.928133
120.161849 99.380722
120.614439 99.833312
120.614439 100.285901
120.614439 100.738491
121.067028 101.191080
121.067028 101.643670
121.067028 102.096259
121.067028 102.548848
121.519617 103.454027
121.067028 103.906617
120.614439 104.359206
120.161849 104.359206
120.161849 104.811795
119.709260 105.264385
119.256670 105.716974
118.804081 106.169564
118.351492 106.622153
117.898902 107.074742
117.898902 107.527332
117.446313 107.979921
116.993723 108.432511
116.541134 108.885100
116.541134 109.337689
116.088544 109.790279
115.635955 110.242868
115.635955 110.695458
115.183366 111.148047
114.730776 111.600636
114.730776 112.053226
114.278187 112.505815
113.825597 112.958405
113.825597 113.410994
113.373008 113.863584
113.373008 114.316173
112.920419 114.768762
112.920419 115.221352
112.467829 115.673941
112.467829 116.126531
112.015240 116.579120
112.015240 117.031709
111.562650 117.484299
111.562650 117.936888
111.562650 118.389478
111.110061 118.842067
111.110061 119.294656
110.657472 119.747246
110.657472 120.199835
110.657472 120.652425
110.204882 121.105014
110.204882 121.557603
110.204882 122.010193
109.752293 122.462782
109.752293 122.915372
109.752293 123.367961
109.752293 123.820550
109.299703 124.273140
109.299703 124.725729
109.299703 125.178319
109.299703 125.630908
108.847114 126.083498
108.847114 126.536087
108.847114 126.988676
108.847114 127.441266
108.847114 127.893855
108.847114 128.346445
108.394525 128.799034
108.394525 129.251623
108.394525 129.704213
108.394525 130.156802
108.394525 130.609392
108.394525 131.061981
108.394525 131.514570
108.394525 131.967160
108.394525 132.419749
108.394525 132.872339
108.394525 133.324928
108.394525 133.777517
108.394525 134.230107
108.394525 134.682696
108.394525 134.230107
108.394525 134.682696
108.394525 135.135286
108.394525 135.587875
108.394525 136.040464
108.394525 136.493054
108.394525 136.945643
108.394525 137.398233
108.394525 137.850822
108.394525 138.303412
108.394525 138.756001
108.394525 139.208590
108.394525 139.661180
108.394525 140.113769
108.394525 140.566359
108.394525 141.018948
108.394525 141.471537
108.394525 141.924127
108.394525 142.376716
108.394525 142.829306
108.847114 143.281895
108.847114 143.734484
108.847114 144.187074
108.847114 144.639663
108.847114 145.092253
108.847114 145.544842
108.847114 145.997431
109.299703 145.997431
109.299703 146.450021
109.299703 145.997431
109.299703 146.450021
109.299703 145.997431
109.299703 146.450021
109.299703 146.902610
109.299703 146.450021
109.299703 146.902610
109.299703 147.355200
109.299703 147.807789
109.752293 147.807789
109.752293 148.260378
109.752293 147.807789
109.752293 148.260378
109.752293 147.807789
109.752293 148.260378
109.752293 148.712968
109.752293 149.165557
110.204882 149.618147
110.204882 150.070736
110.204882 150.523326
110.204882 150.975915
110.657472 150.975915
110.657472 151.428504
110.657472 150.975915
110.657472 151.428504
110.657472 150.975915
110.657472 151.428504
110.657472 151.881094
110.657472 152.333683
111.110061 152.333683
111.110061 152.786273
111.562650 153.238862
111.562650 153.691451
111.562650 154.144041
112.015240 154.596630
112.015240 155.049220
112.015240 154.596630
112.015240 155.049220
112.015240 155.501809
112.467829 155.501809
112.467829 155.954398
112.920419 156.406988
112.920419 156.859577
113.373008 157.312167
113.373008 157.764756
113.825597 158.217345
113.825597 158.669935
114.278187 159.122524
114.278187 159.575114
114.730776 159.575114
114.730776 160.027703
114.730776 159.575114
114.730776 160.027703
115.183366 160.480292
115.635955 160.932882
115.635955 161.385471
116.088544 161.838061
116.088544 162.290650
116.541134 162.290650
116.541134 162.743240
116.541134 163.195829
116.993723 163.195829
117.446313 163.648418
117.898902 164.101008
117.898902 164.553597
118.351492 165.006187
118.804081 165.458776
119.256670 165.911365
119.256670 166.363955
119.709260 166.363955
120.161849 166.816544
120.614439 167.269134
120.614439 168.174312
120.614439 168.626902
120.614439 169.532081
120.614439 169.984670
120.614439 170.889849
120.614439 171.795028
120.614439 172.247617
120.161849 172.700206
119.709260 172.700206
119.256670 172.700206
118.351492 173.152796
117.898902 173.152796
117.446313 173.605385
116.993723 173.605385
116.541134 174.057975
115.635955 174.057975
115.183366 174.057975
114.730776 174.510564
114.278187 174.510564
113.373008 174.963154
112.920419 174.963154
112.467829 174.963154
112.015240 175.415743
111.562650 175.415743
110.657472 175.868332
110.204882 175.868332
109.752293 176.320922
109.299703 175.868332
108.847114 175.868332
108.394525 175.868332
107.941935 175.868332
107.036756 175.868332
106.584167 175.415743
106.131578 175.415743
105.678988 175.415743
105.226399 175.415743
104.773809 174.963154
104.321220 174.963154
103.868630 174.963154
103.416041 174.963154
102.963452 174.963154
102.058273 174.510564
101.605683 174.510564
101.153094 174.510564
100.700505 174.510564
100.247915 174.057975
99.795326 174.057975
99.342736 174.057975
98.890147 174.057975
98.437558 174.057975
97.984968 173.605385
97.079789 173.605385
96.627200 173.605385
96.174611 173.605385
95.722021 173.152796
95.269432 173.152796
94.816842 173.152796
94.364253 173.152796
93.911664 173.152796
93.459074 172.700206
93.006485 172.700206
92.101306 172.247617
91.648716 172.247617
91.196127 171.795028
90.743538 171.342438
90.290948 171.342438
89.838359 170.889849
89.385769 170.889849
88.933180 170.437259
88.480591 169.984670
88.028001 169.984670
87.575412 169.532081
87.122822 169.079491
86.670233 169.079491
86.217644 168.626902
85.765054 168.626902
85.312465 168.174312
84.407286 167.721723
83.954697 167.721723
83.502107 167.269134
83.049518 166.816544
82.596928 166.816544
82.144339 166.363955
81.691750 166.363955
81.239160 165.911365
80.786571 165.458776
80.333981 165.458776
79.881392 165.006187
79.428802 164.553597
78.976213 164.553597
78.523624 164.101008
78.071034 164.101008
77.618445 163.648418
77.165855 163.195829
76.713266 163.195829
75.808087 162.743240
75.355498 162.290650
74.902908 161.838061
74.450319 161.385471
73.997730 160.932882
73.545140 160.480292
73.092551 160.027703
72.639961 159.575114
72.187372 159.122524
71.734783 158.669935
71.282193 158.217345
70.829604 157.764756
69.924425 156.859577
69.471836 156.406988
69.019246 155.954398
68.566657 155.501809
68.114067 155.049220
67.661478 154.596630
67.208888 154.144041
66.756299 153.691451
66.756299 152.786273
66.756299 152.333683
67.208888 151.881094
67.208888 151.428504
67.661478 150.975915
67.661478 150.523326
67.661478 150.070736
68.114067 149.618147
68.114067 149.165557
68.566657 148.712968
68.566657 147.807789
68.566657 147.355200
69.019246 146.902610
69.019246 146.450021
69.471836 145.997431
69.471836 145.544842
69.471836 145.092253
69.924425 144.639663
69.924425 144.187074
70.377014 143.734484
70.377014 142.829306
70.377014 142.376716
70.829604 141.924127
70.829604 141.471537
71.282193 141.018948
71.282193 140.566359
71.734783 140.113769
71.734783 139.661180
71.734783 139.208590
72.187372 138.756001
72.187372 137.850822
72.639961 137.398233
72.639961 136.945643
72.639961 136.493054
72.639961 136.040464
72.639961 135.587875
72.639961 135.135286
72.639961 134.682696
72.639961 134.230107
72.639961 133.777517
72.639961 133.324928
72.639961 132.419749
72.639961 131.967160
72.639961 131.514570
72.639961 131.061981
72.639961 130.609392
72.639961 130.156802
72.639961 129.704213
72.639961 129.251623
72.639961 128.799034
72.639961 128.346445
72.639961 127.893855
72.639961 127.441266
72.639961 126.988676
72.639961 126.536087
72.639961 125.630908
72.639961 125.178319
72.639961 124.725729
73.092551 124.273140
73.545140 123.820550
73.997730 123.367961
74.450319 122.915372
74.902908 122.462782
74.902908 121.557603
75.355498 121.105014
75.808087 120.652425
76.260677 120.199835
76.713266 119.747246
77.165855 119.294656
77.618445 118.389478
78.071034 117.936888
78.523624 117.484299
78.976213 117.031709
79.428802 116.579120
79.881392 115.673941
80.333981 115.673941
80.786571 115.221352
81.239160 114.768762
81.691750 114.316173
82.144339 114.316173
83.049518 113.863584
83.502107 113.410994
83.954697 112.958405
84.407286 112.958405
84.859875 112.505815
85.312465 112.053226
85.765054 111.600636
86.217644 111.148047
87.122822 111.148047
87.122822 110.695458
87.575412 110.242868
88.028001 109.790279
88.480591 109.337689
88.480591 108.885100
89.385769 108.432511
89.838359 107.979921
90.290948 107.979921
90.743538 107.527332
91.648716 107.074742
92.101306 107.074742
92.553895 106.622153
93.006485 106.169564
93.459074 106.169564
94.364253 105.716974
94.816842 105.264385
95.269432 105.264385
95.722021 104.811795
96.174611 104.359206
97.079789 104.359206
97.532379 103.906617
97.984968 103.454027
98.437558 103.454027
98.890147 103.001438
99.795326 102.548848
100.247915 102.548848
100.700505 102.096259
101.153094 101.643670
102.058273 101.643670
102.510862 101.191080
102.963452 100.738491
103.416041 100.738491
103.868630 100.285901
104.773809 99.833312
105.226399 99.833312
105.678988 99.380722
106.131578 98.928133
106.584167 98.928133
107.036756 98.928133
107.941935 98.475544
108.394525 98.475544
108.847114 98.475544
109.752293 98.475544
110.204882 98.475544
110.657472 98.475544
111.562650 98.475544
112.015240 98.022954
112.467829 98.022954
113.373008 98.022954
113.825597 98.022954
114.278187 98.022954
115.183366 98.022954
115.635955 97.570365
116.088544 97.570365
116.993723 97.570365
117.446313 97.570365
117.898902 97.570365
118.804081 97.570365
119.256670 97.570365
119.709260 97.117775
120.161849 97.117775
121.067028 97.117775
121.519617 97.117775
121.519617 97.570365
121.067028 98.022954
120.614439 98.475544
120.161849 98.928133
