127.924807 98.573200
127.409958 99.088049
127.924807 99.088049
127.409958 99.602898
126.895109 100.117747
126.380259 100.632597
125.865410 100.632597
125.865410 101.147446
125.350561 101.662295
124.835712 101.662295
124.835712 102.177144
124.320863 102.177144
123.806013 102.691993
123.291164 103.206843
122.776315 103.206843
122.776315 103.721692
122.261466 104.236541
122.261466 104.751390
121.746617 105.266239
121.231767 105.781089
120.716918 106.295938
120.202069 106.810787
119.687220 107.325636
119.172370 107.840485
119.172370 108.355335
118.657521 108.870184
118.142672 109.385033
118.142672 109.899882
117.627823 110.414731
117.112974 110.929581
117.112974 111.444430
116.598124 111.959279
116.598124 112.474128
116.083275 112.988977
115.568426 113.503827
115.568426 114.018676
115.053577 114.533525
115.053577 115.048374
114.538728 115.563223
114.538728 116.078073
114.023878 116.592922
114.023878 117.107771
114.023878 117.622620
113.509029 118.137470
113.509029 118.652319
112.994180 119.167168
112.994180 119.682017
112.994180 120.196866
112.479331 120.711716
112.479331 121.226565
112.479331 121.741414
111.964482 122.256263
111.964482 122.771112
111.964482 123.285962
111.964482 123.800811
111.449632 124.315660
111.449632 124.830509
111.449632 125.345358
111.449632 125.860208
111.449632 126.375057
110.934783 126.889906
110.934783 127.404755
110.934783 127.919604
110.934783 128.434454
110.934783 128.949303
110.934783 129.464152
110.934783 129.979001
110.934783 130.493850
110.934783 131.008700
110.419934 131.523549
110.419934 132.038398
110.419934 132.553247
110.419934 133.068096
110.419934 133.582946
110.419934 134.097795
110.419934 134.612644
110.419934 135.127493
110.419934 135.642342
110.419934 136.157192
110.419934 136.672041
110.419934 137.186890
110.419934 137.701739
110.419934 138.216589
110.419934 138.731438
110.419934 139.246287
110.934783 139.761136
110.934783 140.275985
110.934783 140.790835
110.934783 141.305684
110.934783 141.820533
110.934783 142.335382
110.934783 142.850231
110.934783 143.365081
110.934783 143.879930
111.449632 144.394779
111.449632 144.909628
111.449632 145.424477
111.449632 145.939327
111.449632 146.454176
111.964482 146.969025
111.964482 147.483874
111.964482 147.998723
111.964482 148.513573
111.964482 149.028422
112.479331 149.028422
112.479331 149.543271
112.479331 150.058120
112.994180 150.572969
112.994180 151.087819
112.994180 151.602668
113.509029 152.117517
113.509029 152.632366
114.023878 153.147215
114.023878 153.662065
114.023878 154.176914
114.538728 154.691763
114.538728 155.206612
115.053577 155.721461
115.053577 156.236311
115.053577 156.751160
115.568426 156.751160
115.568426 157.266009
116.083275 157.780858
116.083275 158.295707
116.083275 158.810557
116.598124 158.810557
116.598124 159.325406
117.112974 159.325406
117.112974 159.840255
117.112974 160.355104
117.627823 160.355104
117.627823 160.869954
118.142672 161.384803
118.142672 161.899652
118.657521 161.899652
118.657521 162.414501
119.172370 162.929350
119.172370 163.444200
119.687220 163.444200
119.687220 163.959049
120.202069 164.473898
120.716918 164.988747
121.231767 165.503596
121.231767 166.018446
121.746617 166.018446
122.261466 166.533295
122.776315 167.048144
122.776315 167.562993
122.776315 168.077842
123.291164 168.077842
123.806013 168.592692
123.806013 169.107541
123.806013 170.137239
123.806013 170.652088
123.806013 171.681787
123.291164 172.196636
123.291164 172.711485
122.776315 173.226334
122.261466 173.741184
121.746617 174.256033
121.746617 175.285731
121.231767 175.800580
120.716918 176.315430
120.202069 176.830279
120.202069 177.345128
119.687220 177.859977
119.172370 177.859977
118.657521 177.859977
118.142672 177.859977
117.627823 177.859977
117.112974 177.859977
116.598124 177.859977
115.568426 177.859977
115.053577 177.859977
114.538728 177.859977
114.023878 177.859977
113.509029 178.374826
112.994180 178.374826
112.479331 178.374826
111.964482 178.374826
111.449632 178.374826
110.934783 178.374826
110.419934 178.374826
109.905085 178.374826
109.390236 178.374826
108.360537 178.374826
107.845688 178.374826
107.330839 178.374826
106.815990 178.374826
106.301140 178.374826
105.786291 178.374826
105.271442 178.374826
104.241744 178.374826
103.726894 178.374826
103.212045 178.374826
102.697196 178.374826
102.182347 178.374826
101.667498 178.374826
100.637799 178.374826
100.122950 178.374826
99.608101 178.374826
99.093251 178.374826
98.578402 178.374826
98.063553 177.859977
97.033855 177.859977
96.519005 177.345128
96.004156 177.345128
95.489307 176.830279
94.459609 176.830279
93.944759 176.315430
93.429910 176.315430
92.915061 175.800580
92.400212 175.800580
91.370513 175.285731
90.855664 174.770882
90.340815 174.770882
89.825966 174.256033
88.796267 174.256033
88.281418 173.741184
87.766569 173.741184
87.251720 173.226334
86.222021 173.226334
85.707172 172.711485
85.192323 172.196636
84.677474 172.196636
84.162625 171.681787
83.647775 171.681787
83.132926 171.166938
82.618077 171.166938
82.103228 170.652088
81.588379 170.137239
81.073529 170.137239
80.043831 169.622390
79.528982 169.622390
79.014132 169.107541
78.499283 169.107541
77.984434 168.592692
77.469585 168.077842
76.954736 168.077842
76.439886 167.562993
75.925037 167.562993
75.410188 167.048144
74.895339 166.533295
74.380490 166.533295
73.865640 166.018446
73.350791 166.018446
72.835942 165.503596
72.321093 165.503596
71.291394 164.988747
70.776545 164.473898
70.261696 164.473898
69.746847 163.959049
69.231998 163.959049
68.717148 163.444200
68.202299 162.929350
67.687450 162.929350
67.172601 162.414501
67.172601 161.899652
66.657752 161.384803
66.142902 160.355104
66.142902 159.840255
65.628053 159.325406
65.113204 158.810557
65.113204 158.295707
64.598355 157.780858
64.598355 157.266009
64.083506 156.751160
63.568656 155.721461
63.568656 155.206612
63.053807 154.691763
62.538958 154.176914
62.538958 153.662065
62.024109 153.147215
61.509260 152.632366
61.509260 151.602668
60.994410 151.087819
61.509260 150.572969
61.509260 150.058120
62.024109 149.543271
62.024109 149.028422
62.538958 148.513573
62.538958 147.483874
63.053807 146.969025
63.053807 146.454176
63.568656 145.939327
63.568656 145.424477
64.083506 144.909628
64.083506 143.879930
64.598355 143.365081
64.598355 142.850231
65.113204 142.335382
65.113204 141.820533
65.628053 141.305684
65.628053 140.275985
66.142902 139.761136
66.142902 139.246287
66.657752 138.731438
66.657752 138.216589
67.172601 137.701739
67.172601 137.186890
67.687450 136.157192
67.687450 135.642342
67.687450 135.127493
67.687450 134.612644
67.687450 134.097795
67.687450 133.582946
67.687450 133.068096
67.687450 132.553247
67.687450 132.038398
67.687450 131.523549
67.687450 131.008700
67.687450 130.493850
67.687450 129.464152
67.687450 128.949303
67.687450 128.434454
67.687450 127.919604
67.687450 127.404755
67.687450 126.889906
67.687450 125.860208
67.687450 125.345358
67.687450 124.830509
67.687450 124.315660
67.687450 123.800811
67.687450 123.285962
68.202299 122.771112
68.717148 122.256263
69.231998 121.741414
69.231998 120.711716
69.746847 120.196866
70.261696 119.682017
70.776545 119.167168
71.291394 118.652319
71.806244 118.137470
72.321093 117.622620
72.321093 117.107771
72.835942 116.592922
73.350791 116.078073
73.865640 115.563223
74.380490 115.048374
74.895339 114.533525
75.410188 114.018676
75.410188 113.503827
75.925037 112.988977
76.439886 112.474128
76.954736 111.959279
77.469585 111.444430
77.984434 110.929581
78.499283 110.414731
78.499283 109.899882
79.528982 109.385033
80.043831 108.870184
80.558680 108.870184
81.073529 108.355335
81.588379 107.840485
82.103228 107.840485
82.618077 107.325636
83.647775 106.810787
84.162625 106.295938
84.677474 106.295938
85.192323 105.781089
85.707172 105.266239
86.222021 105.266239
86.736871 104.751390
87.251720 104.236541
88.281418 103.721692
88.796267 103.721692
89.311117 103.206843
89.825966 102.691993
90.340815 102.691993
90.855664 102.177144
91.370513 101.662295
91.885363 101.662295
92.915061 101.147446
93.429910 100.632597
93.944759 100.117747
94.459609 100.117747
94.974458 99.602898
95.489307 99.088049
96.004156 99.088049
96.519005 98.573200
97.548704 98.058351
98.063553 97.543501
98.578402 97.543501
99.093251 97.543501
99.608101 97.028652
100.637799 97.028652
101.152648 97.028652
101.667498 96.513803
102.182347 96.513803
102.697196 96.513803
103.726894 95.998954
104.241744 95.998954
104.756593 95.484105
105.271442 95.484105
105.786291 95.484105
106.815990 94.969255
107.330839 94.969255
107.845688 94.969255
108.360537 94.454406
108.875386 94.454406
109.905085 94.454406
110.419934 93.939557
110.934783 93.939557
111.449632 93.939557
111.964482 93.424708
112.994180 93.424708
113.509029 93.424708
114.023878 93.424708
114.538728 93.424708
115.053577 93.424708
116.083275 93.424708
116.598124 93.424708
117.112974 93.424708
117.627823 93.424708
118.142672 93.424708
119.172370 93.424708
119.687220 93.424708
120.202069 93.424708
120.716918 93.424708
121.231767 93.424708
122.261466 93.424708
122.776315 93.424708
123.291164 93.424708
123.806013 93.424708
123.806013 93.939557
124.320863 94.454406
124.835712 94.969255
124.835712 95.484105
125.350561 95.484105
125.350561 95.998954
125.865410 95.998954
126.380259 96.513803
126.895109 97.028652
127.409958 97.543501
127.924807 97.543501
127.924807 98.058351
127.924807 98.573200
