149.311077 81.472309
149.277638 82.207980
148.909802 82.943651
148.642286 83.679322
147.906615 84.214355
147.170944 84.816268
146.435273 84.816268
145.699602 84.816268
144.963931 85.485060
144.228260 85.485060
143.492589 86.153851
142.756918 86.688885
142.021247 86.822643
141.285576 86.822643
140.549905 87.558314
139.814234 88.160227
139.078563 88.160227
138.342892 88.829019
137.607221 88.829019
136.871550 89.497810
136.135879 90.166602
135.400208 90.701636
134.664537 90.835394
133.928866 91.504186
133.193195 92.239857
132.457524 92.975528
131.721853 93.510561
130.986182 94.179353
130.250511 94.848145
129.514840 94.848145
128.779169 95.516937
128.511652 96.252608
127.775981 96.988279
127.040310 97.723950
126.572156 98.459621
126.237760 99.195292
125.502089 99.930963
124.766418 100.666634
124.030747 101.402305
123.295076 102.137976
123.228197 102.873647
122.492526 103.609318
121.890613 104.344989
121.689975 105.080660
120.954304 105.816331
120.553029 106.552002
120.151754 107.287673
119.884238 108.023344
119.349204 108.759015
119.215446 109.494686
118.546654 110.230357
118.479775 110.966028
117.877862 111.701699
117.677225 112.437370
117.209070 113.173041
116.874674 113.908712
116.540278 114.644383
116.540278 115.380054
116.005245 116.115725
115.871487 116.851396
115.871487 117.587067
115.804607 118.322738
115.202695 119.058409
115.202695 119.794080
115.202695 120.529751
114.868299 121.265422
114.533903 122.001093
114.533903 122.736764
114.533903 123.472435
114.533903 124.208106
114.533903 124.943777
114.467024 125.679448
113.865111 126.415119
113.865111 127.150790
113.865111 127.886461
113.865111 128.622132
113.865111 129.357803
113.865111 130.093474
113.865111 130.829145
113.865111 131.564816
113.865111 132.300486
113.865111 133.036157
113.865111 133.771828
113.865111 134.507499
113.865111 135.243170
113.865111 135.978841
113.865111 136.714512
114.333265 137.450183
114.533903 138.185854
114.533903 138.921525
114.533903 139.657196
114.533903 140.392867
114.533903 141.128538
114.734541 141.864209
115.202695 142.599880
115.202695 143.335551
115.202695 144.071222
115.670849 144.806893
115.871487 145.542564
115.871487 146.278235
115.871487 147.013906
116.540278 147.749577
116.540278 148.485248
116.540278 149.220919
117.209070 149.956590
117.209070 150.692261
117.877862 151.427932
117.877862 152.163603
118.546654 152.899274
118.546654 153.634945
117.877862 154.370616
117.877862 155.106287
117.744104 155.841958
117.209070 156.577629
116.941554 157.313300
116.540278 158.048971
116.139003 158.784642
115.871487 159.520313
115.871487 160.255984
115.135816 160.456622
114.400145 161.192293
113.664474 161.927964
112.928803 162.396118
112.193132 162.730514
111.457461 163.466185
110.721790 163.733702
109.986119 164.268735
109.250448 164.402494
108.514777 164.402494
107.779106 164.402494
107.043435 164.402494
106.307764 164.402494
105.572093 164.402494
104.836422 164.402494
104.100751 164.402494
103.365080 164.402494
102.629409 164.402494
101.893738 164.402494
101.158067 164.402494
100.422396 164.335614
99.686725 163.733702
98.951054 163.533064
98.215383 162.797393
97.479712 162.396118
96.744041 162.396118
96.008370 161.927964
95.272699 161.727326
94.537028 161.125414
93.801357 161.058535
93.065686 160.690699
92.330015 160.255984
91.594344 159.720951
90.858673 159.453434
90.123002 159.052159
89.387331 158.851522
88.651660 158.483686
87.915989 157.848334
87.180318 157.714575
86.444647 157.045784
85.708976 156.978904
84.973305 156.376992
84.237634 156.376992
83.501963 156.109475
82.766292 155.373804
82.030621 155.039408
81.294950 154.571254
80.559279 154.370616
79.823608 154.370616
79.087937 153.701825
78.352266 153.033033
77.616595 152.899274
76.880924 152.364241
76.145253 152.364241
75.409582 152.029845
74.673911 151.294174
73.938240 151.026657
73.202569 150.491624
72.466898 150.357865
71.731227 150.357865
70.995556 149.622194
70.259885 149.020282
69.524214 148.819644
68.788543 148.351490
68.052872 148.184292
67.317201 147.816457
66.581530 147.682698
65.845859 147.147665
65.110188 146.411994
64.374517 146.345115
63.638846 145.676323
62.903175 145.542564
62.167504 145.007531
61.431833 144.740014
60.696162 144.338739
59.960491 144.338739
59.224820 143.870585
58.489149 143.669947
57.753478 143.068035
57.017807 143.001156
56.282136 142.332364
55.546465 142.198605
54.810794 141.663572
54.075123 141.396055
53.339452 140.660384
53.005056 139.924713
52.536902 139.189042
51.801231 138.453371
51.065560 137.717700
50.998681 136.982029
50.630845 136.246358
50.196131 135.510687
49.460460 134.775016
48.992305 134.039345
48.657909 133.303674
48.323513 132.568003
48.323513 131.832332
48.323513 131.096661
48.323513 130.360990
48.323513 129.625319
48.323513 128.889648
48.323513 128.153977
48.323513 127.418306
48.323513 126.682635
48.323513 125.946964
48.323513 125.211293
48.323513 124.475622
48.323513 123.739951
48.323513 123.004280
47.654722 122.268609
47.654722 121.532938
47.654722 120.797267
47.654722 120.061596
47.654722 119.325925
47.654722 118.590254
47.654722 117.854583
47.654722 117.118912
48.189755 116.383241
48.323513 115.647570
48.323513 114.911899
49.059184 114.176228
49.727976 113.440557
50.095812 112.704886
50.597406 111.969215
51.333077 111.233544
52.068748 110.497873
52.570341 109.762202
52.938177 109.026531
53.606969 108.290860
54.342640 107.555189
54.376079 106.819518
54.743915 106.083847
55.212069 105.348176
55.947740 104.612505
56.683411 103.876834
57.419082 103.141163
57.920676 102.405492
58.288511 101.669821
58.957303 100.934150
59.692974 100.198479
60.361766 99.462808
60.495524 98.727137
61.030558 97.991466
61.030558 97.255795
61.364954 96.520124
61.699350 95.784453
62.435021 95.149101
63.170692 94.714387
63.906363 93.978716
64.642034 93.243045
65.377705 92.674572
66.113376 92.306736
66.681849 91.571065
67.049684 90.835394
67.785355 90.133163
68.521026 89.765327
69.256697 89.297173
69.992368 88.561502
70.728039 87.993029
71.463710 87.625193
72.199381 87.023281
72.667535 86.287610
73.035371 85.551939
73.777730 85.130600
74.513401 84.709261
75.249072 83.973590
75.984743 83.358302
76.720414 82.990466
77.456085 82.435369
77.971055 81.699698
78.338890 80.964027
79.074561 80.475809
79.810232 80.081222
80.545903 79.345551
81.281574 78.703511
82.017245 78.335675
82.752916 77.807329
83.488587 77.071658
84.224258 76.335987
84.959929 75.600316
85.695600 75.453182
86.431271 74.797766
87.166942 74.062095
87.902613 73.446807
88.638284 73.446807
89.373955 73.192666
90.109626 72.456995
90.845297 71.721324
91.580968 70.985653
92.316639 70.249982
93.052310 70.102848
93.787981 69.447432
94.523652 68.711761
95.259323 67.976090
95.994994 67.427681
96.730665 67.173540
97.466336 66.437869
98.202007 65.702198
98.937678 64.966527
99.673349 64.230856
100.409020 64.083721
101.144691 63.756013
101.880362 63.361426
102.616033 62.625755
103.351704 61.890084
104.087375 61.408554
104.823046 61.087534
105.558717 60.739762
106.294388 60.739762
107.030059 60.739762
107.765730 60.151226
108.501401 59.415555
109.237072 59.375427
109.972743 59.007592
110.708414 58.546125
111.444085 58.064595
112.179756 57.743575
112.915427 57.395803
113.651098 56.941025
114.386769 56.466183
115.122440 56.098347
115.858111 56.058220
116.593782 55.335925
117.329453 54.720636
118.065124 54.720636
118.800795 54.720636
119.536466 54.720636
120.272137 54.720636
121.007808 54.720636
121.743479 54.720636
122.479150 54.720636
123.214821 54.065220
123.950492 54.051844
124.686163 54.051844
125.421834 54.051844
126.157505 54.051844
126.893176 54.051844
127.628847 54.051844
128.364518 54.051844
129.100189 54.051844
129.835860 54.051844
130.571531 54.051844
131.307202 54.051844
132.042873 54.051844
132.778544 54.051844
133.514215 54.051844
134.249886 54.051844
134.985557 54.051844
135.721228 54.051844
136.456899 54.051844
137.192570 54.051844
137.928241 54.051844
138.663912 54.051844
139.399583 54.051844
140.135254 54.051844
140.870925 54.051844
141.606596 54.372864
142.342267 54.720636
143.077938 54.720636
143.813609 54.720636
144.549280 55.309173
145.284951 56.044844
145.967118 56.780515
146.087501 57.516186
146.823172 58.251857
147.431772 58.987528
147.799608 59.723199
148.361393 60.458870
149.097064 61.194541
149.832735 61.930212
149.979869 62.665883
150.635285 63.401554
151.009809 64.137225
151.437835 64.872896
152.173506 65.608567
152.655036 66.344238
152.976057 67.079909
153.323828 67.815580
153.778607 68.551251
153.992620 69.286922
153.992620 70.022593
154.648036 70.758264
154.661412 71.493935
154.661412 72.229606
154.661412 72.965277
154.407271 73.700948
153.992620 74.436619
153.992620 75.172290
153.537842 75.907961
153.323828 76.643632
152.735291 77.379303
152.655036 78.114974
152.601533 78.850645
151.986245 79.586316
151.798983 80.321987
151.063312 80.803517
150.327641 81.124537
149.591970 81.472309
149.311077 81.472309
