121.465264 119.519920
121.784619 119.519920
121.784619 119.839274
122.103973 120.158629
122.103973 120.477983
122.423328 120.797338
122.423328 121.116693
122.103973 121.436047
121.784619 121.755402
121.784619 122.074756
121.465264 122.394111
121.145910 122.713465
121.145910 123.032820
120.826555 123.352174
120.826555 123.671529
120.507200 123.990884
120.507200 124.310238
120.187846 124.629593
120.187846 124.948947
119.868491 125.268302
119.868491 125.587656
119.549137 125.907011
119.549137 126.226365
119.229782 126.545720
119.229782 126.865075
119.229782 127.184429
118.910428 127.503784
118.910428 127.823138
118.591073 128.142493
118.591073 128.461847
118.591073 128.781202
118.271719 129.100556
118.271719 129.419911
118.271719 129.739266
117.952364 130.058620
117.952364 130.377975
117.952364 130.697329
117.952364 131.016684
117.633009 131.336038
117.633009 131.655393
117.633009 131.336038
117.633009 131.655393
117.633009 131.974747
117.633009 132.294102
117.633009 132.613456
117.313655 132.932811
117.313655 133.252166
117.313655 133.571520
117.313655 133.890875
117.313655 134.210229
117.313655 134.529584
116.994300 134.848938
116.994300 135.168293
116.994300 135.487647
116.994300 135.807002
116.994300 136.126357
116.994300 136.445711
116.994300 136.765066
116.994300 137.084420
116.994300 137.403775
116.994300 137.723129
116.994300 138.042484
116.994300 138.361838
116.994300 138.681193
116.994300 139.000548
116.994300 139.319902
116.994300 139.639257
116.994300 139.958611
116.994300 140.277966
116.994300 140.597320
116.994300 140.916675
116.994300 141.236029
116.994300 141.555384
116.994300 141.874739
116.994300 142.194093
116.994300 142.513448
117.313655 142.832802
117.313655 143.152157
117.313655 143.471511
117.313655 143.790866
117.313655 143.471511
117.313655 143.790866
117.313655 144.110220
117.313655 144.429575
117.633009 144.748930
117.633009 145.068284
117.633009 145.387639
117.633009 145.706993
117.633009 146.026348
117.633009 145.706993
117.633009 146.026348
117.633009 145.706993
117.633009 146.026348
117.633009 146.345702
117.952364 146.345702
117.952364 146.665057
117.952364 146.984411
117.952364 147.303766
117.952364 146.984411
117.952364 147.303766
117.952364 147.623121
118.271719 147.623121
118.271719 147.942475
118.271719 147.623121
118.271719 147.942475
118.271719 148.261830
118.271719 148.581184
118.591073 148.581184
118.591073 148.900539
118.591073 149.219893
118.591073 148.900539
118.591073 149.219893
118.591073 149.539248
118.910428 149.539248
118.910428 149.858602
118.910428 150.177957
119.229782 150.177957
119.229782 150.497312
119.229782 150.177957
119.229782 150.497312
119.229782 150.816666
119.229782 151.136021
119.549137 151.136021
119.549137 151.455375
119.868491 151.774730
119.868491 152.094084
119.868491 152.413439
120.187846 152.413439
120.187846 152.732793
120.507200 153.052148
120.507200 153.371503
120.826555 153.690857
120.826555 154.010212
121.145910 154.329566
121.145910 154.648921
121.465264 154.968275
121.465264 155.287630
121.784619 155.287630
121.784619 155.606984
122.103973 155.926339
122.103973 156.245694
122.423328 156.245694
122.423328 156.565048
122.423328 156.245694
122.423328 156.565048
122.742682 156.884403
123.062037 157.203757
123.062037 157.523112
123.381391 157.842466
123.700746 158.161821
124.020100 158.481175
124.020100 158.800530
124.339455 158.800530
124.658810 159.119885
124.658810 159.439239
124.658810 159.758594
124.978164 159.758594
125.297519 160.077948
125.297519 160.397303
125.616873 160.397303
125.936228 160.716657
126.255582 161.036012
126.255582 161.355366
126.255582 161.994076
126.255582 162.313430
126.255582 162.952139
125.936228 163.271494
125.616873 163.271494
125.297519 163.590848
124.978164 163.910203
124.658810 164.229557
124.339455 164.548912
124.020100 164.868267
123.700746 164.868267
123.381391 165.187621
123.062037 165.506976
122.742682 165.826330
122.423328 166.145685
122.103973 166.465039
121.784619 166.465039
121.465264 166.784394
121.145910 167.103748
120.507200 167.423103
120.187846 167.742457
119.868491 167.742457
119.549137 168.061812
119.229782 168.061812
118.910428 168.381167
118.591073 168.700521
118.271719 168.700521
117.952364 169.019876
117.633009 169.339230
117.313655 169.339230
116.994300 169.658585
116.674946 169.658585
116.355591 169.977939
116.036237 170.297294
115.716882 170.297294
115.397528 170.616648
115.078173 170.936003
114.758818 170.936003
114.439464 171.255358
114.120109 171.255358
113.481400 171.574712
113.162046 171.894067
112.842691 171.894067
112.523337 172.213421
112.203982 172.213421
111.884627 172.213421
111.565273 172.213421
111.245918 172.213421
110.926564 172.213421
110.607209 172.213421
110.287855 172.213421
109.968500 172.213421
109.649146 172.213421
109.329791 172.213421
109.010436 172.213421
108.691082 172.213421
108.371727 171.894067
108.052373 171.894067
107.733018 171.894067
107.413664 171.894067
106.774955 171.574712
106.455600 171.574712
106.136245 171.574712
105.816891 171.255358
105.497536 171.255358
105.178182 171.255358
104.858827 170.936003
104.539473 170.936003
104.220118 170.616648
103.900764 170.616648
103.581409 170.616648
103.262054 170.297294
102.942700 170.297294
102.623345 169.977939
101.984636 169.977939
101.665282 169.658585
101.345927 169.339230
100.707218 169.339230
100.387863 169.019876
100.068509 169.019876
99.429800 168.700521
99.110445 168.381167
98.791091 168.381167
98.471736 168.061812
97.833027 167.742457
97.513672 167.742457
97.194318 167.423103
96.555609 167.423103
96.236254 167.103748
95.916900 166.784394
95.278191 166.784394
94.958836 166.465039
94.639481 166.145685
94.000772 166.145685
93.681418 165.826330
93.362063 165.826330
92.723354 165.506976
92.404000 165.187621
92.084645 165.187621
91.765290 164.868267
91.765290 164.548912
91.445936 163.910203
91.126581 163.590848
91.126581 163.271494
90.807227 162.952139
90.487872 162.632785
90.487872 162.313430
90.168518 161.994076
90.168518 161.674721
89.849163 161.355366
89.529809 160.716657
89.529809 160.397303
89.210454 160.077948
88.891100 159.758594
88.891100 159.439239
88.571745 159.119885
88.571745 158.800530
88.252390 158.481175
87.933036 158.161821
87.933036 157.523112
87.613681 157.203757
87.294327 156.884403
87.294327 156.565048
86.974972 156.245694
86.974972 155.926339
86.974972 155.606984
86.974972 154.968275
86.655618 154.648921
86.655618 154.329566
86.655618 154.010212
86.655618 153.690857
86.655618 153.052148
86.336263 152.732793
86.336263 152.413439
86.336263 152.094084
86.336263 151.774730
86.336263 151.136021
86.016909 150.816666
86.016909 150.497312
86.016909 150.177957
86.016909 149.858602
85.697554 149.539248
85.697554 148.900539
85.697554 148.581184
85.697554 148.261830
85.697554 147.942475
85.378199 147.623121
85.378199 146.984411
85.378199 146.665057
85.378199 146.345702
85.378199 146.026348
85.058845 145.706993
85.058845 145.068284
85.058845 144.748930
85.058845 144.429575
85.058845 144.110220
84.739490 143.790866
84.739490 143.471511
85.058845 143.152157
85.058845 142.832802
85.058845 142.194093
85.058845 141.874739
85.058845 141.555384
85.378199 141.236029
85.378199 140.916675
85.378199 140.597320
85.697554 140.277966
86.016909 139.958611
86.336263 139.319902
86.655618 139.000548
86.655618 138.681193
86.974972 138.042484
87.294327 137.723129
87.613681 137.403775
87.933036 136.765066
88.252390 136.445711
88.252390 136.126357
88.571745 135.487647
88.891100 135.168293
89.210454 134.848938
89.529809 134.210229
89.849163 133.890875
89.849163 133.571520
90.168518 133.252166
90.487872 132.613456
90.807227 132.294102
91.126581 131.974747
91.445936 131.336038
91.445936 131.016684
91.765290 130.697329
92.084645 130.058620
92.723354 130.058620
93.042709 129.739266
93.362063 129.419911
94.000772 129.100556
94.320127 128.781202
94.958836 128.781202
95.278191 128.461847
95.597545 128.142493
96.236254 127.823138
96.555609 127.823138
97.194318 127.503784
97.513672 127.184429
97.833027 126.865075
98.471736 126.545720
98.791091 126.545720
99.429800 126.226365
99.749154 125.907011
100.387863 125.587656
100.707218 125.587656
101.026573 125.268302
101.665282 124.948947
101.984636 124.629593
102.623345 124.310238
102.942700 124.310238
103.262054 123.990884
103.900764 123.671529
104.220118 123.352174
104.858827 123.352174
105.178182 123.032820
105.497536 122.713465
106.136245 122.394111
106.455600 122.074756
107.094309 122.074756
107.413664 121.755402
107.733018 121.755402
108.052373 121.436047
108.371727 121.436047
108.691082 121.436047
109.010436 121.116693
109.329791 121.116693
109.649146 120.797338
109.968500 120.797338
110.287855 120.797338
110.607209 120.477983
110.926564 120.477983
111.245918 120.158629
111.565273 120.158629
111.884627 119.839274
112.203982 119.839274
112.523337 119.839274
112.842691 119.519920
113.162046 119.519920
113.481400 119.200565
113.800755 119.200565
114.120109 119.200565
114.439464 118.881211
114.758818 118.881211
115.397528 118.561856
115.716882 118.561856
116.036237 118.242502
116.355591 118.242502
116.674946 118.242502
116.994300 117.923147
117.313655 117.923147
117.633009 117.603792
117.952364 117.603792
118.271719 117.603792
118.591073 117.284438
118.910428 117.284438
119.229782 116.965083
119.549137 116.965083
119.868491 116.645729
120.187846 116.645729
120.507200 116.645729
120.826555 116.645729
120.507200 116.326374
120.507200 116.007020
120.507200 115.687665
120.507200 116.007020
120.507200 116.326374
120.826555 116.645729
120.826555 116.965083
120.826555 117.284438
120.826555 117.603792
120.826555 117.923147
121.145910 117.923147
121.145910 118.242502
121.145910 118.561856
121.465264 118.561856
121.465264 118.881211
121.465264 119.200565
121.465264 119.519920
