116.937216 124.243608
116.937216 124.243608
116.937216 124.517563
116.937216 124.243608
116.937216 124.517563
116.663261 124.791518
116.663261 125.065473
116.663261 124.791518
116.663261 124.517563
116.937216 124.517563
116.937216 124.243608
116.937216 124.517563
116.663261 124.791518
116.663261 125.065473
116.663261 124.791518
116.937216 124.517563
116.937216 124.243608
116.937216 123.969653
116.937216 123.695698
117.211171 123.695698
117.211171 123.421742
117.211171 123.695698
116.937216 123.969653
116.937216 124.243608
116.937216 124.517563
116.663261 124.791518
116.663261 125.065473
116.663261 124.791518
116.937216 124.517563
116.937216 124.243608
116.937216 124.517563
116.937216 124.243608
116.937216 123.969653
117.211171 123.695698
116.937216 123.969653
116.937216 124.243608
116.937216 124.517563
116.663261 124.791518
116.663261 125.065473
116.663261 124.791518
116.937216 124.517563
116.937216 124.243608
116.937216 124.517563
116.937216 124.243608
116.937216 124.517563
116.937216 124.243608
116.937216 124.517563
116.663261 124.243608
116.937216 124.517563
116.663261 124.243608
116.937216 124.517563
116.937216 124.243608
116.937216 123.969653
117.211171 123.695698
116.937216 123.969653
116.937216 124.243608
116.937216 124.517563
116.937216 124.243608
116.937216 124.517563
116.663261 124.243608
116.937216 124.517563
116.937216 124.243608
116.937216 124.517563
116.937216 124.243608
116.937216 124.517563
116.663261 124.791518
116.663261 125.065473
116.663261 124.791518
116.937216 124.517563
116.937216 124.243608
116.937216 124.517563
116.937216 124.791518
116.937216 124.517563
116.937216 124.791518
116.937216 124.517563
116.937216 124.791518
116.937216 125.065473
116.937216 124.791518
116.937216 124.517563
116.937216 124.243608
116.937216 124.517563
116.937216 124.791518
116.937216 124.517563
116.663261 124.517563
116.937216 124.517563
116.937216 124.791518
116.937216 125.065473
116.937216 124.791518
116.937216 124.517563
116.937216 124.243608
116.937216 124.517563
116.937216 124.791518
116.937216 124.517563
116.937216 124.243608
117.211171 123.969653
116.937216 124.243608
116.937216 124.517563
116.937216 124.791518
116.937216 124.517563
116.937216 124.791518
116.937216 124.517563
116.937216 124.243608
117.211171 123.969653
116.937216 124.243608
116.937216 124.517563
116.937216 124.791518
116.937216 125.065473
116.937216 124.791518
116.937216 124.517563
116.937216 124.243608
117.211171 123.969653
116.937216 124.243608
116.937216 124.517563
116.937216 124.791518
116.937216 124.517563
116.937216 124.243608
117.211171 123.969653
116.937216 124.243608
116.937216 124.517563
116.937216 124.791518
116.937216 125.065473
116.937216 124.791518
116.937216 124.517563
116.937216 124.243608
116.937216 124.517563
116.937216 124.243608
116.937216 124.517563
116.937216 124.243608
117.211171 123.969653
116.937216 124.243608
116.663261 124.517563
116.937216 124.791518
116.937216 124.517563
116.937216 124.791518
116.937216 125.065473
116.937216 124.791518
116.937216 124.517563
116.937216 124.791518
116.937216 125.065473
116.937216 124.791518
116.937216 124.517563
116.937216 124.243608
116.937216 124.517563
116.937216 124.791518
116.937216 125.065473
116.663261 125.339429
116.663261 125.613384
116.663261 125.887339
116.663261 126.161294
116.663261 126.435249
116.663261 126.161294
116.663261 125.887339
116.663261 125.613384
116.663261 125.887339
116.663261 126.161294
116.663261 125.887339
116.663261 125.613384
116.389306 125.887339
116.389306 126.161294
116.389306 126.435249
116.389306 126.161294
116.389306 125.887339
116.663261 125.613384
116.663261 125.339429
116.389306 125.613384
116.389306 125.887339
116.115351 125.613384
116.389306 125.339429
116.389306 125.613384
116.389306 125.887339
116.115351 126.161294
116.115351 126.435249
116.115351 126.709204
115.841396 126.983160
115.841396 127.257115
115.841396 127.531070
115.567440 127.805025
115.567440 128.078980
115.567440 128.352935
115.293485 128.626891
115.293485 128.900846
115.293485 129.174801
115.293485 129.448756
115.293485 129.174801
115.293485 129.448756
115.019530 129.722711
115.019530 129.996666
115.019530 130.270622
115.019530 130.544577
114.745575 130.818532
114.745575 131.092487
114.745575 130.818532
114.745575 131.092487
114.745575 131.366442
114.745575 131.640397
114.745575 131.366442
114.745575 131.640397
114.745575 131.914353
114.745575 132.188308
114.471620 132.462263
114.471620 132.736218
114.471620 133.010173
114.471620 133.284128
114.471620 133.558084
114.471620 133.832039
114.471620 134.105994
114.471620 134.379949
114.197665 134.653904
114.197665 134.927859
114.197665 135.201814
114.197665 135.475770
114.197665 135.749725
114.197665 136.023680
114.197665 136.297635
114.197665 136.571590
114.197665 136.845545
114.197665 137.119501
114.197665 137.393456
114.197665 137.119501
114.197665 137.393456
114.197665 137.667411
114.197665 137.941366
114.197665 138.215321
114.197665 137.941366
114.197665 138.215321
114.197665 138.489276
114.197665 138.763232
114.197665 139.037187
114.197665 139.311142
114.197665 139.585097
114.197665 139.859052
114.197665 140.133007
114.197665 140.406963
114.197665 140.680918
114.197665 140.954873
114.197665 141.228828
114.471620 141.502783
114.471620 141.776738
114.471620 142.050694
114.471620 141.776738
114.471620 142.050694
114.471620 142.324649
114.471620 142.598604
114.471620 142.872559
114.471620 143.146514
114.471620 143.420469
114.745575 143.694425
114.745575 143.968380
114.745575 144.242335
114.745575 144.516290
114.745575 144.242335
114.745575 144.516290
114.745575 144.790245
114.745575 145.064200
114.745575 144.790245
114.745575 145.064200
114.745575 144.790245
114.745575 145.064200
114.745575 144.790245
114.745575 145.064200
115.019530 145.338156
115.019530 145.612111
115.019530 145.338156
115.019530 145.612111
115.019530 145.886066
115.019530 146.160021
115.293485 146.433976
115.293485 146.707931
115.293485 146.981887
115.293485 147.255842
115.567440 147.529797
115.567440 147.803752
115.567440 148.077707
115.567440 148.351662
115.841396 148.351662
115.841396 148.625618
115.841396 148.899573
115.841396 149.173528
116.115351 149.173528
116.115351 149.447483
116.115351 149.721438
116.115351 149.995393
116.389306 149.995393
116.389306 150.269349
116.389306 150.543304
116.663261 150.817259
116.663261 151.091214
116.663261 151.365169
116.937216 151.365169
116.937216 151.639124
116.937216 151.913080
117.211171 152.187035
117.211171 152.460990
117.485127 152.734945
117.485127 153.008900
117.759082 153.282855
117.759082 153.556811
118.033037 153.830766
118.033037 154.104721
118.306992 154.378676
118.306992 154.652631
118.580947 154.652631
118.580947 154.926586
118.854902 155.200542
118.854902 155.474497
119.128858 155.748452
119.128858 156.022407
119.402813 156.296362
119.402813 156.570317
119.676768 156.570317
119.676768 156.844273
119.950723 157.118228
119.950723 157.392183
120.224678 157.392183
120.498633 157.666138
120.498633 157.940093
120.498633 158.214048
120.772589 158.214048
121.046544 158.488004
121.046544 158.761959
121.046544 159.035914
121.320499 159.035914
121.594454 159.309869
121.594454 159.583824
121.868409 159.583824
122.142364 159.857779
122.142364 160.131735
122.416320 160.131735
122.416320 160.405690
122.690275 160.679645
122.690275 160.953600
122.964230 160.953600
123.238185 161.227555
123.512140 161.501510
123.786095 161.775466
123.786095 162.049421
123.512140 162.323376
123.238185 162.871286
122.964230 163.145241
122.690275 163.419197
122.142364 163.693152
121.868409 163.967107
121.594454 164.515017
121.320499 164.788972
121.046544 165.062928
120.772589 165.336883
120.498633 165.884793
120.224678 166.158748
119.950723 166.432703
119.402813 166.706659
119.128858 166.980614
118.854902 167.528524
118.580947 167.802479
118.306992 168.076434
118.033037 168.350390
117.759082 168.350390
117.485127 168.350390
117.211171 168.350390
116.937216 168.350390
116.663261 168.350390
116.389306 168.350390
116.115351 168.350390
115.841396 168.350390
115.567440 168.350390
115.293485 168.350390
115.019530 168.350390
114.745575 168.350390
114.197665 168.624345
113.923709 168.624345
113.649754 168.624345
113.375799 168.624345
113.101844 168.624345
112.827889 168.624345
112.553934 168.624345
112.279978 168.624345
112.006023 168.624345
111.458113 168.624345
111.184158 168.898300
110.910203 168.898300
110.636247 168.898300
110.362292 168.898300
110.088337 168.898300
109.814382 168.898300
109.540427 168.898300
109.266472 168.898300
108.718561 168.898300
108.444606 168.624345
107.896696 168.350390
107.622741 168.350390
107.074830 168.076434
106.800875 167.802479
106.252965 167.802479
105.979010 167.528524
105.705054 167.254569
105.157144 167.254569
104.883189 166.980614
104.335279 166.706659
104.061323 166.706659
103.513413 166.432703
103.239458 166.158748
102.691548 166.158748
102.417592 165.884793
101.869682 165.610838
101.595727 165.610838
101.321772 165.336883
100.773861 165.062928
100.499906 165.062928
99.951996 164.788972
99.678041 164.515017
99.130130 164.515017
98.856175 164.241062
98.308265 163.967107
98.034310 163.967107
97.486400 163.693152
97.212444 163.419197
96.938489 163.419197
96.390579 163.145241
96.116624 162.871286
95.842669 162.597331
95.568713 162.323376
95.294758 162.049421
95.294758 161.775466
95.020803 161.501510
95.020803 161.227555
94.746848 160.953600
94.472893 160.405690
94.472893 160.131735
94.198938 159.857779
94.198938 159.583824
93.924982 159.309869
93.651027 159.035914
93.651027 158.761959
93.377072 158.488004
93.377072 158.214048
93.103117 157.666138
92.829162 157.392183
92.829162 157.118228
92.555207 156.844273
92.555207 156.570317
92.281251 156.296362
92.281251 156.022407
92.281251 155.748452
92.281251 155.474497
92.007296 155.200542
92.007296 154.926586
92.007296 154.652631
91.733341 154.378676
91.733341 154.104721
91.733341 153.830766
91.459386 153.556811
91.459386 153.008900
91.459386 152.734945
91.459386 152.460990
91.185431 152.187035
91.185431 151.913080
91.185431 151.639124
90.911476 151.365169
90.911476 151.091214
90.911476 150.817259
90.637520 150.543304
90.637520 150.269349
90.637520 149.995393
90.363565 149.721438
90.363565 149.447483
90.363565 149.173528
90.363565 148.899573
90.089610 148.625618
90.089610 148.351662
90.089610 148.077707
89.815655 147.803752
89.815655 147.529797
89.815655 147.255842
89.815655 146.981887
89.815655 146.707931
89.815655 146.433976
89.815655 146.160021
89.815655 145.886066
89.815655 145.612111
89.815655 145.338156
89.815655 145.064200
89.815655 144.790245
89.815655 144.516290
90.089610 143.968380
90.089610 143.694425
90.363565 143.420469
90.363565 143.146514
90.363565 142.872559
90.637520 142.324649
90.637520 142.050694
90.911476 141.776738
90.911476 141.502783
90.911476 141.228828
91.185431 140.680918
91.185431 140.406963
91.459386 140.133007
91.459386 139.859052
91.733341 139.311142
91.733341 139.037187
91.733341 138.763232
92.007296 138.489276
92.007296 138.215321
92.281251 137.667411
92.281251 137.393456
92.555207 137.119501
92.555207 136.845545
92.555207 136.571590
92.829162 136.023680
92.829162 135.749725
93.103117 135.475770
93.103117 135.201814
93.377072 134.927859
93.377072 134.379949
93.377072 134.105994
93.651027 133.832039
93.651027 133.558084
93.924982 133.284128
94.198938 133.010173
94.746848 133.010173
95.020803 132.736218
95.294758 132.462263
95.568713 132.188308
95.842669 132.188308
96.116624 131.914353
96.390579 131.640397
96.664534 131.640397
96.938489 131.366442
97.212444 131.092487
97.486400 130.818532
97.760355 130.818532
98.034310 130.544577
98.308265 130.270622
98.582220 129.996666
98.856175 129.996666
99.130130 129.722711
99.404086 129.448756
99.678041 129.448756
99.951996 129.174801
100.225951 128.900846
100.499906 128.626891
100.773861 128.626891
101.047817 128.352935
101.321772 128.078980
101.595727 128.078980
101.869682 127.805025
102.143637 127.531070
102.417592 127.257115
102.691548 127.257115
102.965503 126.983160
103.239458 126.709204
103.513413 126.709204
103.787368 126.709204
104.061323 126.435249
104.335279 126.435249
104.609234 126.161294
104.883189 126.161294
105.157144 126.161294
105.431099 125.887339
105.705054 125.887339
106.252965 125.887339
106.526920 125.613384
106.800875 125.613384
107.074830 125.613384
107.348785 125.613384
107.622741 125.339429
107.896696 125.339429
108.170651 125.339429
108.444606 125.065473
108.718561 125.065473
108.992516 124.791518
109.266472 124.517563
109.540427 124.517563
109.814382 124.243608
110.088337 124.243608
110.362292 123.969653
110.636247 123.969653
110.910203 123.695698
111.184158 123.695698
111.458113 123.421742
111.732068 123.421742
112.006023 123.147787
112.279978 122.873832
112.553934 122.873832
112.827889 122.599877
113.101844 122.599877
113.375799 122.325922
113.649754 122.325922
114.197665 122.051967
114.471620 122.051967
114.745575 121.778011
115.019530 121.778011
115.293485 121.504056
115.567440 121.230101
115.841396 121.230101
116.115351 120.956146
116.389306 120.956146
116.663261 120.682191
116.937216 120.682191
117.211171 120.408236
117.485127 120.408236
117.759082 120.408236
118.033037 120.408236
118.306992 120.408236
118.306992 120.134280
118.306992 120.408236
118.306992 120.682191
118.033037 120.956146
118.033037 121.230101
117.759082 121.504056
117.759082 121.778011
117.759082 122.051967
117.485127 122.325922
117.485127 122.599877
117.485127 122.873832
117.211171 123.147787
117.211171 123.421742
117.211171 123.695698
116.937216 123.969653
116.937216 124.243608
