156.230261 80.243093
155.581714 80.891640
155.581714 81.540187
154.933167 82.188734
154.933167 82.837282
154.284620 82.837282
153.636073 83.485829
152.987526 83.485829
152.338979 83.485829
151.690432 83.485829
151.690432 84.134376
151.041885 84.134376
150.393338 84.134376
149.744791 84.134376
149.744791 84.782923
149.096244 84.782923
148.447697 84.782923
148.447697 85.431470
147.799150 85.431470
147.150603 85.431470
147.150603 86.080017
146.502056 86.080017
145.853509 86.728564
145.204962 86.728564
144.556415 87.377111
143.907868 87.377111
143.259320 88.025658
142.610773 88.025658
142.610773 88.674205
141.962226 88.674205
141.313679 89.322752
140.665132 89.971299
140.016585 89.971299
139.368038 90.619846
138.719491 90.619846
138.719491 91.268393
138.070944 91.268393
138.070944 91.916940
137.422397 91.916940
136.773850 92.565487
136.125303 93.214034
135.476756 93.862581
134.828209 94.511128
134.179662 95.159675
133.531115 95.808222
132.882568 96.456769
132.234021 97.105317
131.585474 97.753864
130.936927 98.402411
130.936927 99.050958
130.288380 99.699505
129.639833 100.348052
128.991285 100.996599
128.991285 101.645146
128.342738 102.293693
127.694191 102.942240
127.694191 103.590787
127.045644 104.239334
126.397097 104.887881
126.397097 105.536428
125.748550 106.184975
125.748550 106.833522
125.100003 107.482069
125.100003 108.130616
124.451456 108.779163
124.451456 109.427710
123.802909 110.076257
123.802909 110.724804
123.154362 111.373352
123.154362 112.021899
123.154362 112.670446
122.505815 113.318993
122.505815 113.967540
122.505815 114.616087
121.857268 115.264634
121.857268 115.913181
121.857268 116.561728
121.208721 117.210275
121.208721 117.858822
121.208721 118.507369
121.208721 119.155916
120.560174 119.804463
120.560174 120.453010
120.560174 121.101557
120.560174 121.750104
120.560174 122.398651
120.560174 123.047198
119.911627 123.695745
119.911627 124.344292
119.911627 124.992839
119.911627 125.641387
119.911627 126.289934
119.911627 126.938481
119.911627 127.587028
119.911627 128.235575
119.911627 128.884122
119.911627 129.532669
119.911627 130.181216
119.911627 130.829763
119.911627 130.181216
119.911627 130.829763
119.911627 131.478310
119.911627 132.126857
119.911627 132.775404
119.911627 133.423951
119.911627 134.072498
119.911627 134.721045
119.911627 135.369592
119.911627 136.018139
119.911627 136.666686
119.911627 137.315233
119.911627 137.963780
119.911627 138.612327
119.911627 139.260874
119.911627 139.909422
119.911627 140.557969
120.560174 140.557969
120.560174 141.206516
120.560174 141.855063
120.560174 142.503610
120.560174 143.152157
120.560174 143.800704
120.560174 144.449251
121.208721 144.449251
121.208721 145.097798
121.208721 145.746345
121.208721 146.394892
121.857268 147.043439
121.857268 147.691986
121.857268 148.340533
121.857268 147.691986
121.857268 148.340533
122.505815 148.989080
122.505815 149.637627
122.505815 150.286174
122.505815 150.934721
123.154362 150.934721
123.154362 151.583268
123.154362 152.231815
123.802909 152.880362
123.802909 153.528909
123.802909 154.177457
124.451456 154.177457
124.451456 154.826004
125.100003 155.474551
125.100003 156.123098
125.100003 156.771645
125.100003 157.420192
124.451456 158.717286
124.451456 159.365833
123.802909 160.014380
123.154362 160.662927
122.505815 160.662927
121.857268 160.662927
121.208721 161.311474
120.560174 161.311474
119.911627 161.311474
119.263080 161.960021
118.614533 161.960021
117.965986 162.608568
117.317439 161.960021
116.668892 161.960021
116.020345 161.960021
115.371798 161.960021
114.074703 161.311474
113.426156 161.311474
112.777609 161.311474
112.129062 161.311474
111.480515 160.662927
110.183421 160.662927
109.534874 160.662927
108.886327 160.662927
108.237780 160.014380
107.589233 160.014380
106.292139 160.014380
105.643592 160.014380
104.995045 159.365833
104.346498 159.365833
103.697951 159.365833
102.400857 159.365833
101.752310 158.717286
101.103763 158.717286
100.455215 158.717286
99.806668 158.717286
99.158121 158.717286
98.509574 158.717286
97.861027 158.068739
97.212480 158.068739
95.915386 157.420192
95.266839 157.420192
94.618292 156.771645
93.321198 156.771645
92.672651 156.123098
92.024104 156.123098
91.375557 155.474551
90.078463 155.474551
89.429916 154.826004
88.781369 154.826004
88.132822 154.826004
86.835728 154.177457
86.187180 154.177457
85.538633 153.528909
84.890086 153.528909
83.592992 152.880362
82.944445 152.880362
82.295898 152.231815
81.647351 152.231815
80.350257 151.583268
79.701710 151.583268
79.053163 150.934721
78.404616 150.934721
77.107522 150.286174
76.458975 149.637627
75.810428 149.637627
75.161881 148.989080
73.864787 148.340533
73.216240 148.340533
72.567693 147.691986
71.919145 147.043439
70.622051 147.043439
69.973504 146.394892
69.324957 145.746345
68.676410 145.746345
68.027863 145.097798
66.730769 144.449251
66.082222 144.449251
65.433675 143.800704
64.785128 143.800704
63.488034 143.152157
62.839487 142.503610
62.190940 142.503610
61.542393 141.855063
60.893846 141.206516
59.596752 141.206516
58.948205 140.557969
58.948205 139.909422
58.299658 139.260874
57.651110 138.612327
57.651110 137.963780
57.002563 137.315233
56.354016 136.666686
56.354016 136.018139
55.705469 134.721045
55.056922 134.072498
55.056922 133.423951
54.408375 132.775404
53.759828 132.126857
53.759828 131.478310
53.759828 130.829763
53.759828 130.181216
53.759828 129.532669
54.408375 128.884122
54.408375 128.235575
54.408375 127.587028
55.056922 126.938481
55.056922 126.289934
55.705469 125.641387
55.705469 124.344292
55.705469 123.695745
56.354016 123.047198
56.354016 122.398651
57.002563 121.750104
57.002563 121.101557
57.002563 120.453010
57.651110 119.804463
57.651110 119.155916
57.651110 118.507369
58.299658 117.858822
58.299658 117.210275
58.948205 116.561728
58.948205 115.264634
58.948205 114.616087
59.596752 113.967540
59.596752 113.318993
60.245299 112.670446
60.245299 112.021899
60.245299 111.373352
60.893846 110.724804
60.893846 110.076257
60.893846 109.427710
61.542393 108.779163
61.542393 108.130616
62.190940 107.482069
62.839487 106.184975
63.488034 105.536428
64.136581 104.887881
64.785128 104.239334
65.433675 103.590787
66.082222 102.942240
66.730769 102.293693
67.379316 101.645146
68.027863 100.996599
68.676410 100.348052
68.676410 99.050958
69.324957 98.402411
69.973504 97.753864
70.622051 97.105317
71.270598 96.456769
71.919145 95.808222
72.567693 95.159675
73.216240 94.511128
73.864787 93.862581
74.513334 93.214034
75.161881 91.916940
75.810428 91.268393
76.458975 90.619846
76.458975 89.971299
77.107522 89.322752
77.756069 88.674205
78.404616 88.025658
79.053163 87.377111
79.701710 86.728564
80.350257 86.080017
80.998804 84.782923
81.647351 84.134376
82.295898 83.485829
82.944445 82.837282
84.241539 82.837282
84.890086 82.188734
85.538633 81.540187
86.187180 80.891640
87.484275 80.243093
88.132822 79.594546
88.781369 78.945999
89.429916 78.297452
90.727010 77.648905
91.375557 77.000358
92.024104 76.351811
92.672651 75.703264
93.969745 75.054717
94.618292 74.406170
95.266839 73.757623
96.563933 73.109076
97.212480 72.460529
97.861027 71.811982
98.509574 71.163435
99.806668 70.514888
100.455215 69.866341
101.103763 69.217794
101.752310 68.569247
102.400857 68.569247
103.697951 68.569247
104.346498 67.920699
104.995045 67.920699
105.643592 67.272152
106.292139 67.272152
106.940686 66.623605
108.237780 66.623605
108.886327 65.975058
109.534874 65.975058
110.183421 65.326511
110.831968 65.326511
111.480515 64.677964
112.129062 64.677964
113.426156 64.029417
114.074703 64.029417
114.723250 63.380870
115.371798 63.380870
116.020345 62.732323
116.668892 62.732323
117.965986 62.083776
118.614533 62.083776
119.263080 61.435229
119.911627 61.435229
120.560174 60.786682
121.208721 60.786682
121.857268 60.138135
123.154362 60.138135
123.802909 59.489588
124.451456 59.489588
125.100003 58.841041
125.748550 58.841041
126.397097 58.192494
127.045644 58.192494
127.694191 58.192494
128.991285 58.192494
129.639833 58.192494
130.288380 58.192494
130.936927 58.192494
131.585474 58.192494
132.234021 58.192494
132.882568 58.192494
133.531115 58.192494
134.179662 58.192494
135.476756 58.192494
136.125303 58.192494
136.773850 58.192494
137.422397 58.192494
138.070944 58.192494
138.719491 58.192494
139.368038 58.192494
140.016585 58.192494
140.665132 57.543947
141.313679 57.543947
141.962226 57.543947
143.259320 57.543947
143.907868 57.543947
144.556415 58.192494
145.204962 58.841041
145.853509 59.489588
146.502056 60.138135
147.150603 60.786682
147.799150 61.435229
148.447697 62.083776
149.096244 62.732323
149.744791 62.732323
150.393338 63.380870
151.041885 64.029417
151.690432 64.677964
152.338979 65.326511
152.987526 65.975058
153.636073 66.623605
153.636073 67.920699
153.636073 68.569247
153.636073 69.217794
153.636073 69.866341
153.636073 70.514888
154.284620 71.163435
154.284620 71.811982
154.284620 72.460529
154.284620 73.109076
154.284620 73.757623
154.284620 74.406170
154.933167 75.054717
154.933167 75.703264
154.933167 76.351811
154.933167 77.648905
154.933167 78.297452
155.581714 78.297452
155.581714 78.945999
155.581714 79.594546
154.933167 80.243093
154.933167 80.891640
154.284620 81.540187
154.933167 80.891640
155.581714 80.243093
156.230261 80.243093
