160.562633 77.239538
160.562633 77.929818
160.562633 78.620098
160.562633 79.310378
160.562633 80.000658
159.872353 80.690937
159.872353 81.381217
159.182074 82.071497
158.491794 83.452057
158.491794 84.142337
158.491794 84.832616
157.801514 85.522896
157.111234 85.522896
156.420954 85.522896
155.730674 85.522896
155.730674 86.213176
155.040395 86.213176
154.350115 86.213176
153.659835 86.213176
152.969555 86.903456
152.279275 86.903456
151.588995 86.903456
150.898715 87.593736
150.208436 87.593736
149.518156 88.284016
148.827876 88.284016
148.137596 88.284016
148.137596 88.974296
147.447316 88.974296
146.757036 89.664575
146.066757 89.664575
145.376477 90.354855
144.686197 90.354855
143.995917 90.354855
143.995917 91.045135
143.305637 91.045135
143.305637 91.735415
142.615357 91.735415
141.925077 92.425695
141.234798 92.425695
141.234798 93.115975
140.544518 93.115975
140.544518 93.806255
139.854238 93.806255
139.854238 94.496534
139.163958 94.496534
139.163958 95.186814
138.473678 95.186814
137.783398 95.877094
137.093118 96.567374
137.093118 97.257654
136.402839 97.947934
135.712559 98.638213
135.022279 99.328493
134.331999 100.018773
133.641719 100.709053
133.641719 101.399333
132.951439 102.089613
132.261160 102.779893
131.570880 103.470172
130.880600 104.160452
130.190320 104.850732
130.190320 105.541012
129.500040 106.231292
128.809760 106.921572
128.809760 107.611852
128.119480 108.302131
128.119480 108.992411
127.429201 109.682691
127.429201 110.372971
126.738921 111.063251
126.738921 111.753531
126.048641 112.443810
126.048641 113.134090
125.358361 113.824370
125.358361 114.514650
125.358361 115.204930
124.668081 115.895210
124.668081 116.585490
124.668081 117.275769
124.668081 117.966049
123.977801 118.656329
123.977801 119.346609
123.977801 120.036889
123.977801 120.727169
123.977801 121.417448
123.287521 122.107728
123.287521 122.798008
123.287521 123.488288
123.287521 124.178568
123.287521 124.868848
123.287521 125.559128
123.287521 126.249407
123.287521 126.939687
123.287521 127.629967
123.287521 128.320247
123.287521 129.010527
123.287521 129.700807
123.287521 130.391087
123.287521 131.081366
123.287521 131.771646
123.287521 132.461926
123.287521 133.152206
123.287521 133.842486
123.287521 134.532766
123.287521 135.223045
123.287521 135.913325
123.287521 136.603605
123.287521 137.293885
123.287521 137.984165
123.287521 138.674445
123.287521 139.364725
123.287521 140.055004
123.287521 140.745284
123.287521 141.435564
123.977801 142.125844
123.977801 142.816124
123.977801 143.506404
123.977801 144.196684
123.977801 144.886963
124.668081 145.577243
124.668081 146.267523
124.668081 146.957803
124.668081 147.648083
124.668081 148.338363
125.358361 148.338363
125.358361 149.028642
125.358361 149.718922
126.048641 150.409202
126.048641 151.099482
126.738921 151.789762
126.738921 152.480042
127.429201 153.170322
127.429201 153.860601
128.119480 154.550881
128.119480 155.241161
128.809760 155.931441
128.119480 156.621721
128.119480 157.312001
127.429201 158.002281
127.429201 158.692560
126.738921 159.382840
126.738921 160.763400
126.048641 161.453680
125.358361 162.143960
124.668081 162.143960
123.977801 162.834239
123.287521 163.524519
122.597242 164.214799
121.906962 164.214799
121.216682 164.214799
120.526402 164.214799
119.836122 164.214799
119.145842 164.214799
118.455563 164.214799
117.765283 164.214799
117.075003 164.905079
116.384723 164.905079
115.694443 164.905079
115.004163 164.905079
114.313883 164.905079
113.623604 164.905079
112.933324 164.905079
112.243044 164.905079
111.552764 164.905079
110.172204 164.214799
109.481925 164.214799
108.791645 164.214799
107.411085 164.214799
106.720805 163.524519
106.030525 163.524519
105.340245 163.524519
103.959686 162.834239
103.269406 162.834239
102.579126 162.834239
101.198566 162.834239
100.508286 162.143960
99.818007 162.143960
99.127727 162.143960
97.747167 161.453680
97.056887 161.453680
96.366607 161.453680
95.676328 161.453680
94.295768 160.763400
93.605488 160.763400
92.915208 160.763400
91.534648 160.073120
90.844369 160.073120
90.154089 160.073120
89.463809 159.382840
88.773529 159.382840
88.083249 158.692560
87.392969 158.692560
86.702689 158.002281
86.012410 158.002281
85.322130 157.312001
84.631850 157.312001
83.941570 156.621721
82.561010 156.621721
81.870731 155.931441
81.180451 155.931441
80.490171 155.241161
79.799891 155.241161
79.109611 154.550881
78.419331 154.550881
77.729051 153.860601
77.038772 153.860601
76.348492 153.170322
75.658212 153.170322
74.967932 152.480042
74.277652 152.480042
73.587372 152.480042
72.897093 151.789762
72.206813 151.099482
71.516533 151.099482
70.135973 150.409202
69.445693 150.409202
68.755413 149.718922
68.065134 149.718922
67.374854 149.028642
66.684574 149.028642
65.994294 148.338363
65.304014 147.648083
64.613734 147.648083
63.923454 146.957803
63.233175 146.957803
62.542895 146.267523
61.852615 145.577243
61.162335 145.577243
60.472055 144.886963
59.781775 144.196684
59.091496 144.196684
58.401216 143.506404
57.710936 142.816124
57.020656 142.125844
56.330376 142.125844
55.640096 141.435564
54.949816 140.745284
54.259537 140.745284
52.878977 140.055004
52.188697 139.364725
51.498417 138.674445
50.808137 138.674445
50.808137 137.984165
50.808137 136.603605
50.808137 135.913325
50.808137 135.223045
50.117857 134.532766
50.117857 133.842486
50.117857 133.152206
50.117857 132.461926
50.117857 131.771646
50.117857 131.081366
50.117857 130.391087
50.117857 129.700807
50.117857 129.010527
50.117857 128.320247
50.117857 127.629967
50.117857 126.939687
50.117857 126.249407
50.117857 125.559128
50.117857 124.178568
50.117857 123.488288
50.117857 122.798008
50.117857 122.107728
50.117857 121.417448
50.117857 120.727169
50.117857 120.036889
50.117857 119.346609
50.808137 118.656329
51.498417 117.966049
51.498417 117.275769
52.188697 116.585490
52.878977 115.895210
52.878977 115.204930
53.569257 113.824370
53.569257 113.134090
54.259537 112.443810
54.949816 111.753531
54.949816 111.063251
55.640096 110.372971
56.330376 109.682691
56.330376 108.992411
57.020656 108.302131
57.710936 107.611852
57.710936 106.921572
58.401216 106.231292
59.091496 105.541012
59.091496 104.850732
59.781775 104.160452
60.472055 103.470172
60.472055 102.779893
61.162335 102.089613
61.162335 100.709053
61.852615 100.018773
62.542895 99.328493
62.542895 98.638213
63.233175 97.947934
63.923454 97.257654
63.923454 96.567374
64.613734 95.877094
65.304014 95.186814
65.994294 94.496534
66.684574 93.806255
67.374854 92.425695
68.065134 91.735415
68.755413 91.045135
69.445693 90.354855
70.135973 89.664575
70.826253 88.284016
71.516533 87.593736
72.206813 86.903456
72.897093 86.213176
73.587372 84.832616
74.277652 84.142337
74.967932 83.452057
75.658212 82.761777
76.348492 82.071497
77.038772 80.690937
77.729051 80.000658
78.419331 79.310378
79.109611 78.620098
79.799891 77.239538
80.490171 76.549258
81.180451 75.858978
81.870731 75.168699
82.561010 74.478419
83.251290 73.788139
83.941570 73.097859
84.631850 73.097859
85.322130 72.407579
86.702689 71.717299
87.392969 71.717299
88.083249 71.027020
88.773529 70.336740
89.463809 70.336740
90.154089 69.646460
91.534648 68.956180
92.224928 68.956180
92.915208 68.265900
93.605488 67.575620
94.295768 67.575620
95.676328 66.885340
96.366607 66.195061
97.056887 66.195061
97.747167 65.504781
98.437447 64.814501
99.127727 64.814501
100.508286 64.124221
101.198566 63.433941
101.888846 63.433941
102.579126 62.743661
103.269406 62.053381
103.959686 62.053381
105.340245 61.363102
106.030525 60.672822
106.720805 60.672822
107.411085 59.982542
108.101365 59.292262
109.481925 58.601982
110.172204 58.601982
110.862484 58.601982
111.552764 58.601982
112.243044 57.911702
113.623604 57.911702
114.313883 57.911702
115.004163 57.911702
115.694443 57.221423
116.384723 57.221423
117.765283 57.221423
118.455563 56.531143
119.145842 56.531143
119.836122 56.531143
120.526402 56.531143
121.906962 55.840863
122.597242 55.840863
123.287521 55.840863
123.977801 55.150583
124.668081 55.150583
126.048641 55.150583
126.738921 55.150583
127.429201 55.150583
128.119480 55.150583
128.809760 54.460303
129.500040 54.460303
130.190320 54.460303
130.880600 54.460303
131.570880 54.460303
132.951439 54.460303
133.641719 54.460303
134.331999 54.460303
135.022279 54.460303
135.712559 54.460303
136.402839 54.460303
137.093118 53.770023
137.783398 53.770023
138.473678 53.770023
139.163958 53.770023
139.854238 54.460303
140.544518 54.460303
141.234798 54.460303
141.925077 54.460303
142.615357 54.460303
143.305637 54.460303
143.995917 54.460303
144.686197 55.150583
145.376477 55.150583
146.757036 55.150583
147.447316 55.840863
148.137596 56.531143
148.827876 57.221423
149.518156 57.911702
150.208436 58.601982
150.898715 58.601982
151.588995 59.292262
152.279275 59.982542
152.969555 60.672822
153.659835 61.363102
153.659835 62.053381
154.350115 62.743661
155.040395 64.124221
155.040395 64.814501
155.730674 65.504781
156.420954 66.195061
156.420954 66.885340
157.111234 67.575620
157.111234 68.265900
157.801514 69.646460
158.491794 70.336740
158.491794 71.027020
159.182074 71.717299
159.872353 72.407579
159.872353 73.097859
160.562633 74.478419
160.562633 75.168699
160.562633 75.858978
160.562633 76.549258
160.562633 77.239538
