121.587770 118.932502
121.587770 119.216957
121.303315 119.501413
121.303315 119.785868
121.303315 120.070323
121.303315 120.354778
121.018860 120.639233
121.018860 120.923689
121.018860 121.208144
121.018860 121.492599
121.018860 121.777054
121.018860 122.061509
121.018860 122.345965
120.734404 122.630420
120.734404 122.914875
120.734404 123.199330
120.734404 123.483785
120.734404 123.768240
120.734404 124.052696
120.734404 124.337151
120.734404 124.621606
120.734404 124.906061
120.734404 125.190516
120.734404 125.474972
120.734404 125.759427
120.734404 126.043882
120.734404 126.328337
120.734404 126.612792
120.734404 126.897247
121.018860 126.897247
121.018860 127.181703
121.018860 127.466158
121.018860 127.750613
121.018860 128.035068
121.018860 128.319523
121.018860 128.603979
121.303315 128.888434
121.018860 129.172889
121.303315 129.457344
121.303315 129.741799
121.303315 130.026255
121.587770 130.026255
121.587770 130.310710
121.587770 130.595165
121.872225 130.879620
121.587770 131.164075
121.872225 131.448530
121.872225 131.732986
122.156680 131.732986
122.156680 132.017441
122.156680 132.301896
122.441136 132.586351
122.441136 132.870806
122.725591 133.155262
122.725591 133.439717
122.725591 133.724172
123.010046 134.008627
123.010046 134.293082
123.294501 134.293082
123.294501 134.577538
123.294501 134.293082
123.294501 134.577538
123.578956 134.861993
123.578956 135.146448
123.863411 135.430903
123.863411 135.715358
124.147867 135.999813
124.147867 136.284269
124.432322 136.284269
124.432322 136.568724
124.716777 136.853179
124.716777 137.137634
125.001232 137.137634
125.001232 137.422089
125.285687 137.706545
125.285687 137.991000
125.285687 138.275455
125.570143 138.559910
125.570143 138.844365
125.570143 139.128821
125.570143 139.413276
125.854598 139.697731
125.854598 139.982186
125.854598 140.266641
126.139053 140.551096
126.139053 140.835552
126.139053 141.120007
126.423508 141.404462
126.423508 141.973372
126.423508 142.257828
126.423508 142.542283
126.707963 142.826738
126.707963 143.111193
126.707963 143.395648
126.992419 143.680104
126.992419 143.964559
126.992419 144.249014
127.276874 144.533469
127.276874 144.817924
127.276874 145.102379
127.276874 145.386835
127.561329 145.671290
127.561329 145.955745
127.561329 146.240200
127.845784 146.524655
127.845784 146.809111
127.845784 147.093566
128.130239 147.378021
128.130239 147.662476
128.130239 147.946931
128.130239 148.231386
128.414694 148.515842
128.414694 148.800297
128.414694 149.084752
128.699150 149.369207
128.699150 149.653662
128.699150 149.938118
128.983605 150.222573
128.983605 150.507028
128.983605 150.791483
128.983605 151.075938
129.268060 151.360394
129.268060 151.644849
129.268060 151.929304
129.552515 152.213759
129.552515 152.498214
129.552515 152.782669
129.836970 153.067125
129.836970 153.351580
129.836970 153.636035
129.836970 153.920490
130.121426 154.204945
130.121426 154.489401
130.121426 154.773856
130.405881 155.058311
130.405881 155.342766
130.405881 155.627221
130.690336 155.911677
130.690336 156.196132
130.690336 156.480587
130.690336 156.765042
130.974791 157.049497
130.974791 157.333952
130.974791 157.618408
131.259246 157.902863
131.259246 158.187318
131.259246 158.471773
131.543702 158.756228
131.543702 159.040684
131.543702 159.325139
131.543702 159.609594
131.828157 159.894049
131.828157 160.178504
131.543702 160.178504
131.259246 160.462960
130.974791 160.747415
130.690336 160.747415
130.405881 161.031870
130.121426 161.031870
129.836970 161.316325
129.552515 161.316325
129.268060 161.600780
128.983605 161.600780
128.699150 161.885235
128.414694 161.885235
128.130239 162.169691
127.845784 162.169691
127.561329 162.454146
127.276874 162.738601
126.992419 162.738601
126.707963 163.023056
126.423508 163.023056
126.139053 163.307511
125.854598 163.307511
125.570143 163.591967
125.285687 163.591967
125.001232 163.876422
124.716777 163.876422
124.432322 164.160877
124.147867 164.160877
123.863411 164.445332
123.578956 164.445332
123.294501 164.729787
123.010046 164.729787
122.725591 164.729787
122.441136 165.014243
122.156680 165.014243
121.872225 165.014243
121.587770 165.298698
121.303315 165.298698
121.018860 165.298698
120.734404 165.583153
120.449949 165.583153
120.165494 165.583153
119.881039 165.867608
119.596584 165.867608
119.312128 165.867608
119.027673 166.152063
118.743218 166.152063
118.458763 166.152063
118.174308 166.436518
117.889853 166.436518
117.605397 166.436518
117.320942 166.720974
117.036487 166.720974
116.752032 166.720974
116.467577 167.005429
116.183121 167.005429
115.898666 167.005429
115.614211 167.289884
115.329756 167.289884
115.045301 167.289884
114.760845 167.289884
114.476390 167.289884
114.191935 167.289884
113.907480 167.289884
113.623025 167.289884
113.338570 167.289884
113.054114 167.289884
112.769659 167.289884
112.485204 167.289884
111.916294 167.289884
111.631838 167.289884
111.347383 167.289884
111.062928 167.005429
110.778473 167.005429
110.494018 167.005429
110.209563 167.005429
109.925107 167.005429
109.640652 167.005429
109.356197 167.005429
109.071742 166.720974
108.787287 166.720974
108.502831 166.720974
108.218376 166.720974
107.933921 166.720974
107.649466 166.720974
107.365011 166.720974
107.080555 166.436518
106.796100 166.436518
106.511645 166.436518
106.227190 166.436518
105.942735 166.436518
105.658280 166.436518
105.373824 166.436518
105.089369 166.152063
104.804914 166.152063
104.520459 166.152063
104.236004 165.867608
103.951548 165.583153
103.667093 165.583153
103.382638 165.298698
103.098183 165.014243
102.813728 164.729787
102.529272 164.445332
102.244817 164.445332
101.960362 164.160877
101.675907 163.876422
101.391452 163.591967
101.106997 163.307511
100.822541 163.307511
100.538086 163.023056
100.253631 162.738601
99.969176 162.454146
99.684721 162.169691
99.400265 161.885235
99.115810 161.885235
98.831355 161.600780
98.546900 161.316325
98.262445 161.031870
97.977989 160.747415
97.693534 160.747415
97.409079 160.462960
97.124624 160.178504
96.840169 159.894049
96.555714 159.609594
96.271258 159.325139
96.271258 159.040684
96.271258 158.756228
95.986803 158.471773
95.986803 158.187318
95.986803 157.902863
95.702348 157.618408
95.702348 157.333952
95.702348 157.049497
95.417893 156.765042
95.417893 156.480587
95.417893 156.196132
95.133438 155.911677
95.133438 155.627221
95.133438 155.342766
94.848982 155.058311
94.848982 154.773856
94.564527 154.489401
94.564527 154.204945
94.564527 153.920490
94.280072 153.636035
94.280072 153.351580
94.280072 153.067125
93.995617 152.782669
93.995617 152.498214
93.995617 152.213759
93.711162 151.929304
93.711162 151.644849
93.711162 151.360394
93.426706 151.075938
93.426706 150.791483
93.426706 150.507028
93.142251 150.222573
93.142251 149.938118
93.142251 149.653662
92.857796 149.369207
92.857796 149.084752
92.573341 148.800297
92.573341 148.515842
92.573341 148.231386
92.573341 147.946931
92.573341 147.662476
92.573341 147.378021
92.573341 147.093566
92.573341 146.809111
92.573341 146.524655
92.573341 146.240200
92.573341 145.955745
92.573341 145.671290
92.573341 145.386835
92.573341 145.102379
92.857796 144.817924
92.857796 144.533469
92.857796 144.249014
92.857796 143.964559
93.142251 143.680104
93.142251 143.395648
93.142251 143.111193
93.142251 142.826738
93.426706 142.542283
93.426706 142.257828
93.426706 141.973372
93.426706 141.688917
93.711162 141.404462
93.711162 141.120007
93.711162 140.835552
93.711162 140.551096
93.995617 140.266641
93.995617 139.982186
93.995617 139.697731
93.995617 139.413276
93.995617 139.128821
94.280072 138.844365
94.280072 138.559910
94.280072 138.275455
94.280072 137.991000
94.564527 137.706545
94.564527 137.422089
94.564527 137.137634
94.564527 136.853179
94.848982 136.568724
94.848982 136.284269
94.848982 135.999813
94.848982 135.715358
95.133438 135.430903
95.133438 135.146448
95.133438 134.861993
95.133438 134.577538
95.417893 134.293082
95.417893 134.008627
95.702348 134.008627
95.986803 133.724172
96.271258 133.439717
96.555714 133.439717
96.840169 133.155262
97.124624 132.870806
97.409079 132.870806
97.693534 132.586351
97.977989 132.586351
98.262445 132.301896
98.546900 132.017441
98.831355 132.017441
99.115810 131.732986
99.400265 131.732986
99.684721 131.448530
99.969176 131.164075
100.253631 131.164075
100.538086 130.879620
100.822541 130.595165
101.106997 130.595165
101.391452 130.310710
101.675907 130.310710
101.960362 130.026255
102.244817 129.741799
102.529272 129.741799
102.813728 129.457344
103.098183 129.457344
103.382638 129.172889
103.667093 128.888434
103.951548 128.888434
104.236004 128.603979
104.520459 128.319523
104.804914 128.319523
105.089369 128.035068
105.373824 128.035068
105.658280 127.750613
105.942735 127.466158
106.227190 127.466158
106.511645 127.181703
106.796100 127.181703
107.080555 126.897247
107.365011 126.612792
107.649466 126.612792
107.649466 126.328337
107.649466 126.043882
107.649466 125.759427
107.649466 125.474972
107.649466 125.759427
107.649466 125.474972
107.649466 125.190516
107.649466 124.906061
107.933921 124.621606
107.933921 124.337151
107.933921 124.052696
107.933921 123.768240
107.933921 123.483785
108.218376 123.199330
108.218376 122.914875
108.218376 122.630420
108.218376 122.345965
108.502831 122.345965
108.502831 122.061509
108.502831 121.777054
108.787287 121.777054
109.071742 121.492599
109.071742 121.208144
109.356197 120.923689
109.640652 120.639233
109.925107 120.354778
110.209563 120.070323
110.494018 120.070323
110.778473 119.785868
111.062928 119.501413
111.347383 119.501413
111.631838 119.216957
111.916294 119.216957
112.200749 119.216957
112.485204 118.932502
112.769659 118.932502
113.054114 118.648047
113.338570 118.363592
113.338570 118.079137
113.623025 117.794682
113.623025 117.510226
113.907480 117.510226
114.191935 117.225771
114.476390 116.941316
114.760845 116.941316
115.045301 116.656861
115.045301 116.372406
115.329756 116.372406
115.614211 116.372406
115.898666 116.372406
116.183121 116.372406
116.183121 116.087950
116.467577 116.087950
116.752032 116.087950
116.467577 116.087950
116.752032 116.087950
117.036487 116.087950
117.320942 116.087950
117.605397 116.087950
117.889853 115.803495
118.174308 115.803495
118.174308 116.087950
118.458763 116.087950
118.743218 116.372406
119.027673 116.656861
119.027673 116.941316
119.312128 116.941316
119.596584 117.225771
119.881039 117.510226
120.165494 117.794682
120.449949 118.079137
120.734404 118.079137
121.018860 118.363592
121.303315 118.648047
121.587770 118.932502
