125.576609 107.002007
125.576609 107.741997
125.576609 108.481987
125.576609 108.851982
125.576609 109.591971
125.576609 109.961966
125.576609 110.701956
125.576609 111.071951
125.206615 111.441946
124.836620 111.441946
124.836620 111.811941
124.836620 112.181935
124.466625 112.551930
124.096630 112.921925
124.096630 113.291920
123.726635 113.661915
123.726635 114.031910
123.356640 114.401905
123.356640 114.771900
122.986645 115.141894
122.986645 115.511889
122.616650 115.881884
122.616650 116.251879
122.616650 116.621874
122.246656 116.991869
122.246656 117.361864
121.876661 117.731858
121.506666 118.101853
121.506666 118.471848
121.136671 118.841843
120.766676 119.211838
120.766676 119.581833
120.396681 119.951828
120.396681 120.321823
120.026686 120.691817
120.026686 121.061812
119.656692 121.431807
119.656692 121.801802
119.286697 122.171797
119.286697 122.541792
119.286697 122.911787
118.916702 123.281781
118.916702 123.651776
118.916702 124.021771
118.546707 124.391766
118.546707 124.761761
118.546707 125.131756
118.546707 125.501751
118.176712 125.871746
118.176712 126.241740
118.176712 126.611735
118.176712 126.981730
118.176712 127.351725
118.176712 127.721720
117.806717 128.091715
117.806717 128.461710
117.806717 128.831704
117.806717 129.201699
117.806717 129.571694
117.806717 129.941689
117.806717 130.311684
117.806717 130.681679
117.806717 131.051674
117.806717 131.421669
117.806717 131.791663
117.806717 132.161658
117.806717 132.531653
117.806717 132.901648
117.806717 133.271643
117.806717 133.641638
117.806717 134.011633
117.806717 134.381627
117.806717 134.751622
117.806717 135.121617
117.806717 135.491612
117.806717 135.861607
117.806717 136.231602
117.806717 136.601597
117.806717 136.971591
117.806717 137.341586
117.806717 137.711581
117.806717 138.081576
117.806717 138.451571
117.806717 138.821566
117.806717 139.191561
117.806717 139.561556
117.806717 139.931550
118.176712 139.931550
118.176712 140.301545
118.176712 140.671540
118.176712 141.041535
118.176712 141.411530
118.176712 141.781525
118.176712 142.151520
118.546707 142.151520
118.546707 142.521514
118.546707 142.891509
118.546707 143.261504
118.546707 142.891509
118.546707 143.261504
118.546707 143.631499
118.916702 143.631499
118.916702 144.001494
118.916702 144.371489
119.286697 144.741484
119.286697 145.111479
119.286697 145.481473
119.286697 145.851468
119.656692 145.851468
119.656692 146.221463
119.656692 146.591458
120.026686 146.591458
120.026686 146.961453
120.026686 147.331448
120.396681 147.331448
120.396681 147.701443
120.396681 148.071437
120.766676 148.071437
120.766676 148.441432
120.766676 148.811427
121.136671 148.811427
121.136671 149.181422
121.506666 149.181422
121.506666 149.551417
121.506666 149.181422
121.506666 149.551417
121.876661 149.921412
122.246656 150.291407
122.246656 150.661402
122.616650 151.031396
122.986645 151.401391
122.986645 151.771386
123.356640 152.141381
123.726635 152.141381
124.096630 152.511376
124.466625 152.881371
124.466625 153.251366
124.836620 153.251366
125.206615 153.621360
125.576609 153.991355
125.946604 154.361350
126.316599 154.731345
126.686594 155.101340
127.056589 155.471335
127.426584 155.471335
127.796579 155.841330
128.166573 156.211325
128.536568 156.211325
128.906563 156.581319
128.906563 157.321309
128.906563 157.691304
128.906563 158.431294
128.906563 158.801289
128.906563 159.541278
128.906563 159.911273
128.906563 160.651263
128.906563 161.391253
128.906563 161.761248
128.906563 162.131242
128.536568 162.501237
128.536568 162.871232
128.536568 163.241227
128.166573 163.611222
128.166573 163.981217
128.166573 164.351212
127.796579 164.721206
127.426584 165.091201
127.426584 165.461196
127.056589 165.831191
127.056589 166.201186
126.686594 166.571181
126.316599 166.941176
125.946604 167.311170
125.576609 167.681165
125.206615 167.681165
124.836620 167.681165
124.466625 168.051160
124.096630 168.051160
123.726635 168.421155
123.356640 168.421155
122.986645 168.421155
122.616650 168.791150
121.876661 168.791150
121.506666 168.791150
121.136671 168.791150
120.766676 168.791150
120.026686 168.791150
119.656692 168.421155
119.286697 168.421155
118.546707 168.421155
118.176712 168.421155
117.806717 168.051160
117.436722 168.051160
116.696733 168.051160
116.326738 168.051160
115.956743 167.681165
115.216753 167.681165
114.846758 167.681165
114.476763 167.681165
113.736774 167.681165
113.366779 167.311170
112.996784 167.311170
112.256794 167.311170
111.886799 167.311170
111.516804 166.941176
110.776815 166.941176
110.406820 166.941176
110.036825 166.941176
109.666830 166.941176
109.296835 166.941176
108.926840 166.941176
108.556846 166.941176
108.186851 166.941176
107.816856 166.941176
107.076866 166.941176
106.706871 166.571181
106.336876 166.571181
105.966882 166.201186
105.596887 166.201186
105.226892 165.831191
104.856897 165.831191
104.486902 165.461196
104.116907 165.461196
103.746912 165.091201
103.376917 165.091201
103.006923 164.721206
102.636928 164.351212
102.266933 164.351212
101.896938 163.981217
101.526943 163.981217
101.156948 163.611222
100.786953 163.611222
100.416959 163.241227
100.046964 163.241227
99.676969 162.871232
99.306974 162.871232
98.936979 162.501237
98.566984 162.501237
98.196989 162.131242
97.826994 161.761248
97.457000 161.761248
97.087005 161.391253
96.717010 161.021258
95.977020 160.651263
95.607025 160.281268
95.237030 159.911273
94.867036 159.541278
94.497041 159.171283
94.127046 158.801289
93.387056 158.431294
93.017061 158.061299
92.647066 157.691304
92.277071 157.321309
91.907077 156.951314
91.537082 156.581319
90.797092 156.211325
90.427097 155.841330
90.427097 155.471335
90.057102 155.101340
90.057102 154.731345
90.057102 154.361350
90.057102 153.991355
90.057102 153.621360
89.687107 153.251366
89.687107 152.881371
89.687107 152.511376
89.687107 151.771386
89.317113 151.401391
89.317113 151.031396
89.317113 150.661402
89.317113 150.291407
88.947118 149.921412
88.947118 149.551417
88.947118 149.181422
88.577123 148.811427
88.577123 148.441432
88.577123 148.071437
88.577123 147.701443
88.207128 147.331448
88.207128 146.591458
88.207128 146.221463
88.207128 145.851468
87.837133 145.481473
87.837133 145.111479
87.837133 144.741484
87.837133 144.371489
87.467138 144.001494
87.467138 143.631499
87.467138 143.261504
87.097143 142.891509
87.097143 142.521514
87.097143 142.151520
87.097143 141.411530
86.727148 141.041535
86.727148 140.671540
86.727148 140.301545
86.727148 139.931550
86.357154 139.561556
86.357154 139.191561
86.357154 138.821566
86.357154 138.451571
85.987159 138.081576
85.987159 137.711581
85.987159 137.341586
85.617164 136.971591
85.617164 136.231602
85.617164 135.861607
85.617164 135.491612
85.247169 135.121617
85.247169 134.751622
85.247169 134.381627
85.247169 134.011633
84.877174 133.641638
84.877174 133.271643
84.877174 132.901648
85.247169 132.161658
85.247169 131.791663
85.617164 131.421669
85.617164 130.681679
85.987159 130.311684
85.987159 129.571694
85.987159 129.201699
86.357154 128.461710
86.357154 128.091715
86.727148 127.721720
86.727148 126.981730
87.097143 126.611735
87.097143 125.871746
87.467138 125.501751
87.467138 124.761761
87.837133 124.391766
87.837133 123.651776
88.207128 123.281781
88.207128 122.911787
88.577123 122.171797
88.577123 121.801802
88.947118 121.431807
89.317113 121.061812
89.687107 121.061812
90.057102 120.691817
90.427097 120.691817
90.427097 120.321823
90.797092 119.951828
91.167087 119.951828
91.167087 119.581833
91.537082 119.211838
91.907077 118.841843
92.277071 118.841843
92.277071 118.471848
92.647066 118.101853
93.017061 117.731858
93.387056 117.361864
93.757051 116.991869
94.127046 116.621874
94.497041 116.251879
94.867036 115.881884
95.237030 115.511889
95.237030 115.141894
95.607025 114.771900
95.977020 114.401905
96.347015 114.031910
96.347015 113.661915
96.717010 113.291920
97.087005 112.921925
97.087005 112.551930
97.457000 112.181935
97.826994 111.811941
98.196989 111.811941
98.936979 111.441946
99.306974 111.071951
99.676969 111.071951
100.046964 110.701956
100.786953 110.331961
101.156948 110.331961
101.526943 109.961966
101.896938 109.591971
102.636928 109.591971
103.006923 109.221977
103.376917 108.851982
103.746912 108.851982
104.486902 108.481987
104.856897 108.111992
105.226892 108.111992
105.596887 107.741997
106.336876 107.372002
106.706871 107.372002
107.076866 107.002007
107.446861 106.632013
108.186851 106.632013
108.556846 106.262018
108.926840 105.892023
109.666830 105.892023
110.036825 105.892023
110.406820 105.522028
111.146810 105.522028
111.516804 105.522028
111.886799 105.522028
112.626789 105.152033
112.996784 105.152033
113.366779 105.152033
114.106769 105.152033
114.476763 104.782038
114.846758 104.782038
115.586748 104.782038
115.956743 104.412043
116.326738 104.412043
117.066727 104.412043
117.436722 104.412043
117.806717 104.042048
118.546707 104.042048
118.916702 104.042048
119.286697 104.042048
120.026686 103.672054
120.396681 103.672054
120.766676 103.672054
121.506666 103.302059
121.876661 103.302059
122.246656 103.302059
122.616650 103.672054
122.986645 104.042048
123.356640 104.412043
123.726635 104.782038
124.096630 105.152033
124.466625 105.522028
124.836620 105.892023
124.836620 106.262018
125.206615 106.632013
125.576609 107.002007
