120.926727 104.946693
120.496231 105.377189
120.496231 105.807685
120.065735 105.807685
120.065735 106.238181
120.065735 106.668677
119.635239 107.099173
119.204742 107.529669
118.774246 107.960166
118.343750 108.390662
117.913254 108.821158
117.482758 109.251654
117.482758 109.682150
117.052262 110.112646
116.621766 110.543142
116.191269 110.973639
115.760773 111.404135
115.760773 111.834631
115.330277 112.265127
114.899781 112.695623
114.899781 113.126119
114.469285 113.556615
114.038789 113.987111
114.038789 114.417608
113.608293 114.848104
113.177796 115.278600
113.177796 115.709096
112.747300 116.139592
112.747300 116.570088
112.316804 117.000584
112.316804 117.431081
111.886308 117.861577
111.886308 118.292073
111.455812 118.722569
111.455812 119.153065
111.025316 119.583561
111.025316 120.014057
111.025316 120.444554
110.594820 120.875050
110.594820 121.305546
110.164323 121.736042
110.164323 122.166538
109.733827 122.597034
109.733827 123.027530
109.733827 123.458027
109.303331 123.888523
109.303331 124.319019
108.872835 124.749515
108.872835 125.180011
108.872835 125.610507
108.442339 126.041003
108.442339 126.471500
108.442339 126.901996
108.011843 127.332492
108.011843 127.762988
108.011843 128.193484
108.011843 128.623980
107.581347 129.054476
107.581347 129.484973
107.581347 129.915469
107.581347 130.345965
107.581347 130.776461
107.150850 131.206957
107.150850 131.637453
107.150850 132.067949
107.150850 132.498446
107.150850 132.928942
107.150850 133.359438
107.150850 133.789934
107.150850 134.220430
106.720354 134.650926
106.720354 135.081422
106.720354 135.511919
106.720354 135.942415
106.720354 136.372911
106.720354 136.803407
106.720354 137.233903
106.720354 137.664399
106.720354 138.094895
106.720354 138.525392
106.720354 138.955888
106.720354 139.386384
106.720354 139.816880
106.720354 140.247376
106.720354 140.677872
106.720354 141.108368
106.720354 141.538864
106.720354 141.969361
107.150850 142.399857
107.150850 142.830353
107.150850 143.260849
107.150850 143.691345
107.150850 144.121841
107.150850 144.552337
107.150850 144.982834
107.150850 145.413330
107.581347 145.843826
107.581347 146.274322
107.581347 145.843826
107.581347 146.274322
107.581347 145.843826
107.581347 146.274322
107.581347 146.704818
107.581347 147.135314
107.581347 147.565810
107.581347 147.996307
108.011843 147.996307
108.011843 148.426803
108.011843 147.996307
108.011843 148.426803
108.011843 147.996307
108.011843 148.426803
108.011843 148.857299
108.011843 149.287795
108.011843 149.718291
108.442339 149.718291
108.442339 150.148787
108.442339 150.579283
108.442339 151.009780
108.872835 151.009780
108.872835 151.440276
108.872835 151.870772
109.303331 152.301268
109.303331 152.731764
109.303331 153.162260
109.733827 153.162260
109.733827 153.592756
109.733827 153.162260
109.733827 153.592756
109.733827 154.023253
110.164323 154.453749
110.164323 154.884245
110.164323 155.314741
110.594820 155.314741
110.594820 155.745237
110.594820 155.314741
110.594820 155.745237
111.025316 156.175733
111.025316 156.606229
111.025316 157.036726
111.455812 157.036726
111.455812 157.467222
111.455812 157.897718
111.886308 157.897718
111.886308 158.328214
112.316804 158.758710
112.316804 159.189206
112.747300 159.189206
112.747300 159.619702
113.177796 160.050199
113.177796 160.480695
113.608293 160.480695
113.608293 160.911191
114.038789 161.341687
114.469285 161.772183
114.469285 162.202679
114.899781 162.633175
115.330277 163.063672
115.760773 163.494168
116.191269 163.924664
116.191269 164.355160
116.621766 164.785656
116.621766 165.216152
117.052262 165.646648
116.621766 166.507641
116.621766 166.938137
116.621766 167.799129
116.191269 168.229625
115.760773 168.660121
115.330277 168.660121
114.899781 168.660121
114.469285 168.660121
114.038789 168.660121
113.608293 168.660121
113.177796 169.090617
112.747300 169.090617
112.316804 169.090617
111.886308 169.090617
111.025316 169.090617
110.594820 169.090617
110.164323 169.090617
109.733827 169.521114
109.303331 169.521114
108.872835 169.521114
108.442339 169.521114
108.011843 169.521114
107.581347 169.521114
107.150850 169.951610
106.720354 169.951610
106.289858 169.951610
105.859362 169.951610
104.998370 169.951610
104.567874 169.951610
104.137377 169.951610
103.706881 169.951610
103.276385 169.951610
102.845889 169.521114
102.415393 169.521114
101.984897 169.521114
101.554401 169.090617
101.123904 169.090617
100.693408 168.660121
100.262912 168.660121
99.832416 168.229625
99.401920 168.229625
98.971424 167.799129
98.540928 167.799129
98.110431 167.368633
97.679935 167.368633
97.249439 166.938137
96.818943 166.938137
96.388447 166.507641
95.957951 166.077145
95.527455 166.077145
95.096958 165.646648
94.666462 165.646648
94.235966 165.216152
93.805470 165.216152
93.374974 164.785656
92.944478 164.785656
92.513982 164.355160
92.083486 164.355160
91.652989 163.924664
91.222493 163.924664
90.791997 163.494168
90.361501 163.063672
89.931005 163.063672
89.500509 162.633175
89.070013 162.633175
88.639516 162.202679
88.209020 162.202679
87.778524 161.772183
87.348028 161.772183
86.487036 161.341687
86.056540 160.911191
85.626043 160.911191
85.195547 160.480695
84.334555 160.480695
83.904059 160.050199
83.473563 160.050199
83.043067 159.619702
82.612570 159.619702
81.751578 159.189206
81.321082 158.758710
80.890586 158.758710
80.460090 158.328214
79.599097 158.328214
79.168601 157.897718
78.738105 157.897718
78.307609 157.467222
77.446617 157.036726
77.016121 157.036726
76.585624 156.606229
76.155128 156.606229
75.724632 156.175733
74.863640 156.175733
74.433144 155.745237
74.433144 155.314741
74.002648 154.453749
74.002648 154.023253
74.002648 153.592756
74.002648 153.162260
74.002648 152.301268
74.002648 151.870772
74.002648 151.440276
73.572151 151.009780
73.572151 150.579283
73.572151 149.718291
73.572151 149.287795
73.572151 148.857299
73.572151 148.426803
73.141655 147.565810
73.141655 147.135314
73.141655 146.704818
73.141655 146.274322
73.141655 145.413330
73.141655 144.982834
73.141655 144.552337
72.711159 144.121841
72.711159 143.691345
72.711159 142.830353
72.711159 142.399857
72.711159 141.969361
72.711159 141.538864
72.280663 140.677872
72.280663 140.247376
72.280663 139.816880
72.280663 139.386384
72.280663 138.525392
72.280663 138.094895
72.280663 137.664399
72.280663 137.233903
72.280663 136.803407
72.280663 136.372911
72.280663 135.942415
72.280663 135.511919
72.280663 135.081422
72.711159 134.650926
72.711159 133.789934
73.141655 133.359438
73.572151 132.498446
73.572151 132.067949
74.002648 131.637453
74.433144 130.776461
74.433144 130.345965
74.863640 129.484973
75.294136 129.054476
75.294136 128.623980
75.724632 127.762988
76.155128 127.332492
76.585624 126.471500
76.585624 126.041003
77.016121 125.610507
77.446617 124.749515
77.446617 124.319019
77.877113 123.888523
78.307609 123.027530
78.307609 122.597034
78.738105 121.736042
79.168601 121.305546
79.168601 120.875050
79.599097 120.014057
80.029594 119.583561
80.460090 118.722569
80.460090 118.292073
80.890586 117.861577
81.321082 117.000584
81.321082 116.570088
81.751578 116.139592
82.182074 115.278600
82.612570 115.278600
83.043067 114.848104
83.473563 114.417608
83.904059 114.417608
84.334555 113.987111
84.765051 113.556615
85.195547 113.556615
85.626043 113.126119
86.056540 113.126119
86.487036 112.695623
86.917532 112.265127
87.348028 112.265127
87.778524 111.834631
88.209020 111.834631
88.639516 111.404135
89.070013 110.973639
89.500509 110.973639
89.931005 110.543142
90.361501 110.112646
91.222493 110.112646
91.652989 109.682150
92.083486 109.682150
92.513982 109.251654
92.944478 108.821158
93.374974 108.821158
93.805470 108.390662
94.235966 107.960166
94.666462 107.960166
95.096958 107.529669
95.527455 107.529669
95.957951 107.099173
96.388447 106.668677
96.818943 106.668677
97.249439 106.238181
98.110431 106.238181
98.540928 106.238181
99.401920 105.807685
99.832416 105.807685
100.262912 105.377189
101.123904 105.377189
101.554401 105.377189
102.415393 104.946693
102.845889 104.946693
103.706881 104.516196
104.137377 104.516196
104.567874 104.516196
105.428866 104.085700
105.859362 104.085700
106.720354 104.085700
107.150850 103.655204
108.011843 103.655204
108.442339 103.224708
108.872835 103.224708
109.733827 103.224708
110.164323 102.794212
111.025316 102.794212
111.455812 102.363716
112.316804 102.363716
112.747300 102.363716
113.177796 101.933220
114.038789 101.933220
114.469285 101.933220
115.330277 101.502723
115.760773 101.502723
116.621766 101.072227
117.052262 101.072227
117.482758 101.072227
117.913254 101.072227
118.343750 100.641731
118.774246 100.641731
119.204742 100.641731
119.635239 100.641731
120.065735 100.641731
120.496231 100.641731
120.496231 101.072227
120.926727 101.072227
120.926727 101.502723
121.357223 101.933220
121.787719 102.363716
122.218215 102.794212
121.787719 103.224708
121.787719 103.655204
121.357223 104.085700
120.926727 104.085700
120.926727 104.516196
120.926727 104.946693
