130.162499 91.011162
129.470169 91.011162
128.777838 91.011162
128.085507 91.703493
127.393176 91.703493
126.700845 91.703493
126.700845 92.395823
126.008515 92.395823
126.008515 93.088154
125.316184 93.088154
124.623853 93.780485
123.931522 93.780485
123.239191 94.472816
122.546861 94.472816
122.546861 95.165147
121.854530 95.165147
121.162199 95.165147
121.162199 95.857477
120.469868 96.549808
119.777537 97.242139
119.085207 97.934470
118.392876 98.626801
117.700545 98.626801
117.700545 99.319131
117.008214 99.319131
116.315883 100.011462
115.623553 100.703793
114.931222 101.396124
114.238891 102.088455
113.546560 102.780785
112.854229 103.473116
112.161898 104.165447
111.469568 104.857778
110.777237 105.550109
110.084906 106.242439
109.392575 106.934770
108.700244 107.627101
108.007914 108.319432
108.007914 109.011763
107.315583 109.704094
106.623252 110.396424
106.623252 111.088755
105.930921 111.781086
105.930921 112.473417
105.238590 113.165748
104.546260 113.858078
104.546260 114.550409
103.853929 115.242740
103.853929 115.935071
103.853929 116.627402
103.161598 117.319732
102.469267 118.012063
102.469267 118.704394
101.776936 119.396725
101.776936 120.089056
101.084606 120.781386
101.084606 121.473717
101.084606 122.166048
101.084606 122.858379
100.392275 123.550710
100.392275 124.243040
99.699944 124.935371
99.699944 125.627702
99.699944 126.320033
99.007613 127.012364
99.007613 127.704695
99.007613 128.397025
99.007613 129.089356
98.315282 129.781687
98.315282 130.474018
98.315282 131.166349
98.315282 131.858679
97.622952 132.551010
97.622952 133.243341
97.622952 133.935672
97.622952 134.628003
97.622952 135.320333
97.622952 136.012664
97.622952 136.704995
97.622952 137.397326
97.622952 138.089657
96.930621 138.781987
96.930621 139.474318
96.930621 140.166649
96.930621 140.858980
96.930621 141.551311
96.930621 142.243641
96.930621 142.935972
96.930621 143.628303
96.930621 144.320634
96.930621 145.012965
96.930621 145.705295
96.930621 146.397626
97.622952 147.089957
97.622952 147.782288
97.622952 148.474619
97.622952 149.166950
97.622952 149.859280
97.622952 150.551611
97.622952 151.243942
97.622952 151.936273
98.315282 152.628604
98.315282 153.320934
98.315282 154.013265
98.315282 154.705596
98.315282 155.397927
99.007613 156.090258
99.007613 156.782588
99.007613 157.474919
99.007613 158.167250
99.699944 158.859581
99.699944 159.551912
100.392275 160.244242
100.392275 160.936573
100.392275 161.628904
101.084606 162.321235
101.084606 163.013566
101.084606 163.705896
101.084606 164.398227
101.776936 165.090558
102.469267 165.782889
102.469267 166.475220
102.469267 167.167551
103.161598 167.859881
103.853929 168.552212
104.546260 169.244543
104.546260 169.936874
105.238590 170.629205
105.930921 171.321535
105.930921 172.013866
106.623252 172.706197
107.315583 173.398528
107.315583 174.090859
106.623252 174.783189
106.623252 175.475520
106.623252 176.167851
106.623252 176.860182
105.930921 177.552513
105.930921 178.244843
105.238590 178.937174
105.238590 179.629505
104.546260 179.629505
103.853929 179.629505
103.161598 179.629505
102.469267 179.629505
101.776936 179.629505
101.084606 179.629505
100.392275 179.629505
99.699944 179.629505
99.007613 179.629505
98.315282 179.629505
97.622952 179.629505
96.930621 179.629505
96.238290 179.629505
95.545959 179.629505
94.853628 179.629505
94.161298 179.629505
93.468967 179.629505
92.776636 179.629505
92.084305 179.629505
91.391974 179.629505
90.699643 178.937174
90.007313 178.937174
89.314982 178.937174
88.622651 178.244843
87.930320 177.552513
87.237989 177.552513
86.545659 177.552513
85.853328 176.860182
85.160997 176.860182
84.468666 176.167851
83.776335 175.475520
83.084005 175.475520
82.391674 175.475520
81.699343 174.783189
81.007012 174.090859
80.314681 174.090859
79.622351 174.090859
78.930020 173.398528
78.237689 172.706197
77.545358 172.706197
76.853027 172.706197
76.160697 172.013866
75.468366 172.013866
74.776035 171.321535
74.083704 170.629205
73.391373 169.936874
72.699043 169.936874
72.006712 169.936874
71.314381 169.244543
70.622050 169.244543
69.929719 168.552212
69.237388 168.552212
68.545058 168.552212
67.852727 167.859881
67.160396 167.859881
66.468065 167.859881
65.775734 167.167551
65.083404 167.167551
64.391073 166.475220
63.698742 166.475220
63.006411 166.475220
62.314080 165.782889
61.621750 165.782889
60.929419 165.782889
60.237088 165.782889
59.544757 165.782889
58.852426 165.090558
58.160096 165.090558
57.467765 164.398227
56.775434 164.398227
56.083103 164.398227
55.390772 163.705896
54.698442 163.705896
54.006111 163.705896
53.313780 163.013566
52.621449 163.013566
51.929118 162.321235
51.236787 162.321235
50.544457 161.628904
49.852126 160.936573
49.159795 160.244242
48.467464 160.244242
47.775133 159.551912
47.082803 158.859581
46.390472 158.167250
45.698141 158.167250
45.005810 158.167250
44.313479 157.474919
43.621149 156.782588
42.928818 156.090258
42.236487 155.397927
41.544156 154.705596
41.544156 154.013265
41.544156 153.320934
41.544156 152.628604
41.544156 151.936273
41.544156 150.551611
41.544156 149.859280
41.544156 149.166950
41.544156 148.474619
41.544156 147.782288
41.544156 147.089957
41.544156 146.397626
41.544156 145.705295
41.544156 145.012965
41.544156 144.320634
41.544156 143.628303
41.544156 142.935972
42.236487 142.243641
42.236487 141.551311
42.928818 140.858980
42.928818 140.166649
43.621149 139.474318
43.621149 138.781987
43.621149 138.089657
44.313479 137.397326
44.313479 136.704995
44.313479 136.012664
45.005810 135.320333
45.005810 134.628003
45.698141 133.935672
45.698141 133.243341
45.698141 132.551010
46.390472 131.858679
46.390472 131.166349
47.082803 130.474018
47.082803 129.781687
47.082803 129.089356
47.082803 128.397025
47.082803 127.704695
47.775133 127.012364
47.775133 126.320033
47.775133 125.627702
47.775133 124.935371
48.467464 124.243040
49.159795 123.550710
49.159795 122.858379
49.852126 122.166048
50.544457 121.473717
51.236787 120.781386
51.236787 120.089056
51.929118 119.396725
51.929118 118.704394
52.621449 118.012063
53.313780 117.319732
53.313780 116.627402
54.006111 115.935071
54.698442 115.242740
54.698442 114.550409
55.390772 113.858078
55.390772 113.165748
56.083103 112.473417
56.775434 111.781086
56.775434 111.088755
57.467765 110.396424
57.467765 109.704094
58.160096 109.011763
58.852426 108.319432
58.852426 107.627101
59.544757 106.934770
60.237088 106.242439
60.929419 105.550109
60.929419 104.857778
61.621750 104.165447
61.621750 103.473116
62.314080 102.780785
63.006411 102.088455
63.698742 101.396124
63.698742 100.703793
64.391073 100.011462
64.391073 99.319131
65.083404 98.626801
65.775734 97.934470
66.468065 97.242139
67.160396 96.549808
67.852727 95.857477
68.545058 95.165147
69.237388 94.472816
69.929719 93.780485
70.622050 93.088154
71.314381 92.395823
72.006712 91.703493
72.699043 91.011162
73.391373 90.318831
74.083704 89.626500
74.776035 88.934169
75.468366 88.241839
76.160697 87.549508
76.853027 86.857177
77.545358 86.164846
77.545358 85.472515
77.545358 84.780184
78.237689 84.087854
78.930020 83.395523
79.622351 83.395523
80.314681 83.395523
81.007012 83.395523
81.699343 82.703192
82.391674 82.703192
83.084005 82.010861
83.776335 82.010861
84.468666 81.318530
85.160997 81.318530
85.853328 80.626200
86.545659 80.626200
87.237989 80.626200
87.930320 79.933869
88.622651 79.933869
89.314982 79.241538
90.007313 79.241538
90.699643 79.241538
91.391974 78.549207
92.084305 78.549207
92.776636 77.856876
93.468967 77.856876
94.161298 77.164546
94.853628 77.164546
95.545959 76.472215
96.238290 76.472215
96.930621 75.779884
97.622952 75.779884
98.315282 75.779884
99.007613 75.087553
99.699944 75.087553
100.392275 75.087553
101.084606 74.395222
101.776936 74.395222
102.469267 74.395222
103.161598 74.395222
103.853929 74.395222
104.546260 74.395222
105.238590 74.395222
105.930921 74.395222
106.623252 74.395222
107.315583 74.395222
108.007914 74.395222
108.700244 74.395222
109.392575 74.395222
110.084906 74.395222
110.777237 74.395222
111.469568 74.395222
112.854229 74.395222
113.546560 74.395222
114.238891 74.395222
114.931222 74.395222
115.623553 74.395222
116.315883 74.395222
117.008214 74.395222
117.700545 74.395222
118.392876 74.395222
119.085207 75.087553
119.777537 75.087553
120.469868 75.087553
121.162199 75.779884
121.854530 75.779884
122.546861 75.779884
123.239191 75.779884
123.931522 75.779884
124.623853 75.779884
125.316184 76.472215
126.008515 76.472215
126.700845 77.164546
126.700845 77.856876
126.700845 78.549207
126.700845 79.241538
127.393176 79.933869
127.393176 80.626200
127.393176 81.318530
128.085507 82.010861
128.085507 82.703192
128.085507 83.395523
128.085507 84.087854
128.777838 84.780184
128.777838 85.472515
128.777838 86.164846
129.470169 86.857177
129.470169 87.549508
129.470169 88.241839
130.162499 88.934169
130.854830 89.626500
131.547161 90.318831
130.854830 90.318831
130.162499 91.011162
