127.162266 92.525740
127.162266 93.744650
127.162266 94.354104
127.162266 94.963559
126.552812 96.182469
126.552812 96.791923
125.943357 97.401378
125.333902 98.010833
124.724447 98.010833
124.114993 98.620287
123.505538 98.620287
123.505538 99.229742
122.896083 99.839197
122.286628 100.448652
121.677174 100.448652
121.677174 101.058106
121.067719 101.058106
120.458264 101.667561
119.848809 102.277016
119.239355 102.886471
118.629900 103.495925
118.629900 104.105380
118.020445 104.714835
117.410990 105.324290
116.801536 105.933744
116.192081 106.543199
115.582626 107.152654
115.582626 107.762109
114.973171 108.371563
114.363717 108.981018
114.363717 109.590473
113.754262 110.199928
113.144807 110.809382
113.144807 111.418837
112.535353 112.028292
112.535353 112.637747
111.925898 113.247201
111.925898 113.856656
111.316443 114.466111
111.316443 115.075566
110.706988 115.685020
110.706988 116.294475
110.097534 116.903930
110.097534 117.513385
109.488079 118.122839
109.488079 118.732294
109.488079 119.341749
108.878624 119.951204
108.878624 120.560658
108.878624 121.170113
108.269169 121.779568
108.269169 122.389023
107.659715 122.998477
107.659715 123.607932
107.659715 124.217387
107.050260 124.826842
107.050260 125.436296
107.050260 126.045751
106.440805 126.655206
106.440805 127.264660
106.440805 127.874115
106.440805 128.483570
105.831350 129.093025
105.831350 129.702479
105.831350 130.311934
105.831350 130.921389
105.831350 131.530844
105.221896 132.140298
105.221896 132.749753
105.221896 133.359208
105.221896 133.968663
105.221896 134.578117
105.221896 135.187572
105.221896 135.797027
105.221896 136.406482
105.221896 137.015936
105.221896 137.625391
105.221896 138.234846
105.221896 138.844301
105.221896 139.453755
105.221896 140.063210
105.221896 140.672665
105.221896 141.282120
105.221896 141.891574
105.221896 142.501029
105.221896 143.110484
105.221896 142.501029
105.221896 143.110484
105.221896 143.719939
105.221896 144.329393
105.221896 144.938848
105.221896 145.548303
105.221896 146.157758
105.831350 146.767212
105.831350 147.376667
105.831350 146.767212
105.831350 147.376667
105.831350 147.986122
105.831350 148.595577
105.831350 149.205031
105.831350 149.814486
106.440805 149.814486
106.440805 150.423941
106.440805 151.033396
106.440805 151.642850
107.050260 152.252305
107.050260 152.861760
107.050260 153.471215
107.659715 154.080669
107.659715 154.690124
107.659715 155.299579
108.269169 155.909033
108.269169 156.518488
108.269169 157.127943
108.878624 157.127943
108.878624 157.737398
108.878624 158.346852
109.488079 158.346852
109.488079 158.956307
110.097534 159.565762
110.097534 160.175217
110.706988 160.784671
110.706988 161.394126
110.706988 162.003581
111.316443 162.613036
111.316443 163.222490
111.316443 163.831945
111.925898 164.441400
111.925898 165.050855
112.535353 165.660309
112.535353 166.269764
112.535353 166.879219
113.144807 166.879219
113.144807 167.488674
113.754262 168.098128
113.754262 168.707583
113.754262 169.317038
114.363717 169.926493
114.363717 170.535947
114.363717 171.754857
113.754262 172.364312
113.754262 172.973766
113.754262 174.192676
113.754262 174.802131
113.754262 176.021040
113.144807 176.630495
113.144807 177.239950
113.144807 178.458859
112.535353 179.068314
111.925898 179.068314
111.316443 179.677769
110.097534 180.287223
109.488079 180.896678
108.878624 181.506133
108.269169 181.506133
107.659715 182.115587
107.050260 182.725042
106.440805 182.725042
105.831350 182.725042
105.221896 182.725042
104.612441 182.725042
104.002986 182.725042
103.393531 182.725042
102.784077 182.725042
102.174622 183.334497
101.565167 183.334497
100.346258 183.334497
99.736803 183.334497
99.127348 183.334497
98.517893 183.334497
97.908439 183.334497
97.298984 183.334497
96.689529 183.334497
96.080074 183.334497
95.470620 182.725042
94.861165 182.725042
94.251710 182.725042
93.642255 182.115587
93.032801 182.115587
92.423346 181.506133
91.204436 181.506133
90.594982 180.896678
89.376072 180.896678
88.766617 180.287223
87.547708 180.287223
86.938253 179.677769
85.719344 179.068314
85.109889 179.068314
83.890980 178.458859
83.281525 178.458859
82.062615 177.849404
81.453161 177.849404
80.843706 177.239950
79.624796 177.239950
79.015342 176.630495
77.796432 176.630495
77.186977 176.021040
75.968068 175.411585
75.358613 175.411585
74.139704 174.802131
73.530249 174.802131
72.311339 174.192676
71.701885 174.192676
70.482975 173.583221
69.873520 173.583221
68.654611 172.973766
68.045156 172.973766
66.826247 172.364312
66.216792 172.364312
65.607337 171.754857
64.388428 171.145402
63.778973 171.145402
63.169518 171.145402
62.560063 171.145402
61.950609 170.535947
61.341154 170.535947
60.731699 170.535947
59.512790 169.926493
58.903335 169.317038
58.293880 168.707583
57.684426 168.707583
57.074971 168.098128
56.465516 167.488674
55.856061 167.488674
54.637152 166.879219
54.027697 166.269764
53.418242 165.660309
52.808788 165.660309
52.199333 165.050855
51.589878 164.441400
50.370969 163.831945
49.761514 163.831945
49.152059 163.222490
48.542604 162.613036
47.933150 162.613036
47.323695 162.003581
46.104785 161.394126
45.495331 160.784671
44.885876 160.784671
44.276421 160.175217
43.666966 159.565762
43.666966 158.956307
43.666966 158.346852
43.666966 157.737398
43.666966 157.127943
43.666966 156.518488
43.666966 155.909033
43.666966 155.299579
43.666966 154.690124
43.666966 154.080669
43.666966 153.471215
43.666966 152.861760
43.666966 152.252305
43.666966 151.642850
43.666966 151.033396
43.666966 150.423941
43.666966 149.814486
43.666966 149.205031
43.666966 148.595577
43.666966 147.986122
43.666966 147.376667
43.666966 146.767212
43.666966 146.157758
43.666966 145.548303
43.666966 144.938848
43.666966 144.329393
43.666966 143.719939
43.666966 143.110484
43.666966 141.891574
43.666966 141.282120
44.276421 140.672665
44.276421 140.063210
44.276421 139.453755
44.885876 138.844301
44.885876 138.234846
45.495331 137.625391
45.495331 137.015936
45.495331 136.406482
46.104785 135.797027
46.104785 135.187572
46.104785 133.968663
46.714240 133.359208
46.714240 132.749753
47.323695 132.140298
47.323695 131.530844
47.323695 130.921389
47.933150 130.311934
47.933150 129.702479
48.542604 129.093025
48.542604 128.483570
48.542604 127.874115
49.152059 126.655206
49.152059 126.045751
49.152059 125.436296
49.761514 124.826842
49.761514 124.217387
50.370969 123.607932
50.370969 122.998477
50.370969 122.389023
50.980423 121.779568
50.980423 121.170113
50.980423 120.560658
51.589878 119.951204
51.589878 118.732294
52.199333 118.122839
52.808788 117.513385
53.418242 116.903930
54.027697 116.294475
54.027697 115.075566
54.637152 114.466111
55.246607 113.856656
55.856061 113.247201
56.465516 112.028292
57.074971 111.418837
57.074971 110.809382
57.684426 110.199928
58.293880 108.981018
58.903335 108.371563
59.512790 107.762109
60.122244 107.152654
60.731699 105.933744
60.731699 105.324290
61.341154 104.714835
61.950609 104.105380
62.560063 103.495925
63.169518 102.277016
63.778973 101.667561
63.778973 101.058106
64.388428 100.448652
64.997882 99.839197
66.216792 99.229742
66.826247 98.620287
67.435701 98.010833
68.045156 97.401378
68.654611 96.791923
69.264066 96.182469
70.482975 95.573014
71.092430 94.963559
71.701885 94.354104
72.311339 93.744650
72.920794 93.135195
74.139704 92.525740
74.749158 91.916285
75.358613 91.306831
75.968068 90.697376
76.577523 90.697376
77.186977 90.087921
78.405887 89.478466
79.015342 88.869012
79.624796 88.259557
80.234251 88.259557
80.843706 87.650102
81.453161 87.650102
82.062615 87.040647
82.672070 87.040647
83.281525 86.431193
83.890980 86.431193
84.500434 85.821738
85.109889 85.821738
85.719344 85.212283
86.328798 85.212283
87.547708 84.602828
88.157163 84.602828
88.766617 83.993374
89.376072 83.993374
89.985527 83.383919
90.594982 83.383919
91.204436 82.774464
91.813891 82.774464
92.423346 82.165009
93.032801 82.165009
93.642255 81.555555
94.251710 81.555555
94.861165 80.946100
95.470620 80.946100
96.080074 80.946100
97.298984 80.946100
97.908439 80.946100
98.517893 80.946100
99.127348 80.336645
99.736803 80.336645
100.346258 80.336645
100.955712 80.336645
102.174622 80.336645
102.784077 80.336645
103.393531 80.336645
104.002986 79.727190
104.612441 79.727190
105.221896 80.336645
105.831350 80.336645
106.440805 80.336645
107.050260 80.336645
107.659715 80.336645
108.269169 80.946100
108.878624 80.946100
109.488079 80.946100
110.706988 80.946100
111.316443 81.555555
111.925898 81.555555
112.535353 81.555555
113.144807 81.555555
113.754262 81.555555
114.363717 82.165009
114.973171 82.165009
115.582626 82.165009
116.192081 82.774464
116.801536 83.383919
117.410990 83.383919
118.629900 83.993374
119.239355 83.993374
119.848809 84.602828
120.458264 85.212283
121.067719 85.212283
122.286628 85.821738
122.896083 86.431193
123.505538 86.431193
124.114993 87.040647
124.724447 87.650102
125.333902 87.650102
126.552812 88.259557
127.162266 88.259557
127.771721 88.869012
128.381176 89.478466
128.990631 89.478466
129.600085 90.087921
128.990631 90.697376
128.381176 91.306831
127.771721 91.916285
127.162266 92.525740
