98.356572 100.006975
98.356572 100.407700
98.356572 100.808426
98.356572 101.209151
98.356572 101.609877
98.356572 102.010603
98.356572 102.411328
98.356572 102.812054
98.356572 103.212780
98.757297 103.613505
98.356572 104.014231
98.757297 104.414956
98.757297 104.815682
98.757297 105.216408
98.757297 105.617133
99.158023 106.017859
99.158023 106.418584
99.158023 106.819310
99.158023 107.220036
99.558749 107.620761
99.558749 108.021487
99.558749 108.422213
99.959474 108.822938
99.959474 109.223664
99.959474 109.624389
99.558749 110.025115
99.558749 110.425841
99.558749 110.826566
99.558749 111.227292
99.558749 111.628017
99.558749 112.028743
99.558749 112.429469
99.558749 112.830194
99.558749 113.230920
99.558749 113.631646
99.558749 114.032371
99.558749 114.433097
99.558749 114.833822
99.558749 115.234548
99.558749 115.635274
99.558749 116.035999
99.959474 116.436725
99.959474 116.837450
99.959474 117.238176
99.959474 117.638902
99.959474 118.039627
99.959474 118.440353
100.360200 118.841079
100.360200 119.241804
100.360200 119.642530
100.360200 120.043255
100.760925 120.443981
100.760925 120.844707
100.760925 121.245432
101.161651 121.646158
101.161651 122.046883
101.161651 122.447609
101.562377 122.848335
101.562377 123.249060
101.963102 123.649786
101.963102 124.050512
102.363828 124.451237
102.363828 124.851963
102.764554 125.252688
102.764554 125.653414
103.165279 126.054140
103.165279 126.454865
103.566005 126.855591
103.966730 127.256316
103.966730 127.657042
104.367456 128.057768
104.768182 128.458493
105.168907 128.859219
105.168907 129.259945
105.569633 129.660670
105.970358 130.061396
106.371084 130.462121
106.771810 130.862847
107.172535 131.263573
107.573261 131.664298
107.973986 132.065024
108.374712 132.465749
108.775438 132.465749
109.176163 132.866475
109.576889 133.267201
109.977615 133.667926
110.378340 134.068652
110.779066 134.068652
111.179791 134.469377
111.580517 134.870103
111.981243 135.270829
112.381968 135.270829
112.782694 135.671554
113.183419 136.072280
113.584145 136.072280
113.984871 136.473006
114.385596 136.473006
114.786322 136.873731
115.187048 136.873731
115.587773 137.274457
115.988499 137.274457
116.389224 137.675182
116.789950 137.675182
117.190676 138.075908
117.591401 138.075908
117.992127 138.476634
118.392852 138.476634
118.793578 138.877359
119.194304 138.877359
119.595029 139.278085
119.995755 139.278085
120.396481 139.678810
120.797206 139.678810
121.197932 140.079536
121.598657 140.480262
121.999383 140.480262
122.400109 140.880987
122.800834 140.880987
123.201560 140.880987
123.602285 141.281713
124.003011 141.281713
124.403737 141.281713
124.804462 141.682439
125.205188 141.682439
125.605914 141.682439
126.006639 141.682439
126.407365 142.083164
126.808090 142.483890
126.808090 142.884615
126.808090 142.483890
126.808090 142.884615
127.208816 143.285341
127.609542 143.686067
128.010267 144.086792
128.410993 144.487518
128.811718 144.888243
129.212444 145.288969
129.613170 145.689695
130.013895 146.090420
130.414621 146.491146
130.815347 146.891872
131.216072 146.891872
131.616798 147.292597
132.017523 147.693323
132.017523 148.094048
132.017523 148.494774
131.616798 148.895500
131.616798 149.296225
131.216072 149.696951
131.216072 150.097676
131.216072 150.498402
131.216072 150.899128
130.815347 151.299853
130.815347 151.700579
130.414621 152.101305
130.414621 152.502030
130.414621 152.902756
130.414621 153.303481
130.013895 153.704207
130.013895 154.104933
130.013895 154.505658
129.613170 154.906384
129.212444 155.307109
128.811718 155.707835
128.410993 156.108561
128.010267 156.108561
127.609542 156.509286
127.208816 156.910012
126.808090 157.310738
126.407365 157.711463
126.006639 157.711463
125.605914 158.112189
125.205188 158.512914
124.804462 158.913640
124.403737 159.314366
124.003011 159.715091
123.602285 159.715091
123.201560 160.115817
122.800834 160.516542
122.400109 160.917268
121.999383 161.317994
121.598657 161.718719
121.197932 161.718719
120.797206 162.119445
120.396481 162.520171
119.995755 162.520171
119.595029 162.520171
119.194304 162.520171
118.793578 162.920896
118.392852 162.920896
117.992127 162.920896
117.591401 162.920896
117.190676 162.920896
116.789950 162.920896
116.389224 162.920896
115.988499 162.920896
115.587773 162.920896
115.187048 162.920896
114.786322 163.321622
114.385596 163.321622
113.984871 163.321622
113.584145 163.321622
113.183419 163.321622
112.782694 163.321622
112.381968 163.321622
111.981243 163.321622
111.580517 163.321622
111.179791 163.321622
110.779066 163.321622
110.378340 163.321622
109.977615 162.920896
109.576889 162.920896
109.176163 162.920896
108.775438 162.920896
108.374712 162.520171
107.973986 162.520171
107.573261 162.520171
107.172535 162.119445
106.371084 162.119445
105.970358 162.119445
105.569633 162.119445
105.168907 161.718719
104.768182 161.718719
104.367456 161.718719
103.966730 161.317994
103.566005 161.317994
103.165279 161.317994
102.764554 161.317994
102.363828 160.917268
101.963102 160.516542
101.562377 160.516542
101.161651 160.115817
100.760925 159.715091
100.360200 159.314366
99.959474 159.314366
99.558749 158.913640
99.158023 158.913640
98.757297 158.512914
98.356572 158.512914
97.955846 158.112189
97.555121 157.711463
97.555121 157.310738
97.154395 156.910012
96.753669 156.509286
96.352944 156.108561
95.952218 155.707835
95.551492 155.307109
95.150767 154.906384
94.750041 154.505658
94.349316 154.104933
93.948590 154.104933
93.547864 153.704207
93.547864 153.303481
93.147139 152.902756
93.147139 152.502030
93.147139 152.101305
93.147139 151.700579
92.746413 151.299853
92.746413 150.899128
92.345688 150.498402
92.345688 150.097676
91.944962 149.696951
91.944962 149.296225
91.944962 148.895500
91.544236 148.094048
91.544236 147.693323
91.143511 147.292597
91.143511 146.891872
90.742785 146.491146
90.742785 146.090420
90.742785 145.689695
90.342059 145.288969
90.342059 144.888243
90.342059 144.487518
90.342059 144.086792
90.342059 143.686067
90.342059 143.285341
89.941334 143.285341
89.540608 142.884615
89.139883 142.884615
88.739157 142.483890
88.338431 142.483890
87.937706 142.083164
87.536980 141.682439
87.136255 141.281713
86.735529 140.880987
86.334803 140.480262
85.934078 140.079536
85.533352 139.678810
85.533352 139.278085
85.132626 138.877359
85.132626 138.476634
84.731901 138.075908
84.731901 137.675182
84.731901 137.274457
84.731901 136.873731
84.731901 136.473006
84.731901 136.072280
84.731901 135.671554
84.731901 135.270829
84.731901 134.870103
84.731901 134.469377
84.731901 134.068652
84.731901 133.667926
84.731901 133.267201
84.731901 132.866475
84.731901 132.465749
84.731901 132.065024
84.731901 131.664298
84.731901 131.263573
84.731901 130.862847
84.731901 130.462121
84.731901 130.061396
84.731901 129.660670
84.731901 128.859219
84.731901 128.458493
84.731901 128.057768
84.731901 127.657042
84.731901 127.256316
84.731901 126.855591
85.132626 126.454865
85.132626 126.054140
85.533352 125.653414
85.132626 125.252688
85.132626 124.851963
85.132626 124.451237
84.731901 124.050512
84.731901 123.649786
84.731901 123.249060
84.731901 122.848335
84.731901 122.447609
84.731901 122.046883
84.731901 121.646158
84.731901 121.245432
84.731901 120.844707
84.731901 120.443981
84.331175 120.043255
84.331175 119.642530
83.930450 119.241804
84.331175 118.841079
84.731901 118.440353
84.731901 118.039627
84.731901 117.638902
84.731901 117.238176
84.731901 116.837450
84.731901 116.436725
84.731901 116.035999
84.731901 115.635274
84.731901 115.234548
84.731901 114.833822
84.731901 114.433097
84.731901 114.032371
84.731901 113.631646
84.731901 113.230920
84.731901 112.830194
84.731901 112.429469
85.132626 112.028743
85.132626 111.628017
85.132626 111.227292
85.533352 110.826566
85.533352 110.425841
85.934078 110.025115
85.934078 109.624389
86.334803 109.223664
86.735529 108.822938
86.735529 108.422213
87.136255 108.021487
87.536980 107.620761
87.937706 107.220036
88.338431 106.819310
88.739157 106.819310
89.139883 106.418584
89.540608 106.418584
89.941334 106.017859
90.342059 106.017859
90.742785 106.017859
91.143511 106.017859
91.544236 106.017859
91.544236 105.617133
91.944962 105.216408
92.345688 104.815682
92.746413 104.414956
93.147139 104.014231
93.547864 103.613505
93.948590 103.212780
94.349316 102.812054
94.750041 102.411328
95.150767 102.010603
95.551492 101.609877
95.952218 101.209151
95.952218 100.808426
96.352944 100.407700
96.753669 100.006975
97.154395 99.606249
97.555121 99.205523
97.955846 98.804798
98.356572 99.205523
98.356572 99.606249
98.356572 100.006975
