94.022932 102.268359
94.022932 102.772799
94.022932 103.277238
94.022932 103.781678
94.022932 104.286117
94.022932 104.790557
94.022932 105.294996
94.022932 105.799436
94.022932 106.303875
94.022932 106.808315
94.022932 107.312755
94.527371 107.817194
94.527371 108.321634
94.527371 108.826073
94.527371 109.330513
94.527371 109.834952
95.031811 110.339392
95.031811 110.843832
95.031811 111.348271
95.031811 111.852711
95.536251 112.357150
95.536251 112.861590
95.536251 113.366029
95.536251 113.870469
96.040690 113.870469
96.040690 114.374908
96.040690 114.879348
96.545130 114.879348
96.545130 115.383788
97.049569 115.888227
97.049569 116.392667
97.554009 116.897106
97.554009 117.401546
98.058448 117.905985
98.058448 118.410425
98.562888 118.914865
98.562888 119.419304
98.562888 119.923744
99.067327 120.428183
99.067327 120.932623
99.571767 121.437062
99.571767 121.941502
100.076207 122.445941
100.076207 122.950381
100.580646 123.454821
101.085086 123.959260
101.085086 124.463700
101.589525 124.463700
101.589525 124.968139
101.589525 125.472579
102.093965 125.977018
102.598404 126.481458
103.102844 126.985898
103.102844 127.490337
103.102844 127.994777
103.607284 127.994777
103.607284 128.499216
103.607284 129.003656
104.111723 129.508095
104.111723 130.012535
104.616163 130.516974
104.616163 131.021414
105.120602 131.021414
105.120602 131.525854
105.625042 132.030293
105.625042 132.534733
106.129481 133.039172
106.129481 133.543612
106.633921 133.543612
106.633921 134.048051
107.138360 134.048051
107.138360 134.552491
107.642800 135.056931
108.147240 135.561370
108.147240 136.065810
108.651679 136.065810
109.156119 136.570249
109.660558 137.074689
110.164998 137.579128
110.669437 138.083568
111.173877 138.588007
111.678317 139.092447
112.182756 139.596887
112.687196 140.101326
113.191635 140.101326
113.696075 140.605766
114.200514 141.110205
114.704954 141.614645
115.209393 141.614645
115.713833 142.119084
116.218273 142.119084
116.722712 142.623524
117.227152 143.127964
117.731591 143.127964
118.236031 143.632403
118.740470 143.632403
119.244910 143.632403
119.749350 144.136843
120.253789 144.136843
120.758229 144.641282
121.262668 144.641282
121.767108 144.641282
122.271547 145.145722
122.775987 145.650161
123.280426 145.650161
123.784866 146.154601
124.289306 146.659040
124.793745 146.659040
125.298185 147.163480
125.802624 147.163480
126.307064 147.667920
126.811503 147.667920
127.315943 148.172359
127.820383 148.172359
128.324822 148.676799
128.829262 149.181238
129.333701 149.181238
129.838141 149.685678
130.342580 149.685678
130.847020 149.685678
131.351459 150.190117
131.855899 150.190117
132.360339 150.694557
132.864778 150.694557
133.873657 151.198997
134.378097 151.198997
134.882536 151.703436
135.386976 151.703436
135.891416 151.703436
136.395855 151.703436
136.900295 152.207876
137.404734 152.207876
137.909174 152.207876
138.413613 152.207876
138.918053 152.207876
139.422492 152.207876
139.926932 152.207876
140.431372 152.207876
140.935811 152.207876
141.440251 152.207876
141.944690 152.207876
142.449130 152.207876
142.953569 152.207876
143.458009 152.207876
143.962449 152.207876
144.466888 152.712315
144.971328 152.712315
145.475767 153.216755
145.475767 153.721194
145.475767 154.225634
145.475767 154.730073
145.475767 155.234513
145.475767 155.738953
145.980207 156.243392
145.980207 156.747832
146.484646 157.252271
145.980207 157.756711
145.980207 158.261150
145.475767 158.261150
144.971328 158.765590
144.466888 158.765590
143.962449 159.270030
143.458009 159.270030
142.953569 159.774469
142.449130 160.278909
141.944690 160.278909
141.440251 160.278909
140.935811 160.783348
140.431372 161.287788
139.926932 161.287788
139.422492 161.792227
138.918053 162.296667
138.413613 162.801106
137.909174 162.801106
137.404734 163.305546
136.900295 163.305546
136.395855 163.809986
135.891416 164.314425
135.386976 164.818865
134.882536 165.323304
134.882536 165.827744
134.378097 165.827744
133.873657 166.332183
132.864778 166.332183
132.864778 166.836623
132.360339 167.341063
131.855899 167.845502
131.351459 168.349942
130.847020 168.349942
130.847020 168.854381
130.342580 169.358821
129.838141 169.863260
129.333701 170.367700
128.829262 170.872139
128.829262 171.376579
128.324822 171.881019
127.820383 172.385458
127.315943 172.889898
127.315943 173.394337
126.811503 173.898777
126.307064 174.403216
125.802624 174.907656
125.298185 175.412096
124.793745 175.916535
124.289306 175.916535
123.784866 176.420975
123.280426 176.420975
122.775987 176.420975
122.271547 176.925414
121.767108 177.429854
121.262668 177.429854
120.758229 177.934293
120.253789 177.934293
119.749350 178.438733
119.244910 178.438733
118.740470 178.438733
118.236031 178.438733
117.731591 178.943172
117.227152 178.943172
116.722712 178.943172
116.218273 179.447612
115.713833 179.447612
115.209393 179.447612
114.704954 179.447612
114.200514 179.447612
113.696075 179.447612
113.191635 179.447612
112.687196 179.447612
112.182756 179.447612
111.678317 179.952052
111.173877 179.952052
110.669437 179.952052
110.164998 179.447612
109.660558 179.447612
109.156119 179.447612
108.651679 179.447612
108.147240 178.943172
107.642800 178.943172
107.138360 178.943172
106.633921 178.943172
106.129481 178.943172
105.625042 178.438733
105.120602 178.438733
104.616163 178.438733
104.111723 177.934293
103.607284 177.934293
103.102844 177.429854
102.598404 177.429854
102.093965 176.925414
101.589525 176.420975
101.085086 175.916535
100.580646 175.412096
100.076207 175.412096
99.571767 174.907656
99.067327 174.403216
98.562888 174.403216
98.058448 173.898777
97.554009 173.394337
97.049569 172.889898
96.545130 172.385458
96.040690 171.881019
95.536251 171.376579
95.031811 170.872139
94.527371 170.367700
94.022932 169.863260
93.518492 169.358821
93.518492 168.854381
93.014053 168.349942
92.509613 167.845502
92.005174 167.341063
92.005174 166.836623
91.500734 166.332183
90.996294 165.827744
90.996294 165.323304
90.491855 164.818865
89.987415 164.314425
89.987415 163.809986
89.482976 163.305546
89.482976 162.801106
88.978536 162.296667
88.474097 161.792227
88.474097 161.287788
87.969657 160.783348
87.969657 160.278909
87.969657 159.774469
87.465218 159.270030
87.465218 158.765590
86.960778 158.261150
86.960778 157.756711
86.456338 157.252271
86.456338 156.747832
86.456338 156.243392
85.951899 155.738953
85.951899 155.234513
85.951899 154.730073
85.951899 154.225634
85.447459 153.721194
85.447459 153.216755
85.447459 152.712315
84.943020 152.207876
84.943020 151.703436
84.943020 151.198997
84.438580 150.694557
84.438580 150.190117
84.438580 149.685678
83.934141 149.181238
83.934141 148.676799
83.934141 148.172359
83.429701 147.667920
83.429701 147.163480
83.429701 146.659040
83.429701 146.154601
83.429701 145.650161
83.429701 145.145722
82.925261 144.641282
82.925261 144.136843
82.925261 143.632403
82.925261 143.127964
82.420822 142.623524
82.420822 142.119084
82.420822 141.614645
82.420822 141.110205
81.916382 140.605766
81.916382 140.101326
81.916382 139.596887
81.916382 139.092447
81.916382 138.588007
81.411943 138.083568
81.411943 137.579128
81.411943 137.074689
81.411943 136.570249
81.411943 136.065810
80.907503 135.561370
80.907503 135.056931
80.907503 134.552491
80.907503 134.048051
80.907503 133.543612
80.907503 133.039172
80.907503 132.534733
80.403064 132.030293
80.403064 131.525854
80.403064 131.021414
80.403064 130.516974
80.403064 130.012535
80.403064 129.508095
80.403064 129.003656
80.403064 128.499216
80.403064 127.994777
80.403064 127.490337
80.403064 126.985898
80.403064 126.481458
80.403064 125.977018
80.403064 125.472579
80.403064 124.968139
80.403064 124.463700
80.403064 123.959260
80.403064 123.454821
80.907503 122.950381
80.907503 122.445941
80.907503 121.941502
80.907503 121.437062
80.907503 120.932623
80.907503 120.428183
81.411943 119.923744
81.411943 119.419304
81.411943 118.914865
81.411943 118.410425
81.411943 117.905985
81.916382 117.401546
81.916382 116.897106
81.916382 116.392667
81.916382 115.888227
82.420822 115.383788
82.420822 114.879348
82.420822 114.374908
82.925261 113.870469
82.925261 113.366029
83.429701 112.861590
83.429701 112.357150
83.429701 111.852711
83.429701 111.348271
83.429701 110.843832
83.429701 110.339392
83.429701 109.834952
83.429701 109.330513
83.934141 108.826073
83.934141 108.321634
84.438580 107.817194
84.438580 106.808315
84.943020 106.303875
84.943020 105.799436
85.447459 105.799436
85.951899 105.294996
85.951899 104.790557
86.456338 104.286117
86.456338 103.781678
86.456338 103.277238
86.960778 102.772799
86.960778 102.268359
86.960778 101.763919
87.465218 101.763919
87.969657 101.763919
88.474097 101.763919
88.978536 101.763919
89.482976 101.259480
89.987415 101.259480
90.491855 101.259480
90.996294 101.259480
91.500734 100.755040
92.005174 101.259480
92.509613 100.755040
93.014053 100.250601
93.518492 100.250601
94.022932 100.250601
94.022932 99.746161
94.527371 99.241722
94.022932 99.746161
94.022932 100.250601
94.022932 100.755040
94.022932 101.259480
94.022932 101.763919
94.022932 102.268359
