105.864721 68.833515
105.864721 69.555685
105.864721 70.277854
105.864721 71.000023
105.864721 71.722193
105.864721 73.166531
106.586890 73.888701
106.586890 74.610870
106.586890 75.333039
105.864721 76.055209
105.142551 76.777378
105.142551 77.499547
104.420382 78.221717
104.420382 78.943886
103.698213 79.666055
102.976043 80.388225
102.976043 81.110394
102.253874 81.832563
102.253874 82.554733
101.531705 83.276902
101.531705 83.999071
101.531705 84.721241
101.531705 85.443410
100.809535 86.165579
100.809535 86.887749
100.809535 87.609918
100.809535 88.332087
100.087366 89.054257
100.087366 89.776426
100.087366 90.498595
100.087366 91.220765
100.087366 91.942934
99.365197 92.665103
99.365197 93.387273
99.365197 94.109442
99.365197 94.831611
99.365197 95.553781
99.365197 96.275950
99.365197 96.998119
99.365197 97.720289
99.365197 98.442458
99.365197 99.164627
99.365197 99.886797
99.365197 100.608966
99.365197 101.331135
99.365197 102.053305
99.365197 102.775474
99.365197 103.497643
99.365197 104.219813
100.087366 104.941982
100.087366 105.664151
100.087366 106.386321
100.087366 107.108490
100.087366 107.830659
100.809535 108.552829
100.809535 109.274998
100.809535 109.997167
100.809535 110.719337
101.531705 111.441506
101.531705 112.163675
101.531705 112.885845
101.531705 113.608014
102.253874 114.330183
102.253874 115.052353
102.253874 115.774522
102.976043 116.496691
102.976043 117.218861
103.698213 117.941030
104.420382 118.663199
104.420382 119.385368
105.142551 120.107538
105.142551 120.829707
105.864721 121.551876
106.586890 122.274046
106.586890 122.996215
107.309059 123.718384
108.031229 124.440554
108.031229 125.162723
108.753398 125.884892
108.753398 126.607062
109.475567 126.607062
110.197737 127.329231
110.919906 128.773570
111.642075 129.495739
112.364244 130.217908
113.086414 130.940078
113.808583 130.940078
114.530752 131.662247
115.252922 132.384416
115.975091 133.106586
116.697260 133.106586
117.419430 133.828755
118.863768 134.550924
119.585938 135.273094
120.308107 135.995263
121.030276 136.717432
121.752446 137.439602
122.474615 138.161771
123.196784 138.161771
123.918954 138.883940
124.641123 139.606110
125.363292 140.328279
126.085462 140.328279
126.807631 140.328279
127.529800 141.050448
128.251970 141.772618
128.974139 141.772618
129.696308 142.494787
130.418478 142.494787
131.140647 143.216956
131.862816 143.216956
132.584986 143.939126
133.307155 143.939126
134.029324 144.661295
134.751494 144.661295
135.473663 145.383464
136.195832 145.383464
136.918002 146.105634
137.640171 146.827803
138.362340 146.827803
139.084510 147.549972
139.806679 147.549972
140.528848 147.549972
141.251018 147.549972
141.973187 148.272142
142.695356 148.272142
143.417526 148.994311
143.417526 149.716480
143.417526 150.438650
142.695356 151.160819
142.695356 151.882988
142.695356 152.605158
142.695356 153.327327
141.973187 154.049496
141.973187 154.771666
141.973187 155.493835
141.973187 156.216004
141.251018 156.938174
141.251018 157.660343
141.251018 158.382512
141.251018 159.826851
140.528848 160.549020
140.528848 161.271190
140.528848 161.993359
139.806679 162.715528
139.806679 163.437698
139.806679 164.159867
139.806679 164.882036
139.084510 165.604206
138.362340 165.604206
137.640171 166.326375
137.640171 167.048544
136.918002 167.770714
136.195832 168.492883
135.473663 169.215052
134.751494 169.937222
134.029324 170.659391
133.307155 171.381560
132.584986 171.381560
131.862816 172.103730
131.862816 172.825899
131.140647 173.548068
130.418478 174.270238
129.696308 174.992407
128.974139 175.714576
128.251970 176.436746
127.529800 177.158915
126.807631 177.881084
126.085462 178.603253
125.363292 179.325423
124.641123 179.325423
123.918954 180.047592
123.196784 180.047592
122.474615 180.047592
121.752446 180.769761
121.030276 180.769761
120.308107 181.491931
119.585938 181.491931
118.863768 182.214100
118.141599 182.936269
117.419430 182.936269
116.697260 182.936269
115.975091 182.936269
115.252922 183.658439
114.530752 184.380608
113.808583 184.380608
113.086414 185.102777
112.364244 185.102777
110.919906 185.102777
110.197737 185.824947
109.475567 186.547116
108.753398 186.547116
108.031229 187.269285
107.309059 187.269285
106.586890 187.991455
105.864721 187.991455
105.142551 188.713624
104.420382 188.713624
103.698213 189.435793
102.976043 189.435793
102.253874 190.157963
101.531705 190.157963
100.809535 190.157963
100.087366 190.157963
99.365197 190.157963
98.643027 190.157963
97.920858 190.157963
97.198689 190.157963
96.476519 190.157963
95.754350 190.157963
95.032181 190.157963
94.310011 190.157963
93.587842 190.157963
92.865673 189.435793
92.143503 189.435793
91.421334 188.713624
90.699165 187.991455
89.976995 187.991455
89.254826 187.269285
88.532657 186.547116
87.810487 185.824947
87.088318 185.102777
86.366149 184.380608
85.643979 183.658439
85.643979 182.936269
84.921810 182.214100
84.199641 181.491931
84.199641 180.769761
83.477471 180.047592
83.477471 179.325423
82.755302 178.603253
82.755302 177.881084
82.755302 177.158915
82.033133 176.436746
82.033133 175.714576
81.310963 174.992407
80.588794 174.992407
79.866625 174.270238
79.144455 173.548068
78.422286 172.825899
77.700117 172.103730
77.700117 171.381560
77.700117 170.659391
76.977947 169.937222
76.255778 169.215052
76.255778 168.492883
75.533609 167.770714
75.533609 167.048544
74.811439 166.326375
74.811439 165.604206
74.811439 164.882036
74.811439 164.159867
74.811439 163.437698
74.089270 162.715528
74.089270 161.993359
73.367101 161.271190
73.367101 160.549020
73.367101 159.826851
72.644931 159.104682
72.644931 158.382512
72.644931 157.660343
71.922762 156.938174
71.922762 156.216004
71.200593 155.493835
71.200593 154.771666
71.200593 154.049496
71.200593 153.327327
71.200593 152.605158
71.200593 151.882988
71.200593 151.160819
70.478423 150.438650
70.478423 149.716480
69.756254 148.994311
69.756254 148.272142
69.034085 147.549972
69.034085 146.827803
69.034085 146.105634
68.311915 145.383464
68.311915 144.661295
68.311915 143.939126
68.311915 143.216956
67.589746 142.494787
67.589746 141.772618
66.867577 141.050448
66.867577 140.328279
66.145407 139.606110
66.145407 138.883940
66.145407 138.161771
66.145407 137.439602
66.145407 136.717432
65.423238 135.995263
65.423238 135.273094
65.423238 134.550924
65.423238 133.828755
65.423238 133.106586
65.423238 132.384416
65.423238 131.662247
65.423238 130.940078
64.701069 130.217908
64.701069 129.495739
63.978899 128.773570
63.256730 128.051400
63.256730 127.329231
63.256730 126.607062
63.256730 125.884892
62.534561 125.162723
62.534561 124.440554
61.812391 122.996215
61.812391 122.274046
61.812391 121.551876
61.812391 120.829707
61.812391 120.107538
61.812391 119.385368
61.090222 118.663199
61.090222 117.941030
61.090222 117.218861
61.090222 116.496691
61.090222 115.774522
61.090222 115.052353
61.090222 114.330183
61.090222 113.608014
61.090222 112.885845
61.090222 112.163675
61.090222 111.441506
61.090222 110.719337
61.090222 109.997167
61.090222 109.274998
61.090222 108.552829
61.090222 107.830659
61.090222 107.108490
61.090222 106.386321
61.090222 105.664151
61.090222 104.941982
61.090222 104.219813
61.090222 103.497643
61.090222 102.775474
61.090222 102.053305
61.090222 101.331135
61.090222 100.608966
61.812391 99.886797
61.812391 99.164627
61.812391 98.442458
62.534561 97.720289
62.534561 96.998119
62.534561 96.275950
62.534561 95.553781
63.256730 94.831611
63.256730 94.109442
63.978899 93.387273
63.978899 92.665103
63.978899 91.942934
63.978899 91.220765
63.978899 90.498595
63.978899 89.776426
63.978899 89.054257
63.978899 88.332087
64.701069 87.609918
64.701069 86.887749
64.701069 86.165579
64.701069 85.443410
65.423238 85.443410
65.423238 84.721241
65.423238 83.999071
66.145407 83.999071
66.867577 83.276902
66.867577 82.554733
67.589746 82.554733
67.589746 81.832563
68.311915 81.832563
68.311915 81.110394
69.034085 81.110394
69.756254 80.388225
70.478423 79.666055
71.200593 78.943886
71.922762 78.221717
71.922762 77.499547
72.644931 76.777378
73.367101 76.055209
73.367101 75.333039
74.089270 75.333039
74.089270 74.610870
74.811439 73.888701
74.811439 73.166531
75.533609 73.166531
76.255778 72.444362
76.977947 71.722193
77.700117 71.000023
78.422286 71.000023
79.144455 70.277854
79.866625 70.277854
80.588794 69.555685
81.310963 69.555685
82.033133 68.833515
82.033133 68.111346
82.755302 67.389177
83.477471 66.667007
84.199641 65.944838
84.921810 65.222669
85.643979 65.222669
86.366149 64.500499
87.088318 64.500499
87.810487 63.778330
88.532657 63.056161
89.254826 62.333991
89.976995 62.333991
90.699165 61.611822
91.421334 61.611822
92.143503 61.611822
92.865673 61.611822
93.587842 62.333991
94.310011 62.333991
95.032181 62.333991
95.754350 62.333991
96.476519 62.333991
97.198689 63.056161
97.920858 63.056161
98.643027 63.056161
99.365197 63.056161
100.087366 63.056161
100.809535 63.056161
101.531705 63.778330
102.253874 63.778330
102.976043 63.778330
103.698213 64.500499
104.420382 65.222669
104.420382 65.944838
105.142551 66.667007
105.864721 67.389177
105.864721 68.111346
105.864721 68.833515
