100.237880 77.599327
100.783940 77.599327
101.330001 77.599327
101.330001 78.145387
101.330001 78.691448
101.876062 79.237509
101.876062 79.783569
101.876062 80.329630
101.876062 80.875690
102.422122 81.421751
102.422122 81.967811
102.422122 82.513872
102.422122 83.059933
102.968183 83.059933
102.968183 83.605993
102.968183 84.152054
102.968183 84.698114
103.514243 84.698114
103.514243 85.244175
103.514243 85.790235
103.514243 86.336296
104.060304 86.336296
104.060304 86.882357
104.606364 87.428417
104.606364 87.974478
104.606364 88.520538
104.606364 89.066599
105.152425 89.066599
105.152425 89.612659
105.698486 89.612659
105.698486 90.158720
105.698486 90.704781
105.152425 91.250841
105.152425 91.796902
105.152425 92.342962
105.152425 92.889023
104.606364 93.435083
104.606364 93.981144
104.606364 94.527205
104.606364 95.073265
104.606364 95.619326
104.060304 96.165386
104.060304 96.711447
104.060304 97.257507
104.060304 97.803568
104.060304 98.349629
104.060304 98.895689
104.060304 99.441750
104.060304 99.987810
104.060304 100.533871
104.060304 101.079931
104.060304 101.625992
104.060304 102.172053
104.060304 102.718113
104.060304 103.264174
104.060304 103.810234
104.060304 104.356295
104.060304 104.902355
104.060304 105.448416
104.060304 105.994477
103.514243 106.540537
103.514243 107.086598
103.514243 107.632658
104.060304 108.178719
104.060304 108.724779
104.060304 109.270840
104.060304 109.816901
104.060304 110.362961
104.060304 110.909022
104.060304 111.455082
104.060304 112.001143
104.060304 112.547203
104.606364 113.093264
104.606364 113.639325
104.606364 114.185385
104.606364 114.731446
104.606364 115.277506
105.152425 115.277506
105.152425 115.823567
105.152425 116.369627
105.152425 116.915688
105.698486 116.915688
105.698486 117.461749
105.698486 118.007809
106.244546 118.007809
106.244546 118.553870
106.244546 119.099930
106.790607 119.645991
106.790607 120.192051
107.336667 120.738112
107.336667 121.284173
107.882728 121.284173
107.882728 121.830233
108.428788 122.376294
108.428788 122.922354
108.974849 122.922354
108.974849 123.468415
109.520910 124.014475
110.066970 124.560536
110.066970 125.106597
110.613031 125.106597
110.613031 125.652657
111.159091 126.198718
111.705152 126.744778
112.251212 127.290839
112.251212 127.836899
112.797273 127.836899
113.343334 128.382960
113.889394 128.382960
114.435455 128.929021
114.981515 129.475081
115.527576 130.021142
116.073636 130.021142
116.619697 130.567202
117.165758 131.113263
117.711818 131.113263
118.257879 131.659323
118.803939 132.205384
119.350000 132.205384
119.896060 132.751445
120.442121 132.751445
120.988182 132.751445
121.534242 133.297505
122.080303 133.297505
122.626363 133.843566
123.172424 133.843566
123.718484 133.843566
124.264545 134.389626
124.810606 134.389626
125.356666 134.389626
125.902727 134.389626
126.448787 134.935687
126.994848 134.935687
127.540908 135.481747
128.086969 135.481747
128.633030 135.481747
129.179090 136.027808
129.725151 136.027808
130.271211 136.027808
130.817272 136.573869
131.363332 136.573869
131.909393 136.573869
132.455454 136.573869
133.001514 137.119929
133.547575 137.119929
134.093635 137.119929
134.639696 137.119929
135.185756 137.119929
135.731817 137.665990
136.277878 137.665990
136.823938 137.665990
137.369999 137.665990
137.916059 137.665990
138.462120 137.665990
139.008180 138.212050
139.554241 138.212050
140.100302 138.212050
140.646362 138.212050
141.192423 138.758111
141.192423 139.304171
141.738483 140.396293
142.284544 140.942353
142.830604 141.488414
142.830604 142.034474
143.376665 143.126595
143.376665 143.672656
143.376665 144.218717
143.376665 144.764777
143.376665 145.310838
143.376665 146.402959
143.376665 146.949019
143.376665 147.495080
143.376665 148.041141
143.376665 148.587201
143.376665 149.133262
142.830604 149.679322
142.830604 150.771443
142.830604 151.317504
142.830604 151.863565
142.830604 152.409625
142.830604 152.955686
142.830604 153.501746
142.284544 154.047807
141.738483 154.593867
141.192423 154.593867
140.646362 155.139928
140.100302 156.232049
139.554241 156.778110
139.008180 157.324170
138.462120 157.870231
137.916059 158.416291
137.369999 158.962352
136.823938 159.508413
136.823938 160.600534
136.277878 161.146594
135.731817 161.692655
135.185756 162.238715
134.639696 162.784776
134.093635 163.330837
133.547575 163.876897
133.001514 163.876897
132.455454 164.422958
131.909393 164.969018
131.363332 164.969018
130.271211 165.515079
129.725151 166.061139
129.179090 166.061139
128.633030 166.607200
128.086969 167.153261
126.994848 167.153261
126.448787 167.699321
125.902727 168.245382
125.356666 168.245382
124.810606 168.791442
123.718484 169.337503
123.172424 169.337503
122.626363 169.883563
122.080303 170.429624
120.988182 170.429624
120.442121 170.975685
119.896060 171.521745
119.350000 171.521745
118.803939 172.067806
118.257879 172.067806
117.165758 172.067806
116.619697 172.067806
116.073636 172.613866
115.527576 172.613866
114.981515 172.613866
114.435455 172.613866
113.889394 173.159927
113.343334 173.159927
112.797273 173.159927
112.251212 173.159927
111.705152 173.705987
110.613031 173.705987
110.066970 173.705987
109.520910 173.705987
108.974849 173.705987
108.428788 173.705987
107.882728 173.705987
107.336667 173.705987
106.790607 173.705987
106.244546 173.705987
105.698486 173.705987
105.152425 173.705987
104.606364 173.705987
104.060304 173.705987
103.514243 173.705987
102.968183 173.705987
101.876062 173.705987
101.330001 173.705987
100.783940 173.705987
100.237880 173.705987
99.691819 173.705987
99.145759 173.705987
98.599698 173.159927
98.053638 172.613866
97.507577 172.067806
96.415456 172.067806
95.869395 171.521745
95.323335 170.975685
94.777274 170.429624
94.231214 169.883563
93.685153 169.883563
93.139092 169.337503
92.593032 168.791442
91.500911 168.245382
90.954850 168.245382
90.408790 167.153261
90.408790 166.607200
89.862729 166.061139
89.316668 165.515079
88.770608 164.969018
88.224547 164.422958
87.678487 163.876897
87.132426 163.330837
86.586366 162.784776
86.040305 162.238715
85.494244 161.692655
85.494244 161.146594
84.948184 160.600534
84.402123 160.054473
84.402123 159.508413
83.856063 158.962352
83.310002 158.416291
82.763942 157.870231
82.217881 157.324170
82.217881 156.778110
81.671820 156.232049
81.671820 155.685989
81.125760 155.139928
81.125760 154.593867
81.125760 154.047807
81.125760 153.501746
81.125760 152.955686
81.125760 152.409625
81.125760 151.863565
81.125760 151.317504
80.579699 150.771443
80.579699 150.225383
80.579699 149.679322
80.579699 149.133262
80.579699 148.587201
80.579699 148.041141
80.033639 147.495080
80.033639 146.949019
80.033639 146.402959
80.033639 145.310838
80.033639 144.764777
79.487578 144.218717
79.487578 143.672656
79.487578 143.126595
79.487578 142.580535
79.487578 142.034474
78.941518 141.488414
78.941518 140.942353
78.941518 140.396293
78.941518 139.850232
78.395457 139.304171
78.395457 138.758111
78.395457 138.212050
78.395457 137.665990
78.395457 137.119929
77.849396 136.573869
77.303336 136.027808
77.303336 135.481747
76.757275 134.935687
76.757275 134.389626
76.211215 133.843566
76.211215 133.297505
75.665154 132.751445
75.119094 132.205384
75.119094 131.659323
74.573033 131.113263
74.573033 130.567202
74.026972 130.021142
74.026972 129.475081
73.480912 128.929021
73.480912 128.382960
72.934851 127.290839
72.934851 126.744778
72.934851 126.198718
72.934851 125.652657
72.934851 125.106597
72.934851 124.560536
72.934851 124.014475
72.934851 122.922354
72.934851 122.376294
72.934851 121.830233
72.934851 121.284173
72.934851 120.738112
72.934851 120.192051
72.934851 119.645991
72.934851 119.099930
72.934851 118.553870
72.934851 118.007809
72.388791 117.461749
72.388791 116.915688
72.388791 115.823567
72.388791 115.277506
72.388791 114.731446
72.388791 114.185385
72.388791 113.639325
72.388791 113.093264
72.388791 112.547203
72.388791 111.455082
72.388791 110.909022
72.388791 110.362961
72.388791 109.816901
72.388791 109.270840
72.388791 108.724779
72.388791 107.632658
72.388791 107.086598
71.842730 106.540537
71.842730 105.994477
71.842730 105.448416
71.842730 104.902355
71.842730 104.356295
72.388791 103.810234
72.388791 103.264174
72.388791 102.718113
72.388791 102.172053
72.388791 101.625992
72.934851 101.079931
72.934851 100.533871
72.934851 99.987810
72.934851 99.441750
72.934851 98.895689
73.480912 98.349629
73.480912 97.803568
73.480912 97.257507
73.480912 96.711447
73.480912 96.165386
74.026972 95.619326
74.026972 95.073265
74.573033 94.527205
75.119094 93.981144
75.119094 93.435083
75.665154 92.889023
75.665154 92.342962
76.211215 91.796902
76.211215 91.250841
76.757275 90.704781
76.757275 90.158720
77.303336 89.612659
77.303336 89.066599
77.303336 88.520538
77.849396 87.974478
78.395457 87.428417
78.941518 86.882357
78.941518 86.336296
79.487578 85.790235
80.033639 85.244175
80.579699 84.698114
81.125760 83.605993
81.125760 83.059933
81.125760 82.513872
81.671820 81.967811
81.671820 81.421751
82.217881 80.875690
82.763942 80.329630
83.310002 79.783569
83.856063 79.783569
84.402123 79.783569
84.948184 79.783569
85.494244 79.783569
86.040305 79.237509
86.586366 79.237509
87.132426 79.237509
87.678487 79.237509
88.224547 79.237509
88.770608 79.237509
89.316668 78.691448
89.862729 78.691448
90.408790 78.691448
90.954850 78.691448
91.500911 78.691448
91.500911 78.145387
92.046971 78.145387
92.593032 78.145387
93.139092 78.145387
93.139092 77.599327
93.685153 77.599327
94.231214 77.599327
94.777274 77.599327
94.777274 77.053266
95.323335 77.053266
95.869395 77.053266
96.415456 77.053266
96.961516 77.053266
97.507577 77.053266
98.053638 77.599327
98.599698 77.599327
99.145759 77.599327
99.691819 77.599327
100.237880 77.599327
