100.602327 117.635496
100.602327 117.989568
100.956399 117.989568
100.956399 118.343641
101.310472 118.343641
101.310472 118.697714
101.664545 119.051786
102.018617 119.405859
102.372690 119.759931
102.372690 120.114004
102.726762 120.114004
103.080835 120.468076
103.434907 120.822149
103.434907 121.176221
103.788980 121.176221
104.143052 121.530294
104.497125 121.884367
104.851197 122.238439
105.205270 122.592512
105.559343 122.946584
105.913415 123.300657
106.267488 123.300657
106.621560 123.654729
106.975633 124.008802
107.329705 124.362874
107.683778 124.362874
108.037850 124.716947
108.391923 125.071020
108.391923 125.425092
108.745996 125.425092
109.100068 125.779165
109.454141 125.779165
109.454141 126.133237
109.454141 126.487310
109.454141 126.841382
109.808213 126.841382
109.808213 127.195455
109.808213 126.841382
109.808213 127.195455
110.162286 127.549527
110.162286 127.903600
110.162286 128.257672
110.516358 128.611745
110.516358 128.965818
110.516358 129.319890
110.870431 129.319890
110.870431 129.673963
110.870431 129.319890
110.870431 129.673963
110.870431 130.028035
111.224503 130.028035
111.224503 130.382108
111.224503 130.736180
111.578576 130.736180
111.578576 131.090253
111.578576 130.736180
111.578576 131.090253
111.932649 131.444325
111.932649 131.798398
111.932649 132.152471
112.286721 132.152471
112.286721 132.506543
112.286721 132.860616
112.640794 132.860616
112.994866 133.214688
112.994866 133.568761
113.348939 133.922833
113.348939 134.276906
113.703011 134.630978
113.703011 134.985051
114.057084 134.985051
114.057084 135.339124
114.411156 135.339124
114.411156 135.693196
114.411156 136.047269
114.765229 136.047269
115.119302 136.401341
115.119302 136.755414
115.473374 136.755414
115.827447 137.109486
115.827447 137.463559
116.181519 137.817631
116.535592 138.171704
116.889664 138.525777
117.243737 138.879849
117.597809 139.233922
117.951882 139.587994
118.305955 139.942067
118.660027 140.296139
119.014100 140.650212
119.368172 141.004284
119.722245 141.004284
120.076317 141.358357
120.430390 141.712430
120.784462 142.066502
121.138535 142.420575
121.492608 142.420575
121.846680 142.774647
122.200753 143.128720
122.554825 143.482792
122.908898 143.482792
123.262970 143.836865
123.617043 143.836865
123.971115 144.190937
124.325188 144.545010
124.679261 144.545010
125.033333 144.899083
125.387406 144.899083
125.741478 145.253155
126.095551 145.253155
126.449623 145.607228
126.803696 145.607228
127.157768 145.961300
127.511841 145.961300
127.865914 146.315373
128.219986 146.315373
128.574059 146.669445
128.928131 146.669445
129.282204 146.669445
129.636276 147.023518
129.990349 147.023518
130.344421 147.377590
130.698494 147.377590
131.052567 147.377590
131.406639 147.731663
131.760712 147.731663
132.114784 147.731663
132.468857 147.731663
132.822929 148.085736
133.177002 148.085736
133.531074 148.085736
133.885147 148.085736
134.239220 148.439808
134.593292 148.439808
134.947365 148.439808
135.301437 148.439808
135.655510 148.439808
136.009582 148.793881
136.363655 148.793881
136.717727 148.793881
137.071800 148.793881
137.425873 148.793881
137.779945 148.793881
138.134018 148.793881
138.488090 148.793881
138.842163 149.147953
139.196235 149.147953
139.550308 149.147953
139.904380 149.147953
140.258453 149.147953
140.612525 149.147953
140.966598 149.147953
141.320671 149.147953
141.674743 149.147953
142.028816 149.147953
142.382888 149.147953
142.736961 149.147953
143.091033 149.147953
143.445106 149.147953
143.799178 149.147953
144.153251 149.147953
144.507324 149.147953
144.861396 149.147953
145.215469 149.147953
145.569541 149.147953
145.923614 149.147953
146.277686 149.502026
146.631759 149.856098
146.631759 150.210171
146.985831 150.564243
147.339904 150.918316
147.339904 151.272389
147.693977 151.626461
148.048049 151.980534
148.048049 152.334606
148.402122 152.688679
148.048049 153.042751
148.048049 153.396824
147.693977 154.104969
147.339904 154.459042
146.985831 154.813114
146.631759 155.167187
146.277686 155.521259
145.923614 155.875332
145.923614 156.229404
145.215469 156.583477
144.861396 156.583477
144.507324 156.937549
144.153251 157.291622
143.799178 157.645695
143.445106 157.999767
143.091033 158.353840
142.736961 158.707912
142.382888 159.061985
142.028816 159.416057
141.674743 159.770130
141.320671 160.124202
140.966598 160.478275
140.612525 160.832347
140.612525 161.186420
140.258453 161.540493
139.904380 161.894565
139.904380 162.602710
139.550308 162.956783
139.196235 163.310855
138.842163 163.664928
138.842163 164.019000
138.488090 164.373073
138.134018 164.727146
138.134018 165.081218
137.779945 165.435291
137.425873 165.789363
137.071800 166.143436
137.071800 166.851581
136.717727 167.205653
136.363655 167.559726
136.363655 167.913799
136.009582 168.267871
135.655510 168.621944
135.301437 168.976016
134.947365 169.330089
134.593292 169.684161
134.239220 170.392306
133.885147 170.746379
133.531074 171.100452
133.177002 171.454524
132.822929 171.808597
132.468857 172.162669
132.114784 172.516742
131.760712 172.870814
131.052567 172.870814
130.698494 172.870814
130.344421 173.224887
129.990349 173.224887
129.636276 173.224887
129.282204 173.224887
128.928131 173.578959
128.574059 173.578959
128.219986 173.578959
127.865914 173.578959
127.511841 173.578959
126.803696 173.933032
126.449623 173.933032
126.095551 173.933032
125.741478 173.933032
125.387406 173.933032
125.033333 173.933032
124.679261 174.287105
124.325188 174.287105
123.971115 174.287105
123.262970 174.287105
122.908898 174.287105
122.554825 174.287105
122.200753 174.287105
121.846680 174.287105
121.492608 174.641177
121.138535 174.641177
120.784462 174.641177
120.430390 174.641177
120.076317 174.641177
119.722245 174.641177
119.368172 174.641177
118.660027 174.641177
118.305955 174.641177
117.951882 174.641177
117.597809 174.995250
117.243737 174.995250
116.889664 174.995250
116.535592 174.995250
116.181519 174.995250
115.827447 174.995250
115.473374 174.995250
115.119302 174.995250
114.765229 174.995250
114.411156 174.995250
114.057084 174.995250
113.703011 174.995250
113.348939 174.995250
112.994866 174.995250
112.286721 174.995250
111.932649 174.995250
111.578576 174.995250
111.224503 174.995250
110.870431 174.641177
110.516358 174.287105
110.162286 173.933032
109.808213 173.578959
109.454141 173.224887
108.745996 172.870814
108.391923 172.516742
108.037850 172.162669
107.683778 171.808597
107.329705 171.454524
106.975633 171.100452
106.621560 170.746379
106.267488 170.392306
105.913415 170.038234
105.559343 169.684161
105.205270 169.330089
104.497125 168.976016
104.143052 168.621944
103.788980 168.267871
103.434907 167.913799
103.080835 167.913799
102.726762 167.559726
102.372690 167.205653
102.372690 166.851581
102.018617 166.497508
102.018617 166.143436
102.018617 165.789363
101.664545 165.435291
101.664545 165.081218
101.310472 164.727146
101.310472 164.373073
101.310472 164.019000
101.310472 163.664928
100.956399 162.956783
100.956399 162.602710
100.956399 162.248638
100.956399 161.894565
100.956399 161.540493
100.956399 161.186420
100.956399 160.832347
100.956399 160.478275
100.956399 159.770130
100.956399 159.416057
100.956399 159.061985
100.956399 158.707912
101.310472 158.353840
101.310472 157.999767
101.310472 157.291622
101.310472 156.937549
101.310472 156.583477
101.310472 156.229404
101.310472 155.875332
101.310472 155.521259
101.310472 154.813114
101.310472 154.459042
101.310472 154.104969
101.664545 153.750896
102.018617 153.396824
102.372690 153.042751
102.726762 152.688679
102.726762 152.334606
103.080835 151.980534
103.434907 151.626461
103.788980 151.272389
104.143052 150.918316
104.143052 150.564243
103.788980 149.856098
103.434907 149.502026
103.080835 149.147953
103.080835 148.793881
102.726762 148.439808
102.372690 147.731663
102.372690 147.377590
102.018617 147.023518
101.664545 146.669445
101.664545 146.315373
101.310472 145.961300
100.956399 145.253155
100.602327 144.899083
100.602327 144.545010
100.248254 144.190937
99.894182 143.836865
99.894182 143.482792
99.540109 142.774647
99.186037 142.420575
98.831964 142.066502
98.477892 141.712430
98.123819 141.358357
97.769746 141.004284
97.415674 140.650212
97.061601 140.296139
96.707529 139.942067
96.353456 139.587994
95.999384 139.233922
95.999384 138.879849
95.645311 138.525777
95.645311 138.171704
95.645311 137.463559
95.645311 137.109486
95.645311 136.755414
95.645311 136.401341
95.645311 136.047269
95.645311 135.693196
95.291239 135.339124
95.291239 134.985051
95.291239 134.276906
95.291239 133.922833
95.291239 133.568761
95.291239 133.214688
95.645311 132.860616
95.645311 132.506543
95.645311 132.152471
95.645311 131.798398
95.645311 131.444325
95.645311 131.090253
95.999384 130.736180
95.999384 130.028035
95.999384 129.673963
95.999384 129.319890
95.999384 128.965818
95.999384 128.611745
95.999384 128.257672
95.999384 127.903600
95.999384 127.549527
95.999384 127.195455
96.353456 126.841382
96.353456 126.487310
96.353456 126.133237
96.353456 125.779165
96.707529 125.071020
96.707529 124.716947
97.061601 124.362874
97.061601 124.008802
97.415674 123.654729
97.415674 123.300657
97.769746 122.946584
97.769746 122.592512
97.769746 121.884367
98.123819 121.530294
98.123819 121.176221
98.477892 120.822149
98.477892 120.468076
98.831964 120.114004
98.831964 119.759931
98.831964 119.405859
99.186037 118.697714
99.186037 118.343641
99.540109 117.989568
99.540109 117.635496
99.894182 117.281423
99.894182 116.927351
99.894182 116.573278
99.894182 116.927351
100.248254 116.927351
100.248254 117.281423
100.602327 117.635496
