97.344562 81.120207
97.344562 81.678188
97.902543 82.236168
97.902543 82.794149
97.902543 83.352129
97.902543 83.910110
97.902543 84.468090
97.902543 85.026071
97.902543 85.584051
97.902543 86.142032
97.902543 86.700012
97.902543 87.257992
97.344562 87.257992
97.344562 87.815973
96.786582 88.373953
96.786582 88.931934
96.786582 89.489914
96.228602 90.047895
96.228602 90.605875
96.228602 91.163856
96.228602 91.721836
95.670621 92.279817
95.670621 92.837797
95.670621 93.395778
95.670621 93.953758
95.670621 94.511739
95.670621 95.069719
95.112641 95.627700
95.112641 96.185680
95.112641 96.743660
95.112641 97.301641
95.112641 97.859621
95.112641 98.417602
95.112641 98.975582
95.112641 99.533563
95.112641 100.091543
95.112641 100.649524
95.112641 101.207504
95.112641 101.765485
95.112641 102.323465
95.112641 102.881446
95.112641 103.439426
95.112641 103.997407
95.112641 104.555387
95.112641 103.997407
95.112641 104.555387
95.112641 105.113368
95.112641 105.671348
95.112641 106.229329
95.112641 106.787309
95.112641 107.345289
95.112641 107.903270
95.112641 108.461250
95.670621 108.461250
95.670621 109.019231
95.670621 109.577211
95.670621 110.135192
95.670621 110.693172
95.670621 111.251153
95.670621 111.809133
96.228602 111.809133
96.228602 112.367114
96.228602 112.925094
96.228602 113.483075
96.228602 114.041055
96.786582 114.041055
96.786582 114.599036
96.786582 115.157016
97.344562 115.714997
97.344562 116.272977
97.344562 116.830957
97.902543 117.388938
97.902543 117.946918
98.460523 118.504899
98.460523 119.062879
98.460523 119.620860
99.018504 119.620860
99.018504 120.178840
99.576484 120.736821
99.576484 121.294801
100.134465 121.852782
100.134465 122.410762
100.134465 122.968743
100.692445 122.968743
100.692445 123.526723
101.250426 124.084704
101.808406 124.642684
101.808406 125.200665
102.366387 125.758645
102.366387 126.316626
102.924367 126.316626
102.924367 126.874606
103.482348 126.874606
103.482348 127.432586
104.040328 127.990567
104.598309 128.548547
104.598309 129.106528
105.156289 129.106528
105.714270 129.664508
106.272250 130.222489
106.272250 130.780469
106.830230 130.780469
107.388211 131.338450
107.946191 131.896430
108.504172 132.454411
109.062152 133.012391
109.620133 133.570372
110.178113 133.570372
110.736094 134.128352
111.294074 134.686333
111.852055 135.244313
112.410035 135.244313
112.968016 135.802294
113.525996 136.360274
114.083977 136.360274
114.641957 136.918254
115.199938 136.918254
115.757918 137.476235
116.315899 137.476235
116.873879 138.034215
117.431859 138.034215
117.989840 138.592196
118.547820 138.592196
119.105801 139.150176
119.663781 139.150176
120.221762 139.708157
120.779742 139.708157
121.337723 139.708157
121.895703 140.266137
122.453684 140.266137
123.011664 140.266137
123.569645 140.824118
124.127625 140.824118
124.685606 140.824118
125.243586 140.824118
125.801567 141.382098
126.359547 141.382098
126.917527 141.940079
127.475508 141.940079
128.033488 142.498059
128.591469 143.056040
129.149449 143.056040
129.707430 143.614020
130.265410 144.172001
130.823391 144.172001
131.381371 144.729981
131.939352 145.287962
132.497332 145.287962
133.055313 145.845942
133.613293 145.845942
134.171274 146.403923
134.729254 146.403923
135.287235 146.961903
135.845215 146.961903
136.403196 146.961903
136.961176 147.519883
137.519156 147.519883
138.077137 147.519883
138.635117 148.077864
139.193098 148.077864
139.751078 148.077864
140.309059 148.635844
140.867039 148.635844
141.425020 148.635844
141.983000 149.193825
142.540981 149.193825
143.098961 149.193825
143.656942 149.193825
144.214922 149.193825
144.772903 149.751805
145.330883 149.751805
145.330883 150.309786
145.330883 150.867766
145.330883 151.425747
145.330883 151.983727
145.330883 152.541708
145.330883 153.099688
145.330883 153.657669
144.772903 154.215649
144.772903 154.773630
144.772903 155.331610
144.772903 155.889591
144.214922 155.889591
144.214922 156.447571
143.656942 157.005551
143.098961 157.563532
142.540981 158.121512
141.983000 158.679493
141.983000 159.237473
141.425020 159.237473
140.867039 159.795454
140.309059 160.353434
139.751078 160.353434
139.193098 160.911415
138.635117 160.911415
138.077137 160.911415
137.519156 161.469395
136.961176 161.469395
136.403196 161.469395
135.845215 162.027376
135.287235 162.585356
135.287235 163.143337
134.729254 163.701317
134.171274 164.259298
133.613293 164.817278
133.055313 165.375259
132.497332 165.933239
131.939352 166.491220
131.381371 167.049200
130.823391 167.607180
130.265410 168.165161
129.707430 168.723141
129.149449 169.281122
128.591469 169.839102
128.033488 170.397083
127.475508 170.955063
126.359547 171.513044
125.801567 171.513044
125.243586 172.071024
124.685606 172.629005
124.127625 173.186985
123.569645 173.186985
123.011664 173.744966
122.453684 174.302946
121.895703 174.860927
121.337723 174.860927
120.779742 175.418907
120.221762 175.976888
119.663781 176.534868
119.105801 176.534868
118.547820 177.092848
117.989840 177.650829
117.431859 177.650829
116.873879 178.208809
116.315899 178.208809
115.199938 178.766790
114.641957 178.766790
114.083977 179.324770
113.525996 179.882751
112.968016 179.882751
112.410035 179.882751
111.852055 180.440731
111.294074 180.440731
110.736094 180.998712
110.178113 180.998712
109.620133 180.998712
109.062152 181.556692
108.504172 181.556692
107.946191 181.556692
107.388211 181.556692
106.272250 181.556692
105.714270 182.114673
105.156289 182.114673
104.598309 182.114673
104.040328 182.114673
103.482348 182.114673
102.924367 182.114673
102.366387 182.114673
101.808406 181.556692
101.250426 181.556692
100.692445 181.556692
100.134465 181.556692
99.576484 181.556692
99.018504 180.998712
98.460523 180.998712
97.902543 180.998712
97.344562 180.440731
96.786582 180.440731
96.228602 179.882751
95.670621 179.882751
95.112641 179.324770
94.554660 179.324770
93.996680 178.766790
92.880719 178.766790
92.322738 178.208809
91.764758 177.650829
91.206777 177.092848
90.648797 176.534868
90.090816 176.534868
89.532836 175.976888
88.974855 175.418907
88.416875 174.860927
87.858894 174.302946
87.300914 173.744966
86.742933 172.629005
86.184953 172.071024
85.626973 171.513044
85.626973 170.955063
85.068992 170.397083
84.511012 169.839102
83.953031 169.281122
83.395051 168.723141
83.395051 168.165161
82.837070 167.607180
82.279090 167.049200
82.279090 166.491220
81.721109 165.933239
81.163129 165.375259
81.163129 164.817278
80.605148 164.259298
80.047168 163.701317
80.047168 163.143337
79.489187 162.585356
79.489187 162.027376
78.931207 161.469395
78.931207 160.911415
78.373226 160.353434
77.815246 159.795454
77.815246 159.237473
77.257265 158.679493
77.257265 157.563532
76.699285 157.005551
76.699285 156.447571
76.141305 155.889591
76.141305 155.331610
75.583324 154.773630
75.583324 154.215649
75.583324 153.657669
75.025344 153.099688
75.025344 152.541708
74.467363 151.983727
74.467363 151.425747
73.909383 150.867766
73.909383 150.309786
73.351402 149.751805
73.351402 149.193825
73.351402 148.635844
72.793422 148.077864
72.793422 146.961903
72.235441 146.403923
72.235441 145.845942
72.235441 145.287962
71.677461 144.729981
71.677461 144.172001
71.677461 143.614020
71.119480 143.056040
71.119480 142.498059
71.119480 141.940079
70.561500 141.382098
70.561500 140.824118
70.561500 140.266137
70.003519 139.708157
70.003519 139.150176
70.003519 138.592196
70.003519 138.034215
69.445539 137.476235
69.445539 136.918254
69.445539 136.360274
69.445539 135.802294
68.887558 135.244313
68.887558 134.686333
68.887558 134.128352
68.887558 133.570372
68.887558 133.012391
68.887558 132.454411
68.329578 131.896430
68.329578 131.338450
68.329578 130.780469
68.329578 130.222489
68.329578 129.106528
68.329578 128.548547
68.329578 127.990567
67.771597 127.432586
67.771597 126.874606
67.771597 126.316626
67.771597 125.758645
67.771597 125.200665
67.771597 124.642684
67.771597 124.084704
67.771597 123.526723
67.771597 122.968743
67.771597 122.410762
67.771597 121.852782
67.771597 121.294801
67.771597 120.736821
67.771597 120.178840
67.771597 119.620860
67.771597 119.062879
67.771597 118.504899
67.771597 117.946918
67.771597 117.388938
67.771597 116.830957
67.771597 116.272977
67.771597 115.714997
67.771597 115.157016
67.771597 114.599036
67.771597 114.041055
67.771597 113.483075
67.771597 112.367114
68.329578 111.809133
68.329578 111.251153
68.329578 110.693172
68.329578 110.135192
68.329578 109.577211
68.329578 109.019231
68.329578 108.461250
68.329578 107.903270
68.329578 107.345289
68.329578 106.787309
68.329578 106.229329
68.329578 105.671348
68.887558 105.113368
68.887558 104.555387
69.445539 103.997407
70.003519 103.439426
70.561500 102.881446
71.119480 102.323465
71.677461 101.765485
72.235441 101.207504
72.793422 100.649524
72.793422 100.091543
73.351402 99.533563
73.909383 98.975582
73.909383 98.417602
74.467363 97.859621
74.467363 97.301641
75.025344 96.743660
75.025344 96.185680
75.025344 95.627700
75.025344 95.069719
75.583324 94.511739
75.583324 93.953758
75.583324 93.395778
75.583324 92.837797
76.141305 92.279817
76.699285 91.721836
76.699285 91.163856
77.257265 90.605875
77.257265 90.047895
77.815246 89.489914
77.815246 88.931934
78.373226 88.373953
78.373226 87.815973
78.931207 87.257992
78.931207 86.700012
79.489187 86.142032
80.047168 85.584051
80.047168 85.026071
80.605148 84.468090
81.163129 83.910110
81.721109 83.352129
82.279090 82.794149
82.837070 82.236168
83.395051 82.236168
83.953031 81.678188
84.511012 81.678188
84.511012 81.120207
85.068992 80.562227
85.626973 80.562227
85.626973 80.004246
86.184953 80.004246
86.742933 79.446266
87.300914 78.888285
87.858894 78.330305
88.416875 77.772324
88.974855 77.214344
89.532836 76.656364
90.090816 76.656364
90.648797 76.656364
91.206777 76.098383
91.764758 76.098383
92.322738 76.098383
92.880719 76.098383
93.438699 76.098383
93.996680 76.656364
94.554660 76.656364
95.112641 77.214344
95.670621 77.772324
96.228602 78.330305
96.228602 78.888285
96.786582 79.446266
96.786582 80.004246
97.344562 80.562227
97.344562 81.120207
