116.846188 141.824212
117.045354 142.023378
117.045354 142.222545
117.045354 142.620878
117.045354 142.820045
117.244521 143.019212
117.244521 143.218378
117.244521 143.417545
117.244521 143.616712
117.443688 143.815878
117.443688 144.015045
117.443688 144.214211
117.443688 144.413378
117.642854 144.612545
117.642854 144.811711
117.642854 145.010878
117.642854 145.409211
117.842021 145.608378
117.842021 145.807544
117.842021 146.006711
117.842021 146.205878
118.041188 146.405044
118.041188 146.604211
118.041188 146.803378
118.041188 147.002544
118.240354 147.201711
118.240354 147.400877
118.240354 147.600044
118.240354 147.998377
118.439521 148.197544
118.439521 148.396711
118.439521 148.595877
118.439521 148.795044
118.638687 148.994210
118.439521 149.193377
118.439521 149.392544
118.240354 149.591710
118.240354 149.990044
118.041188 150.189210
118.041188 150.388377
117.842021 150.587544
117.842021 150.786710
117.642854 150.985877
117.642854 151.384210
117.443688 151.583377
117.443688 151.782543
117.244521 151.981710
117.244521 152.180877
117.045354 152.380043
117.045354 152.778376
116.846188 152.977543
116.647021 153.176710
116.647021 153.375876
116.447855 153.575043
116.248688 153.774210
116.049521 154.172543
116.049521 154.371709
115.850355 154.570876
115.651188 154.770043
115.452021 154.969209
115.252855 155.168376
115.252855 155.566709
115.053688 155.765876
114.854522 155.965042
114.655355 156.164209
114.655355 156.363376
114.854522 156.562542
114.854522 156.761709
114.854522 156.960876
114.854522 157.359209
114.854522 157.558376
115.053688 157.757542
115.053688 157.956709
115.053688 158.155875
115.053688 158.355042
115.252855 158.554209
115.252855 158.753375
115.252855 158.952542
115.452021 159.350875
115.651188 159.550042
115.850355 159.749208
116.049521 159.948375
116.049521 160.147542
116.248688 160.346708
116.447855 160.545875
116.647021 160.745042
116.846188 160.944208
117.045354 161.342541
117.244521 161.541708
117.443688 161.740875
117.642854 161.740875
117.842021 161.740875
118.041188 161.740875
118.240354 161.740875
118.439521 161.740875
118.638687 161.740875
119.037021 161.740875
119.236187 161.740875
119.435354 161.740875
119.634521 161.740875
119.833687 161.740875
120.032854 161.740875
120.232021 161.740875
120.431187 161.740875
120.630354 161.740875
121.028687 161.740875
121.227854 161.740875
121.427020 161.740875
121.626187 161.740875
121.825354 161.740875
122.024520 161.740875
122.223687 161.740875
122.422853 161.740875
122.622020 161.740875
123.020353 161.740875
123.219520 161.740875
123.418687 161.740875
123.617853 161.740875
123.817020 161.541708
124.215353 161.541708
124.414520 161.541708
124.613686 161.541708
124.812853 161.342541
125.211186 161.342541
125.410353 161.342541
125.609519 161.342541
125.808686 161.143375
126.207019 161.143375
126.406186 161.143375
126.605353 161.143375
126.804519 160.944208
127.202853 160.944208
127.402019 160.944208
127.601186 160.944208
127.800352 160.745042
128.198686 160.745042
128.397852 160.745042
128.597019 160.745042
128.796186 160.545875
129.194519 160.545875
129.393685 160.545875
129.592852 160.545875
129.792019 160.346708
130.190352 160.346708
130.389519 160.346708
130.588685 160.346708
130.787852 160.147542
131.186185 160.147542
131.385352 160.147542
131.584518 159.948375
131.783685 159.749208
131.982852 159.550042
132.182018 159.350875
132.381185 159.350875
132.580351 159.151709
132.779518 158.952542
133.177851 158.753375
133.377018 158.554209
133.576185 158.355042
133.775351 158.155875
133.974518 157.956709
134.372851 157.757542
134.572018 157.558376
134.771184 157.359209
134.970351 157.359209
135.368684 157.160042
135.567851 156.960876
135.767018 156.761709
135.966184 156.562542
136.364517 156.363376
136.563684 156.164209
136.762851 155.965042
136.962017 155.765876
137.360351 155.566709
137.559517 155.367543
137.758684 155.168376
137.957850 154.969209
138.356184 154.770043
138.555350 154.570876
138.754517 154.371709
138.953684 154.172543
139.352017 153.973376
139.551183 153.774210
139.750350 153.575043
139.949517 153.375876
140.148683 153.176710
140.547017 152.977543
140.746183 152.778376
140.945350 152.579210
141.144517 152.380043
141.542850 152.180877
141.742016 151.981710
141.941183 151.782543
142.140350 151.583377
142.339516 151.384210
142.737850 151.185043
142.937016 150.985877
143.136183 150.786710
143.335349 150.587544
143.534516 150.388377
143.932849 150.189210
144.132016 149.990044
144.331183 149.790877
144.530349 149.591710
144.729516 149.392544
144.928682 149.193377
145.127849 148.994210
145.327016 148.595877
145.327016 148.396711
145.526182 148.197544
145.725349 147.998377
145.924516 147.799211
146.123682 147.600044
146.123682 147.400877
146.123682 147.201711
146.123682 147.002544
146.123682 146.803378
146.123682 146.604211
146.123682 146.205878
146.123682 146.006711
146.123682 145.807544
145.924516 145.608378
145.725349 145.608378
145.526182 145.608378
145.327016 145.409211
145.127849 145.409211
144.928682 145.409211
144.729516 145.210045
144.530349 145.210045
144.132016 145.210045
143.932849 145.010878
143.733683 145.010878
143.534516 145.010878
143.335349 144.811711
143.136183 144.811711
142.937016 144.811711
142.737850 144.612545
142.538683 144.612545
142.140350 144.612545
141.941183 144.413378
141.742016 144.413378
141.542850 144.413378
141.343683 144.214211
141.144517 144.214211
140.945350 144.214211
140.746183 144.015045
140.547017 144.015045
140.148683 144.015045
139.949517 143.815878
139.750350 143.815878
139.551183 143.815878
139.352017 143.616712
139.152850 143.616712
138.953684 143.616712
138.754517 143.417545
138.555350 143.417545
138.157017 143.417545
137.957850 143.218378
137.758684 143.218378
137.559517 143.218378
137.360351 143.019212
137.161184 143.019212
136.962017 143.019212
136.762851 142.820045
136.563684 142.820045
136.165351 142.820045
135.966184 142.620878
135.767018 142.620878
135.567851 142.620878
135.368684 142.421712
135.169518 142.421712
134.970351 142.421712
134.572018 142.421712
134.372851 142.421712
134.173685 142.421712
133.974518 142.421712
133.576185 142.421712
133.377018 142.421712
133.177851 142.421712
132.978685 142.421712
132.580351 142.421712
132.381185 142.421712
132.182018 142.421712
131.982852 142.421712
131.584518 142.421712
131.385352 142.421712
131.186185 142.421712
130.987018 142.421712
130.588685 142.421712
130.389519 142.421712
130.190352 142.421712
129.792019 142.222545
129.592852 142.023378
129.393685 142.023378
128.995352 141.824212
128.796186 141.625045
128.397852 141.425879
128.198686 141.226712
127.999519 141.027545
127.601186 141.027545
127.402019 140.828379
127.003686 140.629212
126.804519 140.430045
126.406186 140.230879
126.207019 140.031712
126.007853 140.031712
125.609519 139.832546
125.410353 139.633379
125.012020 139.434212
124.812853 139.235046
124.613686 139.035879
124.215353 139.035879
124.016186 138.836712
123.617853 138.637546
123.418687 138.438379
123.020353 138.239213
122.821187 138.040046
122.622020 138.040046
122.223687 137.840879
122.024520 137.641713
121.626187 137.442546
121.427020 137.243379
121.227854 137.044213
120.829520 137.044213
120.630354 136.845046
120.431187 136.845046
120.032854 137.044213
119.833687 137.044213
119.634521 137.044213
119.236187 137.044213
119.037021 137.044213
118.837854 137.044213
118.439521 137.044213
118.240354 137.044213
118.041188 137.044213
117.642854 137.243379
117.443688 137.243379
117.244521 137.243379
116.846188 137.243379
116.647021 137.243379
116.447855 137.243379
116.049521 137.243379
115.850355 137.243379
115.651188 137.243379
115.252855 137.442546
115.053688 137.442546
115.053688 137.243379
115.053688 137.442546
114.854522 137.442546
114.854522 137.243379
115.053688 137.442546
115.252855 137.442546
115.252855 137.641713
115.252855 137.840879
115.252855 138.040046
115.252855 138.239213
115.252855 138.040046
115.252855 138.239213
115.452021 138.239213
115.452021 138.438379
115.452021 138.637546
115.452021 138.836712
115.452021 139.035879
115.452021 139.235046
115.651188 139.434212
115.651188 139.633379
115.651188 139.832546
115.850355 140.031712
115.850355 140.230879
115.850355 140.031712
115.850355 140.230879
115.850355 140.031712
115.850355 140.230879
116.049521 140.430045
116.049521 140.629212
116.049521 140.828379
116.248688 141.027545
116.248688 141.226712
116.248688 141.425879
116.248688 141.625045
116.447855 141.824212
116.447855 142.023378
116.447855 142.222545
116.447855 142.421712
116.447855 142.222545
116.447855 142.023378
116.447855 141.824212
116.447855 141.625045
116.647021 141.824212
116.846188 141.824212
