108.962992 63.105227
108.962992 63.819752
108.962992 64.534277
108.962992 65.248802
108.962992 65.963328
108.962992 67.392378
108.962992 68.106903
108.962992 68.821428
108.962992 69.535953
108.962992 70.250478
109.677517 70.965004
109.677517 71.679529
110.392042 72.394054
110.392042 73.108579
110.392042 73.823104
109.677517 73.823104
109.677517 74.537629
108.962992 75.252154
108.248467 75.966680
108.248467 76.681205
107.533942 77.395730
106.819417 78.110255
106.819417 78.824780
106.104892 79.539305
106.104892 80.253830
105.390367 80.968355
105.390367 81.682881
104.675841 82.397406
104.675841 83.111931
104.675841 83.826456
103.961316 84.540981
103.961316 85.255506
103.961316 85.970031
103.246791 86.684557
103.246791 87.399082
103.246791 88.113607
102.532266 88.828132
102.532266 89.542657
102.532266 90.257182
102.532266 90.971707
102.532266 91.686233
102.532266 92.400758
101.817741 93.115283
101.817741 93.829808
101.817741 94.544333
101.817741 95.258858
101.817741 95.973383
101.817741 96.687908
101.817741 95.973383
101.817741 96.687908
101.817741 97.402434
101.817741 98.116959
101.817741 98.831484
101.817741 99.546009
101.817741 100.260534
101.817741 100.975059
101.817741 101.689584
101.817741 102.404110
101.817741 103.118635
101.817741 103.833160
101.817741 104.547685
101.817741 105.262210
102.532266 105.262210
102.532266 105.976735
102.532266 106.691260
102.532266 107.405785
102.532266 108.120311
102.532266 108.834836
103.246791 109.549361
103.246791 110.263886
103.246791 110.978411
103.246791 111.692936
103.961316 111.692936
103.961316 112.407461
103.961316 113.121987
103.961316 113.836512
104.675841 113.836512
104.675841 114.551037
104.675841 115.265562
104.675841 115.980087
105.390367 115.980087
105.390367 116.694612
105.390367 117.409137
106.104892 117.409137
106.104892 118.123663
106.104892 118.838188
106.819417 118.838188
106.819417 119.552713
107.533942 120.267238
107.533942 120.981763
108.248467 120.981763
108.248467 121.696288
108.962992 122.410813
108.962992 123.125338
109.677517 123.125338
109.677517 123.839864
110.392042 123.839864
110.392042 124.554389
111.106568 125.268914
111.821093 125.983439
112.535618 126.697964
113.250143 127.412489
113.250143 128.127014
113.964668 128.127014
114.679193 128.841540
115.393718 129.556065
116.108244 130.270590
116.822769 130.985115
117.537294 131.699640
118.251819 132.414165
118.966344 132.414165
119.680869 133.128690
120.395394 133.843215
121.109919 134.557741
121.824445 134.557741
122.538970 135.272266
123.253495 135.986791
123.968020 136.701316
124.682545 136.701316
125.397070 137.415841
126.111595 138.130366
126.826121 138.130366
127.540646 138.844891
128.255171 138.844891
128.969696 139.559417
129.684221 139.559417
130.398746 140.273942
131.113271 140.273942
131.827797 140.273942
132.542322 140.988467
133.256847 140.988467
133.971372 140.988467
134.685897 141.702992
135.400422 141.702992
136.114947 141.702992
136.829472 142.417517
137.543998 142.417517
138.258523 142.417517
138.973048 142.417517
139.687573 143.132042
140.402098 143.132042
141.116623 143.132042
141.831148 143.846567
142.545674 143.846567
143.260199 144.561093
143.260199 145.275618
143.974724 146.704668
143.974724 147.419193
144.689249 148.133718
144.689249 148.848243
145.403774 149.562768
145.403774 150.277294
145.403774 150.991819
145.403774 151.706344
145.403774 152.420869
144.689249 153.135394
144.689249 153.849919
144.689249 154.564444
144.689249 155.278970
144.689249 155.993495
144.689249 156.708020
144.689249 157.422545
143.974724 158.851595
143.974724 159.566120
143.974724 160.280646
143.974724 160.995171
143.974724 161.709696
143.974724 162.424221
143.974724 163.138746
143.974724 163.853271
143.974724 164.567796
143.974724 165.282321
143.974724 165.996847
143.974724 166.711372
143.974724 167.425897
143.974724 168.140422
143.974724 168.854947
143.260199 169.569472
142.545674 170.283997
141.831148 170.998523
141.116623 171.713048
140.402098 172.427573
139.687573 173.142098
138.973048 173.856623
138.258523 174.571148
137.543998 175.285673
136.829472 175.285673
136.114947 176.000198
135.400422 176.714724
134.685897 176.714724
133.971372 177.429249
133.256847 178.143774
132.542322 178.858299
131.827797 179.572824
131.113271 179.572824
130.398746 180.287349
129.684221 181.001874
128.969696 181.001874
128.255171 181.716400
127.540646 181.716400
126.826121 182.430925
126.111595 183.145450
126.111595 183.859975
125.397070 184.574500
124.682545 185.289025
124.682545 186.003550
123.968020 186.718076
123.253495 186.718076
121.824445 186.718076
121.109919 187.432601
120.395394 187.432601
119.680869 188.147126
118.966344 188.147126
118.251819 188.861651
117.537294 188.861651
116.822769 188.861651
116.108244 189.576176
115.393718 189.576176
114.679193 190.290701
113.964668 190.290701
113.250143 191.005226
112.535618 191.005226
111.821093 191.719751
111.106568 192.434277
110.392042 192.434277
109.677517 192.434277
108.962992 193.148802
108.248467 193.148802
107.533942 193.863327
106.819417 193.863327
106.104892 194.577852
105.390367 194.577852
104.675841 194.577852
103.961316 194.577852
103.246791 194.577852
102.532266 194.577852
101.103216 194.577852
100.388691 194.577852
99.674165 194.577852
98.959640 194.577852
98.245115 194.577852
97.530590 194.577852
96.816065 194.577852
95.387015 194.577852
94.672489 194.577852
93.957964 194.577852
93.243439 193.863327
92.528914 193.148802
91.814389 192.434277
91.099864 192.434277
90.385339 191.719751
89.670814 191.005226
88.956288 190.290701
88.241763 189.576176
87.527238 189.576176
86.812713 188.861651
86.098188 188.147126
85.383663 187.432601
84.669138 186.718076
83.954612 186.003550
83.240087 185.289025
82.525562 184.574500
81.811037 183.859975
81.811037 183.145450
81.096512 182.430925
80.381987 181.716400
79.667462 181.001874
79.667462 180.287349
78.952937 179.572824
78.238411 178.858299
78.238411 178.143774
77.523886 177.429249
76.809361 176.714724
76.094836 176.000198
76.094836 175.285673
75.380311 174.571148
74.665786 173.856623
73.951261 173.142098
73.951261 172.427573
73.236735 171.713048
72.522210 170.998523
71.807685 169.569472
71.807685 168.854947
71.807685 168.140422
71.093160 167.425897
71.093160 166.711372
70.378635 165.996847
70.378635 165.282321
70.378635 164.567796
69.664110 163.853271
68.949585 163.138746
68.235059 162.424221
67.520534 161.709696
67.520534 160.995171
67.520534 160.280646
67.520534 159.566120
66.806009 158.851595
66.806009 158.137070
66.091484 157.422545
66.091484 156.708020
65.376959 155.993495
65.376959 155.278970
64.662434 154.564444
64.662434 153.849919
63.947909 153.135394
63.947909 152.420869
63.947909 151.706344
63.233384 150.991819
63.233384 150.277294
63.233384 149.562768
62.518858 148.848243
62.518858 148.133718
61.804333 147.419193
61.804333 146.704668
61.089808 145.990143
60.375283 145.275618
60.375283 144.561093
59.660758 143.846567
59.660758 143.132042
59.660758 142.417517
59.660758 141.702992
59.660758 140.988467
59.660758 140.273942
59.660758 139.559417
59.660758 138.844891
59.660758 138.130366
59.660758 137.415841
59.660758 136.701316
59.660758 135.986791
58.946233 135.272266
58.946233 134.557741
58.946233 133.843215
58.231708 133.128690
58.231708 132.414165
58.231708 131.699640
58.231708 130.985115
57.517182 130.270590
57.517182 129.556065
57.517182 128.841540
56.802657 128.127014
56.802657 127.412489
56.802657 126.697964
56.802657 125.983439
56.802657 125.268914
56.802657 124.554389
56.802657 123.839864
56.802657 123.125338
56.802657 122.410813
56.802657 121.696288
56.802657 120.981763
56.802657 120.267238
56.802657 119.552713
56.802657 118.838188
56.802657 118.123663
56.802657 117.409137
56.802657 116.694612
56.802657 115.980087
56.802657 115.265562
57.517182 114.551037
57.517182 113.836512
56.802657 113.121987
56.802657 112.407461
56.802657 110.978411
56.802657 110.263886
56.802657 109.549361
56.802657 108.834836
56.802657 108.120311
56.802657 107.405785
56.802657 106.691260
56.802657 105.976735
56.802657 105.262210
56.802657 104.547685
56.802657 103.833160
56.802657 103.118635
56.802657 102.404110
57.517182 101.689584
57.517182 100.975059
57.517182 100.260534
57.517182 99.546009
57.517182 98.831484
57.517182 97.402434
57.517182 96.687908
57.517182 95.973383
57.517182 95.258858
58.231708 94.544333
58.231708 93.829808
58.231708 93.115283
58.231708 92.400758
58.946233 91.686233
58.946233 90.971707
59.660758 90.257182
60.375283 89.542657
60.375283 88.828132
61.089808 88.113607
61.089808 87.399082
61.804333 86.684557
62.518858 85.970031
63.233384 85.255506
63.947909 84.540981
63.947909 83.826456
63.947909 83.111931
64.662434 83.111931
64.662434 82.397406
64.662434 81.682881
65.376959 80.968355
65.376959 80.253830
65.376959 79.539305
66.091484 78.824780
66.806009 78.110255
66.806009 77.395730
66.806009 76.681205
67.520534 75.966680
67.520534 75.252154
68.235059 75.252154
68.949585 74.537629
68.949585 73.823104
69.664110 73.823104
70.378635 73.108579
70.378635 72.394054
71.093160 72.394054
71.807685 72.394054
72.522210 71.679529
72.522210 70.965004
73.236735 70.965004
73.951261 70.250478
74.665786 69.535953
75.380311 68.821428
76.094836 68.106903
76.094836 67.392378
76.809361 67.392378
77.523886 66.677853
78.238411 65.963328
78.952937 65.248802
79.667462 65.248802
80.381987 65.248802
80.381987 64.534277
81.096512 64.534277
81.811037 63.819752
82.525562 63.105227
83.240087 61.676177
83.954612 60.961652
83.954612 60.247127
84.669138 59.532601
85.383663 58.818076
86.098188 58.818076
86.098188 58.103551
86.812713 58.103551
87.527238 57.389026
88.241763 57.389026
88.956288 56.674501
89.670814 56.674501
91.099864 57.389026
91.814389 57.389026
92.528914 57.389026
93.243439 57.389026
93.957964 58.103551
94.672489 58.103551
96.101540 58.103551
96.816065 58.818076
97.530590 58.818076
98.245115 58.818076
98.959640 58.818076
100.388691 59.532601
101.103216 59.532601
101.817741 59.532601
102.532266 59.532601
103.246791 60.247127
103.961316 60.247127
105.390367 60.247127
106.104892 60.961652
106.819417 60.961652
107.533942 60.961652
108.248467 61.676177
108.248467 62.390702
108.248467 63.105227
108.962992 63.105227
