105.400957 75.401441
105.983283 75.983767
105.983283 76.566093
106.565609 76.566093
106.565609 77.148419
107.147935 77.148419
107.730261 77.730745
107.730261 78.313071
108.312587 78.313071
108.312587 78.895397
108.894913 78.895397
109.477239 79.477723
110.059565 80.060049
110.059565 80.642375
110.059565 81.224701
110.059565 81.807027
109.477239 82.389353
109.477239 82.971678
109.477239 83.554004
109.477239 84.136330
108.894913 84.718656
108.894913 85.300982
108.312587 85.883308
108.312587 86.465634
107.730261 87.047960
107.730261 87.630286
107.147935 88.212612
107.147935 88.794938
106.565609 89.377264
106.565609 89.959590
106.565609 90.541916
105.983283 91.124242
105.983283 91.706568
105.983283 92.288894
105.400957 92.871220
105.400957 93.453546
105.400957 94.035872
104.818631 94.618198
104.818631 95.200524
104.818631 95.782850
104.818631 96.365176
104.818631 96.947502
104.818631 97.529828
104.818631 98.112154
104.236305 98.694480
104.236305 99.276806
104.236305 99.859132
104.236305 100.441458
104.236305 101.023784
104.236305 101.606110
104.236305 102.188436
104.236305 102.770762
104.236305 103.353088
104.236305 103.935414
104.236305 104.517739
104.818631 104.517739
104.818631 105.100065
104.818631 105.682391
104.818631 106.264717
104.818631 106.847043
104.818631 107.429369
104.818631 108.011695
105.400957 108.594021
105.400957 109.176347
105.400957 109.758673
105.400957 110.340999
105.400957 110.923325
105.400957 111.505651
105.400957 112.087977
105.400957 112.670303
105.400957 113.252629
105.400957 113.834955
105.400957 114.417281
105.400957 114.999607
105.400957 115.581933
105.983283 115.581933
105.983283 116.164259
105.983283 116.746585
105.983283 117.328911
105.983283 117.911237
105.983283 118.493563
106.565609 118.493563
106.565609 119.075889
106.565609 119.658215
106.565609 120.240541
107.147935 120.822867
107.147935 121.405193
107.730261 121.987519
107.730261 122.569845
107.730261 123.152171
107.730261 123.734497
108.312587 123.734497
108.312587 124.316823
108.312587 124.899149
108.894913 124.899149
108.894913 125.481475
109.477239 126.063800
109.477239 126.646126
110.059565 127.228452
110.059565 127.810778
110.641891 127.810778
110.641891 128.393104
111.224217 128.975430
111.224217 129.557756
111.806543 129.557756
111.806543 130.140082
112.388869 130.140082
112.388869 130.722408
112.971195 131.304734
113.553521 131.887060
113.553521 132.469386
114.135847 132.469386
114.718173 133.051712
115.300499 133.634038
115.300499 134.216364
115.882825 134.216364
116.465151 134.798690
117.047477 135.381016
117.629803 135.381016
118.212129 135.963342
118.794455 136.545668
119.376781 137.127994
119.959107 137.127994
120.541433 137.710320
121.123758 138.292646
121.706084 138.292646
122.288410 138.874972
122.870736 138.874972
123.453062 139.457298
124.035388 139.457298
124.617714 140.039624
125.200040 140.039624
125.782366 140.621950
126.364692 140.621950
126.947018 141.204276
127.529344 141.786602
128.111670 141.786602
128.693996 142.368928
129.276322 142.368928
129.858648 142.951254
130.440974 142.951254
131.023300 142.951254
131.605626 143.533580
132.187952 143.533580
132.770278 144.115906
133.352604 144.115906
133.934930 144.115906
134.517256 144.115906
135.099582 144.698232
135.681908 144.698232
136.264234 144.698232
136.264234 145.280558
136.846560 145.862884
136.846560 147.027536
137.428886 147.609861
138.011212 148.192187
138.011212 149.356839
138.593538 149.939165
138.593538 150.521491
139.175864 151.686143
139.175864 152.268469
139.758190 152.850795
139.175864 153.433121
139.175864 154.015447
139.175864 154.597773
139.175864 155.180099
138.593538 155.762425
138.593538 156.344751
138.593538 156.927077
138.593538 157.509403
138.593538 158.674055
138.011212 159.256381
138.011212 159.838707
138.011212 160.421033
138.011212 161.003359
137.428886 161.585685
137.428886 162.168011
137.428886 162.750337
137.428886 163.332663
136.846560 163.914989
136.846560 164.497315
136.846560 165.079641
136.264234 165.661967
136.264234 166.244293
135.681908 166.826619
135.681908 167.408945
135.099582 167.991271
135.099582 168.573597
134.517256 169.155922
133.934930 169.738248
133.934930 170.320574
133.352604 170.902900
133.352604 171.485226
132.770278 172.067552
132.770278 172.649878
132.187952 173.232204
131.605626 173.814530
131.605626 174.396856
131.023300 174.979182
130.440974 174.979182
129.858648 175.561508
129.276322 175.561508
128.693996 175.561508
127.529344 176.143834
126.947018 176.143834
126.364692 176.726160
125.782366 177.308486
125.200040 177.308486
124.617714 177.890812
124.035388 177.890812
122.870736 178.473138
122.288410 179.055464
121.706084 179.055464
121.123758 179.637790
120.541433 179.637790
119.959107 180.220116
119.376781 180.802442
118.794455 180.802442
118.212129 180.802442
117.629803 180.802442
117.047477 180.802442
115.882825 180.802442
115.300499 180.802442
114.718173 180.802442
114.135847 180.802442
113.553521 180.802442
112.971195 180.802442
112.388869 180.802442
111.806543 180.802442
111.224217 180.802442
110.641891 181.384768
110.059565 181.384768
109.477239 181.384768
108.894913 181.384768
108.312587 181.384768
107.730261 181.384768
107.147935 181.384768
106.565609 181.384768
105.983283 181.384768
105.400957 181.384768
104.236305 181.384768
103.653979 181.384768
103.071653 181.384768
102.489327 181.384768
101.907001 181.384768
101.324675 181.967094
100.742349 181.384768
100.160023 181.384768
99.577697 181.384768
98.995372 181.384768
98.413046 181.384768
97.830720 180.802442
97.248394 180.802442
96.666068 180.802442
96.083742 180.802442
95.501416 180.802442
94.919090 180.802442
94.336764 180.220116
93.754438 180.220116
93.172112 180.220116
92.589786 180.220116
92.007460 179.637790
91.425134 179.055464
90.842808 178.473138
89.678156 177.890812
89.095830 177.308486
88.513504 176.726160
87.931178 176.143834
87.348852 175.561508
86.766526 174.979182
86.184200 174.979182
85.601874 174.396856
85.019548 173.814530
84.437222 173.232204
83.854896 172.649878
83.272570 172.067552
82.690244 170.902900
82.107918 170.320574
81.525592 169.738248
80.943266 169.155922
80.360940 168.573597
80.360940 167.991271
79.778614 167.408945
79.196288 166.826619
78.613962 166.244293
78.613962 165.661967
78.031636 165.079641
77.449311 164.497315
77.449311 163.914989
77.449311 163.332663
77.449311 162.750337
77.449311 162.168011
76.866985 161.585685
76.866985 161.003359
76.866985 160.421033
76.284659 159.838707
76.284659 159.256381
76.284659 158.674055
75.702333 158.091729
75.702333 157.509403
75.702333 156.927077
75.120007 156.344751
75.120007 155.762425
75.120007 155.180099
75.120007 154.597773
75.120007 154.015447
75.120007 153.433121
75.120007 152.850795
75.120007 152.268469
75.120007 151.103817
75.120007 150.521491
75.120007 149.939165
75.120007 149.356839
75.120007 148.774513
75.120007 148.192187
75.120007 147.609861
75.120007 147.027536
75.120007 146.445210
75.120007 145.862884
75.120007 145.280558
75.120007 144.698232
75.120007 144.115906
75.120007 143.533580
75.120007 142.951254
75.120007 142.368928
75.120007 141.786602
75.120007 141.204276
75.120007 140.621950
75.120007 140.039624
75.120007 139.457298
74.537681 138.874972
74.537681 138.292646
74.537681 137.710320
74.537681 137.127994
74.537681 135.963342
73.955355 135.381016
73.955355 134.798690
73.955355 134.216364
73.955355 133.634038
73.373029 133.051712
73.373029 132.469386
72.790703 131.887060
72.208377 131.304734
72.208377 130.722408
72.208377 130.140082
71.626051 129.557756
71.626051 128.975430
71.626051 128.393104
71.043725 127.810778
71.043725 127.228452
71.043725 126.646126
71.043725 126.063800
70.461399 125.481475
70.461399 124.899149
70.461399 124.316823
70.461399 123.734497
70.461399 122.569845
69.879073 121.987519
69.879073 121.405193
69.879073 120.822867
69.879073 120.240541
69.879073 119.658215
69.296747 119.075889
69.296747 118.493563
69.296747 117.911237
69.296747 117.328911
69.296747 116.746585
69.296747 116.164259
69.296747 115.581933
69.296747 114.999607
69.296747 114.417281
69.296747 113.834955
69.296747 113.252629
68.714421 112.670303
68.714421 112.087977
68.714421 111.505651
68.714421 110.340999
68.714421 109.758673
68.714421 109.176347
68.714421 108.594021
68.714421 108.011695
68.714421 107.429369
68.714421 106.847043
68.714421 106.264717
68.714421 105.682391
68.714421 105.100065
68.714421 104.517739
68.714421 103.935414
68.714421 103.353088
68.714421 102.770762
68.714421 102.188436
68.714421 101.606110
68.714421 101.023784
69.296747 100.441458
69.296747 99.859132
69.296747 99.276806
69.296747 98.694480
69.296747 98.112154
69.879073 97.529828
69.879073 96.947502
69.879073 96.365176
70.461399 95.200524
70.461399 94.618198
71.043725 94.035872
71.043725 93.453546
71.626051 92.871220
72.208377 92.288894
72.208377 91.706568
72.208377 91.124242
72.208377 90.541916
72.790703 89.959590
72.790703 89.377264
73.373029 88.794938
73.373029 88.212612
73.955355 87.630286
74.537681 87.047960
75.120007 86.465634
75.702333 85.883308
75.702333 85.300982
76.284659 84.718656
76.866985 84.136330
77.449311 83.554004
78.031636 82.971678
78.613962 82.389353
79.196288 82.389353
79.778614 81.807027
80.360940 81.224701
81.525592 80.642375
82.107918 80.060049
82.690244 79.477723
83.272570 78.895397
83.854896 78.313071
84.437222 77.730745
85.019548 77.148419
85.601874 76.566093
86.184200 76.566093
86.766526 75.983767
87.348852 75.983767
87.931178 75.401441
88.513504 75.401441
89.095830 74.819115
89.678156 74.236789
90.260482 74.236789
90.842808 73.654463
92.007460 73.654463
92.589786 73.654463
93.172112 73.654463
93.754438 73.654463
94.919090 73.654463
95.501416 73.654463
96.083742 73.654463
96.666068 73.654463
97.248394 73.072137
98.413046 73.072137
98.995372 73.072137
99.577697 73.072137
100.160023 73.072137
101.324675 73.072137
101.907001 73.072137
102.489327 73.072137
103.071653 73.072137
103.653979 73.654463
104.236305 73.654463
104.236305 74.236789
104.818631 74.236789
104.818631 74.819115
105.400957 74.819115
105.400957 75.401441
