98.328934 81.943117
98.840164 81.943117
98.840164 82.454346
98.840164 82.965576
99.351393 82.965576
99.351393 83.476805
99.351393 83.988035
99.351393 84.499265
99.862623 84.499265
99.862623 85.010494
99.862623 85.521724
100.373852 86.032953
100.373852 86.544183
100.885082 87.055413
100.885082 87.566642
101.396312 88.077872
101.907541 88.589101
101.396312 89.100331
101.396312 89.611561
101.396312 90.122790
100.885082 90.634020
100.885082 91.145249
100.885082 91.656479
100.885082 91.145249
100.885082 91.656479
100.373852 92.167709
100.373852 92.678938
100.373852 93.190168
100.373852 93.701397
100.373852 94.212627
99.862623 94.723857
99.862623 95.235086
99.862623 95.746316
99.862623 96.257545
99.862623 96.768775
99.862623 97.280005
99.862623 97.791234
99.351393 98.302464
99.351393 98.813693
99.351393 99.324923
99.351393 99.836153
99.351393 100.347382
99.351393 100.858612
99.351393 101.369842
99.351393 100.858612
99.351393 101.369842
99.351393 101.881071
99.351393 102.392301
99.351393 102.903530
99.351393 103.414760
99.351393 103.925990
99.351393 104.437219
99.351393 104.948449
99.351393 105.459678
99.351393 105.970908
99.862623 105.970908
99.862623 106.482138
99.862623 106.993367
99.862623 107.504597
99.862623 108.015826
99.862623 108.527056
99.862623 109.038286
100.373852 109.549515
100.373852 110.060745
100.373852 110.571974
100.373852 111.083204
100.373852 111.594434
100.373852 112.105663
100.885082 112.105663
100.885082 112.616893
100.885082 113.128122
101.396312 113.639352
101.396312 114.150582
101.396312 114.661811
101.396312 115.173041
101.907541 115.173041
101.907541 115.684270
101.907541 116.195500
102.418771 116.706730
102.418771 117.217959
102.930000 117.729189
102.930000 118.240418
102.930000 118.751648
103.441230 118.751648
103.441230 119.262878
103.441230 119.774107
103.952460 120.285337
103.952460 120.796566
104.463689 120.796566
104.463689 121.307796
104.974919 121.819026
104.974919 122.330255
105.486148 122.841485
105.486148 123.352714
105.997378 123.352714
105.997378 123.863944
106.508608 124.375174
106.508608 124.886403
107.019837 124.886403
107.019837 125.397633
107.531067 125.908862
108.042296 126.420092
108.042296 126.931322
108.553526 126.931322
108.553526 127.442551
109.064756 127.953781
109.575985 128.465011
110.087215 128.976240
110.598444 129.487470
111.109674 129.998699
111.620904 130.509929
112.132133 131.021159
112.643363 131.532388
113.154593 132.043618
113.665822 132.554847
114.177052 132.554847
114.688281 133.066077
115.199511 133.577307
115.710741 134.088536
116.221970 134.088536
116.733200 134.599766
117.244429 135.110995
117.755659 135.110995
118.266889 135.622225
118.778118 136.133455
119.289348 136.133455
119.800577 136.644684
120.311807 136.644684
120.823037 137.155914
121.334266 137.667143
121.845496 137.667143
122.356725 137.667143
122.867955 138.178373
123.379185 138.178373
123.890414 138.689603
124.401644 138.689603
124.912873 139.200832
125.424103 139.200832
125.935333 139.200832
126.446562 139.712062
126.957792 139.712062
127.469021 139.712062
127.980251 140.223291
128.491481 140.223291
129.002710 140.223291
129.513940 140.734521
130.025169 140.734521
130.536399 140.734521
131.047629 140.734521
131.558858 140.734521
132.070088 141.245751
132.581317 141.245751
133.092547 141.245751
133.603777 141.245751
134.115006 141.245751
134.626236 141.245751
135.137465 141.245751
135.648695 141.756980
136.159925 141.756980
136.671154 141.756980
137.182384 141.756980
137.693613 141.756980
138.204843 141.756980
138.716073 141.756980
139.227302 141.756980
138.716073 142.268210
139.227302 142.779439
138.716073 143.290669
138.716073 143.801899
138.716073 144.313128
138.204843 144.824358
138.204843 145.335587
138.204843 145.846817
137.693613 146.869276
137.693613 147.380506
137.693613 147.891735
137.182384 148.402965
137.182384 148.914195
137.182384 149.425424
136.671154 149.936654
136.671154 150.447883
136.159925 150.959113
135.648695 150.959113
134.626236 151.470343
134.115006 151.981572
133.603777 152.492802
133.092547 153.004031
132.581317 153.515261
132.070088 153.515261
131.558858 154.026491
130.536399 154.537720
130.025169 155.048950
129.513940 155.560180
129.002710 156.071409
128.491481 156.071409
127.980251 156.582639
127.469021 157.093868
126.957792 157.605098
126.446562 157.605098
125.935333 158.627557
125.935333 159.138787
125.424103 159.650016
124.912873 160.161246
124.912873 160.672476
124.401644 161.183705
124.401644 161.694935
123.890414 162.206164
123.379185 162.717394
123.379185 163.228624
122.867955 163.739853
122.867955 164.251083
122.356725 164.762312
121.845496 165.273542
121.334266 165.784772
120.823037 166.296001
120.311807 166.807231
119.800577 167.318460
119.289348 167.318460
118.778118 167.829690
118.266889 168.340920
117.755659 168.340920
117.244429 168.852149
116.733200 168.852149
116.221970 168.852149
115.710741 169.363379
115.199511 169.363379
114.688281 169.363379
114.177052 169.363379
113.665822 169.874608
113.154593 169.874608
112.643363 169.874608
112.132133 169.874608
111.620904 169.874608
111.109674 170.385838
110.087215 170.385838
109.575985 170.385838
109.064756 170.385838
108.553526 170.897068
108.042296 170.897068
107.531067 170.897068
107.019837 170.897068
106.508608 170.897068
105.997378 170.897068
105.486148 170.897068
104.974919 170.897068
104.463689 170.897068
103.952460 170.897068
103.441230 170.385838
102.930000 170.385838
102.418771 170.385838
101.396312 170.385838
100.885082 170.385838
100.373852 169.874608
99.862623 169.874608
99.351393 169.363379
98.840164 168.852149
98.328934 168.340920
97.817704 167.829690
97.306475 167.318460
96.795245 166.807231
96.284016 166.807231
95.772786 165.784772
95.261556 165.273542
94.750327 164.762312
94.239097 164.251083
93.727868 163.739853
92.705408 163.228624
92.194179 162.717394
91.682949 162.206164
91.171720 161.694935
91.171720 161.183705
90.660490 160.672476
90.149260 160.161246
89.638031 159.650016
89.638031 159.138787
89.126801 158.627557
88.615572 158.116328
88.104342 157.605098
87.593112 156.582639
87.593112 156.071409
87.081883 155.560180
87.081883 155.048950
87.081883 154.537720
87.081883 154.026491
87.081883 153.515261
87.081883 153.004031
87.081883 152.492802
86.570653 151.981572
86.570653 151.470343
86.059424 150.959113
86.059424 150.447883
86.059424 149.936654
85.548194 149.425424
85.548194 148.914195
85.548194 148.402965
85.548194 147.891735
85.548194 147.380506
85.548194 146.869276
85.548194 146.358047
85.548194 145.846817
85.548194 145.335587
85.548194 144.824358
85.548194 143.801899
85.036964 143.290669
85.036964 142.779439
85.036964 142.268210
85.036964 141.756980
85.036964 141.245751
85.036964 140.734521
84.525735 140.223291
84.525735 139.712062
84.525735 139.200832
84.525735 138.689603
84.525735 138.178373
84.525735 137.667143
84.014505 137.155914
84.014505 136.644684
84.014505 136.133455
84.014505 135.622225
84.014505 135.110995
83.503275 134.599766
83.503275 134.088536
82.992046 133.577307
82.992046 133.066077
82.480816 132.554847
82.480816 131.532388
81.969587 131.021159
81.969587 130.509929
81.458357 129.998699
81.458357 129.487470
81.458357 128.976240
81.458357 128.465011
80.947127 127.953781
80.947127 127.442551
80.947127 126.931322
80.435898 126.420092
79.924668 125.908862
79.924668 125.397633
79.413439 124.886403
78.902209 124.375174
78.390979 123.863944
78.390979 123.352714
77.879750 122.330255
77.368520 121.819026
76.857291 121.307796
76.346061 120.796566
76.346061 120.285337
76.346061 119.774107
75.834831 119.262878
75.834831 118.751648
75.323602 118.240418
75.323602 117.729189
75.323602 117.217959
75.323602 116.706730
75.323602 115.684270
75.323602 115.173041
75.834831 114.661811
75.834831 114.150582
75.834831 113.639352
75.834831 112.616893
75.834831 112.105663
75.834831 111.594434
75.834831 111.083204
75.834831 110.571974
75.834831 110.060745
75.834831 109.038286
75.834831 108.527056
75.834831 108.015826
75.834831 107.504597
75.834831 106.993367
75.834831 105.970908
76.346061 105.459678
76.346061 104.948449
76.346061 104.437219
76.857291 103.925990
76.857291 103.414760
76.857291 102.903530
77.368520 102.392301
77.368520 101.881071
77.879750 101.369842
77.879750 100.858612
77.879750 100.347382
78.390979 99.836153
78.390979 99.324923
78.390979 98.813693
78.902209 97.791234
79.413439 97.280005
79.413439 96.768775
79.924668 96.257545
80.435898 95.746316
80.435898 95.235086
80.947127 94.723857
81.458357 94.212627
81.458357 93.190168
81.969587 92.678938
82.480816 92.167709
82.480816 91.656479
82.992046 91.145249
83.503275 90.634020
83.503275 90.122790
84.014505 89.100331
84.525735 88.589101
85.036964 88.077872
85.036964 87.566642
85.548194 87.055413
86.059424 86.544183
86.570653 86.032953
86.570653 85.521724
87.081883 85.010494
87.593112 84.499265
88.104342 83.988035
88.615572 83.988035
89.126801 83.988035
89.638031 83.476805
90.149260 83.476805
90.660490 83.476805
91.171720 82.965576
91.682949 82.965576
92.194179 82.965576
92.705408 82.454346
93.216638 82.454346
93.727868 81.943117
94.239097 81.943117
94.750327 81.431887
95.261556 81.431887
95.772786 81.431887
96.284016 81.431887
96.795245 81.431887
97.306475 81.431887
97.817704 81.431887
98.328934 81.943117
