97.485606 111.130949
97.485606 111.492639
97.847296 111.854328
97.847296 112.216018
97.847296 112.577708
97.847296 112.939398
97.847296 113.301088
97.847296 113.662778
97.847296 114.024468
98.208986 114.024468
98.208986 114.386158
98.208986 114.747848
98.208986 115.109538
98.208986 115.471228
98.570676 115.832918
98.570676 116.194608
98.570676 116.556298
98.932366 116.917988
98.932366 117.279678
98.932366 117.641368
99.294056 118.003058
99.294056 118.364748
99.294056 118.726438
99.655746 119.088128
99.655746 119.449818
99.655746 119.811508
99.655746 120.173198
100.017436 120.173198
100.017436 120.534888
100.017436 120.896578
100.379126 120.896578
100.379126 121.258268
100.740816 121.619958
100.740816 121.981648
101.102506 122.343338
101.102506 122.705028
101.464196 123.066718
101.464196 123.428408
101.464196 123.790098
101.825886 123.790098
102.187576 124.151788
102.187576 124.513478
102.187576 124.875168
102.549266 124.875168
102.549266 125.236858
102.910956 125.598548
102.910956 125.960238
103.272646 125.960238
103.634336 126.321928
103.634336 126.683618
103.634336 127.045308
103.996026 127.045308
104.357716 127.406997
104.357716 127.768687
104.719406 127.768687
104.719406 128.130377
105.081096 128.492067
105.442786 128.853757
105.442786 129.215447
105.804476 129.215447
106.166166 129.577137
106.166166 129.938827
106.527856 129.938827
106.889546 130.300517
107.251236 130.662207
107.251236 131.023897
107.612926 131.385587
107.612926 131.747277
107.612926 131.385587
107.612926 131.747277
107.974616 132.108967
107.974616 132.470657
108.336306 132.832347
108.697996 133.194037
108.697996 133.555727
108.697996 133.917417
109.059686 133.917417
109.059686 134.279107
109.421376 134.640797
109.421376 135.002487
109.783066 135.002487
109.783066 135.364177
109.783066 135.002487
109.783066 135.364177
110.144756 135.725867
110.506446 136.087557
110.506446 136.449247
110.868135 136.449247
110.868135 136.810937
110.868135 137.172627
111.229825 137.172627
111.591515 137.534317
111.591515 137.896007
111.953205 137.896007
112.314895 138.257697
112.676585 138.619387
112.676585 138.981077
113.038275 139.342767
113.038275 139.704457
113.399965 139.704457
113.761655 140.066147
114.123345 140.427837
114.123345 140.789527
114.485035 140.789527
114.846725 141.151217
115.208415 141.151217
115.570105 141.512907
115.931795 141.874597
116.293485 142.236287
116.655175 142.597976
117.016865 142.959666
117.378555 142.959666
117.740245 143.321356
118.101935 143.683046
118.101935 144.044736
118.463625 144.044736
118.825315 144.044736
119.187005 144.406426
119.548695 144.768116
119.910385 144.768116
120.272075 145.129806
120.633765 145.129806
120.995455 145.491496
121.357145 145.853186
121.718835 145.853186
122.080525 146.214876
122.442215 146.214876
122.803905 146.576566
123.165595 146.576566
123.527285 146.938256
123.888975 146.938256
124.250665 147.299946
124.612355 147.299946
124.974045 147.299946
125.335735 147.661636
125.697425 147.661636
126.059114 148.023326
126.420804 148.023326
126.782494 148.023326
127.144184 148.385016
127.505874 148.385016
127.867564 148.385016
128.229254 148.746706
128.590944 148.746706
128.952634 148.746706
129.314324 149.108396
129.676014 149.108396
130.037704 149.108396
130.399394 149.108396
130.761084 149.108396
131.122774 149.470086
131.484464 149.470086
131.846154 149.470086
132.207844 149.470086
132.569534 149.470086
132.931224 149.831776
133.292914 149.831776
133.654604 149.831776
134.016294 149.831776
134.377984 149.831776
134.739674 149.831776
135.101364 149.831776
135.463054 149.831776
135.824744 149.831776
136.186434 149.831776
136.548124 150.193466
136.909814 150.193466
137.271504 150.193466
137.633194 150.193466
137.994884 150.193466
138.356574 150.193466
138.718264 150.193466
139.079954 150.193466
139.441644 150.193466
139.803334 150.193466
140.165024 150.193466
140.526714 150.193466
140.888404 149.831776
141.250093 149.831776
141.611783 149.831776
141.973473 149.831776
142.335163 149.831776
142.696853 149.831776
143.058543 149.831776
143.420233 149.831776
143.781923 149.831776
144.143613 149.831776
144.505303 149.831776
144.866993 149.831776
145.228683 149.831776
145.590373 149.831776
145.952063 149.831776
146.313753 149.470086
146.675443 149.470086
147.037133 149.470086
147.398823 149.470086
147.760513 149.470086
147.760513 149.831776
148.122203 150.193466
148.483893 150.555156
148.483893 150.916846
148.845583 151.278536
148.845583 151.640226
148.845583 152.001916
149.207273 152.363606
149.207273 152.725296
149.207273 153.086986
148.845583 153.086986
148.483893 153.448676
148.122203 153.448676
147.760513 153.448676
147.398823 153.448676
147.398823 153.810366
147.037133 153.810366
147.398823 153.810366
147.037133 153.810366
146.675443 153.810366
146.313753 154.172056
145.952063 154.172056
145.590373 154.533746
145.228683 154.533746
144.866993 154.895436
144.505303 154.895436
144.143613 154.895436
144.143613 155.257126
143.781923 155.257126
144.143613 155.257126
143.781923 155.257126
143.420233 155.618816
143.058543 155.618816
142.696853 155.980506
142.335163 155.980506
142.335163 156.342196
141.973473 156.342196
141.611783 156.342196
141.611783 156.703886
141.250093 156.703886
140.888404 157.065576
140.526714 157.065576
140.526714 157.427266
140.165024 157.427266
139.803334 157.788955
139.441644 157.788955
139.441644 158.150645
139.079954 158.150645
139.079954 158.512335
138.718264 158.512335
138.356574 158.512335
138.356574 158.874025
137.994884 159.235715
137.633194 159.235715
137.633194 159.597405
137.271504 159.959095
136.909814 159.959095
136.548124 160.320785
136.186434 160.682475
135.824744 161.044165
135.463054 161.405855
135.101364 161.767545
134.739674 162.129235
134.377984 162.490925
134.016294 162.852615
133.654604 163.214305
133.292914 163.575995
132.931224 163.937685
132.931224 164.299375
132.569534 164.661065
132.207844 164.661065
132.207844 165.022755
131.846154 165.384445
131.484464 165.746135
131.484464 166.107825
131.122774 166.469515
130.761084 166.831205
130.399394 166.831205
130.399394 167.192895
130.399394 167.554585
130.037704 167.916275
129.676014 168.277965
129.676014 168.639655
129.314324 169.001345
129.314324 169.363035
128.952634 169.724725
128.590944 170.086415
128.590944 170.448105
128.229254 170.809795
127.867564 170.809795
127.505874 171.171485
127.144184 171.171485
126.782494 171.533175
126.420804 171.533175
126.059114 171.894865
125.335735 171.894865
124.974045 172.256555
124.612355 172.256555
124.250665 172.618245
123.888975 172.618245
123.527285 172.618245
123.165595 172.979935
122.803905 172.979935
122.442215 172.979935
122.080525 173.341624
121.357145 173.341624
120.995455 173.341624
120.633765 173.703314
120.272075 173.703314
119.910385 173.703314
119.548695 173.703314
119.187005 174.065004
118.825315 174.065004
118.101935 174.065004
117.740245 174.065004
117.378555 174.065004
117.016865 174.065004
116.655175 174.065004
116.293485 174.065004
115.931795 174.065004
115.570105 174.065004
114.846725 174.065004
114.485035 174.065004
114.123345 174.065004
113.761655 173.703314
113.399965 173.703314
113.038275 173.703314
112.676585 173.703314
112.314895 173.703314
111.953205 173.341624
111.591515 173.341624
110.868135 173.341624
110.506446 173.341624
110.144756 172.979935
109.783066 172.979935
109.421376 172.618245
109.059686 172.618245
108.697996 172.256555
108.336306 172.256555
107.974616 171.894865
107.612926 171.894865
107.251236 171.533175
106.889546 171.533175
106.527856 171.533175
106.166166 171.171485
105.804476 170.809795
105.442786 170.448105
105.081096 170.448105
104.719406 170.086415
103.996026 169.724725
103.634336 169.363035
103.272646 169.001345
102.910956 169.001345
102.549266 168.639655
102.187576 168.277965
101.825886 167.916275
101.464196 167.554585
101.102506 167.192895
100.740816 166.831205
100.379126 166.469515
100.017436 166.107825
99.655746 165.746135
99.294056 165.022755
98.932366 164.661065
98.570676 164.299375
98.570676 163.937685
98.208986 163.575995
97.847296 163.214305
97.485606 162.852615
97.123916 162.490925
97.123916 162.129235
96.762226 161.767545
96.400536 161.405855
96.400536 161.044165
96.038846 160.682475
95.677156 160.320785
95.677156 159.959095
95.315466 159.597405
95.315466 159.235715
94.953777 158.874025
94.953777 158.150645
94.592087 157.788955
94.592087 157.427266
94.230397 157.065576
94.230397 156.703886
93.868707 156.342196
93.868707 155.980506
93.507017 155.618816
93.507017 155.257126
93.507017 154.895436
93.145327 154.533746
93.145327 154.172056
92.783637 153.810366
92.783637 153.448676
92.783637 153.086986
92.421947 152.725296
92.421947 152.363606
92.421947 152.001916
92.060257 151.278536
92.060257 150.916846
92.060257 150.555156
91.698567 150.193466
91.698567 149.831776
91.698567 149.470086
91.698567 149.108396
91.336877 148.746706
91.336877 148.385016
91.336877 148.023326
90.975187 147.661636
90.975187 147.299946
90.975187 146.938256
90.975187 146.576566
90.613497 146.214876
90.613497 145.853186
90.613497 145.491496
90.613497 144.768116
90.251807 144.406426
90.251807 144.044736
90.251807 143.683046
90.251807 143.321356
89.890117 142.959666
89.890117 142.597976
89.890117 142.236287
89.890117 141.874597
89.528427 141.512907
89.528427 141.151217
89.528427 140.789527
89.528427 140.427837
89.166737 140.066147
89.166737 139.704457
89.166737 139.342767
89.166737 138.619387
88.805047 138.257697
88.805047 137.896007
88.805047 137.534317
88.805047 137.172627
88.443357 136.810937
88.443357 136.449247
88.443357 136.087557
88.443357 135.725867
88.081667 135.364177
88.081667 135.002487
88.081667 134.640797
88.081667 134.279107
87.719977 133.917417
87.719977 133.555727
87.719977 132.832347
87.719977 132.470657
87.358287 132.108967
87.358287 131.747277
87.358287 131.385587
87.358287 131.023897
86.996597 130.662207
86.996597 130.300517
86.996597 129.938827
86.996597 129.577137
86.634907 129.215447
86.634907 128.853757
86.634907 128.492067
86.634907 127.768687
86.634907 127.406997
86.273217 127.045308
86.273217 126.683618
86.273217 126.321928
86.273217 125.960238
86.273217 125.598548
86.273217 125.236858
86.273217 124.875168
85.911527 124.513478
85.911527 124.151788
85.911527 123.790098
85.911527 123.428408
85.911527 123.066718
85.911527 122.705028
85.911527 122.343338
85.911527 121.981648
85.911527 121.619958
85.911527 121.258268
85.911527 120.896578
85.911527 120.534888
85.911527 120.173198
85.911527 119.811508
85.911527 119.088128
85.911527 118.726438
85.911527 118.364748
85.911527 118.003058
86.273217 117.641368
86.273217 117.279678
86.273217 116.917988
86.273217 116.556298
85.911527 116.194608
85.911527 115.832918
85.911527 115.471228
85.549837 115.109538
85.911527 114.747848
85.911527 114.386158
86.273217 114.024468
86.634907 113.662778
86.634907 113.301088
86.996597 112.939398
86.996597 112.577708
87.358287 112.216018
87.358287 111.854328
87.358287 111.492639
87.719977 111.130949
87.719977 110.769259
88.081667 110.407569
88.081667 110.045879
88.081667 109.684189
88.443357 109.322499
88.443357 108.960809
88.443357 108.599119
88.805047 108.237429
88.805047 107.875739
88.805047 107.514049
88.805047 107.152359
89.166737 106.790669
89.166737 106.428979
89.166737 106.067289
89.166737 105.705599
89.166737 105.343909
89.528427 104.982219
89.890117 104.620529
90.251807 104.258839
90.613497 104.258839
90.975187 104.258839
91.336877 104.258839
91.698567 104.258839
92.060257 104.258839
92.421947 104.258839
92.783637 104.258839
93.145327 104.258839
93.507017 104.258839
93.868707 104.258839
94.230397 104.258839
94.230397 104.620529
94.592087 104.620529
94.953777 104.620529
95.315466 104.620529
95.315466 104.982219
95.677156 104.982219
96.038846 105.343909
96.400536 105.705599
96.762226 106.067289
97.123916 106.067289
97.123916 106.428979
97.485606 106.790669
97.485606 107.152359
97.485606 107.514049
97.485606 107.875739
97.485606 108.237429
97.485606 108.599119
97.485606 108.960809
97.485606 109.322499
97.485606 109.684189
97.485606 110.045879
97.485606 110.407569
97.485606 110.769259
97.485606 111.130949
