104.360071 80.334914
104.893950 80.334914
104.893950 80.868793
105.427829 81.402672
105.427829 81.936551
105.427829 82.470429
105.961708 83.004308
105.961708 83.538187
105.427829 84.072066
105.427829 84.605945
104.893950 85.139823
104.893950 85.673702
104.360071 86.207581
104.360071 86.741460
104.360071 87.275339
103.826192 87.809217
103.826192 88.343096
103.826192 88.876975
103.292314 89.410854
103.292314 89.944732
103.292314 90.478611
102.758435 91.012490
102.758435 91.546369
102.758435 92.080248
102.758435 92.614126
102.224556 93.148005
102.224556 93.681884
102.224556 94.215763
102.224556 94.749642
102.224556 95.283520
102.224556 95.817399
102.224556 96.351278
101.690677 96.885157
101.690677 97.419035
101.690677 97.952914
101.690677 98.486793
101.690677 99.020672
101.690677 99.554551
101.690677 100.088429
101.690677 100.622308
101.690677 101.156187
101.690677 101.690066
101.690677 102.223944
101.690677 102.757823
101.690677 103.291702
101.690677 103.825581
101.156799 104.359460
101.156799 104.893338
101.156799 105.427217
101.156799 105.961096
101.156799 106.494975
101.156799 107.028854
101.156799 107.562732
101.156799 108.096611
101.156799 108.630490
101.156799 109.164369
101.156799 109.698247
101.156799 110.232126
101.156799 110.766005
101.156799 111.299884
101.156799 111.833763
101.156799 112.367641
101.156799 112.901520
101.156799 113.435399
101.156799 113.969278
101.156799 114.503156
101.690677 114.503156
101.690677 115.037035
101.690677 115.570914
101.690677 116.104793
101.690677 116.638672
101.690677 117.172550
101.690677 117.706429
101.690677 118.240308
102.224556 118.240308
102.224556 118.774187
102.224556 119.308066
102.224556 119.841944
102.224556 120.375823
102.758435 120.375823
102.758435 120.909702
102.758435 121.443581
102.758435 121.977459
103.292314 121.977459
103.292314 122.511338
103.292314 123.045217
103.826192 123.579096
103.826192 124.112975
103.826192 124.646853
103.826192 125.180732
104.360071 125.180732
104.360071 125.714611
104.360071 126.248490
104.893950 126.248490
104.893950 126.782369
104.893950 127.316247
105.427829 127.316247
105.427829 127.850126
105.427829 128.384005
105.961708 128.384005
105.961708 128.917884
106.495586 128.917884
106.495586 129.451762
107.029465 129.985641
107.029465 130.519520
107.563344 131.053399
107.563344 131.587278
108.097223 131.587278
108.097223 132.121156
108.631102 132.121156
108.631102 132.655035
109.164980 133.188914
109.698859 133.722793
110.232738 134.256671
110.766617 134.790550
111.300495 135.324429
111.834374 135.858308
112.368253 136.392187
112.902132 136.926065
113.436011 137.459944
113.969889 137.993823
114.503768 138.527702
115.037647 139.061581
115.571526 139.061581
116.105404 139.595459
116.639283 140.129338
117.173162 140.663217
117.707041 140.663217
118.240920 141.197096
118.774798 141.197096
119.308677 141.730974
119.842556 142.264853
120.376435 142.264853
120.910314 142.798732
121.444192 142.798732
121.978071 143.332611
121.978071 143.866490
122.511950 144.400368
123.045829 144.934247
123.045829 145.468126
123.579707 145.468126
124.113586 146.002005
124.647465 146.002005
125.181344 146.535884
125.715223 147.069762
126.249101 147.603641
126.782980 147.603641
127.316859 148.137520
127.850738 148.137520
128.384616 148.671399
128.918495 149.205277
129.452374 149.205277
129.986253 149.205277
130.520132 149.739156
131.054010 149.739156
131.587889 149.739156
132.121768 150.273035
132.655647 150.273035
133.189526 150.273035
133.723404 150.273035
134.257283 150.806914
134.791162 151.340793
134.791162 151.874671
135.325041 152.408550
135.325041 153.476308
135.858919 154.010186
135.325041 154.544065
135.325041 155.077944
134.791162 155.611823
134.791162 156.145702
134.257283 156.679580
134.257283 157.747338
133.723404 158.281217
133.723404 158.815096
133.723404 159.348974
133.189526 159.882853
133.189526 160.416732
132.655647 160.950611
132.655647 161.484489
132.121768 162.018368
132.121768 162.552247
131.587889 163.086126
131.587889 164.153883
131.054010 164.687762
131.054010 165.221641
130.520132 165.755520
130.520132 166.289398
129.986253 166.823277
129.452374 167.357156
128.918495 167.891035
128.384616 168.424914
127.850738 168.424914
127.316859 168.958792
126.782980 169.492671
125.715223 169.492671
125.181344 170.026550
124.647465 170.560429
124.113586 170.560429
123.579707 171.094308
122.511950 171.628186
121.978071 171.628186
121.444192 172.162065
120.910314 172.695944
120.376435 173.229823
119.842556 173.229823
118.774798 173.763701
118.240920 173.763701
117.707041 174.297580
117.173162 174.297580
116.639283 174.297580
116.105404 174.297580
115.571526 174.297580
115.037647 174.831459
114.503768 174.831459
113.969889 174.831459
113.436011 174.831459
112.902132 174.831459
112.368253 175.365338
111.834374 175.365338
111.300495 175.365338
110.766617 175.365338
110.232738 175.365338
109.164980 175.365338
108.631102 175.899217
108.097223 175.899217
107.563344 175.899217
107.029465 175.899217
106.495586 175.899217
105.961708 175.899217
105.427829 175.899217
104.893950 175.899217
104.360071 175.899217
103.826192 175.899217
103.292314 175.899217
102.758435 175.899217
102.224556 175.365338
101.690677 175.365338
101.156799 175.365338
100.622920 174.831459
100.089041 174.831459
99.555162 174.831459
98.487405 174.297580
97.953526 174.297580
97.419647 174.297580
96.885768 173.763701
96.351889 173.763701
95.818011 173.229823
95.284132 173.229823
94.750253 173.229823
94.216374 172.695944
93.682496 172.162065
93.148617 172.162065
92.614738 171.628186
92.080859 171.094308
91.546980 171.094308
91.013102 170.560429
90.479223 170.560429
89.945344 170.026550
89.411465 169.492671
88.877587 168.958792
88.343708 168.958792
87.275950 168.424914
86.742071 167.891035
86.208193 167.357156
85.674314 166.823277
85.140435 166.823277
84.606556 166.289398
84.072677 165.755520
83.538799 165.221641
83.004920 164.687762
83.004920 164.153883
82.471041 163.620005
82.471041 163.086126
82.471041 162.552247
81.937162 161.484489
81.937162 160.950611
81.937162 160.416732
81.403284 159.882853
81.403284 159.348974
81.403284 158.815096
80.869405 158.281217
80.869405 157.213459
80.335526 156.679580
80.335526 156.145702
80.335526 155.611823
80.335526 155.077944
80.335526 154.544065
80.335526 154.010186
80.335526 153.476308
80.335526 152.942429
80.335526 152.408550
80.335526 151.874671
80.335526 151.340793
80.335526 150.806914
80.335526 150.273035
80.335526 149.739156
80.335526 149.205277
80.335526 148.671399
80.335526 148.137520
80.335526 147.603641
80.335526 147.069762
80.335526 146.002005
80.335526 145.468126
80.335526 144.934247
80.335526 144.400368
80.335526 143.866490
80.335526 143.332611
80.335526 142.798732
80.335526 142.264853
80.335526 141.730974
80.335526 141.197096
80.335526 140.663217
80.335526 140.129338
80.335526 139.595459
80.335526 139.061581
80.335526 137.993823
80.335526 137.459944
80.335526 136.926065
80.335526 136.392187
80.335526 135.858308
80.335526 135.324429
80.335526 134.790550
79.801647 134.256671
79.801647 133.722793
79.801647 133.188914
79.801647 132.655035
79.801647 132.121156
79.801647 131.053399
79.801647 130.519520
79.801647 129.985641
79.267768 129.451762
79.267768 128.917884
79.267768 128.384005
79.267768 127.850126
78.733890 127.316247
78.733890 126.782369
78.733890 126.248490
78.200011 125.714611
78.200011 125.180732
77.666132 124.112975
77.666132 123.579096
77.666132 123.045217
77.132253 122.511338
77.132253 121.977459
77.132253 121.443581
77.132253 120.909702
77.132253 120.375823
77.132253 119.841944
77.132253 119.308066
77.132253 118.240308
77.132253 117.706429
77.132253 117.172550
77.132253 116.638672
77.132253 116.104793
77.132253 115.570914
77.132253 115.037035
77.132253 114.503156
77.132253 113.969278
77.132253 113.435399
77.132253 112.901520
77.132253 112.367641
77.132253 111.833763
77.132253 111.299884
77.132253 110.766005
77.132253 110.232126
77.132253 109.698247
77.132253 109.164369
77.132253 108.630490
77.132253 108.096611
77.132253 107.562732
77.132253 107.028854
77.132253 106.494975
77.132253 105.427217
77.132253 104.893338
77.132253 104.359460
77.132253 103.825581
77.132253 103.291702
77.132253 102.757823
77.132253 102.223944
77.132253 101.690066
77.132253 101.156187
77.132253 100.622308
77.132253 100.088429
77.666132 99.554551
77.666132 98.486793
77.666132 97.952914
77.666132 97.419035
77.666132 96.885157
77.666132 96.351278
77.666132 95.817399
77.666132 95.283520
78.200011 94.749642
78.200011 94.215763
78.200011 93.681884
78.733890 93.148005
78.733890 92.614126
79.267768 92.080248
79.267768 91.546369
79.801647 91.012490
79.801647 90.478611
80.335526 89.944732
80.335526 89.410854
80.869405 88.876975
80.869405 88.343096
81.403284 87.275339
82.471041 86.741460
83.004920 86.207581
83.538799 85.673702
84.072677 85.673702
84.606556 85.139823
85.140435 84.605945
85.674314 84.072066
86.208193 84.072066
86.742071 83.538187
87.275950 83.004308
87.809829 82.470429
88.343708 82.470429
88.877587 81.936551
89.411465 81.402672
89.945344 81.402672
90.479223 80.868793
91.013102 80.334914
91.546980 80.334914
92.080859 79.801036
92.614738 79.267157
93.148617 78.733278
93.682496 78.199399
94.216374 77.665520
94.750253 77.665520
95.284132 77.131642
95.818011 77.131642
96.351889 76.597763
96.885768 76.597763
97.419647 76.597763
97.953526 76.597763
97.953526 77.131642
98.487405 77.131642
99.021283 77.131642
99.555162 77.665520
100.089041 77.665520
100.622920 78.199399
101.156799 78.733278
101.690677 78.733278
101.690677 79.267157
102.224556 79.267157
102.758435 79.267157
103.292314 79.801036
103.826192 79.801036
103.826192 80.334914
104.360071 80.334914
