99.326348 120.625688
99.635229 120.934568
100.252989 121.243448
100.561869 121.552329
101.179630 121.861209
101.488510 122.170089
101.797390 122.478969
102.415150 122.787849
102.724031 123.096730
103.341791 123.405610
103.650671 123.714490
103.650671 124.023370
103.650671 124.332250
103.650671 124.641131
103.650671 124.950011
103.650671 124.641131
103.650671 124.950011
103.959551 124.950011
103.650671 124.950011
103.959551 124.950011
103.650671 124.641131
103.650671 124.332250
103.650671 124.641131
103.959551 124.950011
103.650671 124.641131
103.650671 124.332250
103.650671 124.641131
103.959551 124.950011
103.959551 125.258891
103.959551 124.950011
103.650671 124.641131
103.650671 124.332250
103.650671 124.641131
103.959551 124.950011
103.959551 125.258891
103.959551 124.950011
103.959551 125.258891
103.959551 125.567771
103.959551 125.258891
103.959551 124.950011
103.959551 125.258891
103.959551 125.567771
104.268432 125.876651
104.268432 126.185532
104.577312 126.494412
104.577312 126.803292
104.577312 127.112172
104.577312 127.421052
104.886192 127.421052
104.886192 127.729933
105.195072 128.038813
105.195072 128.347693
105.195072 128.656573
105.503952 128.656573
105.812833 128.965453
105.812833 129.274334
105.812833 129.583214
106.121713 129.583214
106.121713 129.892094
106.430593 130.200974
106.430593 130.509854
106.739473 130.509854
107.048353 130.818735
107.048353 131.127615
107.048353 130.818735
106.739473 130.509854
106.739473 130.818735
107.048353 130.818735
107.048353 131.127615
107.048353 130.818735
106.739473 130.509854
106.739473 130.818735
107.048353 130.818735
107.048353 131.127615
107.357234 131.436495
107.666114 131.745375
107.974994 132.054255
108.283874 132.363136
108.592754 132.672016
108.901635 132.980896
108.901635 133.289776
109.210515 133.289776
109.519395 133.598656
109.828275 133.907537
110.137155 134.216417
110.446036 134.525297
110.754916 134.525297
110.446036 134.525297
110.137155 134.216417
109.828275 133.907537
109.519395 133.907537
109.519395 133.598656
109.210515 133.289776
108.901635 133.289776
108.901635 132.980896
108.592754 132.672016
108.283874 132.672016
108.283874 132.363136
107.974994 132.054255
107.666114 131.745375
107.974994 132.054255
108.283874 132.363136
108.592754 132.672016
108.592754 132.980896
108.901635 132.980896
109.210515 133.289776
109.519395 133.598656
109.519395 133.907537
109.828275 133.907537
110.137155 134.216417
110.446036 134.525297
110.754916 134.525297
110.754916 134.834177
111.063796 134.834177
111.063796 135.143057
111.372676 135.143057
111.681556 135.451938
111.990437 135.760818
111.990437 136.069698
112.299317 136.069698
112.608197 136.378578
112.608197 136.687458
112.917077 136.996338
112.917077 137.305219
113.225957 137.305219
113.534837 137.614099
113.534837 137.922979
113.843718 137.922979
114.152598 138.231859
114.461478 138.540739
114.461478 138.849620
114.770358 138.849620
115.079238 139.158500
115.388119 139.467380
115.696999 139.776260
116.005879 140.085140
116.314759 140.085140
116.623639 140.394021
116.932520 140.702901
117.241400 141.011781
117.550280 141.320661
117.859160 141.320661
118.168040 141.629541
118.476921 141.938422
118.785801 141.938422
118.476921 141.938422
118.785801 141.938422
119.094681 142.247302
119.403561 142.556182
119.712441 142.556182
119.403561 142.556182
119.712441 142.556182
120.021322 142.865062
120.330202 142.865062
120.639082 143.173942
120.947962 143.482823
121.256842 143.482823
121.565723 143.791703
121.874603 143.791703
122.183483 144.100583
122.492363 144.100583
122.801243 144.409463
123.110124 144.409463
123.419004 144.409463
123.727884 144.718343
124.036764 144.718343
124.345644 145.027224
124.654525 145.027224
124.963405 145.027224
125.272285 145.336104
125.581165 145.336104
125.890045 145.336104
126.198926 145.644984
126.507806 145.644984
126.816686 145.644984
127.125566 145.953864
127.434446 145.953864
127.743327 145.953864
128.052207 145.953864
128.361087 146.262744
128.669967 146.262744
128.978847 146.262744
129.287728 146.262744
129.596608 146.262744
129.905488 146.262744
130.214368 146.571625
130.523248 146.571625
130.832129 146.571625
131.141009 146.571625
131.449889 146.571625
131.758769 146.571625
132.067649 146.571625
132.376530 146.571625
132.685410 146.880505
132.994290 146.880505
133.303170 146.880505
133.612050 146.880505
133.920931 146.880505
134.229811 146.880505
134.538691 146.880505
134.847571 146.880505
135.156451 146.880505
135.465332 146.880505
135.774212 146.880505
136.083092 146.880505
136.391972 146.880505
136.700852 146.880505
137.318613 147.189385
137.627493 147.498265
138.245253 147.807145
138.554133 148.116026
139.171894 148.424906
139.480774 148.733786
140.098534 149.042666
140.407415 149.351546
141.025175 149.660427
141.334055 149.969307
141.642935 150.278187
141.642935 150.587067
141.642935 150.895947
141.642935 151.204828
141.642935 151.513708
141.334055 152.131468
141.334055 152.440348
141.334055 152.749229
141.334055 153.058109
141.334055 153.366989
141.025175 153.675869
141.025175 154.293630
141.025175 154.602510
141.025175 154.911390
140.716295 155.220270
140.716295 155.529150
140.716295 156.146911
140.716295 156.455791
140.407415 156.764671
140.098534 157.073551
139.789654 157.382432
139.789654 157.691312
139.480774 158.000192
139.171894 158.309072
138.863014 158.617952
138.863014 158.926833
138.554133 159.235713
138.245253 159.544593
137.936373 159.853473
137.627493 160.162353
137.318613 160.471234
137.009733 160.780114
137.009733 161.088994
136.700852 161.397874
136.391972 161.706754
136.083092 162.015634
135.774212 162.324515
135.465332 162.633395
135.156451 162.633395
134.847571 162.942275
134.538691 163.251155
134.229811 163.560035
133.920931 163.560035
133.612050 163.868916
133.303170 164.177796
132.994290 164.177796
132.685410 164.177796
132.376530 164.486676
132.067649 164.486676
131.758769 164.486676
131.449889 164.795556
130.832129 164.795556
130.523248 164.795556
130.214368 165.104436
129.905488 165.104436
129.596608 165.104436
129.287728 165.413317
128.978847 165.413317
128.669967 165.413317
128.361087 165.413317
128.052207 165.413317
127.743327 165.722197
127.434446 165.722197
126.816686 165.722197
126.507806 165.722197
126.198926 165.722197
125.581165 165.722197
125.272285 165.722197
124.963405 165.722197
124.654525 165.722197
124.036764 165.722197
123.727884 165.722197
123.419004 165.722197
122.801243 165.722197
122.492363 165.722197
122.183483 165.722197
121.874603 165.722197
121.256842 165.722197
120.947962 165.722197
120.639082 165.722197
120.021322 165.722197
119.712441 165.722197
119.403561 165.722197
119.094681 165.722197
118.476921 165.722197
118.168040 165.722197
117.859160 165.722197
117.550280 165.722197
117.241400 165.413317
116.623639 165.413317
116.314759 165.104436
116.005879 165.104436
115.696999 165.104436
115.388119 164.795556
115.079238 164.795556
114.770358 164.486676
114.461478 164.486676
114.152598 164.177796
113.843718 164.177796
113.534837 163.868916
113.225957 163.868916
112.917077 163.560035
112.608197 163.560035
112.299317 163.251155
111.990437 163.251155
111.681556 163.251155
111.372676 163.251155
111.063796 162.942275
110.754916 162.942275
110.446036 162.942275
110.137155 162.942275
109.828275 162.633395
109.519395 162.633395
109.210515 162.324515
108.901635 162.324515
108.592754 162.015634
108.283874 162.015634
107.974994 161.706754
107.666114 161.397874
107.357234 161.397874
107.048353 161.088994
106.739473 160.780114
106.430593 160.780114
106.121713 160.471234
105.812833 160.471234
105.503952 160.162353
105.195072 159.853473
104.886192 159.853473
104.577312 159.544593
104.268432 159.235713
103.959551 159.235713
103.650671 158.926833
103.341791 158.617952
103.032911 158.617952
102.724031 158.309072
102.415150 158.000192
102.106270 157.691312
101.797390 157.691312
101.488510 157.382432
101.179630 157.073551
100.870749 156.764671
100.561869 156.455791
100.252989 156.146911
99.944109 156.146911
99.635229 155.838031
99.326348 155.529150
99.017468 155.220270
98.708588 154.911390
98.399708 154.602510
98.090828 154.293630
97.781947 154.293630
97.473067 153.984749
97.164187 153.675869
96.855307 153.366989
96.855307 153.058109
96.546427 152.749229
96.237546 152.440348
95.928666 152.131468
95.928666 151.822588
95.619786 151.513708
95.619786 150.895947
95.619786 150.587067
95.619786 150.278187
95.310906 149.969307
95.310906 149.660427
95.310906 149.351546
95.310906 149.042666
95.002026 148.733786
95.002026 148.424906
95.002026 148.116026
95.002026 147.807145
94.693145 147.498265
94.693145 147.189385
94.693145 146.571625
94.384265 146.262744
94.384265 145.953864
94.384265 145.644984
94.384265 145.336104
94.384265 145.027224
94.384265 144.718343
94.384265 144.409463
94.384265 144.100583
94.384265 143.791703
94.384265 143.482823
94.384265 143.173942
94.384265 142.865062
94.384265 142.556182
94.384265 142.247302
94.384265 141.938422
94.384265 141.629541
94.384265 141.320661
94.384265 141.011781
94.384265 140.702901
94.384265 140.394021
94.384265 140.085140
94.384265 139.776260
94.384265 139.467380
94.384265 139.158500
94.384265 138.849620
94.075385 138.231859
94.075385 137.922979
94.075385 137.614099
94.075385 137.305219
94.075385 136.996338
94.075385 136.687458
94.075385 136.069698
94.075385 135.760818
94.075385 135.451938
93.766505 135.143057
93.766505 134.834177
93.766505 134.216417
93.766505 133.907537
93.766505 133.598656
93.766505 133.289776
93.766505 132.980896
93.766505 132.672016
93.457625 132.363136
93.457625 131.745375
93.457625 131.436495
93.148744 131.127615
93.148744 130.818735
92.839864 130.509854
92.839864 130.200974
92.530984 129.892094
92.530984 129.583214
92.530984 129.274334
92.530984 128.965453
92.530984 128.656573
92.530984 128.347693
92.530984 128.038813
92.530984 127.729933
92.530984 127.112172
92.530984 126.803292
92.839864 126.494412
92.839864 126.185532
93.148744 125.876651
93.457625 125.567771
93.457625 125.258891
93.766505 124.950011
94.075385 124.641131
94.384265 124.332250
94.384265 124.023370
94.693145 123.714490
95.002026 123.714490
95.002026 123.405610
95.002026 123.096730
95.310906 122.787849
95.310906 122.478969
95.619786 122.170089
95.928666 121.861209
95.928666 121.552329
96.237546 121.243448
96.237546 120.934568
96.546427 120.625688
96.855307 120.625688
97.164187 120.625688
97.473067 120.316808
97.781947 120.316808
98.090828 120.316808
98.399708 120.007928
98.708588 120.316808
99.326348 120.625688
