105.499137 73.429430
105.499137 74.099036
105.499137 74.768643
105.499137 75.438249
105.499137 76.107856
105.499137 76.777463
105.499137 77.447069
105.499137 78.116676
105.499137 78.786283
106.168744 79.455889
106.168744 80.125496
106.168744 80.795103
106.168744 81.464709
106.168744 82.134316
106.168744 82.803923
106.168744 83.473529
106.168744 84.143136
106.168744 84.812742
105.499137 85.482349
105.499137 86.151956
105.499137 86.821562
104.829530 87.491169
104.829530 88.160776
104.829530 88.830382
104.159924 89.499989
104.159924 90.169596
103.490317 90.839202
103.490317 91.508809
103.490317 92.178415
102.820710 92.848022
102.820710 93.517629
102.820710 94.187235
102.820710 94.856842
102.151104 95.526449
102.151104 96.196055
102.151104 96.865662
102.151104 97.535269
102.151104 98.204875
102.151104 98.874482
102.151104 99.544089
102.151104 100.213695
102.151104 100.883302
102.151104 101.552908
102.151104 102.222515
102.151104 101.552908
102.151104 102.222515
102.151104 102.892122
102.151104 103.561728
102.151104 104.231335
102.151104 104.900942
102.151104 105.570548
102.151104 106.240155
102.151104 106.909762
102.151104 107.579368
102.151104 108.248975
102.151104 108.918581
102.151104 109.588188
102.820710 110.257795
102.820710 110.927401
102.820710 111.597008
102.820710 112.266615
103.490317 112.936221
103.490317 113.605828
103.490317 114.275435
104.159924 114.945041
104.159924 115.614648
104.159924 116.284255
104.829530 116.284255
104.829530 116.953861
104.829530 117.623468
105.499137 117.623468
105.499137 118.293074
106.168744 118.962681
106.168744 119.632288
106.838350 120.301894
107.507957 120.971501
107.507957 121.641108
107.507957 122.310714
108.177564 122.310714
108.847170 122.980321
108.847170 123.649928
109.516777 123.649928
109.516777 124.319534
109.516777 124.989141
110.186383 124.989141
110.855990 125.658747
110.855990 126.328354
111.525597 126.328354
112.195203 126.997961
112.864810 127.667567
113.534417 128.337174
114.204023 129.006781
114.873630 129.676387
115.543237 130.345994
116.212843 130.345994
116.882450 131.015601
116.882450 131.685207
117.552057 131.685207
117.552057 132.354814
118.221663 132.354814
118.891270 132.354814
119.560876 133.024421
119.560876 133.694027
120.230483 133.694027
120.230483 134.363634
120.900090 135.033240
121.569696 135.702847
122.239303 136.372454
122.239303 137.042060
122.908910 137.042060
123.578516 137.711667
124.248123 138.381274
124.917730 139.050880
125.587336 139.720487
126.256943 139.720487
126.926549 140.390094
127.596156 141.059700
128.265763 141.729307
128.935369 141.729307
129.604976 142.398913
130.274583 142.398913
130.944189 143.068520
131.613796 143.068520
132.283403 143.738127
132.953009 143.738127
133.622616 144.407733
134.292223 144.407733
134.961829 145.077340
135.631436 145.077340
136.301042 145.077340
136.970649 145.746947
137.640256 145.746947
138.309862 145.746947
138.979469 145.746947
139.649076 146.416553
140.318682 146.416553
140.988289 146.416553
141.657896 146.416553
142.327502 146.416553
142.327502 147.086160
142.997109 147.755767
142.997109 148.425373
143.666715 149.094980
143.666715 149.764587
144.336322 150.434193
144.336322 151.103800
145.005929 151.773406
145.005929 152.443013
145.675535 153.112620
145.675535 153.782226
145.675535 154.451833
145.675535 155.121440
145.675535 155.791046
145.675535 157.130260
145.675535 157.799866
146.345142 158.469473
146.345142 159.139079
146.345142 159.808686
146.345142 160.478293
146.345142 161.147899
146.345142 161.817506
146.345142 162.487113
146.345142 163.156719
145.675535 163.826326
145.005929 164.495933
145.005929 165.165539
144.336322 166.504753
144.336322 167.174359
143.666715 167.843966
142.997109 168.513572
142.327502 169.183179
141.657896 169.852786
140.988289 170.522392
140.988289 171.191999
140.318682 171.861606
139.649076 172.531212
138.979469 173.870426
138.309862 174.540032
137.640256 175.209639
136.970649 175.879245
136.970649 176.548852
136.301042 177.218459
135.631436 177.888065
134.961829 178.557672
134.292223 178.557672
133.622616 179.227279
132.953009 179.227279
132.283403 179.896885
131.613796 180.566492
130.274583 181.236099
129.604976 181.236099
128.935369 181.905705
128.265763 182.575312
127.596156 183.244919
126.926549 183.914525
126.256943 184.584132
125.587336 185.253738
124.917730 185.923345
124.248123 186.592952
123.578516 186.592952
122.239303 187.262558
121.569696 187.932165
120.900090 188.601772
120.230483 189.271378
119.560876 189.940985
118.891270 190.610592
118.221663 190.610592
117.552057 191.280198
116.882450 191.949805
116.212843 192.619411
114.873630 192.619411
114.204023 192.619411
113.534417 193.289018
112.864810 193.289018
112.195203 193.289018
111.525597 193.289018
110.855990 193.289018
110.186383 193.289018
109.516777 193.289018
108.177564 193.289018
107.507957 193.958625
106.838350 193.958625
106.168744 193.958625
105.499137 193.958625
104.829530 193.958625
104.159924 193.958625
103.490317 193.958625
102.820710 193.958625
101.481497 194.628231
100.811891 194.628231
100.142284 194.628231
99.472677 194.628231
98.803071 194.628231
98.133464 194.628231
97.463857 194.628231
96.794251 194.628231
96.124644 194.628231
95.455037 194.628231
94.785431 194.628231
94.115824 194.628231
93.446217 193.958625
92.107004 193.958625
91.437398 193.958625
90.767791 193.958625
90.098184 193.289018
89.428578 192.619411
88.758971 192.619411
88.089364 191.949805
87.419758 191.280198
86.750151 190.610592
86.080544 189.940985
85.410938 189.271378
84.741331 188.601772
84.071725 187.932165
83.402118 187.262558
82.732511 186.592952
82.062905 185.923345
80.723691 185.253738
80.054085 184.584132
79.384478 183.914525
78.714871 183.244919
78.045265 182.575312
78.045265 181.905705
77.375658 181.236099
76.706051 179.896885
76.036445 179.227279
76.036445 178.557672
75.366838 177.888065
74.697232 177.218459
74.027625 176.548852
74.027625 175.879245
73.358018 175.209639
73.358018 174.540032
73.358018 173.870426
72.688412 173.200819
72.688412 172.531212
72.018805 171.861606
72.018805 171.191999
71.349198 170.522392
71.349198 169.852786
70.679592 168.513572
70.679592 167.843966
70.009985 167.174359
70.009985 166.504753
70.009985 165.835146
69.340378 165.165539
69.340378 164.495933
68.670772 163.826326
68.670772 163.156719
68.001165 162.487113
68.001165 161.817506
67.331559 161.147899
67.331559 160.478293
66.661952 159.808686
66.661952 159.139079
65.992345 158.469473
65.992345 157.799866
65.322739 157.130260
65.322739 156.460653
64.653132 155.791046
64.653132 155.121440
63.983525 154.451833
63.983525 153.782226
63.983525 152.443013
63.313919 151.773406
63.313919 151.103800
63.313919 150.434193
63.313919 149.764587
63.313919 149.094980
63.313919 148.425373
63.313919 147.755767
63.313919 146.416553
62.644312 145.746947
62.644312 145.077340
62.644312 144.407733
62.644312 143.738127
61.974705 143.068520
61.974705 142.398913
61.305099 141.729307
61.305099 141.059700
61.305099 140.390094
60.635492 139.720487
60.635492 139.050880
60.635492 138.381274
60.635492 137.042060
60.635492 136.372454
60.635492 135.702847
60.635492 135.033240
60.635492 134.363634
60.635492 133.694027
60.635492 133.024421
60.635492 132.354814
60.635492 131.685207
60.635492 131.015601
60.635492 130.345994
60.635492 129.676387
60.635492 129.006781
60.635492 127.667567
60.635492 126.997961
60.635492 126.328354
60.635492 125.658747
60.635492 124.989141
60.635492 124.319534
60.635492 123.649928
60.635492 122.980321
60.635492 122.310714
60.635492 121.641108
60.635492 120.971501
60.635492 120.301894
60.635492 119.632288
60.635492 118.962681
60.635492 118.293074
60.635492 117.623468
60.635492 116.953861
60.635492 116.284255
60.635492 115.614648
60.635492 114.945041
60.635492 113.605828
60.635492 112.936221
60.635492 112.266615
60.635492 111.597008
60.635492 110.927401
61.305099 110.257795
61.305099 109.588188
61.305099 108.248975
61.305099 107.579368
61.305099 106.909762
61.305099 106.240155
61.305099 105.570548
61.305099 104.900942
61.974705 103.561728
61.974705 102.892122
61.974705 102.222515
62.644312 101.552908
62.644312 100.883302
62.644312 100.213695
62.644312 99.544089
63.313919 98.874482
63.313919 98.204875
63.313919 97.535269
63.983525 96.865662
63.983525 96.196055
64.653132 95.526449
64.653132 94.856842
65.322739 94.187235
65.322739 93.517629
65.992345 92.848022
65.992345 92.178415
66.661952 91.508809
66.661952 90.839202
67.331559 89.499989
67.331559 88.830382
68.001165 88.160776
68.001165 87.491169
68.670772 86.821562
69.340378 86.151956
69.340378 85.482349
70.009985 84.812742
70.679592 84.812742
71.349198 84.143136
72.018805 84.143136
72.018805 83.473529
72.688412 83.473529
72.688412 82.803923
73.358018 82.803923
74.027625 82.134316
74.697232 81.464709
75.366838 81.464709
75.366838 80.795103
76.036445 80.125496
76.706051 79.455889
77.375658 78.786283
78.045265 78.786283
78.045265 78.116676
78.045265 77.447069
78.714871 76.777463
79.384478 76.107856
80.054085 75.438249
80.054085 74.768643
80.723691 74.099036
80.723691 73.429430
81.393298 72.759823
81.393298 72.090216
82.062905 72.090216
82.732511 71.420610
83.402118 70.751003
84.071725 70.751003
84.741331 70.081396
86.080544 70.081396
86.750151 69.411790
87.419758 69.411790
88.089364 68.742183
88.758971 68.742183
89.428578 68.072576
90.098184 68.072576
90.767791 68.072576
91.437398 68.072576
92.107004 68.072576
92.776611 68.072576
93.446217 68.072576
94.115824 68.072576
94.785431 68.072576
95.455037 68.072576
96.794251 68.072576
97.463857 68.072576
98.133464 68.742183
98.803071 68.742183
99.472677 68.742183
100.142284 69.411790
100.811891 69.411790
101.481497 69.411790
101.481497 70.081396
102.151104 70.081396
102.820710 70.751003
103.490317 71.420610
104.159924 71.420610
104.829530 72.090216
105.499137 72.759823
105.499137 73.429430
