102.403861 81.651668
102.403861 82.288344
102.403861 82.925021
102.403861 83.561697
102.403861 84.198373
102.403861 84.835049
101.767185 85.471725
101.767185 86.108402
101.767185 86.745078
101.130509 87.381754
101.130509 88.018430
101.130509 88.655106
100.493833 89.291783
100.493833 89.928459
99.857157 90.565135
99.857157 91.201811
99.220480 91.838487
99.220480 92.475163
99.220480 93.111840
98.583804 93.748516
98.583804 94.385192
98.583804 95.021868
97.947128 95.658544
97.947128 96.295221
97.947128 96.931897
97.947128 97.568573
97.310452 98.205249
97.310452 98.841925
97.310452 99.478602
97.310452 100.115278
97.310452 100.751954
97.310452 101.388630
97.310452 102.025306
97.310452 102.661982
97.310452 103.298659
97.310452 103.935335
97.310452 104.572011
97.310452 105.208687
97.310452 105.845363
97.310452 106.482040
97.310452 107.118716
97.310452 107.755392
97.310452 108.392068
97.310452 109.028744
97.310452 109.665421
97.947128 110.302097
97.947128 110.938773
97.947128 111.575449
97.947128 112.212125
98.583804 112.848801
98.583804 113.485478
98.583804 114.122154
99.220480 114.758830
99.220480 115.395506
99.220480 116.032182
99.857157 116.668859
99.857157 117.305535
99.857157 117.942211
100.493833 117.942211
100.493833 118.578887
100.493833 119.215563
101.130509 119.215563
101.130509 119.852240
101.767185 120.488916
102.403861 121.125592
102.403861 121.762268
103.040538 122.398944
103.677214 123.035620
104.313890 123.672297
104.313890 124.308973
104.950566 124.308973
104.950566 124.945649
105.587242 125.582325
106.223919 126.219001
106.223919 126.855678
106.860595 126.855678
106.860595 127.492354
107.497271 128.129030
108.133947 128.765706
108.770623 129.402382
109.407299 130.039059
110.043976 130.675735
110.680652 131.312411
111.317328 131.949087
111.954004 132.585763
112.590680 133.222439
113.227357 133.859116
113.864033 134.495792
114.500709 135.132468
115.137385 135.769144
115.774061 136.405820
116.410738 137.042497
117.047414 137.679173
117.684090 138.315849
118.320766 138.952525
118.957442 138.952525
119.594118 139.589201
120.230795 140.225877
120.867471 140.862554
121.504147 140.862554
122.777499 141.499230
123.414176 142.135906
124.050852 142.772582
124.687528 142.772582
125.324204 143.409258
125.960880 144.045935
126.597557 144.045935
127.234233 144.682611
127.870909 145.319287
128.507585 145.319287
129.144261 145.955963
129.780937 146.592639
130.417614 146.592639
131.054290 147.229316
131.690966 147.865992
132.327642 147.865992
132.964318 148.502668
133.600995 149.139344
134.237671 149.776020
134.874347 149.776020
135.511023 150.412696
136.147699 151.049373
136.784376 151.686049
137.421052 152.322725
138.057728 152.959401
138.694404 153.596077
139.331080 154.232754
139.331080 154.869430
139.967756 155.506106
139.967756 156.142782
140.604433 156.779458
140.604433 157.416135
140.604433 158.052811
140.604433 158.689487
140.604433 159.326163
140.604433 159.962839
140.604433 160.599515
140.604433 161.236192
140.604433 161.872868
139.967756 162.509544
139.967756 163.782896
139.967756 164.419573
139.331080 165.056249
139.331080 165.692925
138.694404 166.329601
138.057728 166.966277
138.057728 167.602954
137.421052 168.239630
136.784376 168.876306
136.147699 169.512982
135.511023 170.149658
135.511023 170.786334
134.874347 171.423011
134.237671 172.059687
133.600995 172.696363
132.964318 173.333039
132.327642 173.969715
131.690966 174.606392
131.054290 175.243068
129.780937 175.879744
129.144261 175.879744
128.507585 176.516420
127.870909 177.153096
127.234233 177.789773
126.597557 178.426449
125.960880 179.063125
125.324204 179.063125
124.687528 179.699801
124.050852 180.336477
123.414176 180.973153
122.777499 180.973153
122.140823 181.609830
121.504147 182.246506
120.867471 182.246506
120.230795 182.883182
119.594118 183.519858
118.957442 183.519858
118.320766 184.156534
117.684090 184.793211
117.047414 184.793211
116.410738 185.429887
115.774061 186.066563
115.137385 186.066563
114.500709 186.703239
113.864033 187.339915
113.227357 187.339915
112.590680 187.976592
111.954004 187.976592
110.680652 188.613268
110.043976 188.613268
109.407299 189.249944
108.770623 189.886620
108.133947 189.886620
107.497271 189.886620
106.860595 190.523296
106.223919 190.523296
105.587242 191.159972
104.950566 191.159972
104.313890 191.796649
103.677214 191.796649
103.040538 191.796649
102.403861 191.796649
101.767185 192.433325
101.130509 192.433325
101.130509 191.796649
101.130509 192.433325
101.130509 191.796649
100.493833 191.159972
99.857157 190.523296
99.857157 189.886620
99.220480 189.886620
98.583804 189.886620
97.947128 189.886620
97.310452 189.886620
96.673776 189.886620
96.673776 189.249944
96.037100 189.249944
95.400423 189.249944
94.763747 189.249944
94.127071 188.613268
93.490395 188.613268
92.853719 188.613268
92.217042 188.613268
92.217042 187.976592
91.580366 187.976592
90.943690 187.339915
90.307014 187.339915
89.670338 186.703239
89.033661 186.066563
88.396985 186.066563
88.396985 185.429887
87.760309 185.429887
87.123633 184.793211
86.486957 184.156534
85.850281 183.519858
85.213604 182.883182
85.213604 182.246506
84.576928 181.609830
83.940252 180.973153
83.303576 180.336477
83.303576 179.699801
82.666900 179.063125
82.030223 178.426449
81.393547 177.789773
81.393547 177.153096
80.756871 176.516420
80.120195 175.879744
80.120195 175.243068
79.483519 174.606392
79.483519 173.969715
78.846842 173.333039
78.210166 172.696363
78.210166 172.059687
77.573490 171.423011
77.573490 170.786334
76.936814 170.149658
76.300138 169.512982
75.663462 168.876306
75.663462 168.239630
75.026785 167.602954
75.026785 166.966277
74.390109 166.329601
74.390109 165.692925
73.753433 165.056249
73.753433 164.419573
73.116757 163.782896
73.116757 163.146220
72.480081 162.509544
72.480081 161.872868
71.843404 161.236192
71.843404 160.599515
71.843404 159.962839
71.206728 159.326163
71.206728 158.689487
71.206728 158.052811
71.206728 157.416135
70.570052 156.779458
70.570052 156.142782
70.570052 155.506106
70.570052 154.869430
70.570052 154.232754
70.570052 153.596077
70.570052 152.959401
70.570052 152.322725
70.570052 151.686049
69.933376 151.049373
69.933376 150.412696
69.933376 149.776020
69.933376 149.139344
69.933376 148.502668
69.933376 147.865992
69.296700 147.229316
69.296700 146.592639
68.660023 146.592639
68.660023 145.955963
68.660023 145.319287
68.660023 144.682611
68.660023 144.045935
68.660023 143.409258
68.023347 143.409258
68.023347 142.772582
68.023347 142.135906
68.023347 141.499230
68.023347 140.862554
68.023347 140.225877
68.023347 139.589201
67.386671 139.589201
67.386671 138.952525
67.386671 138.315849
67.386671 137.679173
66.749995 137.042497
66.749995 136.405820
66.113319 135.769144
66.113319 135.132468
66.113319 134.495792
66.113319 133.859116
66.113319 133.222439
66.113319 132.585763
66.113319 131.949087
66.113319 131.312411
66.113319 130.675735
66.113319 130.039059
66.113319 129.402382
66.113319 128.765706
66.113319 128.129030
66.113319 127.492354
65.476643 126.855678
65.476643 126.219001
65.476643 125.582325
65.476643 124.945649
64.839966 124.308973
64.839966 123.672297
64.839966 123.035620
64.839966 122.398944
64.839966 121.762268
64.839966 121.125592
64.839966 120.488916
64.839966 119.852240
64.839966 119.215563
64.839966 118.578887
64.839966 117.942211
64.839966 117.305535
64.839966 116.668859
64.839966 116.032182
64.839966 115.395506
64.839966 114.758830
64.839966 114.122154
64.839966 113.485478
64.839966 112.848801
64.839966 112.212125
64.839966 111.575449
64.839966 110.938773
64.839966 110.302097
64.839966 109.665421
65.476643 109.665421
65.476643 109.028744
65.476643 108.392068
65.476643 107.755392
66.113319 107.118716
66.113319 106.482040
66.113319 105.845363
66.749995 105.208687
66.749995 104.572011
67.386671 103.935335
67.386671 103.298659
68.023347 102.661982
68.023347 102.025306
68.660023 102.025306
68.660023 101.388630
68.660023 100.751954
69.296700 100.115278
69.296700 99.478602
69.933376 98.841925
69.933376 98.205249
69.933376 97.568573
69.933376 96.931897
69.933376 96.295221
69.933376 95.658544
69.933376 95.021868
70.570052 94.385192
70.570052 93.748516
71.206728 93.111840
71.843404 92.475163
71.843404 91.838487
72.480081 91.201811
73.116757 90.565135
73.753433 89.928459
73.753433 89.291783
74.390109 89.291783
74.390109 88.655106
75.026785 88.655106
75.026785 88.018430
75.663462 88.018430
76.300138 87.381754
76.936814 86.745078
77.573490 86.108402
78.210166 86.108402
78.210166 85.471725
78.846842 84.835049
79.483519 84.198373
80.120195 83.561697
80.120195 82.925021
80.756871 82.288344
81.393547 81.651668
81.393547 81.014992
81.393547 81.651668
81.393547 81.014992
82.030223 80.378316
82.030223 79.741640
82.666900 79.104964
82.666900 78.468287
83.303576 78.468287
83.940252 77.831611
84.576928 77.831611
85.213604 77.194935
85.850281 77.194935
86.486957 76.558259
87.123633 76.558259
87.123633 75.921583
87.760309 75.921583
88.396985 75.284906
89.033661 74.648230
89.670338 74.648230
89.670338 74.011554
90.307014 73.374878
90.943690 73.374878
91.580366 73.374878
92.217042 73.374878
92.217042 74.011554
92.853719 74.011554
93.490395 74.011554
94.127071 74.648230
94.763747 74.648230
95.400423 75.284906
96.037100 75.921583
96.673776 76.558259
97.310452 77.194935
97.947128 77.194935
98.583804 77.194935
99.220480 77.194935
99.857157 77.831611
100.493833 78.468287
101.130509 79.104964
101.767185 79.741640
102.403861 80.378316
102.403861 81.014992
102.403861 81.651668
