105.295353 74.442874
105.295353 75.253964
105.295353 76.065053
106.106443 76.065053
106.106443 76.876143
106.106443 77.687233
105.295353 78.498322
105.295353 79.309412
104.484264 80.120501
104.484264 80.931591
103.673174 81.742680
103.673174 82.553770
103.673174 83.364860
102.862084 84.175949
102.862084 84.987039
102.050995 85.798128
102.050995 86.609218
102.050995 87.420307
102.050995 88.231397
101.239905 89.042487
101.239905 89.853576
101.239905 90.664666
101.239905 91.475755
101.239905 92.286845
101.239905 93.097935
101.239905 93.909024
100.428816 94.720114
100.428816 95.531203
100.428816 96.342293
100.428816 97.153382
100.428816 97.964472
100.428816 98.775562
100.428816 99.586651
101.239905 100.397741
101.239905 101.208830
100.428816 101.208830
100.428816 102.019920
100.428816 102.831009
100.428816 103.642099
100.428816 104.453189
101.239905 105.264278
101.239905 106.075368
101.239905 106.886457
101.239905 107.697547
101.239905 108.508636
102.050995 109.319726
102.050995 110.130816
102.050995 110.941905
102.862084 111.752995
102.862084 112.564084
103.673174 113.375174
103.673174 114.186263
104.484264 114.997353
104.484264 115.808443
105.295353 116.619532
105.295353 117.430622
106.106443 118.241711
106.106443 119.052801
106.917532 119.863890
106.917532 120.674980
106.917532 121.486070
107.728622 122.297159
108.539711 123.108249
109.350801 123.919338
110.161891 124.730428
110.972980 125.541517
111.784070 126.352607
111.784070 127.163697
112.595159 127.974786
113.406249 127.974786
114.217338 128.785876
115.028428 128.785876
115.028428 129.596965
115.839518 130.408055
116.650607 131.219144
117.461697 131.219144
118.272786 132.030234
119.083876 132.841324
119.894965 132.841324
120.706055 133.652413
121.517145 133.652413
122.328234 134.463503
123.139324 134.463503
123.950413 135.274592
124.761503 135.274592
125.572592 136.085682
126.383682 136.085682
127.194772 136.085682
128.005861 136.896771
128.816951 136.896771
129.628040 137.707861
130.439130 137.707861
131.250219 138.518951
132.061309 138.518951
133.683488 138.518951
134.494578 139.330040
135.305667 139.330040
136.116757 139.330040
136.927846 140.141130
137.738936 140.141130
138.550026 140.141130
139.361115 140.952219
140.172205 140.952219
140.983294 140.952219
141.794384 140.952219
141.794384 141.763309
142.605473 142.574398
142.605473 143.385488
142.605473 144.196578
142.605473 145.007667
143.416563 145.818757
143.416563 146.629846
143.416563 147.440936
143.416563 148.252025
144.227653 149.063115
144.227653 149.874205
144.227653 150.685294
144.227653 151.496384
145.038742 152.307473
145.038742 153.118563
145.038742 153.929652
145.038742 154.740742
145.038742 155.551832
145.038742 156.362921
145.038742 157.174011
145.038742 157.985100
145.038742 158.796190
145.038742 159.607279
145.038742 160.418369
145.038742 161.229459
145.038742 162.040548
144.227653 162.851638
144.227653 163.662727
144.227653 164.473817
143.416563 165.284906
143.416563 166.095996
143.416563 166.907086
143.416563 167.718175
143.416563 168.529265
143.416563 169.340354
142.605473 170.151444
141.794384 170.151444
140.983294 170.962533
140.172205 171.773623
139.361115 172.584713
138.550026 173.395802
138.550026 174.206892
137.738936 175.017981
136.927846 175.829071
136.116757 176.640160
135.305667 177.451250
134.494578 178.262340
133.683488 179.073429
132.872399 179.884519
132.061309 180.695608
131.250219 180.695608
130.439130 180.695608
129.628040 181.506698
128.816951 182.317787
128.005861 182.317787
127.194772 182.317787
126.383682 183.128877
125.572592 183.939967
124.761503 183.939967
123.950413 183.939967
123.139324 184.751056
122.328234 184.751056
121.517145 185.562146
120.706055 186.373235
119.894965 186.373235
119.083876 187.184325
118.272786 187.995415
117.461697 187.995415
116.650607 187.995415
115.839518 188.806504
115.028428 189.617594
114.217338 189.617594
113.406249 190.428683
112.595159 190.428683
111.784070 191.239773
110.972980 191.239773
110.161891 192.050862
109.350801 192.050862
108.539711 192.050862
106.917532 192.050862
106.106443 192.050862
105.295353 192.050862
104.484264 192.050862
103.673174 192.861952
102.862084 192.861952
102.050995 192.861952
101.239905 192.861952
100.428816 192.861952
99.617726 193.673042
98.806637 193.673042
97.995547 193.673042
97.184457 194.484131
96.373368 194.484131
95.562278 194.484131
94.751189 194.484131
93.940099 194.484131
93.129010 193.673042
92.317920 193.673042
91.506830 192.861952
90.695741 192.861952
89.884651 192.050862
89.073562 192.050862
88.262472 192.050862
87.451382 191.239773
86.640293 191.239773
85.829203 190.428683
85.018114 190.428683
84.207024 189.617594
83.395935 189.617594
82.584845 188.806504
81.773755 188.806504
80.962666 187.995415
80.151576 187.995415
79.340487 187.184325
78.529397 187.184325
77.718308 186.373235
76.907218 185.562146
76.096128 185.562146
75.285039 184.751056
74.473949 183.939967
74.473949 183.128877
74.473949 182.317787
73.662860 181.506698
72.851770 180.695608
72.851770 179.884519
72.040681 179.073429
72.040681 178.262340
71.229591 177.451250
70.418501 176.640160
70.418501 175.829071
69.607412 175.017981
68.796322 174.206892
68.796322 173.395802
68.796322 172.584713
68.796322 171.773623
67.985233 170.962533
67.985233 170.151444
67.985233 169.340354
67.985233 168.529265
67.174143 167.718175
67.174143 166.907086
67.174143 166.095996
66.363054 165.284906
66.363054 164.473817
66.363054 163.662727
66.363054 162.851638
65.551964 162.040548
65.551964 161.229459
65.551964 160.418369
64.740874 159.607279
64.740874 158.796190
64.740874 157.985100
64.740874 157.174011
63.929785 156.362921
63.929785 155.551832
63.929785 154.740742
63.929785 153.929652
63.118695 153.118563
63.118695 152.307473
63.118695 151.496384
63.118695 150.685294
63.118695 149.874205
63.118695 149.063115
63.118695 148.252025
63.118695 147.440936
63.118695 146.629846
63.118695 145.818757
63.118695 145.007667
63.118695 144.196578
63.118695 143.385488
63.118695 142.574398
63.118695 141.763309
63.118695 140.952219
63.118695 140.141130
63.118695 139.330040
63.118695 138.518951
63.118695 137.707861
63.118695 136.896771
63.118695 136.085682
63.118695 135.274592
63.118695 134.463503
63.118695 133.652413
62.307606 132.841324
62.307606 132.030234
62.307606 131.219144
62.307606 130.408055
62.307606 129.596965
62.307606 128.785876
62.307606 127.974786
62.307606 127.163697
62.307606 126.352607
61.496516 125.541517
60.685427 124.730428
60.685427 123.919338
60.685427 123.108249
60.685427 122.297159
59.874337 121.486070
59.874337 120.674980
59.063247 119.863890
59.063247 119.052801
58.252158 118.241711
58.252158 117.430622
58.252158 116.619532
57.441068 115.808443
57.441068 114.997353
56.629979 114.186263
56.629979 113.375174
56.629979 112.564084
55.818889 111.752995
55.818889 110.941905
55.818889 110.130816
55.007800 109.319726
54.196710 108.508636
54.196710 107.697547
54.196710 106.886457
53.385620 106.075368
53.385620 105.264278
53.385620 104.453189
53.385620 103.642099
53.385620 102.831009
53.385620 102.019920
53.385620 101.208830
53.385620 100.397741
53.385620 99.586651
53.385620 98.775562
53.385620 97.964472
53.385620 97.153382
53.385620 96.342293
53.385620 95.531203
53.385620 94.720114
53.385620 93.909024
53.385620 93.097935
53.385620 92.286845
53.385620 91.475755
53.385620 90.664666
53.385620 89.853576
53.385620 88.231397
53.385620 87.420307
53.385620 86.609218
53.385620 85.798128
53.385620 84.987039
53.385620 84.175949
53.385620 83.364860
53.385620 82.553770
53.385620 81.742680
53.385620 80.931591
54.196710 80.120501
54.196710 79.309412
54.196710 78.498322
55.007800 77.687233
55.007800 76.876143
55.007800 76.065053
55.818889 75.253964
56.629979 74.442874
57.441068 73.631785
58.252158 73.631785
59.063247 72.820695
59.063247 72.009606
59.874337 71.198516
60.685427 70.387426
61.496516 70.387426
61.496516 69.576337
62.307606 68.765247
62.307606 67.954158
63.118695 67.143068
63.929785 66.331979
63.929785 65.520889
64.740874 64.709799
64.740874 63.898710
65.551964 63.087620
65.551964 62.276531
66.363054 61.465441
67.174143 61.465441
67.985233 60.654352
68.796322 60.654352
69.607412 59.843262
70.418501 59.843262
71.229591 59.032172
72.040681 59.032172
72.851770 59.032172
73.662860 58.221083
74.473949 58.221083
75.285039 56.598904
76.096128 56.598904
76.907218 55.787814
77.718308 55.787814
78.529397 55.787814
79.340487 55.787814
80.151576 55.787814
80.962666 55.787814
81.773755 55.787814
82.584845 55.787814
83.395935 55.787814
84.207024 55.787814
85.018114 55.787814
85.829203 55.787814
86.640293 55.787814
87.451382 55.787814
88.262472 55.787814
89.073562 55.787814
89.884651 55.787814
90.695741 55.787814
91.506830 56.598904
92.317920 56.598904
93.129010 57.409993
93.940099 57.409993
94.751189 58.221083
95.562278 58.221083
96.373368 58.221083
97.184457 59.032172
97.995547 59.032172
98.806637 59.843262
99.617726 60.654352
100.428816 61.465441
100.428816 62.276531
101.239905 63.087620
101.239905 63.898710
101.239905 64.709799
102.050995 65.520889
102.050995 66.331979
102.050995 67.143068
102.050995 67.954158
102.862084 68.765247
102.862084 69.576337
102.862084 70.387426
103.673174 71.198516
104.484264 72.009606
104.484264 72.820695
104.484264 73.631785
105.295353 73.631785
105.295353 74.442874
