96.777517 97.359827
97.246563 97.828874
97.246563 98.297921
97.246563 98.766967
97.246563 99.236014
97.246563 99.705060
97.246563 100.174107
97.715610 100.643154
97.715610 101.112200
97.715610 100.643154
97.715610 101.112200
97.715610 100.643154
97.715610 101.112200
97.715610 101.581247
97.715610 102.050293
98.184657 102.519340
98.184657 102.988386
98.184657 103.457433
98.184657 103.926480
98.653703 104.395526
98.653703 104.864573
98.653703 105.333619
99.122750 105.802666
99.122750 106.271713
99.122750 106.740759
99.591796 107.209806
99.591796 107.678852
100.060843 108.147899
100.060843 108.616946
100.060843 109.085992
100.529890 109.555039
100.529890 110.024085
100.998936 110.493132
100.998936 110.962179
100.998936 111.431225
101.467983 111.900272
101.467983 112.369318
101.937029 112.838365
101.937029 113.307411
102.406076 113.776458
102.406076 114.245505
102.875123 114.245505
102.875123 114.714551
102.875123 115.183598
103.344169 115.183598
103.344169 115.652644
103.813216 116.121691
103.813216 116.590738
104.282262 117.059784
104.282262 117.528831
104.282262 117.997877
104.751309 117.997877
104.282262 117.528831
104.282262 117.059784
103.813216 116.590738
103.813216 116.121691
103.344169 115.652644
103.344169 115.183598
103.344169 115.652644
103.813216 116.121691
103.813216 116.590738
104.282262 117.059784
104.282262 117.528831
104.751309 117.997877
104.282262 117.528831
104.282262 117.059784
103.813216 117.059784
103.813216 116.590738
103.813216 116.121691
103.344169 115.652644
103.344169 115.183598
103.344169 115.652644
103.813216 116.121691
103.813216 116.590738
103.813216 116.121691
103.344169 115.652644
103.344169 115.183598
103.344169 115.652644
103.813216 116.121691
103.813216 116.590738
103.813216 116.121691
103.344169 115.652644
103.344169 115.183598
103.344169 115.652644
103.813216 116.121691
103.813216 116.590738
103.813216 117.059784
104.282262 117.059784
104.282262 117.528831
104.282262 117.059784
103.813216 117.059784
103.813216 116.590738
103.813216 116.121691
103.344169 115.652644
103.344169 115.183598
103.344169 115.652644
103.813216 116.121691
103.813216 116.590738
103.813216 117.059784
104.282262 117.059784
104.282262 117.528831
104.282262 117.059784
103.813216 117.059784
103.813216 116.590738
103.813216 116.121691
103.344169 115.652644
103.344169 115.183598
102.875123 114.714551
102.875123 114.245505
102.875123 114.714551
103.344169 115.183598
103.344169 115.652644
103.813216 116.121691
103.813216 116.590738
104.282262 117.059784
103.813216 117.059784
103.813216 116.590738
103.813216 116.121691
103.344169 115.652644
103.344169 115.183598
102.875123 114.714551
102.875123 114.245505
102.875123 114.714551
103.344169 115.183598
103.344169 115.652644
103.813216 116.121691
103.813216 116.590738
104.282262 117.059784
104.282262 117.528831
104.751309 117.997877
104.282262 117.528831
104.282262 117.059784
103.813216 116.590738
103.813216 116.121691
103.344169 115.652644
103.344169 115.183598
102.875123 114.714551
102.875123 114.245505
102.875123 114.714551
103.344169 115.183598
103.344169 115.652644
103.813216 116.121691
103.813216 116.590738
104.282262 117.059784
104.282262 117.528831
104.751309 117.997877
104.751309 118.466924
104.751309 118.935971
105.220355 118.935971
104.751309 118.466924
104.751309 117.997877
104.282262 117.528831
104.282262 117.059784
103.813216 116.590738
103.813216 116.121691
103.344169 115.652644
103.344169 115.183598
102.875123 114.714551
102.875123 114.245505
102.875123 114.714551
103.344169 115.183598
103.344169 115.652644
103.344169 116.121691
103.813216 116.590738
104.282262 117.059784
104.282262 117.528831
104.282262 117.997877
104.751309 117.997877
104.751309 118.466924
104.751309 118.935971
105.220355 118.935971
105.220355 119.405017
104.751309 118.935971
104.751309 118.466924
104.751309 117.997877
104.282262 117.528831
104.282262 117.059784
103.813216 116.590738
103.813216 116.121691
103.813216 116.590738
103.813216 116.121691
103.344169 115.652644
103.344169 115.183598
102.875123 114.714551
102.875123 114.245505
102.875123 114.714551
103.344169 115.183598
103.344169 115.652644
103.813216 116.121691
103.813216 116.590738
104.282262 117.059784
104.282262 117.528831
104.282262 117.997877
104.751309 117.997877
104.751309 118.466924
104.751309 118.935971
105.220355 118.935971
105.220355 119.405017
105.220355 119.874064
105.220355 120.343110
105.689402 120.343110
106.158449 120.812157
106.158449 121.281204
106.158449 121.750250
106.627495 121.750250
106.158449 121.281204
106.158449 120.812157
105.689402 120.343110
105.220355 119.874064
105.220355 119.405017
105.220355 118.935971
104.751309 118.466924
104.751309 117.997877
104.282262 117.528831
104.282262 117.059784
103.813216 116.590738
103.813216 116.121691
103.344169 115.652644
103.344169 115.183598
102.875123 114.714551
102.875123 114.245505
102.875123 114.714551
103.344169 115.183598
103.344169 115.652644
103.813216 116.121691
103.813216 116.590738
103.813216 117.059784
104.282262 117.059784
104.282262 117.528831
104.751309 117.997877
104.751309 118.466924
104.751309 118.935971
105.220355 118.935971
105.220355 119.405017
105.220355 119.874064
105.220355 120.343110
105.689402 120.343110
106.158449 120.812157
106.158449 121.281204
106.627495 121.750250
106.627495 122.219297
107.096542 122.688343
106.627495 122.219297
106.627495 121.750250
106.158449 121.281204
106.158449 120.812157
105.689402 120.343110
105.220355 119.874064
105.220355 119.405017
105.220355 118.935971
104.751309 118.466924
104.751309 117.997877
104.282262 117.528831
104.282262 117.059784
103.813216 116.590738
103.813216 116.121691
103.344169 115.652644
103.344169 115.183598
102.875123 114.714551
102.875123 114.245505
102.875123 114.714551
103.344169 115.183598
103.344169 115.652644
103.344169 116.121691
103.813216 116.121691
103.813216 116.590738
104.282262 117.059784
104.282262 117.528831
104.751309 117.997877
104.751309 118.466924
105.220355 118.935971
105.220355 119.405017
105.220355 119.874064
105.220355 120.343110
105.689402 120.343110
106.158449 120.812157
106.158449 121.281204
106.627495 121.750250
106.158449 121.281204
106.158449 120.812157
105.689402 120.343110
105.220355 119.874064
105.220355 119.405017
105.220355 118.935971
104.751309 118.466924
104.751309 117.997877
104.282262 117.528831
104.282262 117.059784
103.813216 116.590738
103.813216 116.121691
103.344169 115.652644
103.344169 115.183598
102.875123 114.714551
102.875123 114.245505
102.875123 114.714551
103.344169 115.183598
103.344169 115.652644
103.344169 116.121691
103.813216 116.121691
103.813216 116.590738
104.282262 117.059784
104.282262 117.528831
104.751309 117.997877
104.751309 118.466924
105.220355 118.935971
105.220355 119.405017
105.220355 119.874064
105.689402 120.343110
105.689402 120.812157
106.158449 120.812157
106.158449 121.281204
106.627495 121.750250
106.627495 122.219297
107.096542 122.688343
106.627495 122.219297
106.627495 121.750250
106.158449 121.281204
106.158449 120.812157
105.689402 120.343110
105.220355 119.874064
105.220355 119.405017
105.220355 118.935971
104.751309 118.466924
104.751309 117.997877
104.282262 117.528831
104.282262 117.059784
103.813216 116.590738
103.813216 116.121691
103.344169 115.652644
103.344169 115.183598
102.875123 114.714551
102.875123 114.245505
102.875123 114.714551
103.344169 115.183598
103.344169 115.652644
103.813216 116.121691
103.813216 116.590738
104.282262 117.059784
104.282262 117.528831
104.751309 117.997877
104.751309 118.466924
105.220355 118.935971
105.220355 119.405017
105.220355 119.874064
105.220355 120.343110
105.689402 120.343110
106.158449 120.812157
106.158449 121.281204
106.158449 121.750250
106.627495 121.750250
106.627495 122.219297
107.096542 122.688343
106.627495 122.219297
106.627495 121.750250
106.158449 121.281204
106.158449 120.812157
105.689402 120.343110
105.220355 119.874064
105.220355 119.405017
105.220355 118.935971
104.751309 118.466924
104.751309 117.997877
104.282262 117.528831
104.282262 117.059784
103.813216 116.590738
103.813216 116.121691
103.344169 115.652644
103.344169 115.183598
102.875123 114.714551
102.875123 114.245505
102.406076 113.776458
101.937029 113.307411
101.937029 112.838365
101.937029 113.307411
101.937029 113.776458
102.406076 113.776458
102.406076 114.245505
102.875123 114.245505
102.875123 114.714551
103.344169 115.183598
103.344169 115.652644
103.813216 116.121691
103.813216 116.590738
104.282262 117.059784
104.282262 117.528831
104.751309 117.997877
104.751309 118.466924
105.220355 118.935971
105.220355 119.405017
105.220355 119.874064
105.220355 120.343110
105.689402 120.343110
106.158449 120.812157
106.158449 121.281204
106.158449 121.750250
106.627495 121.750250
106.158449 121.281204
106.158449 120.812157
105.689402 120.343110
105.220355 119.874064
105.220355 119.405017
105.220355 118.935971
104.751309 118.466924
104.751309 117.997877
104.282262 117.528831
104.282262 117.059784
103.813216 116.590738
103.813216 116.121691
103.344169 115.652644
103.344169 115.183598
102.875123 114.714551
102.875123 114.245505
102.406076 113.776458
101.937029 113.307411
101.937029 112.838365
101.937029 113.307411
101.937029 113.776458
102.406076 113.776458
102.406076 114.245505
102.875123 114.245505
102.875123 114.714551
103.344169 115.183598
103.344169 115.652644
103.813216 116.121691
103.813216 116.590738
104.282262 117.059784
104.282262 117.528831
104.751309 117.997877
104.751309 118.466924
105.220355 118.935971
105.220355 119.405017
105.220355 119.874064
105.220355 120.343110
105.689402 120.343110
106.158449 120.812157
106.158449 121.281204
106.158449 121.750250
106.627495 121.750250
106.158449 121.281204
106.158449 120.812157
105.689402 120.343110
105.220355 119.874064
105.220355 119.405017
105.220355 118.935971
104.751309 118.466924
104.751309 117.997877
104.282262 117.528831
104.282262 117.059784
103.813216 116.590738
103.813216 116.121691
103.344169 115.652644
103.344169 115.183598
102.875123 114.714551
102.875123 114.245505
102.406076 113.776458
101.937029 113.307411
101.937029 112.838365
101.937029 113.307411
101.937029 113.776458
102.406076 113.776458
102.406076 114.245505
102.875123 114.245505
102.875123 114.714551
103.344169 115.183598
102.875123 115.183598
103.344169 115.183598
103.344169 115.652644
103.813216 116.121691
103.813216 116.590738
103.813216 117.059784
104.282262 117.059784
104.282262 117.528831
104.751309 117.997877
104.751309 118.466924
105.220355 118.935971
105.220355 119.405017
105.220355 119.874064
105.220355 120.343110
105.689402 120.343110
106.158449 120.812157
106.158449 121.281204
106.158449 121.750250
106.627495 121.750250
106.627495 122.219297
107.096542 122.688343
106.627495 122.219297
106.627495 121.750250
106.158449 121.281204
106.158449 120.812157
105.689402 120.343110
105.220355 119.874064
105.220355 119.405017
105.220355 118.935971
104.751309 118.466924
104.751309 117.997877
104.282262 117.528831
104.282262 117.059784
103.813216 116.590738
103.813216 116.121691
103.344169 115.652644
103.344169 115.183598
102.875123 114.714551
102.875123 114.245505
102.406076 113.776458
101.937029 113.307411
101.937029 112.838365
101.937029 113.307411
102.406076 113.776458
102.875123 114.245505
102.875123 114.714551
102.875123 114.245505
102.875123 114.714551
102.875123 114.245505
102.406076 113.776458
102.406076 114.245505
102.875123 114.714551
102.875123 114.245505
102.875123 114.714551
102.875123 114.245505
102.875123 114.714551
102.875123 114.245505
103.344169 114.714551
103.344169 115.183598
103.344169 115.652644
103.813216 115.652644
103.344169 115.183598
103.344169 114.714551
103.344169 114.245505
103.344169 113.776458
103.344169 114.245505
103.344169 114.714551
103.344169 114.245505
103.344169 113.776458
103.344169 114.245505
103.344169 114.714551
103.344169 115.183598
103.813216 115.652644
103.813216 116.121691
103.813216 116.590738
103.813216 117.059784
104.282262 117.059784
104.282262 117.528831
104.282262 117.997877
104.751309 117.997877
104.751309 118.466924
105.220355 118.935971
105.220355 119.405017
105.220355 119.874064
105.220355 119.405017
105.220355 118.935971
104.751309 118.466924
104.751309 117.997877
104.282262 117.528831
104.282262 117.059784
103.813216 116.590738
103.813216 116.121691
103.813216 115.652644
103.344169 115.183598
103.344169 114.714551
103.344169 114.245505
103.344169 113.776458
102.875123 114.245505
103.344169 114.714551
103.344169 115.183598
103.344169 115.652644
103.344169 115.183598
103.344169 114.714551
103.344169 114.245505
103.344169 113.776458
102.875123 114.245505
103.344169 114.714551
103.344169 115.183598
103.813216 115.652644
103.344169 115.183598
103.344169 114.714551
103.344169 114.245505
103.344169 113.776458
102.875123 114.245505
103.344169 114.714551
103.344169 115.183598
103.344169 114.714551
103.344169 114.245505
103.344169 113.776458
102.875123 114.245505
103.344169 113.776458
103.344169 114.245505
103.344169 114.714551
102.875123 114.245505
103.344169 113.776458
103.344169 114.245505
103.344169 113.776458
103.344169 114.245505
103.344169 114.714551
102.875123 114.245505
103.344169 113.776458
103.344169 114.245505
103.344169 114.714551
102.875123 114.245505
103.344169 113.776458
103.344169 114.245505
103.344169 113.776458
103.344169 114.245505
103.344169 114.714551
102.875123 114.245505
103.344169 113.776458
103.344169 114.245505
103.344169 114.714551
102.875123 114.245505
103.344169 113.776458
103.344169 114.245505
103.344169 114.714551
103.344169 115.183598
103.813216 115.652644
103.344169 115.183598
103.344169 114.714551
103.344169 114.245505
103.344169 113.776458
102.875123 114.245505
103.344169 114.245505
102.875123 114.245505
103.344169 114.245505
103.344169 113.776458
102.875123 114.245505
103.344169 114.714551
103.344169 115.183598
103.344169 115.652644
103.813216 115.652644
103.813216 116.121691
103.813216 116.590738
103.813216 117.059784
104.282262 117.059784
104.282262 117.528831
104.751309 117.997877
104.751309 118.466924
105.220355 118.935971
105.220355 119.405017
105.220355 119.874064
105.220355 120.343110
105.689402 120.343110
106.158449 120.812157
106.158449 121.281204
106.627495 121.750250
106.627495 122.219297
107.096542 122.688343
107.096542 123.157390
107.565588 123.157390
107.565588 123.626437
108.034635 124.095483
108.034635 124.564530
108.503682 124.564530
108.503682 125.033576
108.972728 125.502623
108.972728 125.971669
109.441775 125.971669
109.910821 126.440716
110.379868 126.909763
110.379868 127.378809
110.379868 127.847856
110.848915 128.316902
110.848915 128.785949
111.317961 129.254996
111.317961 129.724042
111.317961 130.193089
111.787008 130.193089
111.787008 130.662135
112.256054 130.662135
112.256054 131.131182
112.256054 131.600229
112.725101 131.600229
112.256054 131.131182
112.256054 130.662135
111.787008 130.193089
111.317961 129.724042
111.317961 129.254996
110.848915 128.785949
110.848915 128.316902
110.379868 127.847856
110.379868 127.378809
110.379868 126.909763
109.910821 126.440716
109.441775 126.440716
109.441775 125.971669
108.972728 125.502623
108.503682 125.033576
108.503682 124.564530
108.034635 124.095483
107.565588 124.095483
107.565588 123.626437
107.565588 123.157390
107.096542 122.688343
106.627495 122.219297
106.627495 121.750250
106.158449 121.281204
106.158449 120.812157
105.689402 120.343110
105.220355 119.874064
105.220355 119.405017
105.220355 118.935971
105.220355 119.405017
105.220355 119.874064
105.689402 120.343110
105.689402 120.812157
106.158449 120.812157
105.689402 120.343110
105.689402 120.812157
106.158449 121.281204
106.158449 121.750250
106.627495 121.750250
106.627495 122.219297
107.096542 122.688343
107.565588 123.157390
107.565588 123.626437
108.034635 124.095483
108.034635 124.564530
108.503682 124.564530
108.503682 125.033576
108.972728 125.502623
108.972728 125.971669
109.441775 125.971669
109.910821 126.440716
110.379868 126.909763
110.379868 127.378809
110.379868 127.847856
110.848915 128.316902
110.848915 128.785949
111.317961 129.254996
111.317961 129.724042
111.787008 130.193089
111.787008 130.662135
112.256054 130.662135
112.256054 131.131182
112.725101 131.600229
112.725101 132.069275
113.194148 132.538322
113.194148 133.007368
113.663194 133.007368
113.194148 132.538322
112.725101 132.538322
112.725101 132.069275
112.725101 131.600229
112.256054 131.131182
112.256054 130.662135
111.787008 130.193089
111.317961 129.724042
111.317961 129.254996
110.848915 128.785949
110.848915 128.316902
110.379868 127.847856
110.379868 127.378809
110.379868 126.909763
109.910821 126.440716
110.379868 126.909763
110.379868 127.378809
110.379868 127.847856
110.379868 128.316902
110.848915 128.316902
110.848915 128.785949
110.848915 129.254996
111.317961 129.254996
111.317961 129.724042
111.317961 130.193089
111.787008 130.193089
111.787008 130.662135
112.256054 130.662135
112.256054 131.131182
112.256054 131.600229
112.725101 131.600229
112.725101 132.069275
113.194148 132.538322
112.725101 132.538322
112.725101 132.069275
112.725101 131.600229
112.256054 131.131182
112.256054 130.662135
111.787008 130.193089
111.787008 130.662135
112.256054 131.131182
112.725101 131.600229
112.725101 132.069275
113.194148 132.538322
112.725101 132.538322
112.725101 132.069275
112.725101 131.600229
112.256054 131.131182
112.256054 130.662135
112.256054 131.131182
112.725101 131.600229
112.725101 132.069275
112.725101 131.600229
112.256054 131.131182
112.256054 130.662135
111.787008 130.193089
111.317961 130.193089
111.317961 129.724042
111.317961 129.254996
110.848915 128.785949
110.848915 128.316902
110.379868 127.847856
110.379868 127.378809
110.379868 126.909763
110.379868 127.378809
110.379868 127.847856
110.848915 128.316902
110.848915 128.785949
111.317961 129.254996
111.317961 129.724042
111.787008 130.193089
111.787008 130.662135
112.256054 130.662135
112.256054 131.131182
112.725101 131.600229
112.725101 132.069275
113.194148 132.538322
112.725101 132.538322
112.725101 132.069275
112.725101 131.600229
112.256054 131.131182
112.256054 130.662135
111.787008 130.193089
111.317961 130.193089
111.317961 129.724042
111.317961 129.254996
110.848915 128.785949
110.848915 128.316902
110.379868 127.847856
110.379868 127.378809
110.379868 126.909763
110.379868 127.378809
110.379868 127.847856
110.848915 128.316902
110.848915 128.785949
111.317961 129.254996
111.317961 129.724042
111.787008 130.193089
111.787008 130.662135
112.256054 130.662135
112.256054 131.131182
112.725101 131.600229
112.725101 132.069275
113.194148 132.538322
113.194148 133.007368
113.663194 133.007368
113.663194 133.476415
113.663194 133.007368
113.194148 132.538322
112.725101 132.069275
112.725101 131.600229
112.256054 131.131182
112.256054 130.662135
111.787008 130.193089
111.317961 129.724042
111.317961 129.254996
110.848915 128.785949
110.848915 128.316902
110.379868 127.847856
110.379868 127.378809
110.379868 126.909763
109.910821 126.440716
110.379868 126.909763
110.379868 127.378809
110.379868 127.847856
110.379868 128.316902
110.848915 128.316902
110.848915 128.785949
111.317961 129.254996
111.317961 129.724042
111.787008 130.193089
111.787008 130.662135
112.256054 130.662135
112.256054 131.131182
112.725101 131.600229
112.725101 132.069275
113.194148 132.538322
113.194148 133.007368
113.663194 133.007368
113.663194 133.476415
114.132241 133.945462
114.132241 134.414508
114.601287 134.414508
114.601287 134.883555
115.070334 134.883555
115.070334 135.352601
115.539381 135.821648
116.008427 136.290694
116.008427 136.759741
116.477474 136.759741
116.946520 137.228788
117.415567 137.697834
117.884613 138.166881
118.353660 138.635927
118.822707 139.104974
119.291753 139.574021
119.760800 140.043067
120.229846 140.043067
120.698893 140.512114
121.167940 140.981160
121.636986 141.450207
122.106033 141.450207
122.575079 141.919254
123.044126 142.388300
123.513173 142.388300
123.982219 142.857347
124.451266 142.857347
124.920312 143.326393
125.389359 143.795440
125.858406 143.795440
126.327452 144.264487
126.796499 144.264487
127.265545 144.733533
127.734592 144.733533
128.203638 144.733533
128.672685 145.202580
129.141732 145.202580
129.610778 145.671626
130.079825 145.671626
130.548871 145.671626
131.017918 146.140673
131.486965 146.140673
131.956011 146.140673
132.425058 146.140673
132.894104 146.609719
133.363151 146.609719
133.832198 146.609719
134.301244 146.609719
134.770291 147.078766
135.239337 147.078766
135.708384 147.078766
136.177431 147.078766
136.646477 147.078766
137.115524 147.078766
137.584570 147.078766
138.053617 147.547813
138.522663 147.547813
138.991710 147.547813
139.460757 147.547813
139.929803 147.547813
140.398850 147.547813
140.867896 147.547813
141.336943 147.547813
141.805990 147.547813
142.275036 147.547813
142.744083 147.547813
143.213129 147.547813
143.682176 147.547813
144.151223 147.547813
144.151223 147.078766
144.620269 147.078766
145.089316 147.078766
145.558362 147.078766
146.027409 147.078766
146.496456 147.078766
146.965502 147.078766
147.434549 146.609719
147.903595 146.609719
148.372642 146.609719
148.841689 146.609719
149.310735 146.140673
149.779782 146.140673
150.248828 146.140673
150.717875 146.140673
151.186921 145.671626
151.655968 146.140673
151.655968 146.609719
152.125015 147.078766
152.125015 147.547813
152.125015 148.016859
152.125015 148.954952
152.125015 149.423999
152.594061 149.893046
152.594061 150.362092
152.594061 150.831139
152.594061 151.300185
152.594061 151.769232
153.063108 152.238279
152.594061 152.707325
152.594061 153.176372
152.594061 154.114465
152.594061 154.583512
152.594061 155.052558
152.125015 155.521605
152.125015 155.990651
151.655968 156.459698
151.186921 156.459698
150.717875 156.928745
150.248828 157.397791
149.779782 157.866838
149.310735 158.335884
148.841689 158.804931
148.372642 159.273977
147.903595 159.743024
147.434549 160.212071
146.965502 160.681117
146.496456 161.150164
146.027409 161.619210
145.558362 162.088257
145.089316 162.557304
144.620269 163.026350
144.151223 163.026350
143.682176 163.495397
143.213129 163.964443
142.744083 164.433490
142.275036 164.902537
141.805990 165.371583
141.336943 165.840630
140.867896 166.309676
140.398850 166.778723
139.929803 166.778723
139.460757 167.247770
138.991710 167.716816
138.522663 168.185863
138.053617 168.654909
137.584570 168.654909
137.115524 169.123956
136.646477 169.593002
136.177431 170.062049
135.708384 170.531096
134.770291 171.000142
134.301244 171.469189
133.832198 171.938235
133.363151 172.407282
132.894104 172.407282
132.425058 172.407282
131.956011 172.407282
131.486965 172.876329
131.017918 172.876329
130.548871 172.876329
130.079825 172.876329
129.610778 173.345375
129.141732 173.345375
128.672685 173.814422
128.203638 173.814422
127.734592 174.283468
127.265545 174.283468
126.796499 174.283468
126.327452 174.752515
125.858406 174.752515
125.389359 175.221562
124.920312 175.221562
124.451266 175.690608
123.513173 176.159655
123.044126 176.628701
122.575079 176.628701
122.106033 177.097748
121.636986 177.097748
121.167940 177.097748
120.698893 177.566795
120.229846 177.566795
119.760800 177.566795
119.291753 178.035841
118.822707 178.035841
118.353660 178.504888
117.884613 178.504888
117.415567 178.504888
116.946520 178.504888
116.477474 178.504888
116.008427 178.504888
115.539381 178.504888
115.070334 178.504888
114.601287 178.504888
114.132241 178.504888
113.663194 178.504888
112.725101 178.504888
112.256054 178.504888
111.787008 178.504888
111.317961 178.504888
110.848915 178.504888
110.379868 178.504888
109.910821 178.035841
109.441775 178.035841
108.972728 178.035841
108.503682 177.566795
108.034635 177.566795
107.565588 177.566795
107.096542 177.097748
106.627495 177.097748
106.158449 176.628701
105.689402 176.159655
105.220355 175.690608
104.282262 175.690608
103.813216 175.221562
103.344169 174.752515
102.875123 174.283468
102.406076 174.283468
101.937029 173.814422
101.467983 173.345375
100.998936 172.876329
100.529890 172.407282
100.060843 171.938235
99.591796 171.469189
99.122750 171.000142
98.653703 170.531096
98.184657 170.062049
97.715610 169.593002
97.246563 169.123956
96.777517 168.654909
96.308470 168.185863
95.839424 167.716816
95.370377 167.247770
95.370377 166.778723
94.901330 166.309676
94.432284 165.371583
93.963237 164.902537
93.494191 164.433490
93.025144 163.964443
93.025144 163.495397
93.025144 163.026350
92.556098 162.557304
92.556098 162.088257
92.556098 161.619210
92.087051 161.150164
92.087051 160.681117
92.087051 160.212071
91.618004 159.743024
91.618004 159.273977
91.618004 158.804931
91.148958 158.335884
91.148958 157.866838
90.679911 157.397791
90.679911 156.928745
90.210865 155.990651
90.210865 155.521605
90.210865 155.052558
89.741818 154.583512
89.741818 154.114465
89.272771 153.645418
89.272771 153.176372
88.803725 152.707325
88.803725 152.238279
88.803725 151.769232
88.334678 151.300185
88.334678 150.831139
88.334678 150.362092
88.334678 149.893046
87.865632 149.423999
87.865632 148.954952
87.865632 148.485906
87.865632 148.016859
87.865632 147.547813
87.396585 147.078766
87.396585 146.609719
87.396585 146.140673
87.396585 145.671626
87.396585 145.202580
87.396585 144.733533
87.396585 143.795440
87.396585 143.326393
87.396585 142.857347
86.927538 142.388300
86.927538 141.919254
86.927538 141.450207
86.458492 140.981160
86.458492 140.512114
86.458492 140.043067
85.989445 139.574021
85.989445 139.104974
85.520399 138.635927
85.051352 138.166881
84.582305 137.697834
84.582305 137.228788
84.113259 136.759741
84.113259 136.290694
83.644212 135.352601
83.644212 134.883555
83.175166 134.414508
83.175166 133.945462
82.706119 133.476415
82.706119 133.007368
82.706119 132.538322
82.706119 132.069275
82.706119 131.600229
82.706119 131.131182
82.706119 130.662135
82.706119 130.193089
82.706119 129.724042
82.706119 129.254996
82.706119 128.785949
82.706119 128.316902
82.706119 127.847856
82.706119 127.378809
82.706119 126.909763
82.706119 126.440716
82.706119 125.971669
82.706119 125.502623
82.706119 125.033576
82.706119 124.564530
82.706119 124.095483
82.706119 123.157390
82.706119 122.688343
82.706119 122.219297
82.706119 121.750250
82.706119 121.281204
82.706119 120.812157
82.706119 120.343110
82.706119 119.874064
82.706119 119.405017
82.706119 118.935971
82.706119 118.466924
82.706119 117.997877
82.706119 117.528831
82.706119 117.059784
82.706119 116.590738
83.175166 115.652644
83.175166 115.183598
83.175166 114.714551
83.175166 114.245505
83.175166 113.776458
83.175166 113.307411
83.175166 112.838365
83.175166 112.369318
83.175166 111.900272
83.175166 111.431225
83.175166 110.962179
83.175166 110.493132
83.175166 110.024085
83.175166 109.555039
83.644212 109.085992
83.644212 108.147899
84.113259 107.678852
84.113259 107.209806
84.113259 106.740759
84.582305 106.271713
84.582305 105.802666
85.051352 105.333619
85.051352 104.864573
85.520399 104.395526
85.520399 103.926480
85.989445 103.457433
86.458492 102.988386
86.927538 102.519340
87.396585 101.581247
87.865632 101.112200
88.334678 100.643154
88.803725 100.174107
89.272771 99.705060
89.741818 99.236014
90.210865 98.766967
90.679911 97.828874
91.148958 97.359827
91.618004 97.359827
92.087051 97.359827
92.556098 97.359827
93.025144 96.890781
93.963237 96.890781
94.432284 96.890781
94.901330 96.890781
95.370377 96.421734
95.839424 96.421734
96.308470 96.421734
96.777517 95.952688
96.777517 96.421734
96.777517 96.890781
96.777517 97.359827
