94.948457 86.904409
94.948457 87.484835
95.528883 88.065261
94.948457 88.645686
95.528883 89.226112
95.528883 89.806538
95.528883 90.386964
95.528883 90.967389
94.948457 91.547815
94.948457 92.128241
94.948457 92.708667
94.948457 93.289092
95.528883 93.869518
94.948457 94.449944
94.948457 95.030370
94.948457 95.610796
94.948457 96.191221
94.948457 96.771647
94.948457 97.352073
94.948457 97.932499
94.948457 98.512924
94.948457 99.093350
94.948457 99.673776
95.528883 100.254202
95.528883 100.834628
95.528883 101.415053
95.528883 101.995479
95.528883 102.575905
96.109308 103.156331
96.109308 103.736756
96.109308 104.317182
96.109308 104.897608
96.109308 105.478034
96.109308 106.058459
96.109308 106.638885
96.109308 107.219311
96.109308 107.799737
96.109308 108.380163
96.109308 108.960588
96.689734 109.541014
96.689734 110.121440
96.689734 110.701866
96.689734 111.282291
96.689734 111.862717
96.689734 112.443143
96.689734 113.023569
96.689734 113.603994
96.689734 114.184420
96.689734 114.764846
97.270160 114.764846
97.270160 115.345272
97.270160 115.925698
97.270160 116.506123
97.270160 117.086549
97.850586 117.086549
97.850586 117.666975
97.850586 118.247401
97.850586 118.827826
97.850586 119.408252
98.431011 119.408252
98.431011 119.988678
98.431011 120.569104
99.011437 120.569104
99.011437 121.149529
99.011437 121.729955
99.011437 122.310381
99.591863 122.310381
99.591863 122.890807
99.591863 123.471233
100.172289 123.471233
100.172289 124.051658
100.172289 124.632084
100.752715 124.632084
100.752715 125.212510
100.752715 125.792936
101.333140 125.792936
101.333140 126.373361
101.333140 126.953787
101.913566 126.953787
102.493992 127.534213
102.493992 128.114639
102.493992 128.695065
103.074418 128.695065
103.074418 129.275490
103.654843 129.275490
104.235269 129.855916
104.815695 130.436342
104.815695 131.016768
105.396121 131.597193
105.396121 132.177619
105.976546 132.758045
106.556972 133.338471
106.556972 133.918896
107.137398 134.499322
107.137398 135.079748
107.717824 135.079748
107.717824 135.660174
108.298250 135.660174
108.878675 136.240600
108.878675 136.821025
109.459101 137.401451
109.459101 137.981877
110.039527 137.981877
110.039527 138.562303
110.619953 138.562303
111.200378 139.142728
111.780804 139.723154
112.361230 140.303580
112.361230 140.884006
112.941656 140.884006
113.522081 141.464431
114.102507 142.044857
114.682933 142.044857
115.263359 142.625283
115.843785 143.205709
116.424210 143.786135
117.004636 144.366560
117.585062 144.366560
118.165488 144.946986
118.745913 145.527412
119.326339 145.527412
119.906765 146.107838
120.487191 146.107838
121.067617 146.688263
121.648042 146.688263
122.228468 147.268689
122.808894 147.268689
123.389320 147.849115
123.969745 147.849115
124.550171 147.849115
125.130597 148.429541
125.711023 148.429541
126.291448 149.009966
126.871874 149.009966
127.452300 149.009966
128.032726 149.590392
128.613152 149.590392
129.193577 150.170818
129.774003 150.170818
130.354429 150.751244
130.934855 150.751244
131.515280 151.331670
132.095706 151.331670
132.676132 151.912095
133.256558 151.912095
133.836983 152.492521
134.417409 152.492521
134.997835 152.492521
135.578261 153.072947
136.158687 153.072947
136.739112 153.072947
137.319538 153.653373
137.899964 153.653373
138.480390 153.653373
139.060815 153.653373
139.641241 153.653373
140.221667 153.653373
140.221667 154.233798
140.802093 154.233798
140.802093 154.814224
140.802093 155.394650
141.382518 155.975076
141.382518 156.555502
140.802093 157.135927
140.802093 157.716353
140.221667 158.296779
139.641241 158.296779
139.641241 158.877205
139.641241 159.457630
139.060815 160.038056
139.060815 160.618482
138.480390 161.198908
138.480390 161.779333
137.899964 162.359759
137.899964 162.940185
137.899964 163.520611
137.319538 164.101037
137.319538 164.681462
136.739112 165.261888
136.739112 166.422740
136.158687 167.003165
134.997835 167.583591
134.417409 168.164017
133.836983 168.744443
133.256558 169.324868
132.676132 169.905294
132.095706 170.485720
131.515280 171.066146
130.934855 171.066146
130.354429 171.646572
129.774003 171.646572
129.193577 172.226997
128.613152 172.807423
128.032726 173.387849
127.452300 173.968275
126.871874 174.548700
126.291448 174.548700
125.711023 175.129126
125.130597 175.709552
124.550171 175.709552
123.969745 176.289978
123.389320 176.870403
122.808894 177.450829
122.228468 177.450829
121.648042 178.031255
121.067617 178.611681
120.487191 178.611681
119.906765 179.192107
119.326339 179.192107
118.745913 179.772532
118.165488 179.772532
117.585062 180.352958
117.004636 180.933384
116.424210 180.933384
115.843785 181.513810
115.263359 181.513810
114.682933 181.513810
114.102507 181.513810
113.522081 181.513810
112.941656 181.513810
112.361230 181.513810
111.780804 181.513810
111.200378 181.513810
110.619953 182.094235
110.039527 181.513810
109.459101 181.513810
108.878675 181.513810
108.298250 181.513810
107.717824 181.513810
107.137398 181.513810
106.556972 181.513810
105.976546 181.513810
105.396121 181.513810
104.815695 181.513810
104.235269 180.933384
103.654843 180.933384
103.074418 180.352958
102.493992 180.352958
101.913566 180.352958
101.333140 179.772532
100.752715 179.772532
100.172289 179.192107
99.591863 179.192107
99.011437 178.611681
98.431011 178.031255
97.850586 178.031255
97.270160 177.450829
96.689734 176.870403
96.109308 176.289978
95.528883 176.289978
94.948457 175.709552
94.368031 175.129126
93.787605 174.548700
93.207180 173.968275
92.626754 172.807423
92.046328 172.226997
91.465902 171.646572
90.885476 171.066146
90.305051 170.485720
89.724625 169.905294
89.144199 169.324868
88.563773 168.744443
87.983348 168.164017
87.983348 167.583591
87.402922 167.003165
86.822496 166.422740
86.242070 165.842314
86.242070 165.261888
85.661644 164.681462
85.081219 164.101037
85.081219 163.520611
84.500793 162.940185
83.920367 162.359759
83.920367 161.779333
83.339941 161.198908
82.759516 160.618482
82.759516 160.038056
82.759516 159.457630
82.179090 158.877205
81.598664 158.296779
81.598664 157.716353
81.018238 157.135927
81.018238 156.555502
80.437813 155.975076
80.437813 155.394650
79.857387 154.814224
79.857387 154.233798
79.276961 153.653373
79.276961 153.072947
78.696535 152.492521
78.696535 151.912095
78.116109 151.331670
78.116109 150.751244
77.535684 150.170818
77.535684 149.590392
77.535684 149.009966
76.955258 148.429541
76.955258 147.849115
76.955258 147.268689
76.955258 146.688263
76.374832 146.107838
76.374832 145.527412
76.374832 144.946986
75.794406 144.366560
75.794406 143.786135
75.794406 143.205709
75.213981 142.625283
75.213981 142.044857
75.213981 141.464431
74.633555 140.884006
74.633555 140.303580
74.633555 139.723154
74.633555 139.142728
75.213981 138.562303
75.213981 137.981877
75.213981 137.401451
75.794406 136.821025
75.794406 136.240600
75.794406 135.660174
75.794406 135.079748
75.794406 134.499322
75.794406 133.918896
75.794406 133.338471
75.794406 132.758045
75.794406 132.177619
75.794406 131.597193
75.794406 131.016768
75.794406 130.436342
75.794406 129.855916
75.794406 129.275490
75.794406 128.695065
75.794406 128.114639
75.794406 127.534213
75.794406 126.953787
75.794406 126.373361
75.794406 125.792936
75.794406 125.212510
75.794406 124.632084
75.794406 124.051658
75.794406 123.471233
75.794406 122.890807
75.794406 122.310381
75.794406 121.729955
75.794406 121.149529
75.794406 120.569104
75.794406 119.988678
75.794406 119.408252
75.794406 118.827826
75.794406 118.247401
75.794406 117.666975
75.794406 117.086549
75.794406 116.506123
75.794406 115.925698
75.794406 115.345272
75.794406 114.764846
75.794406 114.184420
75.794406 113.603994
75.794406 113.023569
75.794406 112.443143
76.374832 111.862717
76.374832 111.282291
76.955258 110.701866
76.955258 110.121440
77.535684 109.541014
77.535684 108.960588
77.535684 108.380163
77.535684 107.799737
78.116109 107.219311
78.696535 106.638885
78.696535 106.058459
78.696535 105.478034
79.276961 104.897608
79.276961 104.317182
79.857387 103.736756
79.857387 103.156331
80.437813 102.575905
80.437813 101.995479
81.018238 101.415053
81.018238 100.834628
81.018238 100.254202
81.598664 99.673776
81.598664 99.093350
81.598664 98.512924
81.598664 97.932499
81.598664 97.352073
82.179090 96.771647
82.759516 96.191221
83.339941 95.610796
83.339941 95.030370
83.339941 94.449944
83.920367 93.869518
84.500793 93.289092
84.500793 92.708667
84.500793 92.128241
85.081219 91.547815
85.081219 90.967389
85.081219 90.386964
85.081219 89.806538
85.081219 89.226112
85.661644 88.645686
85.661644 88.065261
85.661644 87.484835
85.661644 86.904409
86.242070 86.323983
86.822496 85.743557
87.402922 85.743557
87.983348 85.163132
88.563773 84.582706
89.144199 84.582706
89.724625 84.582706
90.305051 84.002280
90.885476 84.582706
91.465902 84.582706
92.046328 84.582706
92.626754 84.582706
93.207180 85.163132
93.787605 85.743557
94.368031 85.743557
94.368031 86.323983
94.948457 86.904409
