102.977848 131.974875
102.629554 131.626581
102.629554 131.278287
102.629554 131.626581
102.629554 131.278287
102.629554 131.626581
102.629554 131.278287
102.629554 131.626581
102.977848 131.974875
102.977848 132.323169
103.326141 132.671463
103.326141 133.019757
103.674435 133.019757
103.674435 133.368051
104.022729 133.716345
104.371023 134.064638
104.371023 134.412932
104.719317 134.761226
104.719317 135.109520
105.067611 135.109520
105.067611 135.457814
105.415905 135.457814
105.415905 135.806108
105.764199 136.154402
105.764199 136.502696
106.112493 136.502696
106.112493 136.850990
106.460786 136.850990
106.809080 137.199283
106.809080 137.547577
107.157374 137.547577
107.505668 137.895871
107.505668 138.244165
107.853962 138.244165
108.202256 138.592459
108.550550 138.940753
108.898844 139.289047
109.247137 139.637341
109.595431 139.985634
109.943725 139.985634
110.292019 140.333928
110.292019 140.682222
110.640313 140.682222
110.988607 141.030516
111.336901 141.030516
111.685195 141.378810
111.685195 141.727104
112.033488 141.727104
112.381782 141.727104
112.730076 142.075398
113.078370 142.423692
113.426664 142.423692
113.774958 142.771985
114.123252 143.120279
114.471546 143.120279
114.819839 143.468573
115.168133 143.468573
115.516427 143.816867
115.864721 143.816867
116.213015 144.165161
116.561309 144.513455
116.909603 144.861749
117.257897 145.210043
117.606191 145.210043
117.954484 145.558336
118.302778 145.558336
118.651072 145.906630
118.999366 145.906630
119.347660 146.254924
119.695954 146.603218
120.044248 146.603218
120.392542 146.951512
120.740835 146.951512
121.089129 147.299806
121.437423 147.299806
121.785717 147.648100
122.134011 147.648100
122.482305 147.648100
122.830599 147.996394
123.178893 148.344687
123.527186 148.344687
123.875480 148.344687
124.223774 148.344687
124.572068 148.692981
124.920362 148.692981
125.268656 148.692981
125.616950 148.692981
125.965244 149.041275
126.313537 149.041275
126.661831 149.041275
127.010125 149.041275
127.358419 149.041275
127.706713 149.041275
128.055007 149.389569
128.403301 149.389569
128.751595 149.389569
129.099888 149.389569
129.448182 149.389569
129.796476 149.389569
130.144770 149.389569
130.493064 149.389569
130.841358 149.389569
131.189652 149.737863
131.537946 149.737863
131.886240 149.737863
132.234533 149.737863
132.582827 149.737863
132.931121 149.737863
133.279415 149.737863
133.627709 149.389569
133.976003 149.389569
134.324297 149.389569
134.672591 149.389569
135.020884 149.389569
135.369178 149.389569
135.717472 149.389569
136.065766 149.389569
136.414060 149.389569
136.065766 149.737863
135.717472 150.086157
135.369178 150.434451
135.369178 150.782745
135.020884 151.131039
135.020884 151.479332
134.672591 151.827626
134.324297 152.175920
133.976003 152.524214
133.976003 152.872508
133.627709 153.220802
133.279415 153.569096
132.931121 153.917390
132.582827 154.265683
132.234533 154.265683
131.886240 154.265683
131.537946 154.613977
131.189652 154.613977
130.841358 154.962271
130.493064 154.962271
130.144770 154.962271
129.796476 155.310565
129.448182 155.310565
129.099888 155.658859
128.751595 155.658859
128.403301 155.658859
128.055007 156.007153
127.706713 156.007153
127.358419 156.355447
127.010125 156.355447
126.661831 156.355447
126.313537 156.703741
125.965244 156.703741
125.616950 156.703741
125.268656 156.703741
124.920362 156.703741
124.572068 156.703741
124.223774 156.703741
123.875480 157.052034
123.527186 157.052034
123.178893 157.052034
122.830599 157.052034
122.482305 157.052034
122.134011 157.400328
121.785717 157.400328
121.437423 157.400328
121.089129 157.400328
120.740835 157.748622
120.392542 157.748622
120.044248 157.748622
119.695954 157.748622
119.347660 157.748622
118.999366 157.748622
118.651072 157.748622
118.302778 157.748622
117.954484 157.748622
117.606191 157.748622
117.257897 157.748622
116.909603 157.748622
116.561309 157.748622
116.213015 157.748622
115.864721 157.748622
115.516427 157.748622
115.168133 157.748622
114.819839 157.748622
114.471546 157.748622
114.123252 157.748622
113.774958 157.748622
113.426664 157.748622
113.078370 157.748622
112.730076 157.748622
112.381782 157.748622
112.033488 157.748622
111.685195 157.748622
111.336901 157.400328
110.988607 157.400328
110.640313 157.400328
110.292019 157.400328
109.943725 157.400328
109.595431 157.052034
109.247137 157.052034
108.898844 157.052034
108.550550 157.052034
108.202256 157.052034
107.853962 156.703741
107.505668 156.703741
107.157374 156.703741
106.809080 156.355447
106.460786 156.007153
106.112493 155.658859
105.764199 155.658859
105.415905 155.310565
105.067611 154.962271
105.067611 154.613977
104.719317 154.265683
104.719317 153.917390
104.371023 153.569096
104.371023 153.220802
104.022729 152.872508
104.022729 152.524214
103.674435 152.175920
103.674435 151.827626
103.674435 151.479332
103.326141 151.131039
103.326141 150.782745
102.977848 150.434451
102.629554 150.086157
102.629554 149.737863
102.629554 149.389569
102.281260 149.041275
102.281260 148.692981
101.932966 148.344687
101.932966 147.996394
101.584672 147.648100
101.584672 147.299806
101.236378 146.951512
101.236378 146.603218
100.888084 146.254924
100.888084 145.906630
100.888084 145.558336
100.539790 145.210043
100.191497 144.861749
100.191497 144.513455
100.191497 144.165161
100.191497 143.816867
100.191497 143.468573
100.191497 143.120279
100.191497 142.771985
100.191497 142.423692
100.191497 142.075398
100.191497 141.727104
100.191497 141.378810
100.191497 141.030516
100.191497 140.682222
100.191497 140.333928
100.191497 139.985634
100.191497 139.637341
100.191497 139.289047
100.191497 138.940753
100.191497 138.592459
100.191497 138.244165
100.191497 137.895871
100.191497 137.547577
100.191497 137.199283
100.191497 136.850990
100.191497 136.502696
100.191497 136.154402
100.191497 135.806108
100.191497 135.457814
99.843203 135.109520
99.843203 134.761226
99.843203 134.412932
99.843203 134.064638
99.494909 133.716345
99.494909 133.368051
99.494909 133.019757
99.146615 132.671463
99.146615 132.323169
99.146615 131.974875
99.146615 131.626581
98.798321 131.278287
98.798321 130.929994
99.146615 130.581700
99.494909 130.233406
99.843203 130.581700
100.191497 130.581700
100.539790 130.581700
100.191497 130.581700
99.843203 130.581700
99.494909 130.233406
99.146615 130.581700
98.798321 130.929994
98.450027 131.278287
98.101733 131.278287
97.753439 131.278287
98.101733 131.278287
98.450027 131.278287
98.798321 130.929994
99.146615 130.581700
99.494909 130.233406
99.843203 130.233406
100.191497 130.581700
100.539790 130.581700
100.888084 130.581700
101.236378 130.929994
101.584672 130.929994
101.932966 130.929994
102.281260 130.929994
102.629554 131.278287
102.629554 131.626581
102.629554 131.974875
102.977848 131.974875
