100.325879 95.776827
100.811342 96.262291
101.296805 96.747754
101.782269 97.233217
102.267732 97.718681
102.267732 98.204144
102.267732 98.689607
102.267732 99.175070
102.267732 99.660534
102.267732 100.145997
102.267732 100.631460
102.267732 101.116924
102.753195 101.602387
102.753195 102.087850
102.753195 102.573313
102.753195 103.058777
102.753195 103.544240
102.753195 104.029703
102.753195 104.515167
102.753195 105.000630
102.753195 105.486093
102.753195 105.971556
102.753195 106.457020
102.753195 106.942483
102.753195 107.427946
102.753195 107.913410
103.238658 108.398873
102.753195 108.884336
103.238658 109.369800
103.238658 109.855263
103.238658 110.340726
103.238658 110.826189
103.724122 111.311653
103.724122 111.797116
103.724122 112.282579
103.724122 112.768043
104.209585 113.253506
104.209585 113.738969
104.209585 114.224432
104.209585 114.709896
104.209585 115.195359
104.209585 115.680822
104.695048 116.166286
104.695048 116.651749
104.695048 117.137212
104.695048 117.622675
104.695048 118.108139
105.180512 118.108139
105.180512 118.593602
105.180512 119.079065
105.665975 119.564529
105.665975 120.049992
105.665975 120.535455
106.151438 120.535455
106.151438 121.020918
106.151438 121.506382
106.636901 121.506382
106.636901 121.991845
106.636901 122.477308
107.122365 122.477308
107.122365 122.962772
107.607828 123.448235
107.607828 123.933698
108.093291 124.419162
108.093291 124.904625
108.578755 125.390088
108.578755 125.875551
109.064218 125.875551
109.064218 126.361015
109.549681 126.846478
109.549681 127.331941
110.035144 127.331941
110.035144 127.817405
110.520608 127.817405
110.520608 128.302868
111.006071 128.788331
111.491534 129.273794
111.976998 129.759258
112.462461 130.244721
112.947924 130.730184
113.433388 131.215648
113.918851 131.701111
114.404314 131.701111
114.889777 132.186574
115.375241 132.672037
115.860704 133.157501
116.346167 133.157501
116.831631 133.642964
117.317094 134.128427
117.802557 134.128427
118.288020 134.613891
118.773484 134.613891
119.258947 135.099354
119.744410 135.099354
120.229874 135.584817
120.715337 135.584817
121.200800 136.070280
121.686263 136.070280
122.171727 136.555744
122.657190 136.555744
123.142653 136.555744
123.628117 137.041207
124.113580 137.041207
124.599043 137.041207
125.084506 137.041207
125.569970 137.526670
126.055433 137.526670
126.540896 137.526670
127.026360 137.526670
127.511823 137.526670
127.997286 137.526670
128.482750 138.012134
128.968213 138.012134
129.453676 138.012134
129.939139 138.012134
130.424603 138.012134
130.910066 138.012134
130.910066 138.497597
131.395529 138.497597
131.880993 138.497597
131.880993 138.983060
132.366456 139.468524
132.366456 139.953987
132.851919 139.953987
133.337382 140.439450
133.337382 140.924913
133.822846 140.924913
133.822846 141.410377
134.308309 141.895840
134.308309 142.381303
134.793772 142.381303
135.279236 142.866767
135.279236 143.352230
135.764699 143.352230
135.764699 143.837693
136.250162 143.837693
136.250162 144.323156
136.735625 144.323156
137.221089 144.808620
137.706552 145.294083
138.192015 145.294083
138.677479 145.779546
139.162942 146.265010
139.648405 146.750473
140.133868 147.235936
140.619332 147.721399
141.104795 147.721399
141.104795 148.206863
141.104795 148.692326
140.619332 149.177789
140.619332 149.663253
140.619332 150.148716
140.133868 150.634179
140.133868 151.119642
140.133868 151.605106
140.133868 152.090569
140.133868 152.576032
140.133868 153.061496
139.648405 153.546959
139.648405 154.032422
139.648405 154.517886
139.648405 155.003349
139.648405 155.488812
139.648405 155.974275
139.648405 156.459739
139.648405 156.945202
139.648405 157.430665
139.648405 157.916129
139.648405 158.401592
139.162942 158.401592
138.677479 158.887055
138.192015 158.887055
137.706552 158.887055
137.221089 159.372518
136.735625 159.372518
136.250162 159.372518
135.764699 159.857982
135.279236 159.857982
134.793772 160.343445
134.308309 160.828908
133.822846 161.314372
132.851919 161.314372
132.366456 161.799835
131.880993 162.285298
131.395529 162.285298
130.910066 162.770761
129.939139 163.256225
129.453676 163.256225
128.968213 163.741688
128.482750 164.227151
127.997286 164.712615
127.026360 164.712615
126.540896 165.198078
126.055433 165.683541
125.569970 165.683541
125.084506 166.169004
124.113580 166.654468
123.628117 166.654468
123.142653 167.139931
122.657190 167.625394
122.171727 167.625394
121.686263 168.110858
121.200800 168.110858
120.715337 168.110858
119.744410 168.110858
119.258947 168.110858
118.773484 168.110858
118.288020 168.596321
117.802557 168.596321
117.317094 168.596321
116.831631 168.596321
116.346167 168.596321
115.860704 168.596321
115.375241 168.596321
114.889777 168.596321
114.404314 168.596321
113.918851 168.596321
113.433388 168.596321
112.947924 168.596321
112.462461 168.596321
111.976998 168.596321
111.491534 168.596321
111.006071 168.596321
110.520608 168.596321
110.035144 168.596321
109.549681 168.596321
109.064218 169.081784
108.578755 169.081784
108.093291 169.081784
107.607828 169.081784
107.122365 169.081784
106.636901 169.081784
106.151438 169.081784
105.665975 169.081784
105.180512 169.081784
104.695048 169.081784
104.209585 169.081784
103.724122 169.081784
103.238658 169.081784
102.753195 168.596321
102.267732 168.596321
101.782269 168.596321
100.811342 168.110858
100.325879 168.110858
99.840415 168.110858
99.354952 167.625394
98.869489 167.625394
97.898562 167.139931
97.413099 167.139931
96.927636 167.139931
96.442172 166.654468
95.956709 166.654468
94.985783 166.654468
94.500319 166.169004
94.014856 166.169004
93.529393 166.169004
93.043929 165.683541
92.073003 165.683541
91.587539 165.198078
91.102076 164.712615
90.616613 164.227151
90.131150 163.741688
89.645686 163.256225
89.160223 162.285298
88.674760 161.799835
88.189296 161.314372
87.703833 160.828908
87.218370 160.343445
86.732907 159.857982
86.247443 158.887055
85.761980 158.401592
85.276517 157.916129
84.791053 157.430665
84.305590 156.945202
83.820127 156.459739
83.334664 155.974275
83.334664 155.488812
83.334664 154.517886
82.849200 154.032422
82.849200 153.546959
82.363737 153.061496
82.363737 152.576032
81.878274 152.090569
81.878274 151.605106
81.392810 151.119642
81.392810 150.634179
80.907347 150.148716
80.907347 149.663253
80.421884 149.177789
80.421884 148.692326
80.421884 148.206863
79.936421 147.721399
79.936421 147.235936
79.450957 146.750473
79.450957 146.265010
78.965494 145.779546
78.965494 145.294083
78.480031 144.808620
78.480031 144.323156
78.480031 143.837693
77.994567 143.352230
77.994567 142.866767
77.994567 142.381303
77.509104 141.895840
77.509104 141.410377
77.509104 140.924913
77.509104 140.439450
77.023641 139.953987
77.023641 139.468524
77.023641 138.983060
77.023641 138.497597
76.538177 138.012134
76.538177 137.526670
76.538177 137.041207
76.538177 136.555744
76.538177 136.070280
76.538177 135.584817
76.538177 135.099354
76.538177 134.613891
76.538177 134.128427
76.538177 133.157501
76.538177 132.672037
77.023641 132.186574
77.023641 131.701111
77.023641 131.215648
77.023641 130.730184
77.023641 130.244721
77.023641 129.759258
77.509104 128.788331
77.509104 128.302868
77.509104 127.817405
77.509104 127.331941
77.509104 126.846478
77.509104 126.361015
77.509104 125.875551
77.994567 125.390088
77.994567 124.904625
77.994567 124.419162
77.994567 123.933698
77.994567 123.448235
77.994567 122.962772
77.994567 122.477308
77.994567 121.991845
77.994567 121.506382
77.994567 121.020918
77.994567 120.535455
77.994567 120.049992
77.994567 119.564529
77.994567 119.079065
77.994567 118.593602
77.994567 117.622675
77.994567 117.137212
77.994567 116.651749
77.994567 116.166286
77.994567 115.680822
77.994567 115.195359
77.994567 114.709896
77.994567 114.224432
77.994567 113.738969
78.480031 113.253506
78.480031 112.768043
78.480031 112.282579
78.965494 111.797116
78.965494 111.311653
79.450957 110.826189
79.450957 110.340726
79.450957 109.369800
79.936421 108.884336
79.936421 108.398873
80.421884 107.913410
80.421884 107.427946
80.421884 106.942483
80.907347 106.457020
80.907347 105.971556
81.392810 105.486093
81.878274 105.000630
82.363737 104.515167
82.363737 104.029703
82.849200 103.544240
83.334664 103.058777
83.820127 102.573313
84.305590 101.602387
84.791053 101.116924
85.276517 100.631460
85.761980 100.145997
85.761980 99.660534
86.247443 99.175070
86.732907 98.689607
87.218370 98.204144
87.703833 98.204144
88.189296 97.718681
88.674760 97.718681
89.160223 97.718681
89.160223 97.233217
89.645686 97.233217
90.131150 96.747754
90.616613 96.747754
91.102076 96.262291
91.587539 96.262291
92.073003 95.776827
92.558466 95.776827
92.558466 95.291364
93.043929 95.291364
93.529393 94.805901
94.014856 94.805901
94.500319 94.320438
94.500319 93.834974
94.985783 93.834974
95.471246 93.349511
95.956709 93.349511
95.956709 92.864048
96.442172 93.349511
96.927636 92.864048
97.413099 92.864048
97.413099 93.349511
97.898562 93.349511
98.384026 93.834974
98.869489 94.320438
99.354952 94.805901
99.354952 95.291364
99.840415 95.291364
99.840415 95.776827
100.325879 95.776827
