103.663478 124.171404
103.967100 124.475026
104.270722 124.778648
104.574344 125.082270
104.877966 125.385892
105.181588 125.689514
105.485210 125.993136
105.788832 126.296758
106.092454 126.600380
106.396076 126.904003
106.699699 127.207625
107.003321 127.511247
107.306943 127.814869
107.306943 128.118491
107.610565 128.422113
107.306943 128.725735
107.610565 129.029357
107.610565 129.332979
107.914187 129.332979
107.914187 129.636601
107.914187 129.940223
107.914187 130.243845
108.217809 130.243845
108.217809 130.547468
108.217809 130.851090
108.521431 131.154712
108.521431 131.458334
108.521431 131.761956
108.825053 132.065578
108.825053 132.369200
109.128675 132.672822
109.128675 132.976444
109.432297 133.280066
109.432297 133.583688
109.735919 133.887310
109.735919 134.190933
109.735919 134.494555
110.039542 134.494555
110.039542 134.798177
110.039542 134.494555
110.039542 134.798177
110.343164 135.101799
110.343164 135.405421
110.646786 135.405421
110.646786 135.709043
110.646786 136.012665
110.950408 136.012665
110.950408 136.316287
111.254030 136.316287
111.254030 136.619909
111.557652 136.923531
111.557652 137.227153
111.861274 137.227153
111.861274 137.530776
112.164896 137.834398
112.468518 138.138020
112.468518 138.441642
112.772140 138.441642
113.075762 138.745264
113.075762 139.048886
113.379384 139.352508
113.379384 139.656130
113.683007 139.656130
113.986629 139.959752
114.290251 140.263374
114.290251 140.566996
114.593873 140.566996
114.897495 140.870618
115.201117 141.174241
115.504739 141.477863
115.808361 141.781485
116.111983 141.781485
116.111983 142.085107
116.415605 142.085107
116.719227 142.388729
117.022849 142.692351
117.326472 142.995973
117.326472 143.603217
117.630094 143.906839
117.933716 144.514083
117.933716 144.817706
118.237338 145.121328
118.540960 145.728572
118.540960 146.032194
118.844582 146.335816
119.148204 146.639438
119.451826 146.943060
119.755448 147.246682
119.755448 147.550304
120.059070 147.853926
120.362692 148.157549
120.666315 148.157549
120.969937 148.461171
121.273559 148.461171
121.577181 148.764793
121.880803 148.764793
122.184425 149.068415
122.488047 149.068415
122.791669 149.372037
123.095291 149.372037
123.398913 149.675659
124.006157 149.675659
124.309780 149.979281
124.613402 149.979281
124.917024 150.282903
125.220646 150.282903
125.524268 150.586525
125.827890 150.586525
126.131512 150.890147
126.435134 150.890147
126.738756 151.193769
127.042378 151.193769
127.346000 151.497391
127.649622 151.497391
127.953245 151.801014
128.256867 151.801014
128.560489 151.801014
128.864111 151.801014
129.471355 151.801014
129.774977 151.801014
130.078599 151.801014
130.382221 151.497391
130.685843 151.497391
130.989465 151.497391
131.596710 151.497391
131.900332 151.497391
132.203954 151.497391
132.507576 151.497391
132.811198 151.497391
133.418442 151.497391
133.722064 151.497391
134.025686 151.497391
134.329308 151.193769
134.632930 151.193769
134.936553 151.193769
135.543797 151.193769
135.847419 151.193769
136.151041 151.193769
136.454663 151.193769
136.758285 151.193769
137.061907 151.193769
137.669151 151.193769
137.972773 151.193769
138.276395 151.193769
138.580018 151.193769
138.883640 150.890147
139.187262 150.890147
139.794506 150.890147
140.098128 150.890147
140.401750 150.890147
140.705372 150.890147
141.008994 150.890147
141.312616 150.890147
141.919861 150.890147
142.223483 150.890147
142.527105 150.890147
142.830727 150.890147
143.134349 150.890147
143.437971 150.890147
144.045215 150.586525
143.741593 150.890147
143.741593 151.193769
143.741593 151.801014
143.437971 152.104636
143.437971 152.408258
143.437971 152.711880
143.134349 153.015502
143.134349 153.319124
142.830727 153.622746
142.830727 153.926368
142.830727 154.229990
142.527105 154.533612
142.527105 154.837234
142.223483 155.140856
141.919861 155.444479
141.616238 155.748101
141.312616 155.748101
141.008994 156.051723
140.705372 156.355345
140.401750 156.658967
140.098128 156.658967
139.794506 156.962589
139.490884 157.266211
139.187262 157.569833
138.883640 157.569833
138.580018 157.873455
138.276395 158.177077
137.972773 158.480699
137.669151 158.784322
137.365529 159.087944
137.365529 159.391566
137.061907 159.695188
136.758285 159.998810
136.454663 160.302432
136.454663 160.606054
136.151041 160.909676
135.847419 161.213298
135.543797 161.516920
135.240175 161.820542
134.936553 162.124164
134.632930 162.427787
134.329308 162.731409
134.025686 163.035031
133.722064 163.338653
133.418442 163.642275
133.418442 163.945897
133.114820 164.249519
132.811198 164.553141
132.507576 164.856763
132.507576 165.160385
132.203954 165.464007
131.900332 165.767629
131.596710 166.071252
131.596710 166.374874
131.293088 166.678496
130.989465 166.982118
130.685843 167.285740
130.382221 167.589362
130.078599 167.589362
129.774977 167.892984
129.471355 168.196606
129.167733 168.500228
128.560489 168.803850
128.256867 169.107472
127.953245 169.411095
127.649622 169.411095
127.346000 169.714717
127.042378 170.018339
126.738756 170.321961
126.435134 170.625583
126.131512 170.929205
125.524268 171.232827
125.220646 171.232827
124.917024 171.232827
124.613402 171.232827
124.309780 171.232827
124.006157 171.232827
123.398913 171.232827
123.095291 171.232827
122.791669 171.232827
122.488047 171.232827
122.184425 171.232827
121.577181 171.232827
121.273559 171.232827
120.969937 171.232827
120.666315 171.232827
120.362692 171.232827
120.059070 171.232827
119.451826 171.232827
119.148204 171.232827
118.844582 171.232827
118.540960 171.232827
118.237338 171.232827
117.933716 171.232827
117.630094 171.232827
117.326472 171.536449
117.022849 171.536449
116.719227 171.536449
116.415605 171.536449
116.111983 171.536449
115.808361 171.840071
115.504739 171.840071
115.201117 171.840071
114.897495 171.840071
114.593873 171.840071
114.290251 171.840071
113.986629 171.840071
113.683007 171.840071
113.379384 171.840071
113.075762 171.840071
112.772140 171.840071
112.468518 171.840071
112.164896 171.840071
111.861274 171.536449
111.557652 171.232827
111.254030 171.232827
110.950408 170.929205
110.646786 170.625583
110.343164 170.321961
110.039542 170.018339
109.735919 170.018339
109.432297 169.714717
109.128675 169.411095
108.825053 169.107472
108.521431 168.803850
108.217809 168.803850
107.914187 168.500228
107.306943 168.196606
107.003321 167.892984
107.003321 167.589362
106.699699 167.285740
106.699699 166.982118
106.396076 166.678496
106.396076 166.374874
106.396076 166.071252
106.092454 165.464007
106.092454 165.160385
106.092454 164.856763
105.788832 164.553141
105.788832 164.249519
105.485210 163.945897
105.485210 163.338653
105.485210 163.035031
105.181588 162.731409
105.485210 162.427787
105.485210 162.124164
105.485210 161.820542
105.485210 161.516920
105.485210 161.213298
105.788832 160.909676
105.788832 160.606054
105.788832 160.302432
105.788832 159.998810
106.092454 159.695188
106.092454 159.391566
106.396076 159.087944
106.396076 158.784322
106.699699 158.480699
107.003321 158.177077
107.003321 157.873455
107.306943 157.569833
107.306943 156.962589
107.610565 156.658967
107.610565 156.355345
107.610565 156.051723
107.914187 155.748101
107.914187 155.444479
107.914187 155.140856
108.217809 154.837234
108.217809 154.533612
108.217809 154.229990
108.521431 153.622746
108.521431 153.319124
108.521431 153.015502
108.825053 152.711880
108.825053 152.408258
108.825053 152.104636
109.128675 151.801014
109.128675 151.497391
109.128675 151.193769
108.825053 150.890147
108.825053 150.586525
108.825053 150.282903
108.521431 149.979281
108.521431 149.675659
108.521431 149.372037
108.217809 149.068415
108.217809 148.764793
107.914187 148.461171
107.914187 147.853926
107.914187 147.550304
107.610565 147.246682
107.610565 146.943060
107.306943 146.639438
107.306943 146.335816
107.003321 146.032194
106.699699 145.728572
106.396076 145.424950
106.396076 145.121328
106.092454 144.817706
105.788832 144.514083
105.788832 144.210461
105.485210 143.906839
105.181588 143.603217
104.877966 143.299595
104.877966 142.995973
104.574344 142.692351
104.270722 142.388729
104.270722 142.085107
103.967100 141.781485
103.967100 141.477863
103.663478 141.174241
103.359856 140.870618
103.359856 140.566996
103.056234 140.263374
103.056234 139.959752
103.056234 139.656130
102.752611 139.352508
102.752611 139.048886
102.752611 138.745264
102.752611 138.441642
102.448989 138.138020
102.448989 137.834398
102.448989 137.530776
102.448989 137.227153
102.448989 136.923531
102.448989 136.316287
102.448989 136.012665
102.448989 135.709043
102.448989 135.405421
102.448989 135.101799
102.448989 134.798177
102.448989 134.494555
102.448989 134.190933
102.448989 133.887310
102.448989 133.583688
102.448989 133.280066
102.448989 132.672822
102.448989 132.369200
102.448989 132.065578
102.145367 131.761956
102.145367 131.458334
101.841745 131.154712
101.841745 130.851090
101.538123 130.243845
101.538123 129.940223
101.234501 129.636601
101.234501 129.332979
100.930879 129.029357
100.930879 128.725735
100.627257 128.422113
100.627257 127.814869
100.323635 127.511247
100.323635 127.207625
100.323635 126.904003
100.323635 126.600380
100.323635 126.296758
100.323635 125.993136
100.323635 125.689514
100.323635 125.385892
100.323635 125.082270
100.323635 124.778648
100.627257 124.778648
100.930879 124.475026
101.234501 124.475026
101.538123 124.475026
101.841745 124.475026
102.448989 124.475026
102.752611 124.475026
103.056234 124.171404
103.359856 124.171404
103.663478 124.171404
