94.696411 103.324428
95.086809 103.324428
95.477207 103.324428
95.867605 103.324428
96.258002 103.714826
96.648400 104.105224
96.648400 104.495622
97.038798 104.495622
97.429196 104.495622
97.819594 104.886019
98.209991 105.276417
98.600389 105.666815
98.990787 106.057213
99.381185 106.447611
99.771583 106.447611
100.161980 106.838008
100.161980 107.228406
100.161980 107.618804
100.161980 108.009202
100.161980 108.399600
100.161980 108.789997
100.161980 109.180395
100.161980 109.570793
100.161980 109.961191
100.161980 110.351589
100.161980 110.741987
100.161980 111.132384
100.161980 111.522782
100.161980 111.913180
100.161980 112.303578
100.161980 112.693976
100.552378 112.693976
100.552378 113.084373
100.552378 113.474771
100.552378 113.865169
100.552378 114.255567
100.552378 114.645965
100.552378 115.036362
100.942776 115.036362
100.942776 115.426760
100.942776 115.817158
100.942776 116.207556
100.942776 116.597954
101.333174 116.988351
101.333174 117.378749
101.333174 117.769147
101.333174 117.378749
101.333174 117.769147
101.333174 117.378749
101.333174 117.769147
101.723572 118.159545
101.723572 118.549943
101.723572 118.940341
101.723572 119.330738
101.723572 119.721136
102.113969 119.721136
102.113969 120.111534
102.113969 119.721136
102.113969 120.111534
102.113969 120.501932
102.113969 120.892330
102.504367 120.892330
102.504367 121.282727
102.504367 120.892330
102.504367 121.282727
102.894765 121.673125
102.894765 122.063523
102.894765 122.453921
103.285163 122.844319
103.285163 123.234716
103.675561 123.625114
103.675561 124.015512
103.675561 124.405910
104.065959 124.405910
104.065959 124.796308
104.065959 125.186705
104.456356 125.186705
104.456356 125.577103
104.846754 125.967501
104.846754 126.357899
105.237152 126.748297
105.237152 127.138695
105.627550 127.529092
105.627550 127.919490
106.017948 128.309888
106.017948 128.700286
106.408345 128.700286
106.408345 129.090684
106.798743 129.481081
106.798743 129.871479
107.189141 130.261877
107.189141 129.871479
107.189141 130.261877
107.579539 130.652275
107.579539 131.042673
107.969937 131.042673
108.360334 131.433070
108.360334 131.823468
108.750732 132.213866
109.141130 132.604264
109.141130 132.994662
109.531528 132.994662
109.921926 133.385059
109.921926 133.775457
110.312323 133.775457
110.702721 134.165855
110.702721 134.556253
110.702721 134.165855
110.702721 134.556253
111.093119 134.946651
111.483517 135.337049
111.483517 135.727446
111.873915 135.727446
112.264312 136.117844
112.654710 136.508242
113.045108 136.508242
113.435506 136.898640
113.825904 137.289038
114.216302 137.679435
114.606699 138.069833
114.997097 138.460231
115.387495 138.850629
115.777893 138.850629
116.168291 139.241027
116.558688 139.631424
116.949086 140.021822
117.339484 140.021822
117.729882 140.412220
118.120280 140.802618
118.510677 140.802618
118.901075 141.193016
119.291473 141.583413
119.681871 141.583413
120.072269 141.973811
120.462666 141.973811
120.853064 142.364209
121.243462 142.364209
121.633860 142.754607
122.024258 142.754607
122.414656 143.145005
122.805053 143.145005
123.195451 143.535403
123.585849 143.535403
123.976247 143.925800
124.366645 143.925800
124.757042 144.316198
125.147440 144.316198
125.537838 144.316198
125.928236 144.706596
126.318634 144.706596
126.709031 145.096994
127.099429 145.096994
127.489827 145.096994
127.880225 145.487392
128.270623 145.487392
128.661020 145.487392
129.051418 145.487392
129.441816 145.877789
129.832214 145.877789
130.222612 145.877789
130.613010 146.268187
131.003407 146.268187
131.393805 146.268187
131.784203 146.268187
132.174601 146.658585
132.955396 147.439381
133.345794 147.829778
133.736192 148.610574
134.126590 149.000972
134.516988 149.781767
134.907385 150.172165
135.297783 150.952961
136.078579 151.343359
136.468977 152.124154
136.859374 152.514552
137.249772 153.295348
137.640170 154.076143
138.030568 154.466541
138.811364 155.247337
139.201761 155.637735
139.592159 156.418530
139.201761 156.808928
139.201761 157.199326
138.811364 157.589724
138.420966 157.980121
138.030568 158.370519
138.030568 158.760917
137.640170 159.151315
137.249772 159.541713
137.249772 159.932110
136.859374 160.322508
136.468977 161.103304
136.468977 161.493702
136.078579 161.884100
135.688181 162.274497
135.297783 162.274497
134.907385 162.664895
134.516988 162.664895
134.126590 163.055293
133.736192 163.055293
133.345794 163.445691
132.955396 163.445691
132.564999 163.445691
132.174601 163.836089
131.784203 163.836089
131.003407 164.226486
130.613010 164.226486
130.222612 164.226486
129.832214 164.616884
129.441816 164.616884
129.051418 165.007282
128.661020 165.007282
128.270623 165.007282
127.880225 165.397680
127.489827 165.397680
127.099429 165.788078
126.318634 165.788078
125.928236 166.178475
125.537838 166.178475
125.147440 166.568873
124.757042 166.568873
124.366645 166.959271
123.976247 166.959271
123.585849 167.349669
123.195451 167.349669
122.805053 167.740067
122.024258 167.740067
121.633860 168.130464
121.243462 168.130464
120.853064 168.520862
120.462666 168.520862
120.072269 168.911260
119.681871 168.911260
118.901075 168.911260
118.510677 168.911260
118.120280 168.911260
117.729882 168.911260
116.949086 168.911260
116.558688 168.911260
116.168291 168.911260
115.777893 168.911260
114.997097 168.911260
114.606699 168.911260
114.216302 168.911260
113.825904 168.520862
113.045108 168.520862
112.654710 168.520862
112.264312 168.520862
111.873915 168.520862
111.093119 168.520862
110.702721 168.520862
110.312323 168.520862
109.921926 168.520862
109.141130 168.520862
108.750732 168.520862
108.360334 168.520862
107.969937 168.520862
107.579539 168.520862
107.189141 167.740067
106.798743 167.349669
106.408345 166.959271
106.408345 166.568873
106.017948 166.178475
105.627550 165.788078
105.237152 165.397680
104.846754 165.007282
104.846754 164.616884
104.456356 164.226486
104.065959 163.836089
103.675561 163.055293
103.285163 162.664895
103.285163 162.274497
102.894765 161.884100
102.504367 161.884100
102.113969 161.493702
101.723572 161.103304
100.942776 160.712906
100.552378 160.712906
100.161980 160.322508
99.771583 159.932110
99.381185 159.541713
98.990787 158.760917
98.600389 158.370519
98.209991 157.980121
97.819594 157.589724
97.429196 157.199326
97.038798 156.808928
96.648400 156.418530
96.258002 156.028132
95.867605 156.028132
95.477207 155.637735
95.086809 155.637735
94.696411 155.247337
94.306013 154.856939
93.915615 154.856939
93.525218 154.466541
93.134820 154.076143
92.744422 153.685746
92.354024 153.295348
91.963626 152.904950
91.963626 152.514552
91.573229 152.124154
91.182831 151.733756
90.792433 150.952961
90.402035 150.562563
90.402035 150.172165
90.011637 149.781767
89.621240 149.391370
89.230842 149.000972
88.840444 148.610574
88.840444 148.220176
88.450046 147.829778
88.059648 147.439381
87.669251 147.048983
87.669251 146.658585
87.278853 146.268187
86.888455 145.877789
86.498057 145.487392
86.498057 145.096994
86.498057 144.316198
86.498057 143.925800
86.498057 143.535403
86.498057 143.145005
86.498057 142.754607
86.498057 142.364209
86.107659 141.973811
86.107659 141.583413
86.107659 140.802618
86.107659 140.412220
86.107659 140.021822
86.107659 139.631424
86.107659 139.241027
86.107659 138.850629
86.107659 138.460231
86.107659 137.679435
86.107659 137.289038
86.107659 136.898640
86.107659 136.508242
86.107659 136.117844
86.107659 135.727446
86.107659 135.337049
86.107659 134.946651
86.107659 134.556253
86.107659 134.165855
86.107659 133.775457
86.107659 133.385059
86.107659 132.994662
86.107659 132.604264
86.107659 132.213866
86.107659 131.823468
86.107659 131.042673
86.107659 130.652275
86.498057 130.261877
86.498057 129.871479
86.498057 129.481081
86.498057 129.090684
86.498057 128.700286
86.498057 128.309888
86.107659 127.919490
86.107659 127.529092
86.107659 127.138695
86.107659 126.748297
86.107659 126.357899
85.717261 125.967501
85.717261 125.577103
85.717261 125.186705
85.717261 124.796308
85.717261 124.015512
85.326864 123.625114
85.326864 123.234716
85.326864 122.844319
85.326864 122.453921
85.326864 122.063523
84.936466 121.673125
84.936466 121.282727
84.936466 120.892330
84.936466 120.501932
84.936466 120.111534
84.936466 119.721136
84.936466 119.330738
84.936466 118.940341
84.936466 118.549943
84.936466 118.159545
84.936466 117.769147
84.936466 117.378749
84.936466 116.988351
84.936466 116.207556
84.936466 115.817158
84.936466 115.426760
84.936466 115.036362
84.936466 114.645965
84.936466 114.255567
84.936466 113.865169
84.936466 113.474771
84.936466 113.084373
84.936466 112.693976
84.936466 112.303578
85.326864 111.913180
85.326864 111.522782
85.326864 111.132384
85.326864 110.741987
85.717261 110.351589
86.107659 109.961191
86.107659 109.570793
86.498057 109.180395
86.498057 108.789997
86.888455 108.399600
86.888455 108.009202
87.278853 107.618804
87.669251 107.228406
87.669251 106.838008
88.059648 106.447611
88.059648 106.057213
88.450046 105.666815
88.840444 105.276417
89.230842 104.886019
89.621240 104.495622
90.011637 104.105224
90.402035 103.714826
90.011637 103.714826
90.402035 103.714826
90.792433 103.714826
91.182831 103.714826
91.573229 103.714826
91.963626 103.714826
92.354024 103.714826
92.744422 103.714826
93.134820 103.714826
93.525218 103.714826
93.915615 103.714826
94.306013 103.324428
94.696411 103.324428
