96.474096 110.818644
96.474096 111.121899
96.474096 111.425154
96.777351 111.728410
96.777351 112.031665
96.777351 112.334921
97.080607 112.638176
97.080607 112.941431
97.080607 113.244687
97.080607 113.547942
97.383862 113.547942
97.383862 113.851198
97.383862 114.154453
97.687117 114.154453
97.687117 114.457708
97.990373 114.760964
97.990373 115.064219
97.990373 115.367475
97.990373 115.670730
97.990373 115.973985
97.990373 116.277241
97.990373 116.580496
98.293628 116.580496
98.293628 116.883752
98.293628 117.187007
98.293628 117.490262
98.293628 117.793518
98.293628 118.096773
98.293628 118.400029
98.293628 118.703284
98.596884 118.703284
98.596884 119.006539
98.596884 119.309795
98.596884 119.006539
98.596884 119.309795
98.596884 119.613050
98.596884 119.916306
98.596884 120.219561
98.900139 120.219561
98.900139 120.522817
98.900139 120.826072
98.900139 121.129327
99.203394 121.129327
99.203394 121.432583
99.203394 121.735838
99.203394 122.039094
99.203394 122.342349
99.506650 122.342349
99.506650 122.645604
99.506650 122.948860
99.809905 123.252115
99.809905 123.555371
99.809905 123.858626
100.113161 123.858626
100.113161 124.161881
100.113161 124.465137
100.113161 124.768392
100.416416 124.768392
100.416416 125.071648
100.416416 124.768392
100.416416 125.071648
100.416416 124.768392
100.416416 125.071648
100.719671 125.374903
100.719671 125.678158
100.719671 125.981414
101.022927 125.981414
101.022927 126.284669
101.326182 126.587925
101.326182 126.891180
101.629438 127.194435
101.629438 127.497691
101.932693 127.800946
101.932693 128.104202
102.235948 128.407457
102.539204 128.710712
102.539204 129.013968
102.842459 129.317223
102.842459 129.620479
103.145715 129.923734
103.145715 130.226989
103.448970 130.226989
103.448970 130.530245
103.752225 130.833500
104.055481 131.136756
104.358736 131.440011
104.358736 131.743267
104.358736 132.046522
104.661992 132.046522
104.965247 132.349777
105.268503 132.653033
105.268503 132.956288
105.571758 133.259544
105.571758 133.562799
105.875013 133.562799
106.178269 133.866054
106.178269 134.169310
106.481524 134.472565
106.784780 134.775821
107.088035 135.079076
107.088035 135.382331
107.391290 135.382331
107.694546 135.685587
107.997801 135.988842
107.997801 136.292098
108.301057 136.292098
108.604312 136.595353
108.604312 136.898608
108.907567 136.898608
109.210823 137.201864
109.514078 137.505119
109.514078 137.808375
109.817334 137.808375
110.120589 138.111630
110.423844 138.414885
110.727100 138.718141
111.030355 139.021396
111.333611 139.324652
111.333611 139.627907
111.333611 139.931162
111.636866 139.931162
111.940121 140.234418
112.243377 140.537673
112.546632 140.840929
112.849888 141.144184
113.153143 141.447440
113.456398 141.750695
113.759654 142.053950
114.062909 142.357206
114.366165 142.660461
114.669420 142.963717
114.972676 143.266972
115.275931 143.570227
115.579186 143.873483
115.882442 144.176738
116.185697 144.176738
116.488953 144.479994
116.792208 144.783249
117.095463 145.086504
117.398719 145.086504
117.701974 145.389760
118.005230 145.693015
118.308485 145.996271
118.611740 145.996271
118.914996 146.299526
119.218251 146.299526
119.521507 146.602781
119.824762 146.906037
120.128017 146.906037
120.431273 147.209292
120.734528 147.209292
121.037784 147.512548
121.341039 147.512548
121.644294 147.815803
121.947550 147.815803
122.250805 148.119058
122.554061 148.119058
122.857316 148.422314
123.160571 148.422314
123.463827 148.725569
123.767082 148.725569
124.070338 148.725569
124.373593 149.028825
124.676849 149.028825
124.980104 149.332080
125.283359 149.332080
125.586615 149.332080
125.889870 149.635335
126.193126 149.635335
126.496381 149.635335
126.799636 149.635335
127.102892 149.938591
127.406147 149.938591
127.709403 149.938591
128.012658 150.241846
128.315913 150.241846
128.619169 150.241846
128.922424 150.241846
129.225680 150.241846
129.528935 150.545102
129.832190 150.545102
130.135446 150.545102
130.438701 150.545102
130.741957 150.545102
131.045212 150.545102
131.348467 150.545102
131.651723 150.848357
131.954978 151.151613
131.651723 151.454868
131.348467 151.758123
131.045212 152.061379
131.348467 152.364634
131.651723 152.667890
131.651723 152.971145
131.954978 153.274400
131.954978 153.577656
131.954978 153.880911
131.954978 154.184167
131.954978 154.487422
131.954978 154.790677
131.954978 155.093933
131.954978 155.397188
131.954978 155.093933
131.954978 155.397188
131.954978 155.700444
131.651723 156.003699
131.651723 156.306954
131.348467 156.610210
131.348467 156.913465
131.045212 156.913465
130.741957 157.216721
130.438701 157.519976
130.135446 157.519976
129.832190 157.823231
129.528935 157.823231
129.225680 157.823231
128.922424 157.823231
128.619169 157.823231
128.315913 157.823231
128.012658 157.823231
127.709403 157.823231
127.406147 157.823231
127.102892 157.823231
126.799636 157.823231
126.496381 157.823231
126.193126 157.823231
125.889870 157.823231
125.586615 157.823231
125.283359 157.823231
124.980104 157.823231
124.676849 157.823231
124.373593 157.823231
124.070338 157.823231
123.767082 157.823231
123.463827 157.823231
123.160571 157.823231
122.857316 157.823231
122.554061 157.823231
122.250805 157.823231
121.947550 157.823231
121.644294 157.823231
121.341039 157.823231
121.037784 157.823231
120.734528 157.823231
120.431273 157.823231
120.128017 157.823231
119.824762 157.823231
119.521507 157.823231
119.218251 157.823231
118.914996 157.823231
118.611740 157.823231
118.308485 157.823231
118.005230 157.823231
117.701974 157.823231
117.398719 157.823231
117.095463 157.823231
116.792208 157.823231
116.488953 157.823231
116.185697 157.823231
115.882442 157.823231
115.579186 157.823231
115.275931 157.823231
114.972676 157.823231
114.669420 157.823231
114.366165 157.823231
114.062909 157.823231
113.759654 157.823231
113.456398 157.823231
113.153143 157.823231
112.849888 157.823231
112.546632 157.823231
112.243377 157.823231
111.940121 157.519976
111.636866 157.519976
111.333611 157.216721
111.030355 156.913465
110.727100 156.913465
110.423844 156.913465
110.120589 156.913465
109.817334 156.913465
109.514078 156.913465
109.210823 156.913465
108.907567 156.913465
108.604312 156.913465
108.301057 156.913465
107.997801 156.913465
107.694546 156.913465
107.391290 156.913465
107.088035 156.913465
106.784780 156.610210
106.481524 156.610210
106.178269 156.610210
105.875013 156.306954
105.571758 156.306954
105.268503 156.003699
104.965247 156.003699
104.661992 156.003699
104.358736 155.700444
104.055481 155.700444
103.752225 155.397188
103.448970 155.093933
103.145715 154.487422
102.842459 154.184167
102.842459 153.880911
102.539204 153.577656
102.235948 153.274400
101.932693 152.971145
101.629438 152.667890
101.326182 152.364634
101.022927 152.061379
100.719671 151.758123
100.416416 151.454868
100.416416 151.151613
99.809905 150.848357
99.506650 150.545102
99.203394 150.241846
98.900139 149.938591
98.596884 149.635335
98.293628 149.332080
97.990373 149.028825
97.990373 148.725569
97.687117 148.422314
97.383862 148.119058
97.080607 147.815803
96.777351 147.512548
96.777351 147.209292
96.474096 146.906037
96.170840 146.602781
95.867585 146.299526
95.564330 145.996271
95.564330 145.693015
95.261074 145.389760
94.957819 145.086504
94.654563 144.783249
94.654563 144.479994
94.351308 144.176738
94.048053 143.873483
94.048053 143.570227
93.744797 143.266972
93.744797 142.963717
93.441542 142.357206
93.138286 142.053950
93.138286 141.750695
92.835031 141.447440
92.835031 141.144184
92.531775 140.840929
92.531775 140.537673
92.228520 140.234418
92.228520 139.931162
92.228520 139.627907
91.925265 139.324652
91.925265 138.718141
91.925265 138.414885
91.622009 138.111630
91.622009 137.808375
91.622009 137.505119
91.318754 137.201864
91.318754 136.898608
91.318754 136.595353
91.318754 136.292098
91.318754 135.988842
91.318754 135.685587
91.015498 135.382331
91.015498 135.079076
91.015498 134.775821
91.015498 134.472565
91.015498 134.169310
91.015498 133.866054
91.015498 133.562799
91.015498 133.259544
91.015498 132.653033
91.015498 132.349777
91.015498 132.046522
91.015498 131.743267
91.015498 131.440011
91.015498 131.136756
91.015498 130.833500
91.015498 130.530245
91.015498 130.226989
91.015498 129.923734
91.015498 129.620479
91.015498 129.317223
91.015498 129.013968
91.015498 128.710712
91.015498 128.407457
91.015498 128.104202
91.015498 127.800946
91.015498 127.497691
91.015498 127.194435
91.015498 126.891180
91.015498 126.587925
91.015498 126.284669
91.015498 125.981414
91.015498 125.678158
91.015498 125.374903
91.015498 125.071648
91.015498 124.768392
91.015498 124.465137
91.015498 124.161881
91.015498 123.858626
91.015498 123.555371
91.015498 123.252115
91.015498 122.948860
91.015498 122.645604
91.015498 122.342349
91.015498 122.039094
91.015498 121.735838
91.015498 121.432583
91.015498 121.129327
91.015498 120.826072
91.015498 120.522817
91.015498 120.219561
91.015498 119.916306
91.015498 119.309795
91.015498 119.006539
91.015498 118.703284
91.015498 118.400029
91.015498 118.096773
91.015498 117.793518
91.015498 117.490262
91.015498 117.187007
91.015498 116.883752
91.318754 116.580496
91.318754 116.277241
91.318754 115.973985
91.318754 115.670730
91.318754 115.367475
91.318754 115.064219
91.318754 114.760964
91.318754 114.457708
91.318754 114.154453
91.318754 113.851198
91.318754 113.547942
91.318754 113.244687
91.318754 112.941431
91.318754 112.638176
91.318754 112.334921
91.622009 111.728410
91.622009 111.425154
91.622009 111.121899
91.622009 110.818644
91.622009 110.515388
91.622009 110.212133
91.318754 110.212133
91.622009 110.212133
91.925265 110.212133
91.622009 110.212133
91.925265 110.212133
91.622009 110.212133
91.925265 110.212133
92.228520 110.212133
92.531775 110.212133
92.835031 110.212133
93.138286 110.212133
93.441542 110.212133
93.744797 110.212133
94.048053 110.212133
94.351308 110.212133
94.654563 110.212133
94.351308 110.212133
94.048053 110.212133
93.744797 110.212133
94.048053 110.212133
94.351308 110.212133
94.654563 110.212133
94.957819 109.908877
95.261074 109.908877
95.564330 109.908877
95.867585 109.908877
96.170840 109.908877
96.170840 109.605622
96.170840 109.908877
96.170840 110.212133
96.170840 109.908877
96.170840 109.605622
96.170840 109.908877
96.170840 110.212133
96.170840 110.515388
96.474096 110.818644
