103.001941 77.530625
103.001941 79.069385
103.001941 80.608145
101.463181 82.146904
101.463181 83.685664
99.924421 85.224424
99.924421 86.763184
98.385662 88.301944
98.385662 89.840704
96.846902 91.379464
96.846902 92.918223
96.846902 94.456983
96.846902 95.995743
95.308142 97.534503
95.308142 99.073263
95.308142 100.612023
95.308142 102.150783
95.308142 103.689542
95.308142 105.228302
95.308142 106.767062
95.308142 108.305822
96.846902 108.305822
96.846902 109.844582
96.846902 111.383342
96.846902 112.922102
98.385662 114.460861
98.385662 115.999621
98.385662 117.538381
99.924421 117.538381
99.924421 119.077141
99.924421 120.615901
101.463181 120.615901
101.463181 122.154661
101.463181 120.615901
101.463181 122.154661
101.463181 120.615901
101.463181 122.154661
101.463181 120.615901
101.463181 122.154661
101.463181 120.615901
101.463181 122.154661
101.463181 123.693421
103.001941 123.693421
104.540701 125.232180
103.001941 123.693421
101.463181 122.154661
101.463181 120.615901
101.463181 122.154661
103.001941 123.693421
103.001941 125.232180
104.540701 125.232180
104.540701 126.770940
106.079461 126.770940
104.540701 125.232180
103.001941 125.232180
103.001941 123.693421
101.463181 122.154661
101.463181 120.615901
101.463181 122.154661
103.001941 123.693421
103.001941 125.232180
104.540701 125.232180
106.079461 126.770940
107.618221 128.309700
109.156981 129.848460
110.695740 131.387220
112.234500 131.387220
110.695740 131.387220
109.156981 129.848460
107.618221 128.309700
106.079461 128.309700
106.079461 126.770940
104.540701 125.232180
103.001941 123.693421
101.463181 122.154661
101.463181 120.615901
101.463181 122.154661
103.001941 123.693421
103.001941 125.232180
104.540701 125.232180
106.079461 126.770940
107.618221 128.309700
109.156981 129.848460
110.695740 131.387220
112.234500 131.387220
110.695740 131.387220
109.156981 129.848460
107.618221 128.309700
106.079461 128.309700
106.079461 126.770940
104.540701 125.232180
103.001941 123.693421
101.463181 122.154661
101.463181 120.615901
101.463181 122.154661
103.001941 123.693421
103.001941 125.232180
104.540701 125.232180
106.079461 126.770940
107.618221 128.309700
109.156981 129.848460
110.695740 131.387220
112.234500 131.387220
110.695740 131.387220
109.156981 129.848460
107.618221 128.309700
106.079461 128.309700
106.079461 126.770940
104.540701 125.232180
103.001941 123.693421
101.463181 122.154661
101.463181 120.615901
101.463181 122.154661
103.001941 123.693421
103.001941 125.232180
104.540701 125.232180
106.079461 126.770940
107.618221 128.309700
109.156981 129.848460
110.695740 131.387220
112.234500 131.387220
110.695740 131.387220
109.156981 129.848460
107.618221 128.309700
106.079461 128.309700
106.079461 126.770940
104.540701 125.232180
103.001941 123.693421
101.463181 122.154661
101.463181 120.615901
101.463181 122.154661
103.001941 123.693421
103.001941 125.232180
104.540701 125.232180
106.079461 126.770940
107.618221 128.309700
109.156981 129.848460
110.695740 131.387220
112.234500 131.387220
110.695740 131.387220
109.156981 129.848460
107.618221 128.309700
106.079461 128.309700
106.079461 126.770940
104.540701 125.232180
103.001941 123.693421
101.463181 122.154661
101.463181 120.615901
101.463181 122.154661
103.001941 123.693421
103.001941 125.232180
104.540701 125.232180
106.079461 126.770940
107.618221 128.309700
109.156981 129.848460
110.695740 131.387220
112.234500 131.387220
110.695740 131.387220
109.156981 129.848460
107.618221 128.309700
106.079461 128.309700
106.079461 126.770940
104.540701 125.232180
103.001941 123.693421
101.463181 122.154661
101.463181 123.693421
103.001941 123.693421
104.540701 125.232180
104.540701 126.770940
106.079461 126.770940
107.618221 128.309700
109.156981 129.848460
109.156981 131.387220
110.695740 131.387220
112.234500 131.387220
113.773260 132.925980
115.312020 132.925980
116.850780 134.464740
118.389540 134.464740
119.928300 136.003499
121.467059 136.003499
123.005819 137.542259
124.544579 139.081019
126.083339 139.081019
127.622099 140.619779
129.160859 142.158539
130.699619 142.158539
132.238378 142.158539
133.777138 143.697299
135.315898 143.697299
136.854658 145.236059
138.393418 146.774818
139.932178 148.313578
139.932178 149.852338
139.932178 151.391098
141.470938 152.929858
141.470938 154.468618
143.009697 156.007378
143.009697 157.546137
143.009697 159.084897
141.470938 160.623657
141.470938 162.162417
141.470938 163.701177
141.470938 165.239937
141.470938 166.778697
139.932178 168.317456
138.393418 169.856216
136.854658 169.856216
135.315898 171.394976
133.777138 172.933736
132.238378 172.933736
130.699619 174.472496
129.160859 176.011256
127.622099 177.550016
126.083339 177.550016
124.544579 179.088775
123.005819 179.088775
121.467059 180.627535
119.928300 180.627535
118.389540 180.627535
116.850780 182.166295
115.312020 182.166295
113.773260 182.166295
112.234500 183.705055
110.695740 183.705055
109.156981 185.243815
107.618221 185.243815
106.079461 185.243815
104.540701 186.782575
103.001941 186.782575
101.463181 188.321335
99.924421 188.321335
98.385662 189.860094
96.846902 191.398854
95.308142 191.398854
93.769382 189.860094
92.230622 189.860094
90.691862 188.321335
89.153102 188.321335
87.614343 188.321335
86.075583 186.782575
84.536823 186.782575
82.998063 186.782575
81.459303 185.243815
81.459303 183.705055
79.920543 182.166295
78.381783 180.627535
78.381783 179.088775
76.843024 177.550016
75.304264 176.011256
75.304264 174.472496
75.304264 172.933736
73.765504 171.394976
73.765504 169.856216
73.765504 168.317456
72.226744 166.778697
72.226744 165.239937
72.226744 163.701177
72.226744 162.162417
72.226744 160.623657
70.687984 159.084897
70.687984 157.546137
70.687984 156.007378
70.687984 152.929858
70.687984 151.391098
69.149224 149.852338
69.149224 148.313578
69.149224 146.774818
69.149224 145.236059
69.149224 143.697299
69.149224 142.158539
67.610464 140.619779
67.610464 139.081019
67.610464 137.542259
67.610464 136.003499
67.610464 134.464740
67.610464 132.925980
67.610464 131.387220
67.610464 129.848460
67.610464 128.309700
66.071705 126.770940
66.071705 125.232180
66.071705 123.693421
64.532945 122.154661
64.532945 120.615901
64.532945 119.077141
62.994185 117.538381
62.994185 115.999621
62.994185 114.460861
62.994185 112.922102
62.994185 111.383342
61.455425 109.844582
61.455425 108.305822
61.455425 106.767062
61.455425 105.228302
61.455425 103.689542
61.455425 102.150783
61.455425 100.612023
61.455425 99.073263
59.916665 97.534503
59.916665 95.995743
59.916665 94.456983
58.377905 92.918223
58.377905 91.379464
58.377905 89.840704
58.377905 88.301944
58.377905 86.763184
58.377905 85.224424
59.916665 83.685664
59.916665 82.146904
59.916665 80.608145
61.455425 79.069385
61.455425 77.530625
61.455425 75.991865
62.994185 74.453105
64.532945 72.914345
66.071705 71.375585
66.071705 69.836826
67.610464 68.298066
67.610464 66.759306
69.149224 66.759306
70.687984 65.220546
72.226744 65.220546
73.765504 63.681786
75.304264 63.681786
76.843024 62.143026
78.381783 62.143026
79.920543 62.143026
81.459303 62.143026
82.998063 60.604266
84.536823 60.604266
86.075583 60.604266
87.614343 60.604266
89.153102 60.604266
90.691862 60.604266
92.230622 60.604266
93.769382 60.604266
95.308142 62.143026
96.846902 63.681786
98.385662 65.220546
98.385662 66.759306
99.924421 68.298066
99.924421 69.836826
101.463181 71.375585
101.463181 72.914345
101.463181 74.453105
101.463181 75.991865
103.001941 77.530625
