95.113708 90.607298
95.626038 91.119629
96.138369 91.631959
96.650700 92.144290
97.163031 92.656621
97.675361 93.168952
97.675361 93.681283
97.675361 94.193613
97.675361 94.705944
97.675361 95.218275
97.675361 95.730606
97.675361 96.242936
97.675361 96.755267
97.675361 97.267598
97.675361 97.779929
98.187692 98.292259
98.187692 98.804590
98.187692 99.316921
98.187692 99.829252
98.187692 100.341582
98.187692 100.853913
98.700023 101.366244
98.700023 101.878575
98.700023 102.390905
98.700023 102.903236
98.700023 103.415567
99.212354 103.927898
99.212354 104.440228
99.212354 104.952559
99.212354 105.464890
99.724684 105.977221
99.724684 106.489551
99.724684 107.001882
99.724684 107.514213
100.237015 108.026544
100.237015 108.538874
100.237015 109.051205
100.749346 109.563536
100.749346 110.075867
100.749346 110.588198
100.749346 111.100528
101.261677 111.100528
101.261677 111.612859
101.261677 112.125190
101.261677 112.637521
101.261677 113.149851
101.774007 113.662182
101.774007 114.174513
101.774007 114.686844
101.774007 115.199174
102.286338 115.199174
102.286338 115.711505
102.286338 116.223836
102.286338 116.736167
102.798669 116.736167
102.798669 117.248497
102.798669 117.760828
103.311000 118.273159
103.311000 118.785490
103.311000 119.297820
103.823330 119.810151
103.823330 120.322482
104.335661 120.834813
104.335661 121.347143
104.847992 121.859474
104.847992 122.371805
105.360323 122.884136
105.360323 123.396466
105.872653 123.908797
105.872653 124.421128
105.872653 124.933459
106.384984 124.933459
106.384984 125.445789
106.897315 125.958120
106.897315 126.470451
107.409646 126.470451
107.409646 126.982782
107.921977 127.495113
107.921977 128.007443
108.434307 128.007443
108.434307 128.519774
108.946638 129.032105
109.458969 129.544436
109.458969 130.056766
109.971300 130.056766
109.971300 130.569097
110.483630 131.081428
110.995961 131.593759
111.508292 132.106089
112.020623 132.618420
112.532953 133.130751
113.045284 133.643082
113.557615 134.155412
114.069946 134.667743
114.582276 135.180074
115.094607 135.692405
115.606938 136.204735
116.119269 136.717066
116.631599 137.229397
117.143930 137.741728
117.656261 138.254058
118.168592 138.254058
118.680922 138.766389
119.193253 139.278720
119.705584 139.791051
120.217915 139.791051
120.730245 140.303381
121.242576 140.815712
121.754907 140.815712
122.267238 141.328043
122.779568 141.840374
123.291899 141.840374
123.804230 142.352704
124.316561 142.352704
124.828892 142.865035
125.341222 142.865035
125.853553 143.377366
126.365884 143.377366
126.878215 143.889697
127.390545 143.889697
127.902876 144.402028
128.415207 144.402028
128.927538 144.914358
129.439868 144.914358
129.952199 144.914358
130.464530 145.426689
130.976861 145.426689
131.489191 145.426689
132.001522 145.939020
132.513853 145.939020
133.026184 145.939020
133.538514 146.451351
134.050845 146.451351
134.563176 146.451351
135.075507 146.963681
135.587837 146.963681
136.100168 146.963681
136.612499 146.963681
137.124830 146.963681
137.637160 147.476012
138.149491 147.476012
138.661822 147.476012
139.174153 147.476012
139.686483 147.988343
140.198814 147.988343
140.711145 148.500674
141.223476 148.500674
141.735807 149.013004
142.248137 149.013004
142.760468 149.525335
143.272799 149.525335
143.785130 150.037666
144.297460 150.037666
144.809791 150.037666
145.322122 150.037666
145.834453 150.037666
146.346783 150.037666
146.346783 150.549997
146.859114 151.062327
147.371445 151.574658
147.883776 152.086989
147.883776 152.599320
147.883776 153.111650
147.883776 153.623981
148.396106 154.136312
148.908437 154.648643
148.908437 155.160973
148.908437 155.673304
148.908437 156.185635
148.908437 156.697966
148.908437 157.210296
148.908437 157.722627
148.908437 158.234958
148.908437 158.747289
148.908437 159.259620
148.396106 159.259620
148.396106 159.771950
147.883776 159.771950
147.371445 160.284281
147.371445 160.796612
146.859114 161.308943
146.346783 161.821273
145.834453 162.333604
145.322122 162.845935
144.809791 163.358266
144.297460 163.870596
143.785130 164.382927
143.272799 164.382927
142.760468 164.382927
142.248137 164.382927
141.735807 164.895258
141.223476 165.407589
140.711145 165.919919
140.198814 166.432250
139.686483 166.944581
139.174153 167.969242
138.661822 168.481573
138.149491 168.993904
137.637160 169.506235
137.124830 170.018565
136.612499 171.043227
136.100168 171.555558
135.587837 172.067888
135.075507 172.067888
134.563176 172.580219
134.050845 173.092550
133.538514 173.604881
133.026184 174.117211
132.513853 174.629542
131.489191 174.629542
130.976861 175.141873
130.464530 175.654204
129.952199 176.166535
129.439868 176.678865
128.927538 177.191196
128.415207 177.191196
127.902876 177.703527
127.390545 178.215858
126.878215 178.728188
126.365884 179.240519
125.853553 179.240519
125.341222 179.752850
124.828892 180.265181
124.316561 180.265181
123.804230 180.777511
123.291899 181.289842
122.779568 181.289842
122.267238 181.802173
121.754907 182.314504
120.730245 182.314504
120.217915 182.314504
119.705584 182.314504
119.193253 182.314504
118.680922 182.314504
118.168592 182.314504
117.656261 182.314504
117.143930 182.826834
116.119269 182.826834
115.606938 182.826834
115.094607 182.826834
114.582276 182.826834
114.069946 182.826834
113.557615 182.826834
113.045284 182.826834
112.532953 183.339165
112.020623 183.339165
111.508292 183.339165
110.995961 183.339165
110.483630 183.339165
109.971300 183.339165
109.458969 183.339165
108.946638 183.851496
108.434307 183.851496
107.409646 183.851496
106.897315 183.851496
106.384984 183.851496
105.872653 183.851496
105.360323 183.851496
104.847992 183.851496
104.335661 183.851496
103.823330 183.851496
103.311000 183.851496
102.798669 183.339165
102.286338 182.826834
101.774007 182.314504
101.261677 181.802173
100.749346 181.289842
100.237015 180.777511
99.724684 180.265181
99.212354 179.752850
98.700023 179.240519
98.187692 178.728188
97.675361 178.215858
97.163031 177.703527
96.650700 177.191196
95.626038 176.678865
95.113708 176.166535
94.601377 175.654204
94.089046 175.141873
93.576715 174.629542
93.064385 174.117211
92.552054 173.604881
92.039723 173.092550
91.527392 172.580219
91.015062 172.067888
90.502731 171.555558
89.990400 171.043227
89.990400 170.530896
89.478069 170.018565
88.965738 169.506235
88.965738 168.993904
88.453408 168.481573
88.453408 167.969242
87.941077 167.456912
87.428746 166.944581
87.428746 166.432250
86.916415 165.919919
86.916415 165.407589
86.404085 164.895258
85.891754 164.382927
85.891754 163.870596
85.379423 163.358266
84.867092 162.845935
84.867092 161.821273
84.354762 161.308943
83.842431 160.796612
83.842431 160.284281
83.330100 159.771950
82.817769 159.259620
82.305439 158.747289
82.305439 158.234958
81.793108 157.722627
81.280777 157.210296
81.280777 156.697966
81.280777 156.185635
81.280777 155.673304
81.280777 155.160973
80.768446 154.648643
80.768446 154.136312
80.768446 153.623981
80.768446 153.111650
80.768446 152.599320
80.768446 152.086989
80.768446 151.574658
80.768446 151.062327
80.768446 150.549997
80.768446 150.037666
80.768446 149.525335
80.256116 149.013004
80.256116 148.500674
80.256116 147.988343
80.256116 147.476012
79.743785 146.963681
79.743785 145.939020
79.743785 145.426689
79.231454 144.914358
79.231454 144.402028
78.719123 143.889697
78.719123 143.377366
78.206793 142.865035
78.206793 142.352704
77.694462 141.840374
77.694462 141.328043
77.182131 140.815712
77.182131 140.303381
77.182131 139.791051
76.669800 139.278720
76.669800 138.766389
76.157470 138.254058
76.157470 137.741728
76.157470 136.717066
76.157470 136.204735
76.157470 135.692405
76.157470 135.180074
76.157470 134.667743
76.157470 134.155412
76.157470 133.130751
76.157470 132.618420
76.157470 132.106089
76.157470 131.593759
76.157470 131.081428
76.157470 130.056766
76.157470 129.544436
76.157470 129.032105
76.157470 128.519774
76.157470 128.007443
76.157470 126.982782
76.157470 126.470451
76.157470 125.958120
76.157470 125.445789
76.157470 124.933459
76.157470 124.421128
76.157470 123.908797
76.157470 123.396466
76.157470 122.884136
76.157470 122.371805
76.157470 121.859474
76.157470 121.347143
76.157470 120.834813
76.157470 119.810151
76.157470 119.297820
76.157470 118.785490
76.157470 118.273159
76.157470 117.760828
76.157470 117.248497
76.157470 116.736167
76.669800 116.223836
76.669800 115.711505
76.669800 115.199174
76.669800 114.686844
76.669800 114.174513
76.669800 113.662182
76.669800 113.149851
77.182131 112.637521
77.182131 112.125190
77.182131 111.612859
77.182131 110.588198
77.694462 110.075867
77.694462 109.563536
77.694462 109.051205
77.694462 108.538874
78.206793 108.026544
78.206793 107.514213
78.206793 107.001882
78.719123 106.489551
79.231454 105.977221
79.231454 105.464890
79.743785 104.952559
80.256116 104.440228
80.256116 103.927898
80.768446 103.415567
81.280777 102.903236
81.280777 102.390905
81.793108 101.878575
81.793108 101.366244
82.305439 100.853913
82.305439 100.341582
82.817769 99.829252
83.330100 99.829252
83.330100 99.316921
83.842431 98.804590
84.354762 98.804590
84.867092 98.292259
85.379423 98.292259
85.379423 97.779929
85.891754 97.267598
86.404085 96.755267
86.916415 96.242936
87.428746 96.242936
87.428746 95.730606
87.941077 95.218275
87.941077 94.705944
88.453408 94.193613
88.965738 93.681283
89.478069 93.168952
89.478069 92.656621
89.990400 92.144290
89.990400 91.631959
90.502731 91.119629
91.015062 91.119629
91.527392 91.119629
92.039723 91.119629
92.552054 90.607298
93.064385 90.607298
93.576715 90.607298
94.089046 90.607298
94.601377 90.607298
95.113708 90.607298
95.626038 90.607298
96.138369 90.607298
96.650700 90.607298
96.138369 90.607298
95.626038 90.607298
95.113708 90.607298
