98.544085 72.808468
98.544085 73.435739
98.544085 74.063010
98.544085 74.690281
98.544085 75.317552
99.171356 75.944823
99.171356 76.572094
99.171356 77.199365
99.171356 77.826636
99.798627 78.453907
99.798627 79.081178
99.798627 79.708449
100.425898 80.335720
100.425898 80.962991
101.053169 81.590262
101.053169 82.217533
101.053169 82.844804
101.053169 83.472075
101.053169 84.099346
101.053169 84.726617
100.425898 85.353888
100.425898 85.981160
100.425898 86.608431
100.425898 87.235702
99.798627 87.862973
99.798627 88.490244
99.798627 89.117515
99.798627 89.744786
99.798627 90.372057
99.171356 90.999328
99.171356 91.626599
99.171356 92.253870
99.171356 92.881141
99.171356 93.508412
99.171356 94.135683
99.171356 94.762954
99.171356 95.390225
99.171356 96.017496
99.171356 96.644767
98.544085 97.272038
98.544085 97.899309
98.544085 98.526580
98.544085 99.153851
98.544085 99.781122
99.171356 99.781122
99.171356 100.408393
99.171356 101.035664
99.171356 101.662935
99.171356 102.290206
99.171356 102.917477
99.171356 103.544748
99.171356 104.172019
99.171356 104.799290
99.171356 105.426561
99.171356 106.053832
99.798627 106.053832
99.798627 106.681103
99.798627 107.308374
99.798627 107.935645
99.798627 108.562916
100.425898 109.190187
100.425898 109.817458
100.425898 110.444729
100.425898 111.072000
101.053169 111.699271
101.053169 112.326542
101.053169 112.953813
101.680440 113.581084
101.680440 114.208355
101.680440 114.835626
102.307711 114.835626
102.307711 115.462897
102.307711 116.090168
102.934982 116.717439
102.934982 117.344710
102.934982 117.971981
103.562253 117.971981
103.562253 118.599252
104.189524 119.226523
104.189524 119.853794
104.816795 120.481065
104.816795 121.108336
105.444066 121.108336
105.444066 121.735607
106.071337 122.362878
106.071337 122.990149
106.698608 122.990149
106.698608 123.617420
107.325879 124.244691
107.953150 124.871962
107.953150 125.499233
108.580421 125.499233
108.580421 126.126504
109.207692 126.753775
109.834963 127.381046
110.462234 128.008317
111.089505 128.635588
111.716776 129.262859
112.344047 129.890130
112.971318 130.517401
113.598589 131.144672
114.225860 131.771943
114.853131 132.399214
115.480402 132.399214
116.107673 133.026485
116.734944 133.653756
117.362215 134.281027
117.989486 134.281027
118.616757 134.908298
119.244028 135.535569
119.871299 135.535569
120.498570 136.162840
121.125841 136.790111
121.753112 136.790111
122.380383 137.417382
123.007654 137.417382
123.634925 138.044653
124.262196 138.044653
124.889467 138.671924
125.516738 138.671924
126.144009 138.671924
126.771280 139.299195
127.398551 139.299195
128.025822 139.926466
128.653093 139.926466
129.280364 139.926466
129.907635 140.553737
130.534906 140.553737
131.162177 140.553737
131.789448 140.553737
132.416719 141.181008
133.043990 141.181008
133.671261 141.181008
134.298532 141.181008
134.925803 141.181008
135.553074 141.808279
136.180345 141.808279
136.807616 141.808279
137.434887 141.808279
138.062158 141.808279
138.689429 141.808279
139.316700 141.808279
139.943971 141.808279
140.571242 141.808279
141.198513 141.808279
141.825784 142.435550
142.453055 142.435550
143.080326 142.435550
143.707597 141.808279
144.334868 141.808279
144.962139 142.435550
144.962139 143.062821
145.589410 143.690092
146.216681 144.317363
146.216681 144.944634
146.843952 145.571905
146.843952 146.199176
146.843952 147.453718
146.843952 148.080989
147.471223 148.708260
147.471223 149.335531
147.471223 149.962802
147.471223 150.590073
148.098494 151.217344
148.098494 151.844615
148.098494 153.099157
148.098494 153.726428
148.098494 154.353699
148.098494 154.980970
148.098494 155.608241
147.471223 156.235512
147.471223 156.862783
146.843952 157.490054
146.843952 158.117325
146.843952 158.744596
146.216681 159.371867
145.589410 159.999138
145.589410 160.626409
144.962139 161.253680
144.334868 161.880952
143.707597 162.508223
143.080326 163.135494
142.453055 163.762765
141.825784 164.390036
141.198513 165.017307
140.571242 165.644578
139.943971 166.271849
139.316700 166.899120
138.062158 167.526391
137.434887 167.526391
136.807616 168.153662
136.180345 168.780933
135.553074 169.408204
134.925803 169.408204
134.298532 170.035475
133.671261 170.662746
133.043990 170.662746
132.416719 171.290017
131.789448 171.917288
131.162177 171.917288
130.534906 172.544559
129.907635 173.171830
129.280364 173.171830
128.653093 173.799101
128.025822 174.426372
127.398551 175.053643
126.771280 175.053643
126.144009 175.680914
125.516738 175.680914
124.889467 176.308185
124.262196 176.308185
123.634925 176.308185
123.007654 176.935456
122.380383 176.935456
121.753112 177.562727
121.125841 177.562727
120.498570 178.189998
119.871299 178.189998
119.244028 178.817269
118.616757 178.817269
117.989486 179.444540
116.734944 179.444540
116.107673 180.071811
115.480402 180.071811
114.853131 180.699082
114.225860 181.326353
112.971318 181.326353
112.344047 181.953624
111.716776 181.953624
111.089505 182.580895
109.834963 182.580895
109.207692 183.208166
108.580421 183.835437
107.953150 183.835437
106.698608 184.462708
106.071337 184.462708
105.444066 185.089979
104.816795 185.089979
103.562253 185.717250
102.934982 186.344521
102.307711 186.344521
101.680440 186.344521
101.053169 186.344521
100.425898 186.344521
99.798627 186.344521
99.171356 186.344521
98.544085 186.344521
97.916814 186.344521
97.289543 186.344521
96.662272 186.344521
96.035001 186.344521
95.407730 185.717250
94.780459 185.089979
94.153188 184.462708
93.525917 184.462708
92.271375 183.835437
91.644104 183.208166
91.016833 182.580895
90.389562 181.953624
89.762291 181.953624
89.135020 181.326353
88.507749 180.699082
87.880478 180.071811
87.253207 180.071811
86.625936 179.444540
85.998665 178.817269
85.371394 178.817269
84.744123 178.189998
84.116852 177.562727
83.489581 176.935456
82.862310 176.308185
82.235039 175.680914
81.607768 175.053643
80.980497 174.426372
80.353226 173.799101
79.725955 173.171830
79.725955 172.544559
79.098684 171.917288
79.098684 171.290017
78.471413 170.662746
78.471413 170.035475
77.844142 169.408204
77.216871 168.780933
77.216871 168.153662
76.589600 167.526391
75.962329 166.899120
75.335058 165.644578
75.335058 165.017307
74.707786 164.390036
74.707786 163.762765
74.080515 163.135494
73.453244 162.508223
73.453244 161.880952
72.825973 161.253680
72.825973 160.626409
72.198702 159.999138
71.571431 159.371867
71.571431 158.744596
70.944160 158.117325
70.316889 157.490054
69.689618 156.862783
69.689618 156.235512
69.689618 155.608241
69.062347 154.980970
69.062347 153.726428
68.435076 153.099157
68.435076 152.471886
68.435076 151.844615
67.807805 151.217344
67.807805 150.590073
67.807805 149.962802
67.180534 149.335531
67.180534 148.708260
66.553263 148.080989
66.553263 147.453718
66.553263 146.826447
65.925992 146.199176
65.925992 145.571905
65.925992 144.944634
65.925992 144.317363
65.925992 143.690092
65.925992 143.062821
65.925992 142.435550
65.298721 141.808279
65.298721 141.181008
64.671450 139.926466
64.671450 139.299195
64.671450 138.671924
64.044179 138.044653
64.044179 137.417382
64.044179 136.790111
64.044179 136.162840
64.044179 135.535569
64.044179 134.908298
64.044179 134.281027
64.044179 133.653756
64.044179 133.026485
64.044179 132.399214
64.044179 131.144672
64.044179 130.517401
64.044179 129.890130
64.044179 129.262859
64.044179 128.635588
64.044179 127.381046
64.044179 126.753775
64.044179 126.126504
64.044179 125.499233
64.044179 124.871962
64.044179 124.244691
64.044179 122.990149
64.044179 122.362878
64.044179 121.735607
64.044179 121.108336
64.044179 120.481065
64.044179 119.853794
64.044179 119.226523
64.044179 118.599252
64.044179 117.344710
64.044179 116.717439
64.044179 116.090168
64.044179 115.462897
64.044179 114.835626
64.044179 114.208355
64.044179 113.581084
64.044179 112.953813
64.044179 112.326542
64.044179 111.699271
64.044179 111.072000
64.044179 110.444729
64.044179 109.817458
64.044179 109.190187
64.044179 108.562916
64.044179 107.935645
64.044179 107.308374
64.044179 106.681103
64.044179 106.053832
64.044179 105.426561
64.044179 104.799290
64.044179 104.172019
64.044179 103.544748
64.044179 102.917477
64.044179 102.290206
64.671450 101.662935
64.671450 101.035664
65.298721 99.781122
65.298721 99.153851
65.925992 98.526580
66.553263 97.899309
66.553263 97.272038
67.180534 96.644767
67.807805 96.017496
67.807805 95.390225
68.435076 94.762954
69.062347 94.135683
69.689618 93.508412
69.689618 92.881141
70.316889 92.253870
70.944160 91.626599
70.944160 90.999328
70.944160 90.372057
71.571431 89.744786
71.571431 89.117515
71.571431 88.490244
72.198702 87.862973
72.198702 87.235702
72.198702 86.608431
72.825973 85.981160
72.825973 84.726617
73.453244 84.099346
74.080515 83.472075
74.080515 82.844804
74.707786 82.217533
75.335058 81.590262
75.962329 80.962991
75.962329 80.335720
76.589600 79.708449
77.216871 79.081178
77.216871 78.453907
77.844142 77.826636
78.471413 77.199365
79.098684 76.572094
79.725955 76.572094
80.353226 76.572094
80.980497 76.572094
81.607768 76.572094
81.607768 75.944823
82.235039 75.944823
82.862310 75.944823
83.489581 75.944823
83.489581 75.317552
84.116852 75.317552
84.744123 75.317552
85.371394 75.317552
85.371394 74.690281
85.998665 74.690281
86.625936 74.690281
86.625936 74.063010
87.253207 73.435739
87.880478 73.435739
88.507749 72.808468
89.135020 72.181197
89.762291 72.181197
90.389562 71.553926
91.016833 71.553926
91.644104 71.553926
92.271375 71.553926
92.898646 71.553926
93.525917 71.553926
94.153188 71.553926
94.780459 71.553926
95.407730 71.553926
96.035001 71.553926
96.662272 71.553926
97.289543 71.553926
97.916814 71.553926
98.544085 72.181197
98.544085 72.808468
