96.934019 79.517700
97.513306 80.096986
97.513306 80.676272
98.092592 81.255559
98.092592 81.834845
98.092592 82.414131
98.671878 82.993418
98.671878 83.572704
98.671878 84.151990
98.671878 84.731277
99.251165 84.731277
99.830451 85.310563
99.830451 85.889849
99.830451 86.469136
99.830451 87.048422
99.830451 87.627708
99.830451 88.206994
99.251165 88.786281
99.251165 89.365567
99.251165 89.944853
99.251165 90.524140
99.251165 91.103426
99.251165 91.682712
99.251165 92.261999
99.251165 92.841285
99.251165 93.420571
99.251165 93.999858
99.251165 94.579144
99.251165 95.158430
99.251165 95.737717
99.251165 96.317003
99.251165 96.896289
99.251165 97.475575
99.251165 98.054862
99.251165 98.634148
99.251165 99.213434
99.251165 99.792721
99.251165 100.372007
99.251165 100.951293
99.251165 101.530580
99.251165 102.109866
99.251165 102.689152
99.251165 103.268439
99.251165 103.847725
99.251165 104.427011
99.830451 105.006298
99.830451 105.585584
99.830451 106.164870
99.830451 106.744156
99.830451 107.323443
99.830451 107.902729
99.830451 108.482015
100.409737 108.482015
100.409737 109.061302
100.409737 109.640588
100.409737 110.219874
100.409737 110.799161
100.409737 111.378447
100.989024 111.378447
100.989024 111.957733
100.989024 112.537020
101.568310 113.116306
101.568310 113.695592
101.568310 114.274878
102.147596 114.854165
102.147596 115.433451
102.147596 116.012737
102.147596 116.592024
102.726883 116.592024
102.726883 117.171310
103.306169 117.750596
103.306169 118.329883
103.306169 118.909169
103.306169 119.488455
103.885455 119.488455
103.885455 120.067742
103.885455 120.647028
104.464741 121.226314
104.464741 121.805601
105.044028 122.384887
105.044028 122.964173
105.623314 123.543459
105.623314 124.122746
105.623314 124.702032
106.202600 124.702032
106.202600 125.281318
106.781887 125.860605
106.781887 126.439891
107.361173 127.019177
107.361173 127.598464
107.940459 127.598464
107.940459 128.177750
108.519746 128.757036
109.099032 129.336323
109.099032 129.915609
109.678318 129.915609
109.678318 130.494895
110.257605 131.074182
110.836891 131.653468
110.836891 132.232754
111.416177 132.232754
111.995463 132.812040
112.574750 133.391327
112.574750 133.970613
113.154036 133.970613
113.733322 134.549899
114.312609 135.129186
114.891895 135.708472
115.471181 136.287758
116.050468 136.287758
116.629754 136.867045
117.209040 137.446331
117.788327 138.025617
118.367613 138.025617
118.946899 138.604904
119.526186 139.184190
120.105472 139.184190
120.684758 139.763476
121.264044 139.763476
121.843331 140.342762
122.422617 140.342762
123.001903 140.922049
123.581190 140.922049
124.160476 141.501335
124.739762 141.501335
125.319049 142.080621
125.898335 142.659908
125.898335 143.239194
126.477621 143.239194
127.056908 143.818480
127.636194 144.397767
128.215480 144.977053
128.794767 144.977053
129.374053 145.556339
129.953339 146.135626
130.532625 146.714912
131.111912 147.294198
131.691198 147.294198
132.270484 147.873485
132.849771 148.452771
133.429057 148.452771
134.008343 149.032057
134.587630 149.032057
135.166916 149.611343
135.746202 149.611343
136.325489 150.190630
136.904775 150.190630
137.484061 150.769916
138.063348 150.769916
138.642634 151.349202
139.221920 151.349202
139.801206 151.349202
140.380493 151.928489
140.959779 151.928489
141.539065 151.928489
142.118352 152.507775
142.697638 152.507775
143.276924 152.507775
143.856211 152.507775
144.435497 153.087061
145.014783 153.087061
145.594070 153.087061
146.173356 153.087061
146.752642 153.087061
147.331928 153.087061
147.331928 153.666348
147.331928 154.245634
147.331928 154.824920
147.331928 155.404207
147.331928 155.983493
147.331928 156.562779
146.752642 157.142066
146.752642 157.721352
146.173356 158.300638
145.594070 158.879924
145.014783 159.459211
144.435497 160.617783
144.435497 161.197070
143.856211 161.776356
143.276924 162.355642
142.697638 162.934929
142.118352 163.514215
142.118352 164.093501
141.539065 164.672788
140.959779 165.252074
140.380493 165.831360
139.801206 166.410647
139.221920 166.989933
138.642634 167.569219
138.063348 168.148505
137.484061 168.727792
136.904775 169.307078
136.325489 170.465651
135.746202 171.044937
135.166916 171.624223
134.587630 172.203510
134.008343 172.782796
133.429057 173.362082
132.270484 173.941369
131.691198 174.520655
131.111912 175.099941
130.532625 175.679227
129.953339 176.258514
129.374053 176.837800
128.794767 177.417086
128.215480 177.996373
127.636194 178.575659
127.056908 179.154945
126.477621 179.154945
125.898335 179.734232
125.319049 180.313518
124.739762 180.313518
124.160476 180.313518
123.581190 180.892804
123.001903 180.892804
122.422617 180.892804
121.843331 181.472091
121.264044 181.472091
120.684758 181.472091
120.105472 182.051377
119.526186 182.051377
118.946899 182.630663
118.367613 182.630663
117.788327 182.630663
117.209040 183.209950
116.629754 183.209950
116.050468 183.209950
115.471181 183.789236
114.312609 183.789236
113.733322 183.789236
113.154036 184.368522
112.574750 184.368522
111.995463 184.368522
111.416177 184.947808
110.836891 184.947808
110.257605 184.947808
109.678318 185.527095
109.099032 185.527095
108.519746 185.527095
107.940459 186.106381
107.361173 186.106381
106.781887 186.106381
106.202600 186.685667
105.623314 186.685667
105.044028 186.685667
104.464741 186.106381
103.885455 186.106381
103.306169 186.106381
102.726883 186.106381
102.147596 185.527095
101.568310 185.527095
100.989024 185.527095
100.409737 185.527095
99.830451 184.947808
99.251165 184.947808
98.671878 184.368522
98.092592 184.368522
97.513306 183.789236
96.934019 183.789236
96.354733 183.209950
95.775447 182.630663
95.196160 182.051377
94.616874 181.472091
94.037588 180.892804
92.879015 180.892804
92.299729 180.313518
91.720443 179.734232
91.141156 179.154945
90.561870 178.575659
89.982584 177.996373
89.403297 177.417086
88.824011 176.837800
88.244725 176.837800
87.665438 176.258514
87.086152 175.679227
86.506866 175.099941
85.927579 174.520655
85.348293 173.941369
84.769007 173.362082
84.189721 172.782796
83.610434 172.203510
83.610434 171.624223
83.031148 171.044937
83.031148 170.465651
82.451862 169.307078
82.451862 168.727792
81.872575 168.148505
81.872575 167.569219
81.293289 166.989933
81.293289 166.410647
80.714003 165.831360
80.714003 165.252074
80.134716 164.672788
80.134716 164.093501
79.555430 163.514215
78.976144 162.934929
78.976144 162.355642
78.396857 161.776356
78.396857 161.197070
77.817571 160.038497
77.817571 159.459211
77.238285 158.879924
77.238285 158.300638
76.658998 157.721352
76.658998 157.142066
76.658998 156.562779
76.079712 155.983493
76.079712 155.404207
76.079712 154.824920
76.079712 154.245634
75.500426 153.666348
75.500426 153.087061
74.921140 152.507775
74.921140 151.349202
74.341853 150.769916
74.341853 150.190630
73.762567 149.611343
73.762567 149.032057
73.183281 147.873485
73.183281 147.294198
72.603994 146.714912
72.603994 146.135626
72.024708 145.556339
72.024708 144.397767
71.445422 143.818480
71.445422 143.239194
71.445422 142.659908
70.866135 142.080621
70.866135 140.922049
70.286849 140.342762
70.286849 139.763476
70.286849 139.184190
70.286849 138.604904
70.286849 138.025617
70.286849 137.446331
70.286849 136.867045
70.286849 136.287758
70.286849 135.708472
70.286849 135.129186
70.286849 134.549899
70.286849 133.970613
70.286849 133.391327
70.286849 132.812040
70.286849 132.232754
70.286849 131.653468
70.286849 131.074182
70.286849 130.494895
70.286849 129.915609
70.286849 129.336323
70.286849 128.757036
70.866135 128.177750
70.866135 127.598464
70.866135 127.019177
70.866135 126.439891
70.866135 125.860605
70.866135 125.281318
70.866135 124.702032
70.866135 124.122746
70.866135 123.543459
71.445422 122.384887
71.445422 121.805601
71.445422 121.226314
71.445422 120.647028
71.445422 120.067742
72.024708 119.488455
72.024708 118.909169
72.024708 118.329883
72.024708 117.750596
72.024708 117.171310
72.603994 116.592024
72.603994 116.012737
72.603994 115.433451
72.603994 114.854165
73.183281 114.274878
73.183281 113.695592
73.183281 113.116306
73.762567 112.537020
73.762567 111.957733
73.762567 111.378447
74.341853 110.799161
74.341853 110.219874
74.341853 109.640588
74.921140 109.061302
74.921140 108.482015
74.921140 107.902729
75.500426 107.323443
75.500426 106.744156
75.500426 105.585584
75.500426 105.006298
76.079712 104.427011
76.079712 103.847725
76.079712 103.268439
76.079712 102.689152
76.658998 102.109866
76.658998 101.530580
76.658998 100.951293
77.238285 100.372007
77.238285 99.792721
77.238285 99.213434
77.238285 98.634148
77.817571 98.054862
77.817571 97.475575
78.396857 96.896289
78.976144 96.317003
79.555430 95.158430
79.555430 94.579144
80.134716 93.999858
80.714003 93.420571
81.293289 92.841285
81.293289 92.261999
81.293289 91.682712
81.293289 91.103426
81.872575 90.524140
81.872575 89.944853
81.872575 89.365567
82.451862 88.786281
82.451862 88.206994
82.451862 87.627708
82.451862 87.048422
82.451862 86.469136
82.451862 85.889849
82.451862 85.310563
83.031148 84.731277
83.031148 84.151990
83.610434 83.572704
84.189721 83.572704
84.769007 82.993418
85.348293 82.993418
85.927579 82.993418
86.506866 82.414131
87.086152 82.414131
87.665438 81.834845
88.244725 81.834845
88.824011 81.834845
88.824011 81.255559
89.403297 81.255559
89.403297 80.676272
89.982584 80.676272
90.561870 80.096986
91.141156 80.096986
91.141156 79.517700
91.720443 79.517700
92.299729 78.938413
92.879015 78.359127
93.458302 78.359127
94.037588 78.938413
94.616874 78.938413
95.196160 78.938413
95.196160 79.517700
95.775447 79.517700
96.354733 79.517700
96.934019 79.517700
