132.975864 59.404752
132.975864 59.844111
132.975864 60.283470
132.975864 60.722829
132.975864 61.162188
132.975864 61.601547
132.975864 62.480264
132.975864 62.919623
132.975864 63.358982
132.536505 64.237700
132.536505 64.677059
132.097146 65.555777
131.657787 66.434495
131.657787 66.873853
131.218429 67.752571
130.779070 68.191930
130.779070 69.070648
130.339711 69.949366
129.900352 70.388725
129.460993 70.388725
129.021634 70.828083
128.582275 71.267442
128.142916 71.267442
127.703557 71.706801
127.264198 72.146160
126.824840 72.146160
126.385481 72.585519
125.946122 72.585519
125.946122 73.024878
125.506763 73.024878
125.506763 73.464237
125.067404 73.464237
125.067404 73.903596
124.628045 73.903596
124.188686 74.342955
123.749327 74.342955
123.749327 74.782314
123.309968 74.782314
123.309968 75.221672
122.870610 75.221672
122.870610 75.661031
122.431251 75.661031
122.431251 76.100390
121.991892 76.100390
121.991892 76.539749
121.552533 76.979108
121.113174 77.418467
120.673815 77.418467
120.234456 77.857826
119.795097 78.297185
119.355738 78.297185
118.916379 78.736544
118.477021 78.736544
118.477021 79.175902
118.037662 79.175902
117.598303 79.175902
117.598303 79.615261
117.158944 80.054620
116.719585 80.054620
116.719585 80.493979
116.280226 80.933338
115.840867 80.933338
115.401508 80.933338
115.401508 81.372697
114.962149 81.812056
114.522791 81.812056
114.522791 82.251415
114.083432 82.690774
113.644073 83.130133
113.204714 83.130133
113.204714 83.569491
112.765355 84.008850
112.325996 84.448209
111.886637 84.887568
111.886637 85.326927
111.447278 85.766286
111.007919 86.205645
110.568560 86.645004
110.129202 87.084363
110.129202 87.523721
109.689843 87.963080
109.250484 88.402439
109.250484 88.841798
108.811125 89.281157
108.371766 89.720516
108.371766 90.159875
107.932407 90.599234
107.932407 91.038593
107.493048 91.477952
107.493048 91.917310
107.053689 92.356669
107.053689 92.796028
106.614330 93.235387
106.614330 93.674746
106.174972 94.114105
106.174972 94.553464
105.735613 94.992823
105.735613 95.432182
105.735613 95.871540
105.296254 96.310899
105.296254 96.750258
105.296254 97.189617
104.856895 97.628976
104.856895 98.068335
104.856895 98.507694
104.417536 98.947053
104.417536 99.386412
104.417536 99.825771
104.417536 100.265129
103.978177 100.704488
103.978177 101.143847
103.978177 101.583206
103.978177 102.022565
103.978177 102.461924
103.978177 102.901283
103.538818 103.340642
103.538818 103.780001
103.538818 104.219360
103.538818 104.658718
103.538818 105.098077
103.538818 105.537436
103.538818 105.976795
103.538818 106.416154
103.538818 106.855513
103.099459 107.294872
103.099459 107.734231
103.099459 108.173590
103.099459 108.612948
103.099459 109.052307
103.099459 109.491666
102.660100 109.931025
102.660100 110.370384
102.660100 110.809743
102.660100 111.249102
102.660100 111.688461
102.660100 112.127820
102.660100 112.567179
102.660100 113.006537
102.660100 113.445896
102.660100 113.885255
102.660100 114.324614
102.660100 114.763973
102.660100 115.203332
102.660100 115.642691
102.660100 116.082050
102.660100 116.521409
102.660100 116.960767
102.660100 117.400126
102.660100 117.839485
102.660100 118.278844
102.660100 118.718203
102.660100 118.278844
102.660100 118.718203
102.660100 119.157562
102.660100 119.596921
102.660100 120.036280
103.099459 120.475639
103.099459 120.914998
103.099459 120.475639
103.099459 120.914998
103.099459 121.354356
103.099459 121.793715
103.099459 122.233074
103.099459 122.672433
103.099459 123.111792
103.538818 123.111792
103.538818 123.551151
103.538818 123.990510
103.538818 123.551151
103.538818 123.990510
103.538818 123.551151
103.538818 123.990510
103.538818 124.429869
103.978177 124.869228
103.538818 125.308586
103.978177 125.747945
103.978177 126.187304
104.417536 126.187304
104.417536 126.626663
104.417536 127.066022
104.856895 127.505381
104.856895 127.944740
104.856895 128.384099
105.296254 128.384099
105.296254 128.823458
105.296254 129.262817
105.735613 129.702175
105.735613 130.141534
105.735613 130.580893
105.735613 131.020252
105.296254 131.898970
104.856895 132.338329
104.856895 133.217047
104.417536 134.095764
103.978177 134.535123
103.538818 134.535123
103.099459 134.095764
102.660100 134.095764
101.781383 134.095764
101.342024 133.656405
100.902665 133.656405
100.463306 133.217047
99.584588 133.217047
99.145229 132.777688
98.705870 132.777688
98.266511 132.338329
97.387794 132.338329
96.948435 131.898970
96.509076 131.898970
96.069717 131.898970
95.190999 131.459611
94.751640 131.459611
94.312281 131.020252
93.872922 131.020252
92.994205 130.580893
92.554846 130.580893
92.115487 130.141534
91.676128 130.141534
90.797410 129.702175
90.358051 129.702175
89.918692 129.262817
89.479333 129.262817
89.039975 128.823458
88.600616 128.384099
88.161257 127.944740
87.282539 127.505381
86.843180 127.505381
86.403821 127.066022
85.964462 126.626663
85.525103 126.187304
85.085745 126.187304
84.646386 125.747945
84.207027 125.308586
83.767668 124.869228
83.328309 124.869228
82.449591 124.429869
82.010232 123.990510
81.570873 123.551151
81.131514 123.551151
80.692156 123.111792
80.252797 122.672433
79.813438 122.233074
79.374079 122.233074
78.934720 121.793715
78.495361 121.354356
78.056002 120.914998
77.177284 120.914998
76.737926 120.475639
76.298567 120.036280
75.859208 119.596921
75.419849 119.596921
74.980490 119.157562
74.541131 118.718203
74.101772 118.278844
73.662413 117.839485
73.223054 117.400126
73.223054 116.960767
72.783695 116.082050
72.344337 115.642691
71.904978 115.203332
71.904978 114.763973
71.465619 114.324614
71.026260 113.885255
70.586901 113.445896
70.586901 112.567179
70.147542 112.127820
69.708183 111.688461
69.268824 111.249102
69.268824 110.809743
68.829465 110.370384
68.390107 109.931025
67.950748 109.491666
67.950748 108.612948
67.511389 108.173590
67.511389 107.734231
67.511389 107.294872
67.072030 106.855513
67.072030 106.416154
67.072030 105.976795
67.072030 105.537436
66.632671 105.098077
66.632671 104.658718
66.632671 104.219360
66.632671 103.780001
66.193312 103.340642
66.193312 102.901283
66.193312 102.461924
66.193312 102.022565
65.753953 101.583206
65.753953 101.143847
65.753953 100.704488
65.753953 100.265129
65.314594 99.825771
65.753953 99.386412
65.753953 98.947053
66.193312 98.507694
66.193312 98.068335
66.632671 97.628976
66.632671 96.750258
67.072030 96.310899
67.511389 95.871540
67.511389 95.432182
67.950748 94.992823
67.950748 94.553464
68.390107 94.114105
68.390107 93.674746
68.829465 92.796028
68.829465 92.356669
69.268824 91.917310
69.268824 91.477952
69.708183 91.038593
70.147542 91.038593
70.586901 90.599234
71.026260 90.159875
71.465619 89.720516
71.904978 89.281157
72.344337 88.841798
72.783695 88.402439
73.223054 87.963080
73.662413 87.963080
74.101772 87.523721
74.541131 87.084363
74.980490 86.645004
75.419849 86.205645
75.859208 85.766286
76.298567 85.326927
76.737926 84.887568
77.616643 84.448209
78.056002 84.008850
78.495361 83.569491
78.934720 83.130133
79.374079 82.690774
79.813438 82.251415
80.252797 81.812056
80.692156 81.372697
81.131514 80.933338
81.570873 80.493979
82.010232 80.054620
82.888950 79.615261
83.328309 78.736544
83.767668 78.297185
84.207027 77.857826
85.085745 77.418467
85.525103 76.979108
85.964462 76.539749
86.843180 76.100390
87.282539 75.221672
87.721898 74.782314
88.161257 74.342955
89.039975 73.903596
89.479333 73.464237
89.918692 73.024878
90.358051 72.146160
91.236769 71.706801
91.676128 71.267442
92.115487 70.828083
92.554846 70.388725
93.433564 69.949366
93.872922 69.070648
94.312281 68.631289
94.751640 68.631289
95.190999 68.191930
95.630358 68.191930
96.069717 67.752571
96.509076 67.752571
96.948435 67.313212
97.387794 67.313212
97.827153 66.873853
98.266511 66.434495
98.705870 66.434495
99.145229 65.995136
99.584588 65.995136
100.023947 65.555777
100.463306 65.555777
100.902665 65.116418
101.342024 64.677059
101.781383 64.677059
102.220741 64.237700
102.660100 64.237700
103.099459 63.798341
103.538818 63.798341
104.417536 63.358982
104.856895 63.358982
105.296254 63.358982
105.735613 62.919623
106.174972 62.919623
106.614330 62.919623
107.053689 62.480264
107.493048 62.480264
107.932407 62.480264
108.371766 62.040906
108.811125 62.040906
109.689843 62.040906
110.129202 61.601547
110.568560 61.601547
111.007919 61.601547
111.447278 61.162188
111.886637 61.162188
112.325996 61.162188
112.765355 60.722829
113.204714 60.722829
113.644073 60.722829
114.083432 60.283470
114.962149 60.283470
115.401508 60.283470
115.840867 59.844111
116.280226 59.844111
116.719585 59.844111
117.158944 59.404752
117.598303 59.404752
118.037662 59.404752
118.477021 58.965393
118.916379 58.965393
119.795097 58.965393
120.234456 58.965393
120.673815 58.965393
121.113174 58.965393
121.552533 58.965393
121.991892 58.965393
122.431251 58.965393
123.309968 58.965393
123.749327 58.965393
124.188686 58.965393
124.628045 58.965393
125.067404 58.965393
125.506763 58.965393
125.946122 58.965393
126.385481 58.965393
127.264198 58.965393
127.703557 58.965393
128.142916 58.965393
128.582275 58.965393
129.021634 58.965393
129.460993 58.965393
129.900352 58.965393
130.339711 58.965393
130.779070 58.965393
131.218429 58.965393
131.657787 59.404752
132.097146 59.404752
132.536505 59.404752
132.975864 59.404752
