128.371922 64.526079
128.371922 65.223286
127.674716 65.920493
127.674716 66.617699
126.977509 67.314906
126.280302 68.012112
126.280302 69.406525
125.583096 70.103732
125.583096 70.800939
124.885889 71.498145
124.885889 72.195352
124.188683 72.195352
123.491476 72.195352
122.794270 72.892558
122.097063 72.892558
121.399856 73.589765
120.702650 73.589765
120.005443 73.589765
119.308237 74.286972
118.611030 74.984178
117.913824 74.984178
117.216617 75.681385
116.519410 76.378591
115.822204 77.075798
116.519410 76.378591
115.822204 76.378591
116.519410 76.378591
115.822204 76.378591
116.519410 76.378591
115.822204 76.378591
116.519410 76.378591
115.822204 76.378591
115.822204 77.075798
116.519410 76.378591
115.822204 77.075798
115.124997 77.773004
114.427791 78.470211
115.124997 77.773004
115.822204 77.075798
116.519410 76.378591
115.822204 77.075798
115.124997 77.773004
114.427791 78.470211
113.730584 79.167418
114.427791 78.470211
115.124997 77.773004
115.822204 77.075798
116.519410 76.378591
115.822204 77.075798
115.124997 77.773004
114.427791 77.773004
114.427791 78.470211
115.124997 77.773004
115.822204 77.075798
116.519410 76.378591
115.822204 77.075798
115.124997 77.773004
115.822204 77.075798
116.519410 76.378591
115.822204 77.075798
115.124997 77.773004
114.427791 78.470211
113.730584 79.167418
113.033378 79.864624
113.730584 79.167418
114.427791 78.470211
115.124997 77.773004
115.822204 77.075798
116.519410 76.378591
115.822204 77.075798
115.124997 77.773004
114.427791 78.470211
113.730584 79.167418
113.033378 79.864624
113.730584 79.167418
114.427791 78.470211
115.124997 77.773004
115.822204 77.075798
116.519410 76.378591
117.216617 75.681385
117.913824 75.681385
117.216617 75.681385
117.913824 75.681385
117.216617 75.681385
116.519410 76.378591
115.822204 77.075798
116.519410 76.378591
115.822204 77.075798
115.124997 77.075798
115.124997 77.773004
114.427791 78.470211
113.730584 79.167418
114.427791 78.470211
115.124997 77.773004
115.822204 77.075798
116.519410 76.378591
115.822204 77.075798
115.124997 77.773004
114.427791 78.470211
113.730584 79.167418
114.427791 78.470211
115.124997 77.773004
115.822204 77.075798
116.519410 76.378591
115.822204 77.075798
115.124997 77.075798
115.124997 77.773004
114.427791 78.470211
115.124997 77.773004
115.822204 77.075798
116.519410 76.378591
117.216617 76.378591
116.519410 76.378591
115.822204 77.075798
115.124997 77.773004
114.427791 78.470211
113.730584 79.167418
113.033378 79.864624
112.336171 79.864624
112.336171 80.561831
111.638964 81.259037
112.336171 80.561831
113.033378 79.864624
112.336171 80.561831
111.638964 81.259037
111.638964 81.956244
111.638964 81.259037
112.336171 80.561831
111.638964 80.561831
111.638964 81.259037
110.941758 81.956244
110.941758 82.653450
110.244551 82.653450
109.547345 83.350657
108.850138 84.047864
108.152932 84.745070
107.455725 85.442277
107.455725 86.139483
107.455725 85.442277
108.152932 84.745070
108.850138 84.047864
109.547345 83.350657
110.244551 82.653450
110.941758 81.956244
111.638964 81.259037
110.941758 81.956244
110.244551 82.653450
109.547345 83.350657
108.850138 84.047864
108.152932 84.745070
107.455725 85.442277
107.455725 86.139483
106.758518 86.836690
106.061312 87.533896
105.364105 88.231103
105.364105 88.928310
104.666899 89.625516
103.969692 91.019929
103.969692 91.717136
103.272486 92.414342
103.272486 93.111549
102.575279 93.808756
101.878072 94.505962
101.878072 95.203169
101.878072 95.900375
101.878072 96.597582
101.878072 97.294788
101.878072 97.991995
101.878072 98.689202
101.878072 99.386408
101.180866 99.386408
101.180866 100.083615
101.180866 100.780821
100.483659 100.780821
100.483659 101.478028
99.786453 102.175234
99.786453 102.872441
99.786453 103.569648
99.089246 104.266854
99.089246 104.964061
99.089246 105.661267
99.089246 106.358474
98.392040 107.055680
98.392040 107.752887
98.392040 108.450094
98.392040 109.147300
98.392040 109.844507
98.392040 110.541713
98.392040 111.238920
98.392040 111.936126
99.089246 112.633333
99.089246 113.330540
99.089246 114.027746
99.089246 114.724953
99.786453 115.422159
99.786453 116.119366
99.786453 116.816572
99.786453 117.513779
99.786453 118.210986
100.483659 118.908192
100.483659 119.605399
100.483659 120.302605
101.180866 120.999812
101.180866 121.697018
101.180866 122.394225
101.180866 123.091432
101.180866 123.788638
101.180866 124.485845
101.180866 125.183051
101.180866 125.880258
101.180866 126.577465
100.483659 125.880258
99.786453 125.880258
99.089246 125.880258
98.392040 125.880258
97.694833 125.183051
96.997626 125.183051
96.300420 125.183051
95.603213 125.183051
94.906007 124.485845
94.208800 124.485845
93.511593 124.485845
92.814387 124.485845
92.117180 123.788638
91.419974 123.788638
90.722767 123.788638
90.025561 123.091432
89.328354 123.091432
88.631147 123.091432
87.933941 122.394225
87.236734 121.697018
86.539528 120.999812
85.842321 120.999812
85.145115 120.302605
84.447908 120.302605
83.750701 119.605399
83.053495 118.908192
82.356288 118.210986
81.659082 117.513779
80.961875 117.513779
80.264669 116.816572
79.567462 116.119366
78.870255 115.422159
78.173049 115.422159
77.475842 114.724953
76.778636 114.027746
76.081429 113.330540
75.384223 112.633333
75.384223 111.936126
74.687016 111.238920
74.687016 110.541713
73.989809 109.844507
73.989809 109.147300
73.989809 108.450094
73.292603 107.752887
73.292603 107.055680
72.595396 106.358474
72.595396 105.661267
71.898190 104.964061
71.200983 104.266854
71.898190 103.569648
72.595396 102.872441
72.595396 102.175234
73.292603 101.478028
73.292603 100.780821
73.989809 100.083615
73.989809 99.386408
74.687016 98.689202
74.687016 97.991995
75.384223 97.294788
75.384223 96.597582
76.081429 95.900375
76.778636 95.203169
77.475842 94.505962
78.173049 93.808756
78.870255 93.111549
79.567462 92.414342
80.264669 92.414342
80.961875 91.717136
81.659082 91.019929
82.356288 90.322723
83.053495 89.625516
83.750701 88.928310
84.447908 88.231103
85.145115 88.231103
85.842321 87.533896
86.539528 86.836690
87.236734 86.139483
87.933941 85.442277
88.631147 85.442277
89.328354 84.745070
90.025561 84.047864
90.722767 83.350657
91.419974 82.653450
92.117180 82.653450
92.814387 81.956244
93.511593 81.259037
94.208800 80.561831
94.906007 79.864624
94.906007 79.167418
95.603213 78.470211
95.603213 77.773004
96.300420 77.075798
96.997626 76.378591
96.997626 75.681385
97.694833 74.984178
98.392040 74.286972
98.392040 73.589765
99.089246 72.892558
99.786453 72.195352
100.483659 71.498145
101.180866 70.800939
101.878072 70.103732
102.575279 69.406525
103.272486 69.406525
103.969692 68.709319
103.969692 68.012112
104.666899 67.314906
105.364105 66.617699
106.061312 65.920493
106.758518 65.920493
107.455725 65.920493
108.152932 65.920493
108.850138 65.920493
109.547345 65.920493
110.244551 65.920493
110.941758 65.920493
111.638964 65.920493
112.336171 65.920493
113.033378 65.920493
113.730584 65.920493
114.427791 65.920493
115.124997 65.920493
115.822204 65.920493
116.519410 65.920493
117.216617 65.920493
117.913824 65.920493
118.611030 65.920493
119.308237 65.920493
120.005443 65.920493
120.702650 65.920493
121.399856 65.920493
122.097063 65.920493
122.794270 65.920493
123.491476 65.920493
124.188683 65.920493
124.885889 65.920493
125.583096 65.223286
126.280302 65.223286
126.977509 65.223286
127.674716 65.223286
128.371922 64.526079
