123.329311 103.168225
123.329311 103.426069
123.071467 103.683913
122.813623 103.683913
122.813623 103.941756
122.813623 104.199600
122.555780 104.457444
122.555780 104.715288
122.555780 104.457444
122.555780 104.715288
122.297936 104.715288
122.297936 104.973132
122.297936 105.230975
122.297936 105.488819
122.040092 105.746663
122.040092 106.004507
121.782248 106.262351
121.782248 106.520194
121.524404 106.778038
121.524404 107.035882
121.524404 107.293726
121.266561 107.551570
121.266561 107.809413
121.008717 108.067257
121.008717 108.325101
121.008717 108.582945
120.750873 108.840789
120.750873 109.098632
120.750873 109.356476
120.493029 109.614320
120.493029 109.872164
120.493029 110.130008
120.493029 110.387851
120.235185 110.645695
120.235185 110.903539
120.235185 111.161383
120.235185 111.419227
119.977342 111.677070
119.977342 111.934914
119.977342 112.192758
119.977342 112.450602
119.719498 112.708446
119.719498 112.966290
119.719498 113.224133
119.719498 113.481977
119.719498 113.739821
119.719498 113.997665
119.461654 114.255509
119.461654 114.513352
119.461654 114.771196
119.461654 115.029040
119.461654 115.286884
119.461654 115.544728
119.461654 115.802571
119.461654 116.060415
119.203810 116.318259
119.203810 116.576103
119.203810 116.833947
119.203810 117.091790
119.203810 117.349634
119.203810 117.607478
119.203810 117.865322
119.203810 118.123166
119.203810 118.381009
119.203810 118.638853
119.203810 118.896697
119.203810 119.154541
119.203810 119.412385
119.203810 119.154541
119.203810 119.412385
119.203810 119.670228
119.203810 119.928072
119.203810 120.185916
119.203810 120.443760
119.203810 120.701604
119.203810 120.959447
119.203810 121.217291
119.203810 120.959447
119.203810 121.217291
119.203810 121.475135
119.203810 121.732979
119.203810 121.990823
119.461654 122.248666
119.461654 122.506510
119.461654 122.764354
119.461654 123.022198
119.461654 123.280042
119.461654 123.537885
119.461654 123.795729
119.461654 124.053573
119.461654 124.311417
119.719498 124.311417
119.719498 124.569261
119.719498 124.827104
119.719498 125.084948
119.719498 125.342792
119.719498 125.600636
119.719498 125.858480
119.977342 125.858480
119.977342 126.116323
119.977342 126.374167
119.977342 126.632011
119.977342 126.374167
119.977342 126.632011
120.235185 126.889855
120.235185 127.147699
120.235185 127.405542
120.235185 127.663386
120.235185 127.921230
120.493029 127.921230
120.493029 128.179074
120.493029 128.436918
120.493029 128.694761
120.750873 128.952605
120.750873 129.210449
120.750873 129.468293
120.750873 129.726137
121.008717 129.726137
121.008717 129.983981
121.008717 129.726137
121.008717 129.983981
121.008717 130.241824
121.266561 130.499668
121.266561 130.757512
121.524404 131.015356
121.524404 131.273200
121.524404 131.531043
121.782248 131.788887
121.782248 132.046731
121.782248 132.304575
122.040092 132.304575
122.040092 132.562419
122.040092 132.820262
122.297936 132.820262
122.297936 133.078106
122.297936 133.335950
122.297936 133.593794
122.555780 133.593794
122.555780 133.851638
122.555780 134.109481
122.813623 134.109481
122.813623 134.367325
122.813623 134.625169
123.071467 134.625169
123.329311 134.883013
123.329311 135.140857
123.587155 135.398700
123.587155 135.656544
123.844999 135.914388
123.844999 136.172232
123.844999 136.430076
124.102843 136.687919
124.102843 136.945763
124.102843 137.461451
124.102843 137.719295
124.102843 138.234982
124.102843 138.492826
124.102843 139.008514
124.360686 139.266357
124.360686 139.524201
124.360686 139.782045
124.360686 140.039889
124.618530 140.297733
124.618530 140.555576
124.618530 140.813420
124.618530 141.071264
124.618530 141.329108
124.618530 141.586952
124.618530 141.844795
124.618530 142.102639
124.618530 142.360483
124.618530 142.618327
124.618530 142.876171
124.360686 143.134014
124.360686 143.391858
124.360686 143.649702
124.360686 143.907546
124.102843 143.907546
124.102843 144.165390
124.102843 144.423233
123.844999 144.423233
123.844999 144.681077
123.587155 144.938921
123.329311 145.196765
123.071467 145.454609
122.813623 145.712453
122.555780 145.970296
122.297936 146.228140
122.040092 146.485984
121.782248 146.485984
121.524404 146.743828
121.266561 146.743828
121.008717 147.001672
120.750873 147.001672
120.493029 147.001672
120.235185 147.259515
119.977342 147.259515
119.719498 147.259515
119.461654 147.259515
119.203810 147.259515
118.945966 147.259515
118.688123 147.259515
118.430279 147.259515
118.172435 147.259515
117.914591 147.259515
117.914591 147.001672
117.656747 147.001672
117.398904 147.001672
117.141060 146.743828
116.883216 146.743828
116.625372 146.485984
116.367528 146.485984
116.109685 146.228140
115.851841 145.970296
115.593997 145.712453
115.336153 145.454609
115.078309 145.196765
114.820466 145.196765
114.562622 144.938921
114.304778 144.938921
114.046934 144.938921
113.531247 144.938921
113.273403 144.938921
112.757715 144.938921
112.499871 144.681077
112.242028 144.681077
111.984184 144.423233
111.726340 144.165390
111.468496 144.165390
111.210652 143.907546
110.952809 143.649702
110.694965 143.649702
110.437121 143.391858
110.179277 143.134014
109.921433 143.134014
109.663590 142.876171
109.405746 142.876171
109.147902 142.618327
108.890058 142.618327
108.632214 142.360483
108.374371 142.360483
108.116527 142.102639
107.858683 142.102639
107.600839 142.102639
107.342995 141.844795
107.085151 141.844795
106.827308 141.844795
106.569464 141.586952
106.311620 141.586952
106.053776 141.586952
105.795932 141.329108
105.538089 141.329108
105.280245 141.329108
105.022401 141.329108
104.764557 141.071264
104.506713 141.071264
104.248870 141.071264
103.991026 141.071264
103.733182 141.071264
103.217494 140.813420
102.959651 140.555576
102.701807 140.297733
102.186119 140.039889
101.928275 139.782045
101.670432 139.524201
101.412588 139.524201
100.896900 139.266357
100.639056 139.008514
100.381213 138.750670
99.865525 138.492826
99.607681 138.234982
99.349837 137.977138
99.091994 137.719295
98.576306 137.461451
98.318462 137.203607
98.060618 137.203607
97.544931 136.945763
97.287087 136.687919
97.029243 136.430076
96.771399 136.172232
96.255712 135.914388
95.997868 135.656544
95.740024 135.398700
95.224337 135.140857
95.224337 134.883013
95.224337 134.625169
95.224337 134.367325
95.224337 133.851638
95.224337 133.593794
95.224337 133.335950
95.224337 133.078106
94.966493 132.820262
94.966493 132.304575
94.966493 132.046731
94.966493 131.788887
94.966493 131.531043
94.966493 131.015356
94.966493 130.757512
94.966493 130.499668
94.708649 130.241824
94.708649 129.983981
94.708649 129.468293
94.708649 129.210449
94.708649 128.952605
94.708649 128.694761
94.708649 128.179074
94.450805 127.921230
94.450805 127.663386
94.450805 127.405542
94.450805 127.147699
94.450805 126.632011
94.450805 126.374167
94.450805 126.116323
94.450805 125.858480
94.192961 125.342792
94.192961 125.084948
94.192961 124.827104
94.192961 124.569261
94.450805 124.311417
94.450805 123.795729
94.450805 123.537885
94.708649 123.280042
94.708649 123.022198
94.966493 122.506510
94.966493 122.248666
94.966493 121.990823
95.224337 121.475135
95.224337 121.217291
95.482180 120.959447
95.482180 120.701604
95.482180 120.185916
95.740024 119.928072
95.740024 119.670228
95.997868 119.154541
95.997868 118.896697
95.997868 118.638853
96.255712 118.381009
96.255712 117.865322
96.255712 117.607478
96.513556 117.349634
96.513556 116.833947
96.771399 116.576103
96.771399 116.318259
96.771399 116.060415
97.029243 115.544728
97.029243 115.286884
97.287087 115.029040
97.287087 114.513352
97.287087 114.255509
97.544931 113.997665
97.544931 113.739821
97.544931 113.224133
97.802775 112.966290
97.802775 112.708446
98.060618 112.192758
98.060618 111.934914
98.060618 111.677070
98.318462 111.419227
98.318462 110.903539
98.576306 110.645695
98.576306 110.387851
98.576306 109.872164
98.834150 109.614320
98.834150 109.356476
98.834150 109.098632
99.091994 108.582945
99.091994 108.325101
99.349837 108.067257
99.607681 107.809413
99.865525 107.551570
100.123369 107.293726
100.639056 107.035882
100.896900 106.778038
101.154744 106.520194
101.412588 106.262351
101.670432 106.262351
101.928275 106.004507
102.186119 105.746663
102.443963 105.488819
102.701807 105.230975
102.959651 104.973132
103.217494 104.715288
103.733182 104.457444
103.991026 104.199600
104.248870 103.941756
104.506713 103.941756
104.764557 103.683913
105.022401 103.426069
105.280245 103.168225
105.538089 102.910381
105.795932 102.652537
106.053776 102.394694
106.569464 102.136850
106.827308 101.879006
107.085151 101.621162
107.342995 101.363318
107.600839 101.363318
107.858683 101.105475
108.116527 100.847631
108.374371 100.589787
108.632214 100.331943
109.147902 100.331943
109.405746 100.331943
109.921433 100.331943
110.179277 100.331943
110.694965 100.331943
110.952809 100.331943
111.468496 100.331943
111.726340 100.331943
112.242028 100.331943
112.499871 100.331943
113.015559 100.331943
113.273403 100.074099
113.789090 100.074099
114.046934 100.074099
114.562622 100.074099
114.820466 100.074099
115.336153 100.074099
115.593997 100.074099
116.109685 100.074099
116.367528 100.074099
116.625372 100.074099
117.141060 100.074099
117.398904 100.074099
117.914591 100.074099
118.172435 100.074099
118.688123 100.074099
118.945966 100.074099
119.461654 99.816256
119.719498 99.816256
120.235185 99.816256
120.493029 99.816256
121.008717 99.816256
121.266561 99.816256
121.524404 100.074099
121.782248 100.331943
121.782248 100.589787
122.040092 100.847631
122.297936 101.105475
122.297936 101.363318
122.555780 101.621162
122.813623 101.879006
122.813623 102.136850
123.071467 102.394694
123.329311 102.652537
123.329311 102.910381
123.329311 103.168225
