141.385564 66.645510
140.891131 67.634377
140.891131 68.128810
140.396697 68.623244
139.902264 69.612111
139.407830 69.612111
138.913397 70.106544
138.418963 70.106544
137.924530 70.600978
137.430096 70.600978
136.935663 71.095411
136.441229 71.095411
135.946796 71.095411
135.946796 71.589845
135.452363 71.589845
134.957929 71.589845
134.957929 72.084278
134.463496 72.084278
133.969062 72.084278
133.969062 72.578712
133.474629 72.578712
133.474629 73.073145
132.980195 73.073145
132.485762 73.567578
131.991328 73.567578
131.496895 74.062012
131.002461 74.556445
130.508028 74.556445
130.013594 74.556445
130.013594 75.050879
129.519161 75.545312
129.024728 75.545312
129.024728 76.039746
128.530294 76.039746
128.035861 76.534179
127.541427 77.028613
127.046994 77.028613
127.046994 77.523046
126.552560 78.017480
126.058127 78.017480
125.563693 78.511913
125.069260 78.511913
125.069260 79.006347
124.574826 79.500780
124.080393 79.500780
124.080393 79.995213
123.585959 80.489647
123.091526 80.984080
122.597093 80.984080
122.597093 81.478514
122.102659 81.972947
121.608226 82.467381
121.113792 82.961814
120.619359 83.456248
120.619359 83.950681
120.124925 84.445115
119.630492 84.939548
119.136058 85.433982
118.641625 85.928415
118.641625 86.422848
118.147191 86.917282
117.652758 87.411715
117.158325 87.906149
117.158325 88.400582
116.663891 88.895016
116.169458 89.389449
116.169458 89.883883
115.675024 90.378316
115.675024 90.872750
115.180591 91.367183
114.686157 91.861616
114.686157 92.356050
114.191724 92.850483
114.191724 93.344917
113.697290 93.839350
113.697290 94.333784
113.202857 94.828217
113.202857 95.322651
112.708423 95.817084
112.708423 96.311518
112.213990 96.805951
112.213990 97.300385
112.213990 97.794818
111.719556 98.289251
111.719556 98.783685
111.225123 99.278118
111.225123 99.772552
111.225123 100.266985
110.730690 100.761419
110.730690 101.255852
110.730690 101.750286
110.236256 102.244719
110.236256 102.739153
110.236256 103.233586
110.236256 103.728020
109.741823 104.222453
109.741823 104.716886
109.741823 105.211320
109.741823 105.705753
109.247389 106.200187
109.247389 106.694620
109.247389 107.189054
109.247389 107.683487
109.247389 108.177921
108.752956 108.672354
108.752956 109.166788
108.752956 109.661221
108.752956 110.155654
108.752956 110.650088
108.752956 111.144521
108.752956 111.638955
108.258522 112.133388
108.258522 112.627822
108.258522 113.122255
108.258522 113.616689
108.258522 114.111122
108.258522 114.605556
108.258522 115.099989
108.258522 115.594423
108.258522 116.088856
108.258522 116.583289
108.258522 117.077723
108.258522 117.572156
108.258522 118.066590
108.258522 118.561023
108.258522 119.055457
108.258522 119.549890
108.258522 120.044324
108.258522 120.538757
108.258522 121.033191
108.258522 121.527624
108.258522 122.022058
108.752956 122.516491
108.752956 123.010924
108.752956 123.505358
108.752956 123.999791
108.752956 124.494225
108.752956 124.988658
108.752956 125.483092
109.247389 125.977525
109.247389 126.471959
109.247389 126.966392
109.247389 127.460826
109.247389 127.955259
109.741823 128.449692
109.741823 128.944126
109.741823 129.438559
109.741823 129.932993
110.236256 130.427426
110.236256 130.921860
110.236256 131.416293
110.236256 131.910727
110.730690 132.405160
110.730690 132.899594
110.730690 133.394027
111.225123 133.888461
111.225123 134.382894
111.225123 134.877327
111.719556 135.371761
111.719556 135.866194
112.213990 136.360628
112.213990 136.855061
112.213990 137.349495
112.708423 137.843928
112.708423 138.338362
112.708423 138.832795
112.213990 139.327229
111.719556 139.327229
111.225123 139.821662
110.730690 140.316096
110.236256 140.316096
109.741823 140.810529
108.752956 140.316096
108.258522 139.821662
107.764089 139.821662
107.269655 139.327229
106.775222 138.832795
106.280788 138.832795
105.786355 138.338362
104.797488 137.843928
104.303055 137.843928
103.808621 137.349495
103.314188 136.855061
102.819754 136.855061
102.325321 136.360628
101.830887 135.866194
100.842020 135.866194
100.347587 135.371761
99.853153 134.877327
99.358720 134.877327
98.864287 134.382894
97.875420 134.382894
97.380986 133.888461
96.886553 133.888461
95.897686 133.394027
95.403252 133.394027
94.908819 132.899594
94.414385 132.899594
93.425518 132.405160
92.931085 131.910727
92.436652 131.910727
91.942218 131.416293
90.953351 131.416293
90.458918 130.921860
89.964484 130.921860
88.975617 130.427426
88.481184 130.427426
87.986750 129.932993
87.492317 129.932993
86.503450 129.438559
86.009017 129.438559
85.514583 128.944126
84.525716 128.449692
84.031283 128.449692
83.536849 127.955259
83.042416 127.955259
82.053549 127.460826
81.559115 127.460826
81.064682 126.966392
80.570249 126.966392
79.581382 126.471959
79.086948 126.471959
78.592515 125.977525
78.098081 125.483092
77.603648 124.988658
77.109214 124.494225
76.614781 123.999791
76.120347 123.999791
75.625914 123.505358
75.131480 123.010924
74.637047 122.516491
74.142614 122.022058
73.648180 121.527624
72.659313 121.527624
72.164880 121.033191
71.670446 120.538757
71.176013 120.044324
70.681579 119.549890
70.187146 119.055457
69.692712 119.055457
69.198279 118.561023
68.703845 118.066590
68.209412 117.572156
68.209412 116.583289
67.714979 116.088856
67.714979 115.594423
67.220545 115.099989
67.220545 114.605556
66.726112 114.111122
66.726112 113.616689
66.231678 112.627822
66.231678 112.133388
65.737245 111.638955
65.737245 111.144521
65.242811 110.650088
64.748378 110.155654
64.748378 109.661221
64.253944 108.672354
64.748378 108.177921
64.748378 107.683487
64.748378 107.189054
65.242811 106.694620
65.242811 106.200187
65.737245 105.705753
65.737245 105.211320
65.737245 104.716886
65.737245 104.222453
66.231678 103.728020
66.231678 103.233586
66.231678 102.739153
66.231678 102.244719
66.726112 101.750286
66.726112 101.255852
66.726112 100.266985
66.726112 99.772552
67.220545 99.278118
67.220545 98.783685
67.220545 98.289251
67.714979 97.794818
67.714979 97.300385
67.714979 96.805951
67.714979 96.311518
68.209412 95.817084
68.209412 95.322651
68.209412 94.828217
68.209412 94.333784
68.703845 93.839350
68.703845 92.850483
68.703845 92.356050
69.692712 91.861616
70.187146 91.367183
70.681579 90.872750
71.176013 89.883883
71.670446 89.389449
72.164880 88.895016
72.659313 88.400582
73.153747 87.411715
73.648180 86.917282
74.142614 86.422848
74.637047 85.928415
75.131480 84.939548
75.625914 84.445115
76.120347 83.950681
77.109214 83.456248
77.603648 82.467381
78.098081 81.972947
78.592515 81.478514
79.086948 80.984080
79.581382 79.995213
80.075815 79.500780
80.570249 79.006347
81.064682 78.511913
81.559115 77.523046
82.053549 77.028613
83.042416 76.534179
83.536849 76.039746
84.031283 75.545312
84.525716 74.556445
85.020150 74.062012
86.009017 73.567578
86.503450 73.073145
86.997883 72.578712
87.492317 72.084278
87.986750 71.095411
88.975617 70.600978
89.470051 70.106544
89.964484 69.612111
90.458918 69.117677
90.953351 68.623244
91.942218 67.634377
92.436652 67.139944
92.931085 66.645510
93.425518 66.151077
93.919952 65.656643
94.908819 65.162210
95.403252 64.173343
95.897686 63.678909
96.392119 63.184476
96.886553 62.690042
97.875420 62.690042
98.369853 62.195609
98.864287 62.195609
99.358720 61.701175
100.347587 61.701175
100.842020 61.206742
101.336454 61.206742
101.830887 60.712309
102.819754 60.712309
103.314188 60.217875
103.808621 60.217875
104.303055 59.723442
104.797488 59.723442
105.786355 59.229008
106.280788 59.229008
106.775222 58.734575
107.269655 58.734575
108.258522 58.240141
108.752956 58.240141
109.247389 57.745708
109.741823 57.745708
110.236256 57.745708
110.730690 57.745708
111.225123 57.745708
111.719556 57.745708
112.708423 57.745708
113.202857 57.745708
113.697290 57.251274
114.191724 57.251274
114.686157 57.251274
115.180591 57.251274
115.675024 57.251274
116.169458 57.251274
116.663891 57.251274
117.158325 57.251274
117.652758 57.251274
118.147191 57.251274
118.641625 57.251274
119.136058 56.756841
120.124925 56.756841
120.619359 56.756841
121.113792 56.756841
121.608226 56.756841
122.102659 56.756841
122.597093 56.756841
123.091526 56.756841
123.585959 57.251274
124.080393 57.251274
125.069260 57.251274
125.563693 57.251274
126.058127 57.745708
126.552560 57.745708
127.046994 57.745708
127.541427 57.745708
128.035861 58.240141
129.024728 58.240141
129.519161 58.240141
130.013594 58.734575
130.508028 58.734575
131.002461 58.734575
131.496895 58.734575
131.991328 59.229008
132.485762 59.229008
132.980195 59.723442
133.474629 59.723442
134.463496 60.217875
134.957929 60.217875
135.452363 60.712309
135.946796 60.712309
136.441229 61.206742
136.935663 61.206742
137.430096 61.701175
137.924530 61.701175
138.418963 62.195609
138.913397 62.195609
139.407830 62.690042
139.902264 62.690042
140.396697 63.184476
140.891131 63.184476
141.385564 63.678909
141.879997 63.678909
142.374431 64.173343
141.879997 64.667776
141.879997 65.162210
141.385564 65.656643
141.385564 66.151077
141.385564 66.645510
