133.783709 69.252007
133.253984 69.252007
132.724258 69.781732
132.194532 69.781732
131.664807 69.781732
131.664807 70.311458
131.135081 70.841184
130.605355 70.841184
130.075629 71.370910
129.545904 71.900635
129.016178 72.430361
128.486452 72.430361
127.956727 72.430361
127.956727 72.960087
127.427001 73.489812
126.897275 74.019538
126.367549 74.019538
126.367549 74.549264
125.837824 74.549264
125.837824 75.078990
125.308098 75.078990
125.308098 75.608715
124.778372 75.608715
124.778372 76.138441
124.248647 76.138441
124.248647 76.668167
123.718921 77.197892
123.189195 77.197892
123.189195 77.727618
122.659470 77.727618
122.659470 78.257344
122.129744 78.257344
122.129744 78.787069
121.600018 79.316795
121.070292 79.316795
120.540567 79.846521
120.010841 80.376247
119.481115 80.376247
119.481115 80.905972
118.951390 81.435698
118.421664 81.965424
117.891938 81.965424
117.891938 82.495149
117.362212 82.495149
116.832487 83.024875
116.302761 83.554601
115.773035 84.084327
115.243310 84.614052
114.713584 85.143778
114.183858 85.673504
113.654132 86.203229
113.124407 86.732955
112.594681 87.262681
112.064955 87.792407
111.535230 88.322132
111.535230 88.851858
111.005504 89.381584
110.475778 89.911309
109.946053 90.441035
109.946053 90.970761
109.416327 91.500486
108.886601 92.030212
108.886601 92.559938
108.356875 93.089664
108.356875 93.619389
107.827150 94.149115
107.827150 94.678841
107.297424 95.208566
107.297424 95.738292
106.767698 96.268018
106.767698 96.797744
106.237973 97.327469
106.237973 97.857195
106.237973 98.386921
105.708247 98.916646
105.708247 99.446372
105.708247 99.976098
105.178521 100.505823
105.178521 101.035549
105.178521 101.565275
104.648795 102.095001
104.648795 102.624726
104.648795 103.154452
104.648795 103.684178
104.648795 104.213903
104.119070 104.743629
104.119070 105.273355
104.119070 105.803081
104.119070 106.332806
104.119070 106.862532
104.119070 107.392258
104.119070 107.921983
104.119070 108.451709
104.119070 108.981435
104.119070 109.511161
104.119070 110.040886
104.119070 110.570612
104.119070 111.100338
104.119070 111.630063
104.119070 112.159789
104.119070 112.689515
104.119070 113.219240
104.119070 113.748966
104.119070 114.278692
104.119070 114.808418
104.119070 115.338143
104.119070 115.867869
104.119070 116.397595
104.119070 116.927320
104.119070 117.457046
104.119070 117.986772
104.119070 118.516498
104.119070 119.046223
104.119070 119.575949
104.119070 120.105675
104.119070 120.635400
104.119070 121.165126
104.119070 121.694852
104.119070 122.224578
104.119070 122.754303
104.119070 123.284029
104.119070 123.813755
104.119070 124.343480
104.119070 124.873206
104.119070 125.402932
104.119070 125.932657
104.119070 126.462383
104.119070 126.992109
104.119070 127.521835
104.119070 128.051560
104.119070 128.581286
104.119070 129.111012
104.119070 129.640737
104.119070 130.170463
104.119070 130.700189
104.119070 131.229915
104.648795 131.759640
104.648795 132.289366
104.648795 132.819092
104.648795 133.348817
104.119070 133.878543
104.119070 134.408269
103.589344 134.937995
103.589344 135.467720
103.059618 135.997446
103.059618 136.527172
102.529893 137.056897
102.529893 137.586623
102.000167 138.116349
101.470441 138.646074
100.940716 138.646074
100.410990 138.646074
99.881264 138.116349
99.351538 138.116349
98.821813 138.116349
98.292087 138.116349
97.762361 138.116349
97.232636 138.116349
96.702910 138.116349
96.173184 138.116349
95.643458 137.586623
95.113733 137.586623
94.584007 137.586623
94.054281 137.586623
93.524556 137.586623
92.994830 137.586623
92.465104 137.586623
91.935378 137.586623
91.405653 137.056897
90.875927 137.056897
90.346201 137.056897
89.816476 137.056897
89.286750 137.056897
88.757024 137.056897
88.227299 137.056897
87.697573 137.056897
87.167847 136.527172
86.638121 136.527172
86.108396 136.527172
85.578670 136.527172
85.048944 136.527172
84.519219 136.527172
83.989493 136.527172
83.459767 136.527172
82.930041 135.997446
82.400316 135.997446
81.870590 135.467720
81.340864 135.467720
80.811139 135.467720
80.281413 134.937995
79.751687 134.937995
79.221961 134.408269
78.692236 134.408269
78.162510 134.408269
77.632784 133.878543
77.103059 133.878543
76.573333 133.878543
76.043607 133.348817
75.513882 133.348817
74.984156 132.819092
74.454430 132.819092
73.924704 132.819092
73.394979 132.289366
72.865253 132.289366
72.335527 131.759640
71.805802 131.759640
71.276076 131.759640
70.746350 131.229915
70.216624 131.229915
69.686899 131.229915
69.157173 130.700189
68.627447 130.700189
68.097722 130.170463
67.567996 130.170463
67.038270 130.170463
66.508544 129.640737
65.978819 129.640737
65.449093 129.111012
64.919367 129.111012
64.389642 129.111012
63.859916 128.581286
63.330190 128.581286
62.800465 128.581286
62.270739 128.051560
61.741013 127.521835
61.211287 126.992109
60.681562 126.462383
60.151836 125.932657
59.622110 125.402932
59.092385 124.873206
59.092385 124.343480
58.562659 123.813755
58.032933 123.284029
57.503207 122.754303
56.973482 122.224578
56.443756 121.694852
55.914030 121.165126
55.384305 120.635400
54.854579 120.105675
54.324853 119.575949
54.324853 119.046223
54.324853 118.516498
54.324853 117.986772
53.795127 117.457046
53.795127 116.927320
53.795127 116.397595
53.795127 115.867869
53.795127 115.338143
53.265402 114.808418
53.265402 114.278692
53.265402 113.748966
53.265402 113.219240
53.265402 112.689515
52.735676 112.159789
52.735676 111.630063
52.735676 111.100338
52.735676 110.570612
52.735676 110.040886
52.735676 109.511161
52.205950 108.981435
52.205950 108.451709
52.205950 107.921983
52.205950 107.392258
52.735676 106.862532
52.735676 106.332806
52.735676 105.803081
52.735676 105.273355
53.265402 104.743629
53.265402 104.213903
53.265402 103.684178
53.795127 103.154452
53.795127 102.624726
53.795127 102.095001
53.795127 101.565275
54.324853 101.035549
54.324853 100.505823
54.324853 99.976098
54.324853 99.446372
54.854579 98.916646
54.854579 98.386921
54.854579 97.857195
55.384305 97.327469
55.384305 96.797744
55.384305 96.268018
55.384305 95.738292
55.914030 95.208566
55.914030 94.678841
55.914030 94.149115
55.914030 93.619389
56.443756 93.089664
56.443756 92.559938
56.443756 92.030212
56.973482 91.500486
56.973482 90.970761
56.973482 90.441035
57.503207 89.911309
57.503207 89.381584
58.032933 88.851858
58.562659 88.322132
59.092385 87.792407
59.092385 87.262681
59.622110 86.732955
60.151836 86.203229
60.681562 85.673504
61.211287 85.143778
61.211287 84.614052
61.741013 84.084327
62.270739 83.554601
62.800465 83.024875
63.330190 82.495149
63.330190 81.965424
63.859916 81.435698
64.389642 80.905972
64.919367 80.376247
65.449093 79.846521
65.449093 79.316795
65.978819 78.787069
66.508544 78.257344
67.038270 77.727618
67.567996 77.197892
67.567996 76.668167
68.097722 76.138441
68.627447 75.608715
69.157173 75.078990
69.686899 74.549264
70.216624 74.019538
70.746350 73.489812
71.276076 72.960087
71.805802 72.430361
72.335527 71.900635
72.865253 71.370910
73.394979 70.841184
73.924704 70.311458
74.454430 69.781732
74.984156 69.252007
75.513882 68.722281
76.043607 68.192555
76.573333 67.662830
77.103059 67.133104
77.632784 66.603378
78.162510 66.073652
78.692236 65.543927
79.221961 65.014201
79.751687 64.484475
80.281413 63.954750
80.811139 63.425024
81.340864 62.895298
81.870590 62.365573
82.400316 61.835847
82.930041 61.306121
83.459767 60.776395
83.989493 60.246670
84.519219 59.716944
85.048944 59.187218
85.578670 59.187218
86.108396 58.657493
86.638121 58.127767
87.167847 57.598041
87.697573 57.598041
88.227299 57.068315
88.757024 56.538590
89.286750 56.008864
90.346201 56.008864
90.875927 55.479138
91.405653 54.949413
91.935378 54.419687
92.465104 53.889961
92.994830 53.889961
93.524556 53.360235
94.054281 52.830510
94.584007 52.300784
95.113733 52.300784
95.643458 51.771058
96.173184 51.771058
96.702910 51.771058
97.232636 51.771058
97.762361 51.241333
98.292087 51.241333
98.821813 51.241333
99.351538 51.241333
99.881264 51.241333
100.410990 51.241333
100.940716 51.241333
101.470441 50.711607
102.000167 50.711607
102.529893 50.711607
103.059618 50.711607
103.589344 50.711607
104.119070 50.711607
104.648795 50.711607
105.178521 50.181881
105.708247 50.181881
106.237973 50.181881
106.767698 50.181881
107.297424 50.181881
107.827150 50.181881
108.356875 50.181881
108.886601 50.181881
109.416327 50.181881
109.946053 50.711607
110.475778 50.711607
111.005504 50.711607
111.535230 50.711607
112.064955 50.711607
112.594681 51.241333
113.124407 51.241333
113.654132 51.241333
114.183858 51.241333
114.713584 51.241333
115.243310 51.241333
115.773035 51.771058
116.302761 51.771058
116.832487 51.771058
117.362212 51.771058
117.891938 51.771058
118.421664 52.300784
118.951390 52.300784
119.481115 52.300784
120.010841 52.300784
120.540567 52.830510
121.070292 53.360235
121.600018 53.360235
122.129744 53.889961
122.659470 54.419687
123.189195 54.419687
123.718921 54.949413
124.248647 54.949413
124.778372 55.479138
125.308098 56.008864
125.837824 56.008864
126.367549 56.538590
126.897275 57.068315
127.427001 57.068315
127.956727 57.598041
128.486452 58.127767
129.016178 58.127767
129.545904 58.657493
130.075629 59.187218
130.605355 59.187218
131.135081 59.716944
131.664807 60.246670
132.194532 60.246670
132.724258 60.776395
133.253984 61.306121
133.783709 61.306121
134.313435 61.835847
134.843161 62.365573
135.372887 62.895298
135.372887 63.425024
135.902612 63.954750
135.902612 64.484475
135.902612 65.014201
135.902612 65.543927
135.902612 66.073652
135.372887 66.603378
135.372887 67.133104
135.372887 67.662830
134.843161 68.192555
134.843161 68.722281
134.313435 68.722281
133.783709 69.252007
