135.637308 64.801613
135.198895 65.678440
135.198895 66.555267
134.760481 66.555267
134.322068 66.993680
133.883654 66.993680
133.445241 66.993680
133.006827 66.993680
133.006827 67.432094
132.568414 67.432094
132.130000 67.432094
131.691587 67.432094
131.691587 67.870507
131.253173 67.870507
130.814760 68.308921
130.376346 68.308921
129.937932 68.308921
129.499519 68.747335
129.061105 68.747335
128.622692 69.185748
128.184278 69.185748
127.745865 69.624162
127.307451 69.624162
127.307451 70.062575
126.869038 70.062575
126.430624 70.500989
125.992211 70.500989
125.553797 70.939402
125.115384 70.939402
125.115384 71.377816
124.676970 71.377816
124.238557 71.377816
124.238557 71.816229
123.800143 72.254643
123.361729 72.693056
122.923316 72.693056
122.484902 72.693056
122.484902 73.131470
122.046489 73.131470
122.046489 73.569883
121.608075 74.008297
121.169662 74.446710
120.731248 74.446710
120.292835 74.885124
119.854421 75.323538
119.416008 75.761951
118.977594 76.200365
118.539181 76.638778
118.100767 77.077192
118.100767 77.515605
117.662353 77.954019
117.223940 78.392432
116.785526 78.830846
116.347113 79.269259
116.347113 79.707673
115.908699 80.146086
115.470286 80.584500
115.031872 81.022913
115.031872 81.461327
114.593459 81.899741
114.593459 82.338154
114.155045 82.776568
113.716632 83.214981
113.716632 83.653395
113.278218 84.091808
112.839805 84.530222
112.401391 84.968635
112.401391 85.407049
111.962978 85.845462
111.524564 86.283876
111.086150 86.722289
111.086150 87.160703
110.647737 87.599117
110.647737 88.037530
110.209323 88.475944
109.770910 88.914357
109.770910 89.352771
109.332496 89.791184
109.332496 90.229598
108.894083 90.668011
108.894083 91.106425
108.894083 91.544838
108.455669 91.983252
108.455669 92.421665
108.017256 92.860079
108.017256 93.298492
108.017256 93.736906
107.578842 94.175320
107.578842 94.613733
107.578842 95.052147
107.140429 95.490560
107.140429 95.928974
106.702015 96.367387
106.702015 96.805801
106.702015 97.244214
106.263602 97.682628
106.263602 98.121041
106.263602 98.559455
105.825188 98.997868
105.825188 99.436282
105.825188 99.874695
105.825188 100.313109
105.386775 100.751523
105.386775 101.189936
105.386775 101.628350
105.386775 102.066763
105.386775 102.505177
104.948361 102.943590
104.948361 103.382004
104.948361 103.820417
104.948361 104.258831
104.948361 104.697244
104.948361 105.135658
104.948361 105.574071
104.948361 106.012485
104.948361 106.450899
104.948361 106.889312
104.948361 107.327726
104.948361 107.766139
104.948361 108.204553
104.948361 108.642966
104.948361 109.081380
104.948361 109.519793
104.948361 109.958207
104.948361 110.396620
104.948361 110.835034
104.948361 111.273447
104.948361 111.711861
104.948361 112.150274
104.948361 112.588688
104.948361 113.027102
104.948361 113.465515
104.948361 113.903929
104.948361 114.342342
104.948361 114.780756
104.948361 115.219169
104.948361 115.657583
104.948361 116.095996
104.948361 116.534410
104.948361 116.972823
104.948361 117.411237
104.948361 117.849650
104.948361 118.288064
104.948361 118.726477
104.948361 119.164891
104.948361 119.603305
104.948361 120.041718
105.386775 120.480132
105.386775 120.918545
105.386775 121.356959
105.386775 121.795372
105.386775 122.233786
105.825188 122.672199
105.825188 123.110613
105.825188 123.549026
105.825188 123.987440
105.825188 124.425853
106.263602 124.425853
106.263602 124.864267
106.263602 125.302680
106.702015 125.741094
106.702015 126.179508
106.702015 126.617921
106.702015 127.056335
107.140429 127.056335
107.140429 127.494748
107.140429 127.933162
107.578842 127.933162
107.578842 128.371575
107.578842 128.809989
107.578842 129.248402
107.140429 130.125229
107.140429 130.563643
106.702015 131.440470
106.263602 131.878884
105.825188 131.878884
105.386775 131.440470
104.948361 131.440470
104.509947 131.440470
103.633120 131.002056
103.194707 131.002056
102.756293 131.002056
102.317880 130.563643
101.879466 130.563643
101.441053 130.563643
100.564226 130.125229
100.125812 130.125229
99.687399 130.125229
99.248985 129.686816
98.810572 129.686816
98.372158 129.686816
97.495331 129.248402
97.056917 129.248402
96.618504 129.248402
96.180090 128.809989
95.741677 128.809989
94.864850 128.809989
94.426436 128.371575
93.988023 128.371575
93.549609 128.371575
93.111196 127.933162
92.672782 127.933162
91.795955 127.933162
91.357541 127.494748
90.919128 127.494748
90.480714 127.494748
90.042301 127.056335
89.603887 127.056335
88.727060 126.617921
88.288647 126.617921
87.850233 126.179508
87.411820 126.179508
86.973406 125.741094
86.534993 125.302680
86.096579 125.302680
85.219752 124.864267
84.781338 124.864267
84.342925 124.425853
83.904511 123.987440
83.466098 123.987440
83.027684 123.549026
82.589271 123.110613
82.150857 123.110613
81.274030 122.672199
80.835617 122.672199
80.397203 122.233786
79.958790 121.795372
79.520376 121.795372
79.081962 121.356959
78.643549 121.356959
77.766722 120.918545
77.328308 120.480132
76.889895 120.480132
76.451481 120.041718
76.013068 120.041718
75.574654 119.603305
75.136241 119.164891
74.697827 119.164891
73.821000 118.726477
73.382586 118.726477
72.944173 118.288064
72.505759 117.849650
72.067346 117.849650
71.628932 117.411237
71.190519 116.972823
70.752105 116.534410
70.313692 116.095996
69.875278 116.095996
69.436865 115.657583
68.998451 115.219169
68.560038 114.780756
67.683211 114.342342
67.244797 114.342342
66.806383 113.903929
66.367970 113.465515
65.929556 113.027102
65.929556 112.588688
65.929556 112.150274
65.929556 111.711861
65.929556 111.273447
65.491143 110.835034
65.491143 110.396620
65.491143 109.958207
65.491143 109.519793
65.491143 109.081380
65.491143 108.642966
65.491143 108.204553
65.052729 107.766139
65.052729 106.889312
65.052729 106.450899
65.052729 106.012485
65.052729 105.574071
65.052729 105.135658
65.052729 104.697244
64.614316 104.258831
64.614316 103.820417
64.614316 103.382004
64.614316 102.943590
64.614316 102.505177
64.614316 102.066763
64.175902 101.628350
64.614316 100.751523
65.052729 100.313109
65.491143 99.874695
65.491143 98.997868
65.929556 98.559455
66.367970 98.121041
66.367970 97.244214
66.806383 96.805801
67.244797 95.928974
67.683211 95.490560
67.683211 95.052147
68.121624 94.175320
68.560038 93.736906
68.998451 93.298492
68.998451 92.421665
69.436865 91.983252
69.875278 91.544838
69.875278 90.668011
70.313692 90.229598
70.752105 89.352771
71.190519 88.914357
71.190519 88.475944
71.628932 87.599117
72.067346 87.160703
72.067346 86.722289
72.505759 85.845462
72.944173 85.407049
73.382586 84.968635
73.382586 84.091808
73.821000 83.653395
74.259414 83.214981
74.259414 82.338154
74.697827 81.899741
75.136241 81.461327
76.013068 81.022913
76.451481 80.584500
76.889895 80.146086
77.328308 79.707673
77.766722 79.269259
78.643549 78.830846
79.081962 78.392432
79.520376 77.954019
79.958790 77.515605
80.397203 77.077192
81.274030 76.638778
81.712444 76.200365
82.150857 75.761951
82.589271 75.323538
83.027684 74.885124
83.904511 74.446710
84.342925 74.008297
84.781338 73.569883
85.219752 73.131470
86.096579 72.693056
86.534993 72.254643
86.973406 72.254643
87.411820 71.816229
87.850233 71.377816
88.288647 70.939402
88.727060 70.500989
89.603887 70.500989
90.042301 70.062575
90.480714 70.062575
90.919128 69.624162
91.357541 69.624162
91.795955 69.185748
92.234368 69.185748
92.672782 68.747335
93.111196 68.747335
93.549609 68.308921
93.988023 68.308921
94.426436 67.870507
94.864850 67.870507
95.303263 67.432094
95.741677 67.432094
96.180090 66.993680
96.618504 66.555267
97.495331 66.555267
97.933744 66.116853
98.372158 66.116853
98.810572 65.678440
99.248985 65.678440
99.687399 65.240026
100.125812 65.240026
100.564226 64.801613
101.002639 64.801613
101.441053 64.363199
101.879466 64.363199
102.317880 63.924786
102.756293 63.924786
103.194707 63.486372
103.633120 63.486372
104.509947 63.486372
104.948361 63.486372
105.825188 63.486372
106.263602 63.486372
106.702015 63.486372
107.578842 63.486372
108.017256 63.486372
108.894083 63.486372
109.332496 63.486372
109.770910 63.486372
110.647737 63.486372
111.086150 63.486372
111.962978 63.486372
112.401391 63.486372
112.839805 63.486372
113.716632 63.486372
114.155045 63.486372
115.031872 63.486372
115.470286 63.486372
115.908699 63.486372
116.785526 63.486372
117.223940 63.486372
118.100767 63.486372
118.539181 63.486372
118.977594 63.486372
119.854421 63.486372
120.292835 63.486372
121.169662 63.486372
121.608075 63.486372
122.046489 63.486372
122.923316 63.486372
123.361729 63.486372
124.238557 63.486372
124.676970 63.486372
125.115384 63.486372
125.553797 63.486372
125.992211 63.486372
126.430624 63.486372
126.869038 63.486372
127.745865 63.486372
128.184278 63.486372
128.622692 63.486372
129.061105 63.486372
129.499519 63.486372
129.937932 63.486372
130.376346 63.486372
131.253173 63.486372
131.691587 63.486372
132.130000 63.486372
132.568414 63.486372
133.006827 63.486372
133.445241 63.486372
133.883654 63.486372
134.322068 63.924786
134.760481 64.363199
135.198895 64.801613
135.637308 64.801613
