133.953798 70.708142
133.484976 71.176964
133.484976 71.645786
133.016154 71.645786
132.547333 71.645786
132.078511 72.114608
131.609689 72.114608
131.140868 72.114608
130.672046 72.114608
130.672046 72.583429
130.203224 72.583429
129.734402 72.583429
129.265581 73.052251
128.796759 73.052251
128.327937 73.521073
127.859116 73.521073
127.390294 73.521073
126.921472 73.521073
126.921472 73.989894
126.452650 73.989894
125.983829 73.989894
125.983829 74.458716
125.515007 74.458716
125.046185 74.458716
125.046185 74.927538
124.577364 74.927538
124.108542 74.927538
124.108542 75.396360
123.639720 75.396360
123.639720 75.865181
123.170898 75.865181
122.702077 76.334003
122.233255 76.334003
121.764433 76.802825
121.295611 77.271646
120.826790 77.271646
120.357968 77.740468
119.889146 77.740468
119.889146 78.209290
119.420325 78.209290
118.951503 78.209290
118.951503 78.678112
118.482681 79.146933
118.013859 79.146933
117.545038 79.615755
117.076216 80.084577
116.607394 80.084577
116.607394 80.553399
116.138573 81.022220
115.669751 81.022220
115.669751 81.491042
115.200929 81.491042
114.732107 81.959864
114.263286 82.428685
113.794464 82.428685
113.794464 82.897507
113.325642 83.366329
112.856821 83.835151
112.387999 84.303972
111.919177 84.772794
111.450355 85.241616
110.981534 85.710437
110.981534 86.179259
110.512712 86.648081
110.043890 87.116903
109.575069 87.585724
109.106247 88.054546
108.637425 88.523368
108.637425 88.992189
108.168603 89.461011
107.699782 89.929833
107.699782 90.398655
107.230960 90.867476
106.762138 91.336298
106.762138 91.805120
106.293317 92.273941
105.824495 92.742763
105.824495 93.211585
105.355673 93.680407
105.355673 94.149228
104.886851 94.618050
104.418030 95.086872
104.418030 95.555693
103.949208 96.024515
103.949208 96.493337
103.480386 96.962159
103.480386 97.430980
103.011564 97.899802
103.011564 98.368624
103.011564 98.837446
102.542743 99.306267
102.542743 99.775089
102.073921 100.243911
102.073921 100.712732
102.073921 101.181554
101.605099 101.650376
101.605099 102.119198
101.605099 102.588019
101.136278 103.056841
101.136278 103.525663
101.136278 103.994484
100.667456 104.463306
100.667456 104.932128
100.667456 105.400950
100.667456 105.869771
100.198634 106.338593
100.198634 106.807415
100.198634 107.276236
100.198634 107.745058
99.729812 108.213880
99.729812 108.682702
99.729812 109.151523
99.729812 109.620345
99.729812 110.089167
99.729812 110.557988
99.260991 111.026810
99.260991 111.495632
99.260991 111.964454
99.260991 112.433275
99.260991 112.902097
99.260991 113.370919
99.260991 113.839741
99.260991 114.308562
99.260991 114.777384
99.260991 115.246206
99.260991 115.715027
98.792169 116.183849
98.792169 116.652671
98.792169 117.121493
98.792169 117.590314
98.792169 118.059136
98.792169 118.527958
98.792169 118.996779
98.792169 119.465601
98.792169 119.934423
99.260991 120.403245
99.260991 120.872066
99.260991 121.340888
99.260991 121.809710
99.260991 122.278531
99.260991 122.747353
99.260991 123.216175
99.260991 123.684997
99.260991 124.153818
99.260991 124.622640
99.260991 125.091462
99.260991 125.560283
99.729812 125.560283
99.729812 126.029105
99.729812 126.497927
99.729812 126.966749
99.729812 127.435570
99.729812 127.904392
99.729812 128.373214
100.198634 128.373214
100.198634 128.842035
100.198634 129.310857
100.198634 129.779679
100.198634 130.248501
100.667456 130.248501
100.667456 130.717322
100.667456 131.186144
100.667456 131.654966
100.667456 132.123788
101.136278 132.123788
101.136278 132.592609
101.136278 133.061431
101.136278 133.530253
101.605099 133.530253
101.605099 133.999074
101.605099 134.467896
102.073921 134.936718
101.605099 135.874361
101.605099 136.343183
100.667456 136.343183
100.198634 136.343183
99.729812 135.874361
99.260991 135.874361
98.792169 135.874361
98.323347 135.874361
97.385704 135.874361
96.916882 135.405540
96.448060 135.405540
95.979239 135.405540
95.510417 135.405540
94.572774 135.405540
94.103952 135.405540
93.635130 134.936718
93.166308 134.936718
92.697487 134.936718
92.228665 134.936718
91.291022 134.936718
90.822200 134.467896
90.353378 134.467896
89.884556 134.467896
89.415735 134.467896
88.478091 134.467896
88.009269 133.999074
87.540448 133.999074
87.071626 133.999074
86.133983 133.530253
85.665161 133.530253
84.727517 133.061431
84.258696 132.592609
83.321052 132.592609
82.852231 132.123788
81.914587 132.123788
81.445765 131.654966
80.508122 131.654966
80.039300 131.186144
79.101657 130.717322
78.632835 130.717322
77.695192 130.248501
77.226370 130.248501
76.288727 129.779679
75.819905 129.779679
74.882261 129.310857
74.413440 129.310857
73.475796 128.842035
73.006975 128.373214
72.069331 128.373214
71.600509 127.904392
70.662866 127.904392
70.194044 127.435570
69.256401 127.435570
68.787579 126.966749
68.318757 126.497927
67.381114 126.497927
66.912292 126.029105
65.974649 126.029105
65.505827 125.560283
64.568184 125.560283
64.099362 125.091462
63.630540 124.622640
63.161718 124.153818
62.692897 123.684997
62.224075 123.216175
61.755253 122.747353
61.286432 122.278531
60.348788 121.809710
59.879966 121.340888
59.411145 120.872066
58.942323 120.403245
58.473501 119.934423
58.004680 119.465601
57.535858 118.996779
57.067036 118.527958
57.067036 118.059136
57.067036 117.590314
57.067036 117.121493
57.067036 116.652671
57.067036 115.715027
57.067036 115.246206
57.067036 114.777384
57.067036 114.308562
57.067036 113.839741
57.535858 113.370919
57.535858 112.902097
58.004680 112.433275
58.004680 111.964454
58.473501 111.495632
58.473501 111.026810
58.942323 110.557988
58.942323 110.089167
58.942323 109.620345
59.411145 109.151523
59.411145 108.682702
59.879966 108.213880
59.879966 107.745058
59.879966 107.276236
60.348788 106.807415
60.348788 106.338593
60.348788 105.869771
60.817610 105.400950
60.817610 104.932128
60.817610 104.463306
60.817610 103.994484
61.286432 103.525663
61.286432 103.056841
61.286432 102.588019
61.286432 102.119198
61.286432 101.650376
61.755253 101.181554
62.224075 100.712732
62.224075 100.243911
62.692897 99.775089
62.692897 99.306267
63.161718 98.837446
63.161718 98.368624
63.630540 97.899802
63.630540 97.430980
64.099362 96.962159
64.099362 96.493337
64.568184 96.024515
64.568184 95.555693
65.037005 95.086872
65.037005 94.618050
65.505827 94.149228
65.505827 93.680407
65.974649 93.211585
66.443470 92.742763
66.912292 92.273941
66.912292 91.805120
67.381114 91.336298
67.849936 90.867476
67.849936 90.398655
68.318757 89.929833
68.318757 89.461011
68.787579 88.992189
69.256401 88.523368
69.256401 88.054546
69.725222 87.585724
70.194044 87.116903
70.662866 86.648081
70.662866 86.179259
71.131688 85.710437
71.600509 85.710437
71.600509 85.241616
71.600509 84.772794
72.069331 84.772794
72.069331 84.303972
72.538153 84.303972
72.538153 83.835151
73.006975 83.366329
73.475796 83.366329
73.475796 82.897507
73.944618 82.897507
73.944618 82.428685
74.413440 82.428685
74.413440 81.959864
74.882261 81.491042
75.351083 81.022220
75.819905 80.553399
76.288727 80.084577
76.757548 79.615755
76.757548 79.146933
77.226370 78.678112
77.695192 78.209290
78.164013 77.740468
78.164013 77.271646
78.632835 76.802825
79.101657 76.802825
79.101657 76.334003
79.101657 75.865181
79.570479 75.396360
80.039300 74.927538
80.508122 74.458716
80.508122 73.989894
80.976944 73.521073
81.445765 73.052251
81.445765 72.583429
81.914587 72.114608
82.383409 71.645786
82.852231 71.645786
83.321052 71.176964
83.789874 70.708142
84.258696 70.239321
84.727517 69.770499
85.196339 69.301677
85.665161 68.832856
86.133983 68.832856
86.602804 68.364034
87.071626 67.895212
87.540448 67.426390
88.009269 67.426390
88.478091 66.957569
88.946913 66.488747
89.415735 66.488747
89.884556 66.019925
90.353378 65.551104
90.822200 65.082282
91.291022 65.082282
91.759843 64.613460
92.228665 64.613460
92.697487 64.613460
93.166308 64.144638
93.635130 64.144638
94.103952 64.144638
94.572774 63.675817
95.041595 63.675817
95.510417 63.675817
95.979239 63.206995
96.448060 63.206995
96.916882 63.206995
97.385704 63.206995
97.854526 63.206995
98.323347 63.206995
98.792169 63.206995
99.260991 63.206995
99.729812 63.206995
100.198634 62.738173
100.667456 62.738173
101.136278 62.738173
101.605099 62.738173
102.073921 62.738173
102.542743 62.738173
103.011564 62.738173
103.480386 62.738173
103.949208 62.738173
104.418030 62.738173
104.886851 62.738173
105.355673 62.738173
105.824495 62.738173
106.293317 62.738173
106.762138 62.738173
107.230960 62.738173
107.699782 62.738173
108.168603 62.738173
109.106247 62.738173
109.575069 62.269351
110.043890 62.269351
110.512712 62.269351
110.981534 62.269351
111.450355 62.738173
111.919177 62.738173
112.387999 62.738173
112.856821 63.206995
113.325642 63.206995
113.794464 63.675817
114.732107 63.675817
115.200929 63.675817
115.669751 64.144638
116.138573 64.144638
116.607394 64.613460
117.076216 64.613460
117.545038 65.082282
118.013859 65.082282
118.482681 65.082282
118.951503 65.551104
119.420325 65.551104
119.889146 66.019925
120.826790 66.019925
121.295611 66.488747
121.764433 66.488747
122.233255 66.488747
122.702077 66.957569
123.170898 66.957569
123.639720 67.426390
124.108542 67.426390
124.577364 67.426390
125.046185 67.895212
125.515007 67.895212
125.983829 67.895212
126.452650 67.895212
127.390294 68.364034
127.859116 68.364034
128.327937 68.364034
128.796759 68.832856
129.265581 68.832856
129.734402 68.832856
130.203224 69.301677
130.672046 69.301677
131.140868 69.770499
131.609689 70.239321
132.078511 70.708142
132.547333 71.176964
133.016154 71.645786
133.484976 71.176964
133.953798 70.708142
