101.691181 95.137906
101.691181 95.374906
101.691181 95.611906
101.691181 95.848906
101.691181 96.085906
101.691181 96.322906
101.454181 96.559906
101.454181 96.796906
101.454181 97.033906
101.454181 97.270906
101.454181 97.507906
101.454181 97.744906
101.454181 97.981906
101.454181 98.218906
101.454181 98.455906
101.454181 98.692906
101.454181 98.929906
101.454181 99.166906
101.454181 99.403906
101.454181 99.640906
101.454181 99.877906
101.454181 100.114906
101.454181 100.351906
101.454181 100.588906
101.454181 100.825906
101.454181 101.062906
101.454181 101.299906
101.454181 101.536906
101.454181 102.010906
101.217181 102.247906
101.217181 102.721906
100.980181 102.958906
100.980181 103.195906
100.743181 103.669906
100.743181 103.906906
100.743181 104.380906
100.506181 104.617906
100.506181 104.854906
100.269181 105.328906
100.269181 105.565906
100.032181 106.039906
100.032181 106.276906
100.032181 106.513906
99.795181 106.987906
99.795181 107.224906
99.558181 107.698906
99.558181 107.935906
99.558181 108.172906
99.321181 108.646906
99.321181 108.883906
99.084181 109.357906
99.084181 109.594906
98.847181 109.831906
98.847181 110.305906
98.847181 110.542906
98.610181 111.016906
98.610181 111.253906
98.610181 111.490906
98.847181 111.727906
98.847181 112.201906
98.847181 112.438906
98.847181 112.675906
98.847181 113.149906
98.847181 113.386906
98.847181 113.623906
99.084181 114.097906
99.084181 114.334906
99.084181 114.571906
99.084181 115.045906
99.084181 115.282906
99.084181 115.519906
99.084181 115.756906
99.321181 116.230906
99.321181 116.467906
99.321181 116.704906
99.321181 117.178906
99.321181 117.415906
99.321181 117.652906
99.321181 118.126906
99.558181 118.363906
99.558181 118.600906
99.558181 119.074906
99.558181 119.311906
99.558181 119.548906
99.558181 119.785906
99.558181 120.259906
99.795181 120.496906
99.795181 120.733906
99.795181 121.207906
99.795181 121.444906
99.795181 121.681906
99.795181 122.155906
99.795181 122.392906
100.032181 122.629906
100.032181 123.103906
100.032181 123.340906
100.032181 123.577906
100.032181 123.814906
100.032181 124.288906
100.032181 124.525906
100.032181 124.762906
100.269181 125.236906
100.269181 125.473906
100.269181 125.710906
100.269181 126.184906
100.269181 126.421906
100.506181 126.658906
100.506181 127.132906
100.743181 127.369906
100.980181 127.843906
100.980181 128.080906
101.217181 128.554906
101.454181 128.791906
101.454181 129.265906
101.691181 129.502906
101.691181 129.976906
101.928181 130.213906
102.165181 130.687906
102.165181 130.924906
102.402181 131.161906
102.639181 131.635906
102.639181 131.872906
102.876181 132.346906
103.113181 132.583906
103.113181 133.057906
103.350181 133.294906
103.350181 133.768906
103.587181 134.005906
103.824181 134.479906
103.824181 134.716906
104.061181 135.190906
104.298181 135.427906
104.298181 135.901906
104.535181 136.138906
104.535181 136.612906
104.772181 136.849906
105.009181 137.086906
105.009181 137.560906
105.246181 137.797906
105.009181 137.797906
104.772181 137.560906
104.298181 137.560906
104.061181 137.323906
103.824181 137.323906
103.587181 137.086906
103.350181 136.849906
103.113181 136.849906
102.876181 136.612906
102.639181 136.375906
102.165181 136.375906
101.928181 136.138906
101.691181 135.901906
101.454181 135.901906
101.217181 135.664906
100.980181 135.664906
100.743181 135.427906
100.506181 135.190906
100.269181 135.190906
99.795181 134.953906
99.558181 134.716906
99.321181 134.716906
99.084181 134.479906
98.847181 134.479906
98.610181 134.242906
98.373181 134.005906
98.136181 134.005906
97.662181 133.768906
97.425181 133.531906
97.188181 133.531906
96.951181 133.294906
96.714181 133.294906
96.477181 133.057906
96.240181 132.820906
96.003181 132.583906
96.003181 132.346906
95.766181 132.109906
95.529181 131.872906
95.292181 131.635906
95.055181 131.398906
95.055181 131.161906
94.818181 130.924906
94.581181 130.450906
94.581181 130.213906
94.581181 129.976906
94.344181 129.739906
94.344181 129.265906
94.107181 129.028906
94.107181 128.791906
93.870181 128.554906
93.870181 128.317906
93.870181 127.843906
93.633181 127.606906
93.633181 127.369906
93.396181 127.132906
93.396181 126.895906
93.396181 126.421906
93.159181 126.184906
93.159181 125.947906
92.922181 125.710906
92.922181 125.236906
92.685181 124.999906
92.685181 124.762906
92.685181 124.525906
92.448181 124.288906
92.448181 123.814906
92.211181 123.577906
92.211181 123.340906
92.211181 123.103906
91.974181 122.866906
91.974181 122.392906
91.737181 122.155906
91.737181 121.918906
91.500181 121.681906
91.500181 121.444906
91.500181 120.970906
91.263181 120.733906
91.263181 120.496906
91.026181 120.259906
91.026181 119.785906
90.789181 119.548906
90.789181 119.311906
90.789181 119.074906
90.552181 118.837906
90.552181 118.363906
90.315181 118.126906
90.315181 117.889906
90.315181 117.652906
90.078181 117.415906
90.078181 116.941906
89.841181 116.704906
89.841181 116.467906
89.841181 115.993906
89.841181 115.756906
89.841181 115.282906
89.841181 115.045906
89.841181 114.808906
89.841181 114.334906
89.841181 114.097906
89.841181 113.623906
89.841181 113.386906
89.841181 112.912906
89.841181 112.675906
89.841181 112.201906
89.841181 111.964906
89.841181 111.490906
89.841181 111.253906
89.841181 110.779906
89.841181 110.542906
89.841181 110.068906
89.841181 109.831906
89.841181 109.357906
89.841181 109.120906
89.841181 108.883906
89.841181 108.409906
89.841181 108.172906
89.841181 107.698906
89.841181 107.461906
89.841181 106.987906
89.841181 106.750906
89.841181 106.276906
89.841181 106.039906
89.841181 105.565906
89.841181 105.328906
89.841181 104.854906
89.841181 104.617906
90.078181 104.380906
90.315181 104.143906
90.552181 103.906906
90.552181 103.669906
90.789181 103.432906
91.026181 103.195906
91.263181 102.958906
91.263181 102.721906
91.500181 102.484906
91.737181 102.247906
91.974181 102.010906
92.211181 101.773906
92.448181 101.536906
92.685181 101.062906
92.922181 100.825906
93.159181 100.588906
93.159181 100.351906
93.396181 100.114906
93.633181 99.877906
93.870181 99.640906
94.107181 99.403906
94.344181 98.929906
94.581181 98.692906
94.818181 98.455906
94.818181 98.218906
95.055181 97.981906
95.292181 97.744906
95.529181 97.507906
95.766181 97.270906
96.003181 96.796906
96.240181 96.559906
96.477181 96.322906
96.714181 96.085906
96.714181 95.848906
96.951181 95.611906
97.188181 95.374906
97.425181 95.137906
97.662181 94.900906
97.899181 94.426906
98.136181 94.189906
98.373181 93.952906
98.610181 93.715906
98.610181 93.478906
98.847181 93.241906
99.084181 93.004906
99.321181 92.767906
99.558181 92.293906
99.795181 92.056906
100.032181 91.819906
100.269181 91.582906
100.506181 91.345906
100.506181 91.108906
100.743181 90.871906
100.980181 90.634906
101.217181 90.160906
101.454181 89.923906
101.691181 89.686906
101.928181 89.449906
102.165181 89.212906
102.402181 89.212906
102.639181 88.975906
102.876181 88.975906
103.113181 88.738906
103.587181 88.738906
103.824181 88.501906
104.061181 88.264906
104.061181 88.027906
104.061181 87.790906
104.298181 87.790906
104.061181 88.027906
104.061181 88.264906
103.824181 88.501906
103.824181 88.738906
103.587181 88.975906
103.587181 89.212906
103.350181 89.449906
103.350181 89.686906
103.113181 89.923906
103.113181 90.160906
102.876181 90.397906
102.876181 90.634906
102.876181 90.871906
102.639181 91.108906
102.639181 91.345906
102.639181 91.582906
102.402181 91.819906
102.402181 92.056906
102.402181 92.293906
102.165181 92.530906
102.165181 92.767906
102.165181 93.004906
102.165181 93.241906
101.928181 93.478906
101.928181 93.715906
101.928181 93.952906
101.928181 94.189906
101.928181 94.426906
101.691181 94.663906
101.691181 94.900906
101.691181 95.137906
