137.012600 67.823344
136.559671 67.823344
136.106743 67.823344
135.653815 68.276272
135.200886 68.276272
134.747958 68.276272
134.747958 68.729200
134.295029 68.729200
133.842101 69.182129
133.389173 69.182129
132.936244 69.182129
132.936244 69.635057
132.483316 69.635057
132.030388 70.087986
131.577459 70.087986
131.124531 70.540914
130.671602 70.540914
130.218674 70.993842
129.765746 71.446771
129.312817 71.446771
128.859889 71.446771
128.859889 71.899699
128.406960 72.352627
127.954032 72.352627
127.501104 72.805556
127.048175 72.805556
126.595247 73.258484
126.142319 73.258484
126.142319 73.711413
125.689390 73.711413
125.689390 74.164341
125.236462 74.617269
124.783533 74.617269
124.330605 75.070198
123.877677 75.070198
123.877677 75.523126
123.424748 75.976055
122.971820 75.976055
122.971820 76.428983
122.518891 76.881911
122.065963 76.881911
122.065963 77.334840
121.613035 77.334840
121.160106 77.787768
120.707178 78.240696
120.254250 78.693625
119.801321 79.146553
119.348393 79.599482
118.895464 80.052410
118.895464 80.505338
118.442536 80.958267
117.989608 81.411195
117.536679 81.864124
117.083751 82.317052
116.630823 82.769980
116.177894 83.222909
116.177894 83.675837
115.724966 84.128765
115.272037 84.581694
114.819109 85.034622
114.819109 85.487551
114.366181 85.940479
113.913252 86.393407
113.913252 86.846336
113.460324 87.299264
113.007395 87.752192
113.007395 88.205121
112.554467 88.658049
112.101539 89.110978
112.101539 89.563906
111.648610 90.016834
111.648610 90.469763
111.195682 90.922691
111.195682 91.375620
110.742754 91.828548
110.742754 92.281476
110.289825 92.734405
110.289825 93.187333
109.836897 93.640261
109.836897 94.093190
109.383968 94.546118
109.383968 94.999047
109.383968 95.451975
108.931040 95.904903
108.931040 96.357832
108.478112 96.810760
108.478112 97.263689
108.478112 97.716617
108.025183 98.169545
108.025183 98.622474
108.025183 99.075402
107.572255 99.528330
107.572255 99.981259
107.572255 100.434187
107.119326 100.887116
107.119326 101.340044
107.119326 101.792972
107.119326 102.245901
106.666398 102.698829
106.666398 103.151758
106.666398 103.604686
106.666398 104.057614
106.213470 104.510543
106.213470 104.963471
106.213470 105.416399
106.213470 105.869328
106.213470 106.322256
105.760541 106.775185
105.760541 107.228113
105.760541 107.681041
105.760541 108.133970
105.760541 108.586898
105.760541 109.039826
105.760541 109.492755
105.760541 109.945683
105.307613 110.398612
105.307613 110.851540
105.307613 111.304468
105.307613 111.757397
105.307613 112.210325
105.307613 112.663254
105.307613 113.116182
105.307613 113.569110
105.307613 114.022039
105.307613 114.474967
105.307613 114.927895
105.307613 115.380824
105.307613 115.833752
105.307613 116.286681
105.307613 116.739609
105.307613 117.192537
105.307613 117.645466
105.307613 118.098394
105.307613 118.551323
105.307613 119.004251
105.307613 119.457179
105.760541 119.910108
105.760541 120.363036
105.760541 120.815964
105.760541 121.268893
105.760541 121.721821
105.760541 122.174750
105.760541 122.627678
105.760541 123.080606
105.760541 123.533535
106.213470 123.533535
106.213470 123.986463
106.213470 124.439392
106.213470 124.892320
106.213470 125.345248
106.213470 125.798177
106.666398 125.798177
106.666398 126.251105
106.666398 126.704033
106.666398 126.251105
106.666398 126.704033
106.666398 127.156962
107.119326 127.609890
107.119326 128.062819
107.119326 128.515747
107.119326 128.968675
107.119326 129.421604
107.572255 129.421604
107.572255 129.874532
107.572255 130.327460
107.572255 129.874532
107.572255 130.327460
108.025183 130.780389
108.025183 131.233317
108.025183 131.686246
108.025183 132.139174
108.478112 132.139174
108.478112 132.592102
108.478112 133.045031
108.478112 133.497959
108.931040 133.497959
108.931040 133.950888
109.383968 134.403816
109.383968 134.856744
109.383968 135.309673
109.383968 135.762601
109.836897 135.762601
109.836897 136.215529
109.383968 135.762601
108.931040 135.309673
108.478112 135.309673
108.025183 134.856744
107.119326 134.856744
106.666398 134.856744
106.213470 134.403816
105.760541 134.403816
105.307613 133.950888
104.854685 133.950888
104.401756 133.497959
103.948828 133.497959
103.495899 133.497959
103.042971 133.045031
102.590043 133.045031
102.137114 132.592102
101.684186 132.592102
101.231257 132.139174
100.778329 132.139174
100.325401 131.686246
99.419544 131.686246
98.966616 131.686246
98.513687 131.233317
98.060759 131.233317
97.607830 130.780389
97.154902 130.780389
96.701974 130.327460
96.249045 129.874532
95.796117 129.874532
94.890260 129.421604
94.437332 128.968675
93.984403 128.968675
93.531475 128.515747
93.078547 128.062819
92.625618 128.062819
91.719761 127.609890
91.266833 127.156962
90.813905 127.156962
90.360976 126.704033
89.908048 126.251105
89.455120 126.251105
88.549263 125.798177
88.096334 125.345248
87.643406 125.345248
87.190478 124.892320
86.737549 124.439392
85.831692 124.439392
85.378764 123.986463
84.925836 123.533535
84.472907 123.533535
84.019979 123.080606
83.567051 123.080606
82.661194 122.627678
82.208265 122.174750
81.755337 122.174750
81.302409 121.721821
80.849480 121.268893
80.396552 121.268893
79.490695 120.815964
79.037767 120.363036
78.584838 119.910108
78.131910 119.457179
77.678982 119.457179
77.226053 119.004251
76.320196 118.551323
75.867268 118.098394
75.414340 117.645466
74.961411 117.645466
74.508483 117.192537
74.055555 116.739609
73.149698 116.286681
72.696769 115.833752
72.243841 115.833752
71.790913 115.380824
71.337984 114.927895
70.885056 114.474967
70.885056 114.022039
70.885056 113.116182
70.885056 112.663254
70.885056 112.210325
70.885056 111.757397
70.885056 110.851540
70.885056 110.398612
70.885056 109.945683
70.885056 109.492755
70.885056 109.039826
70.885056 108.133970
70.885056 107.681041
70.885056 107.228113
70.885056 106.775185
70.885056 105.869328
70.432127 105.416399
70.432127 104.963471
70.432127 104.510543
70.432127 104.057614
70.432127 103.151758
70.432127 102.698829
70.432127 102.245901
70.432127 101.792972
70.432127 100.887116
70.885056 100.434187
70.885056 99.981259
71.337984 99.528330
71.790913 99.075402
71.790913 98.622474
72.243841 98.169545
72.696769 97.716617
72.696769 96.810760
73.149698 96.357832
73.602626 95.904903
73.602626 95.451975
74.055555 94.999047
74.508483 94.546118
74.961411 94.093190
74.961411 93.640261
75.414340 92.734405
75.867268 92.281476
75.867268 91.828548
76.320196 91.375620
76.773125 90.922691
76.773125 90.469763
77.226053 90.016834
77.678982 89.110978
78.131910 88.658049
78.131910 88.205121
78.584838 87.752192
79.037767 87.299264
79.037767 86.846336
79.490695 86.393407
79.943623 85.487551
79.943623 85.034622
80.396552 84.581694
80.849480 84.128765
81.302409 83.675837
81.755337 83.222909
82.208265 82.769980
82.661194 82.317052
83.114122 81.411195
84.019979 80.958267
84.472907 80.505338
84.925836 80.052410
85.378764 79.599482
86.284621 78.693625
86.737549 78.240696
87.190478 77.787768
87.643406 77.334840
88.096334 76.881911
89.002191 76.428983
89.455120 75.523126
89.908048 75.070198
90.360976 74.617269
91.266833 74.164341
91.719761 73.711413
92.172690 73.258484
92.625618 72.352627
93.078547 71.899699
93.984403 71.446771
94.437332 70.993842
94.890260 70.540914
95.343189 70.087986
95.796117 69.635057
96.249045 69.635057
96.701974 69.182129
97.154902 68.729200
97.607830 68.276272
98.513687 68.276272
98.966616 67.823344
99.419544 67.370415
99.872472 67.370415
100.325401 66.917487
100.778329 66.464558
101.231257 66.011630
101.684186 66.011630
102.137114 65.558702
102.590043 65.105773
103.042971 64.652845
103.495899 64.652845
103.948828 64.199917
104.854685 63.746988
105.307613 63.294060
105.760541 63.294060
106.213470 62.841131
106.666398 62.388203
107.119326 62.388203
107.572255 61.935275
108.025183 61.935275
108.478112 61.482346
108.931040 61.482346
109.383968 61.482346
109.836897 61.029418
110.289825 61.029418
110.742754 61.029418
111.648610 61.029418
112.101539 61.029418
112.554467 61.029418
113.007395 61.029418
113.460324 61.029418
113.913252 61.029418
114.819109 61.029418
115.272037 61.029418
115.724966 60.576490
116.177894 60.576490
116.630823 60.576490
117.536679 60.576490
117.989608 60.576490
118.442536 60.576490
118.895464 60.576490
119.348393 60.576490
119.801321 61.029418
120.254250 61.029418
120.707178 61.029418
121.160106 61.029418
121.613035 61.029418
122.065963 61.482346
122.518891 61.482346
122.971820 61.482346
123.424748 61.482346
124.330605 61.482346
124.783533 61.935275
125.236462 61.935275
125.689390 61.935275
126.142319 61.935275
126.595247 61.935275
127.048175 62.388203
127.501104 62.388203
127.954032 62.388203
128.406960 62.388203
128.859889 62.388203
129.312817 62.841131
129.765746 62.841131
130.671602 62.841131
131.124531 62.841131
131.577459 62.841131
132.030388 63.294060
132.483316 63.294060
132.936244 63.294060
133.389173 63.294060
133.842101 63.746988
134.295029 63.746988
134.747958 64.199917
135.200886 64.652845
135.653815 64.652845
136.106743 65.105773
136.559671 65.558702
137.012600 66.011630
137.465528 66.011630
137.918457 66.464558
138.371385 66.917487
138.824313 66.917487
138.371385 66.917487
137.918457 67.370415
137.465528 67.370415
137.012600 67.823344
