138.776265 68.524820
138.776265 69.059516
138.241569 69.594212
137.706873 70.663605
137.706873 71.198301
137.172177 72.267693
136.637481 72.802389
136.637481 73.337085
136.102785 73.871781
135.568089 73.871781
135.568089 74.406478
135.033392 74.406478
134.498696 74.406478
133.964000 74.406478
133.964000 74.941174
133.429304 74.941174
132.894608 74.941174
132.359912 74.941174
132.359912 75.475870
131.825216 75.475870
131.290520 76.010566
130.755823 76.010566
130.221127 76.010566
129.686431 76.545262
129.151735 76.545262
128.617039 77.079958
128.082343 77.079958
127.547647 77.614654
127.012951 77.614654
127.012951 78.149350
126.478254 78.149350
125.943558 78.149350
125.943558 78.684047
125.408862 78.684047
124.874166 79.218743
124.339470 79.218743
124.339470 79.753439
123.804774 79.753439
123.270078 80.288135
122.735382 80.822831
122.200685 80.822831
121.665989 81.357527
121.131293 81.357527
121.131293 81.892223
120.596597 81.892223
120.596597 82.426919
120.061901 82.426919
119.527205 82.961616
118.992509 83.496312
118.457813 84.031008
117.923116 84.031008
117.923116 84.565704
117.388420 85.100400
116.853724 85.635096
116.319028 85.635096
116.319028 86.169792
115.784332 86.704488
115.249636 87.239185
114.714940 87.773881
114.180244 88.308577
113.645547 88.843273
113.110851 89.377969
113.110851 89.912665
112.576155 90.447361
112.041459 90.982057
111.506763 91.516754
111.506763 92.051450
110.972067 92.586146
110.437371 93.120842
110.437371 93.655538
109.902675 94.190234
109.367978 94.724930
109.367978 95.259626
108.833282 95.794323
108.833282 96.329019
108.298586 96.863715
107.763890 97.398411
107.763890 97.933107
107.229194 98.467803
107.229194 99.002499
106.694498 99.537195
106.694498 100.071891
106.694498 100.606588
106.159802 101.141284
106.159802 101.675980
105.625106 102.210676
105.625106 102.745372
105.625106 103.280068
105.090409 103.814764
105.090409 104.349460
105.090409 104.884157
104.555713 105.418853
104.555713 105.953549
104.555713 106.488245
104.021017 107.022941
104.021017 107.557637
104.021017 108.092333
104.021017 108.627029
103.486321 109.161726
103.486321 109.696422
103.486321 110.231118
103.486321 110.765814
103.486321 111.300510
102.951625 111.835206
102.951625 112.369902
102.951625 112.904598
102.951625 113.439295
102.951625 113.973991
102.951625 114.508687
102.951625 115.043383
102.951625 115.578079
102.951625 116.112775
102.416929 116.647471
102.416929 117.182167
102.416929 117.716864
102.416929 118.251560
102.416929 118.786256
102.416929 119.320952
102.416929 119.855648
102.416929 120.390344
102.416929 120.925040
102.416929 121.459736
102.416929 121.994433
102.416929 122.529129
102.416929 123.063825
102.416929 123.598521
102.951625 124.133217
102.951625 124.667913
102.951625 125.202609
102.951625 125.737305
102.951625 126.272002
102.951625 126.806698
102.951625 127.341394
102.951625 127.876090
102.951625 128.410786
102.951625 128.945482
103.486321 128.945482
103.486321 129.480178
103.486321 130.014874
103.486321 130.549571
103.486321 131.084267
104.021017 131.618963
104.021017 132.153659
104.021017 132.688355
104.021017 133.223051
104.021017 133.757747
104.555713 133.757747
104.555713 134.292443
104.555713 134.827140
104.555713 135.361836
104.555713 135.896532
104.555713 136.431228
104.555713 136.965924
104.555713 137.500620
105.090409 137.500620
105.090409 138.035316
105.090409 138.570012
105.090409 139.104708
104.555713 139.639405
104.555713 140.174101
104.021017 141.243493
103.486321 141.778189
102.951625 141.778189
102.416929 141.778189
101.882233 141.778189
101.347537 141.243493
100.812841 141.243493
99.743448 141.243493
99.208752 141.243493
98.674056 141.243493
98.139360 140.708797
97.604664 140.708797
97.069968 140.708797
96.535272 140.708797
95.465879 140.174101
94.931183 140.174101
94.396487 140.174101
93.861791 140.174101
93.327095 140.174101
92.792399 139.639405
92.257703 139.639405
91.723006 139.639405
90.653614 139.639405
90.118918 139.104708
89.584222 139.104708
88.514830 138.570012
87.980134 138.570012
87.445437 138.570012
86.910741 138.035316
85.841349 138.035316
85.306653 137.500620
84.771957 137.500620
84.237261 137.500620
83.167868 136.965924
82.633172 136.965924
82.098476 136.431228
81.029084 136.431228
80.494388 136.431228
79.959692 135.896532
79.424996 135.896532
78.355603 135.361836
77.820907 135.361836
77.286211 135.361836
76.751515 134.827140
75.682123 134.827140
75.147427 134.292443
74.612730 134.292443
73.543338 134.292443
73.008642 133.757747
72.473946 133.757747
71.939250 133.223051
70.869858 133.223051
70.335161 133.223051
69.800465 132.688355
69.265769 132.688355
68.196377 132.153659
67.661681 131.618963
67.126985 131.618963
66.592289 131.084267
66.057592 130.549571
65.522896 130.549571
64.988200 130.014874
63.918808 129.480178
63.384112 128.945482
62.849416 128.945482
62.314720 128.410786
61.780024 127.876090
61.245327 127.341394
60.710631 127.341394
60.175935 126.806698
59.106543 126.272002
58.571847 126.272002
58.037151 125.737305
57.502455 125.202609
56.967758 124.667913
56.433062 124.133217
55.898366 123.598521
55.898366 123.063825
55.363670 122.529129
55.363670 121.994433
54.828974 121.459736
54.294278 120.925040
54.294278 120.390344
53.759582 119.855648
53.759582 119.320952
53.224886 118.786256
53.224886 117.716864
52.690189 117.182167
52.690189 116.647471
52.690189 116.112775
52.690189 115.578079
52.690189 115.043383
52.690189 114.508687
52.690189 113.973991
53.224886 112.904598
53.224886 112.369902
53.224886 111.835206
53.224886 111.300510
53.224886 110.765814
53.224886 110.231118
53.224886 109.696422
53.224886 109.161726
53.224886 108.092333
53.224886 107.557637
53.224886 107.022941
53.224886 106.488245
53.224886 105.953549
53.224886 105.418853
53.759582 104.884157
54.294278 104.349460
54.828974 103.814764
54.828974 103.280068
55.363670 102.210676
55.898366 101.675980
56.433062 101.141284
56.967758 100.606588
56.967758 100.071891
57.502455 99.002499
58.037151 98.467803
58.571847 97.933107
58.571847 97.398411
59.106543 96.863715
59.641239 95.794323
60.175935 95.259626
60.710631 94.724930
60.710631 94.190234
61.245327 93.655538
61.780024 93.120842
62.314720 92.051450
62.314720 91.516754
62.849416 90.982057
63.384112 90.447361
63.918808 89.377969
64.453504 88.843273
64.453504 88.308577
64.988200 87.773881
65.522896 86.704488
66.057592 86.169792
66.057592 85.635096
66.592289 84.565704
67.126985 84.031008
67.661681 83.496312
68.196377 82.961616
68.196377 81.892223
68.731073 81.357527
69.265769 80.822831
69.800465 79.753439
70.335161 79.218743
70.335161 78.684047
70.869858 78.149350
71.404554 77.079958
71.939250 76.545262
71.939250 76.010566
72.473946 74.941174
73.008642 74.406478
73.543338 73.871781
74.078034 73.337085
74.078034 72.802389
74.612730 72.267693
75.147427 71.732997
75.682123 71.198301
76.216819 70.663605
76.216819 69.594212
76.751515 69.059516
77.286211 68.524820
77.820907 67.990124
77.820907 67.455428
78.355603 66.920732
78.890299 66.386036
79.424996 65.851340
79.959692 65.316643
79.959692 64.781947
80.494388 64.247251
81.029084 63.712555
81.563780 63.177859
82.098476 62.643163
82.098476 62.108467
82.633172 61.573771
83.167868 61.039074
83.702565 60.504378
83.702565 59.969682
84.771957 59.434986
85.306653 59.434986
85.841349 58.900290
86.376045 58.900290
86.910741 58.900290
87.445437 58.900290
87.980134 58.365594
88.514830 58.365594
89.049526 58.365594
89.584222 58.365594
90.118918 57.830898
90.653614 57.830898
91.188310 57.830898
91.723006 57.830898
92.792399 57.296202
93.327095 57.296202
93.861791 57.296202
94.396487 57.296202
94.931183 56.761505
95.465879 56.761505
96.000575 56.761505
96.535272 56.761505
97.069968 56.226809
97.604664 56.226809
98.139360 56.226809
98.674056 56.226809
99.208752 55.692113
99.743448 55.692113
100.278144 55.692113
100.812841 55.692113
101.347537 55.157417
101.882233 55.157417
102.951625 55.157417
103.486321 55.157417
104.021017 55.157417
104.555713 55.157417
105.090409 55.692113
105.625106 55.692113
106.159802 55.692113
106.694498 56.226809
107.229194 56.226809
107.763890 56.226809
108.298586 56.226809
108.833282 56.761505
109.902675 56.761505
110.437371 56.761505
110.972067 57.296202
111.506763 57.296202
112.041459 57.296202
112.576155 57.296202
113.110851 57.830898
113.645547 57.830898
114.180244 57.830898
114.714940 58.365594
115.249636 58.365594
115.784332 58.365594
116.853724 58.365594
117.388420 58.900290
117.923116 58.900290
118.457813 58.900290
118.992509 58.900290
119.527205 59.434986
120.061901 59.434986
120.596597 59.434986
121.131293 59.969682
121.665989 59.969682
122.200685 59.969682
123.270078 60.504378
123.804774 60.504378
124.339470 61.039074
125.408862 61.039074
125.943558 61.573771
126.478254 61.573771
127.012951 62.108467
128.082343 62.108467
128.617039 62.643163
129.151735 62.643163
130.221127 63.177859
130.755823 63.177859
131.290520 63.712555
131.825216 63.712555
132.894608 64.247251
133.429304 64.247251
133.964000 64.781947
135.033392 64.781947
135.568089 65.316643
136.102785 65.316643
136.637481 65.851340
137.706873 65.851340
138.241569 66.386036
138.776265 66.386036
139.310961 66.920732
139.310961 67.455428
139.310961 67.990124
138.776265 68.524820
