129.066078 68.053807
129.066078 68.543131
129.066078 69.032456
128.576753 69.521780
128.087429 69.521780
127.598105 70.011104
126.619456 70.500429
126.130132 70.989753
125.640808 70.989753
125.151483 71.479077
124.662159 71.968401
124.172835 72.457726
123.683511 72.457726
123.194186 72.947050
122.704862 73.436374
122.215538 73.925698
121.726214 74.415023
121.236889 74.415023
120.747565 74.904347
120.258241 75.393671
119.768916 75.882995
119.279592 76.372320
118.790268 76.861644
118.300944 76.861644
117.811619 77.350968
117.322295 77.840293
116.832971 78.329617
116.343647 78.818941
115.854322 79.308265
115.364998 79.797590
114.875674 80.286914
113.897025 80.776238
113.407701 81.265562
112.918377 81.754887
112.429052 82.244211
111.939728 82.733535
111.450404 83.222860
110.961080 83.712184
110.471755 84.201508
110.471755 84.690832
109.982431 85.180157
109.493107 85.669481
109.003783 86.158805
108.514458 86.648129
108.025134 87.137454
108.025134 87.626778
107.535810 88.116102
107.046486 88.605426
107.046486 89.094751
106.557161 89.584075
106.067837 90.073399
106.067837 91.052048
105.578513 91.541372
105.089188 92.030696
105.089188 92.520021
104.599864 93.009345
104.599864 93.498669
104.110540 93.987993
104.110540 94.477318
103.621216 94.966642
103.621216 95.455966
103.621216 95.945290
103.131891 96.434615
103.131891 96.923939
102.642567 97.413263
102.642567 97.902588
102.642567 98.391912
102.642567 98.881236
102.153243 99.370560
102.153243 99.859885
102.153243 100.349209
101.663919 100.838533
101.663919 101.327857
101.663919 101.817182
101.663919 102.306506
101.663919 102.795830
101.663919 103.285154
101.663919 103.774479
101.174594 104.263803
101.174594 104.753127
101.174594 105.242452
101.174594 105.731776
101.174594 106.221100
101.174594 106.710424
101.174594 107.689073
101.174594 108.178397
101.174594 108.667721
101.174594 109.157046
101.174594 109.646370
101.174594 110.135694
101.174594 110.625018
101.174594 111.114343
101.174594 111.603667
101.174594 112.092991
101.174594 112.582316
101.174594 113.071640
101.174594 113.560964
101.174594 114.050288
101.174594 114.539613
101.174594 115.028937
101.174594 115.518261
101.174594 116.007585
101.663919 116.496910
101.663919 116.986234
101.663919 117.475558
101.663919 117.964882
101.663919 118.454207
101.663919 118.943531
101.663919 119.432855
101.663919 119.922180
101.663919 120.411504
101.663919 120.900828
102.153243 121.390152
102.153243 121.879477
102.153243 122.368801
102.153243 122.858125
102.153243 123.347449
102.153243 123.836774
102.153243 124.815422
102.153243 125.304746
102.153243 125.794071
102.153243 126.283395
102.153243 126.772719
102.153243 127.262044
102.153243 127.751368
102.153243 128.240692
101.663919 128.730016
101.663919 129.219341
101.663919 129.708665
101.174594 130.197989
101.174594 130.687313
100.685270 131.176638
100.195946 131.665962
99.706622 132.155286
99.217297 132.155286
98.727973 132.644611
98.238649 132.644611
97.749324 133.133935
97.260000 133.133935
96.770676 133.133935
96.281352 133.133935
95.792027 133.133935
95.302703 133.133935
94.813379 133.133935
93.834730 133.623259
93.345406 133.133935
92.856082 133.133935
92.366758 133.133935
91.877433 133.133935
91.388109 133.133935
90.898785 133.133935
90.409460 133.133935
89.920136 133.133935
89.430812 133.133935
88.941488 132.644611
88.452163 132.644611
87.962839 132.644611
87.473515 132.644611
86.984191 132.644611
86.494866 132.155286
86.005542 132.155286
85.516218 132.155286
85.026894 132.155286
84.537569 131.665962
84.048245 131.665962
83.558921 131.665962
83.069596 131.176638
82.580272 131.176638
82.090948 131.176638
81.601624 130.687313
81.112299 130.687313
80.133651 130.687313
79.644327 130.197989
79.155002 130.197989
78.665678 130.197989
78.176354 129.708665
77.687029 129.708665
77.197705 129.708665
76.708381 129.219341
76.219057 129.219341
75.729732 129.219341
75.240408 128.730016
74.751084 128.730016
74.261760 128.240692
73.772435 128.240692
73.283111 128.240692
72.793787 127.751368
72.304463 127.751368
71.815138 127.262044
71.325814 127.262044
70.836490 127.262044
70.347165 126.772719
69.857841 126.772719
69.368517 126.283395
68.389868 126.283395
67.900544 125.794071
67.411220 125.794071
66.921896 125.304746
66.432571 125.304746
65.943247 124.815422
65.453923 124.815422
64.964599 124.326098
64.475274 123.836774
63.985950 123.836774
63.496626 123.347449
63.007301 123.347449
62.517977 122.858125
62.028653 122.368801
61.539329 121.879477
61.050004 121.390152
60.560680 120.900828
60.071356 120.411504
59.582032 119.922180
59.092707 119.432855
58.603383 118.943531
58.114059 118.454207
58.114059 117.964882
57.624735 117.475558
57.135410 116.986234
57.135410 116.496910
56.646086 116.007585
56.646086 115.518261
56.156762 115.028937
56.156762 114.539613
56.156762 114.050288
55.667437 113.560964
55.667437 113.071640
55.667437 112.582316
55.178113 112.092991
55.178113 111.603667
55.178113 111.114343
55.178113 110.625018
55.178113 110.135694
55.178113 109.646370
55.178113 109.157046
55.178113 108.667721
55.178113 107.689073
55.178113 107.199749
55.178113 106.710424
55.178113 106.221100
55.178113 105.731776
55.178113 105.242452
55.667437 104.753127
55.667437 104.263803
55.667437 103.774479
55.667437 103.285154
56.156762 102.795830
56.156762 102.306506
56.156762 101.817182
56.646086 101.327857
56.646086 100.838533
56.646086 100.349209
57.135410 99.859885
57.135410 99.370560
57.624735 98.881236
57.624735 98.391912
58.114059 97.902588
58.114059 97.413263
58.603383 96.923939
59.092707 96.434615
59.092707 95.945290
59.582032 95.455966
60.071356 94.966642
60.071356 94.477318
60.560680 93.987993
61.050004 93.498669
61.539329 93.009345
61.539329 92.520021
62.028653 92.030696
62.517977 91.541372
63.007301 90.562724
63.496626 90.073399
63.985950 89.584075
63.985950 89.094751
64.475274 88.605426
64.964599 88.116102
65.453923 87.626778
65.943247 87.137454
66.432571 86.648129
66.921896 86.158805
67.411220 85.669481
67.900544 85.180157
68.389868 84.690832
68.879193 84.201508
69.368517 83.712184
69.857841 83.222860
70.347165 82.733535
70.836490 82.244211
71.325814 81.754887
71.815138 81.265562
72.304463 80.776238
72.793787 80.286914
73.283111 79.797590
73.772435 79.308265
74.261760 78.818941
74.751084 78.329617
75.240408 77.840293
75.729732 77.350968
76.219057 76.861644
76.708381 76.372320
77.197705 75.882995
77.687029 75.393671
78.176354 74.904347
78.665678 74.415023
79.155002 73.436374
79.644327 72.947050
80.133651 72.457726
80.133651 71.968401
80.622975 71.479077
81.112299 70.989753
81.601624 70.500429
82.580272 70.011104
83.069596 69.521780
83.558921 69.032456
84.048245 68.543131
84.537569 68.053807
85.026894 67.564483
85.516218 67.075159
86.005542 66.585834
86.494866 66.096510
86.984191 65.607186
87.473515 65.117862
87.962839 64.628537
88.452163 64.139213
88.941488 63.649889
89.430812 63.649889
89.920136 63.160565
90.409460 62.671240
90.898785 62.181916
91.388109 61.692592
91.877433 61.692592
92.366758 61.203267
92.856082 60.713943
93.345406 60.713943
93.834730 60.224619
94.324055 59.735295
94.813379 59.245970
95.302703 59.245970
95.792027 58.756646
96.281352 58.756646
97.260000 58.267322
97.749324 58.267322
98.238649 57.777998
98.727973 57.777998
99.217297 57.288673
99.706622 57.288673
100.195946 57.288673
100.685270 56.799349
101.174594 56.799349
101.663919 56.310025
102.153243 56.310025
102.642567 56.310025
103.131891 56.310025
103.621216 56.310025
104.110540 55.820701
104.599864 55.820701
105.089188 55.820701
105.578513 55.820701
106.067837 55.820701
106.557161 55.820701
107.535810 55.820701
108.025134 55.820701
108.514458 55.820701
109.003783 55.820701
109.493107 55.820701
109.982431 55.820701
110.471755 55.820701
110.961080 55.820701
111.450404 56.310025
111.939728 56.310025
112.429052 56.310025
112.918377 56.310025
113.407701 56.310025
113.897025 56.310025
114.386350 56.799349
114.875674 56.799349
115.364998 56.799349
115.854322 56.799349
116.343647 57.288673
116.832971 57.288673
117.322295 57.288673
117.811619 57.777998
118.790268 57.777998
119.279592 57.777998
119.768916 58.267322
120.258241 58.267322
120.747565 58.267322
121.236889 58.267322
121.726214 58.756646
122.215538 58.756646
122.704862 58.756646
123.194186 59.245970
123.683511 59.245970
124.172835 59.245970
124.662159 59.735295
125.151483 59.735295
125.640808 59.735295
126.130132 60.224619
126.619456 60.224619
127.108780 60.224619
127.598105 60.713943
128.087429 60.713943
128.087429 61.203267
128.087429 61.692592
128.087429 62.181916
128.087429 62.671240
128.576753 62.671240
128.576753 63.160565
128.576753 63.649889
129.066078 64.139213
129.066078 64.628537
129.066078 65.117862
129.066078 65.607186
129.066078 66.096510
129.066078 66.585834
129.066078 67.075159
129.066078 67.564483
129.066078 68.053807
