127.504543 66.488171
127.034230 66.958484
127.034230 67.428797
126.563917 67.899110
126.093604 68.369423
125.623291 68.369423
125.152978 68.369423
124.682665 68.839736
124.212352 68.839736
123.742039 69.310049
123.271726 69.310049
122.801413 69.780362
122.331100 70.250675
121.860787 70.250675
121.390474 70.720988
120.920161 70.720988
120.449848 71.191301
119.979535 71.661614
119.509223 71.661614
119.038910 72.131926
118.568597 72.602239
118.098284 72.602239
117.627971 73.072552
117.157658 73.072552
116.687345 73.542865
116.217032 74.013178
115.746719 74.483491
115.276406 74.483491
114.806093 74.953804
114.335780 75.424117
113.865467 75.894430
113.395154 76.364743
112.924841 76.835056
112.454528 77.305369
111.984215 77.775682
111.513902 78.245995
111.043589 78.716308
110.573277 79.186621
110.102964 79.656934
109.632651 80.127247
109.162338 80.597560
108.692025 81.067872
108.221712 81.538185
107.751399 82.008498
107.751399 82.478811
107.281086 82.949124
106.810773 83.419437
106.340460 83.889750
106.340460 84.360063
105.870147 84.830376
105.399834 85.300689
104.929521 85.771002
104.929521 86.241315
104.459208 86.711628
103.988895 87.181941
103.988895 87.652254
103.518582 88.122567
103.518582 88.592880
103.048269 89.063193
102.577956 89.533506
102.577956 90.003818
102.577956 90.474131
102.107643 90.944444
101.637331 91.414757
101.637331 91.885070
101.167018 92.355383
101.167018 92.825696
100.696705 93.296009
100.696705 93.766322
100.696705 94.236635
100.226392 94.706948
100.226392 95.177261
99.756079 95.647574
99.756079 96.117887
99.756079 96.588200
99.285766 97.058513
99.285766 97.528826
99.285766 97.999139
98.815453 98.469452
98.815453 98.939764
98.345140 99.410077
98.345140 99.880390
98.345140 100.350703
98.345140 100.821016
97.874827 101.291329
97.874827 101.761642
97.874827 102.231955
97.874827 102.702268
97.874827 103.172581
97.874827 103.642894
97.874827 104.113207
97.874827 104.583520
97.404514 105.053833
97.404514 105.524146
97.404514 105.994459
97.404514 106.464772
97.404514 106.935085
97.404514 107.405398
97.404514 107.875710
97.404514 108.346023
96.934201 108.816336
96.934201 109.286649
96.934201 109.756962
96.934201 110.227275
96.934201 110.697588
96.934201 111.167901
96.934201 111.638214
96.934201 112.108527
96.934201 112.578840
96.934201 113.049153
96.934201 113.519466
96.934201 113.989779
96.934201 114.460092
96.934201 114.930405
96.934201 115.400718
96.934201 115.871031
97.404514 116.341344
97.404514 116.811656
97.404514 117.281969
97.404514 117.752282
97.404514 118.222595
97.404514 118.692908
97.404514 119.163221
97.874827 119.633534
97.874827 120.103847
97.874827 120.574160
97.874827 121.044473
97.874827 121.514786
97.874827 121.985099
97.874827 122.455412
97.874827 122.925725
97.874827 123.396038
98.345140 123.866351
98.345140 124.336664
98.345140 124.806977
98.345140 125.277290
98.815453 125.747602
98.815453 126.217915
99.285766 126.688228
99.285766 127.158541
99.285766 127.628854
98.815453 128.099167
98.815453 128.569480
98.815453 129.039793
98.815453 129.510106
98.815453 129.980419
98.815453 130.450732
98.815453 129.980419
98.345140 130.450732
97.874827 129.980419
97.404514 129.980419
96.934201 129.980419
96.463888 129.980419
95.993575 129.980419
95.523262 129.980419
95.052949 129.980419
94.582636 129.980419
94.112323 129.980419
93.642010 129.980419
93.171697 129.980419
92.701385 129.980419
92.231072 129.980419
91.760759 129.980419
91.290446 129.980419
90.820133 129.980419
90.349820 129.980419
89.879507 129.510106
89.409194 129.510106
88.938881 129.510106
88.468568 129.510106
87.998255 129.510106
87.527942 129.510106
87.057629 129.510106
86.587316 129.510106
86.117003 129.039793
85.646690 129.039793
85.176377 128.569480
84.706064 128.099167
84.235751 128.099167
83.765439 127.628854
83.295126 127.628854
82.824813 127.158541
82.354500 127.158541
81.884187 126.688228
81.413874 126.217915
80.943561 126.217915
80.473248 125.747602
80.002935 125.747602
79.532622 125.277290
79.062309 125.277290
78.591996 124.806977
78.121683 124.806977
77.651370 124.336664
77.181057 124.336664
76.710744 123.866351
76.240431 123.396038
75.770118 123.396038
75.299805 122.925725
74.829493 122.925725
74.359180 122.455412
73.888867 122.455412
73.418554 121.985099
72.948241 121.514786
72.477928 121.514786
72.007615 121.044473
71.537302 121.044473
71.066989 120.574160
70.596676 120.103847
70.126363 119.633534
69.656050 119.163221
69.656050 118.692908
69.185737 118.222595
68.715424 117.752282
68.245111 117.281969
67.774798 116.811656
67.774798 116.341344
67.774798 115.871031
67.304485 115.400718
67.304485 114.930405
67.774798 114.460092
67.774798 113.989779
68.245111 113.519466
68.245111 113.049153
68.245111 112.578840
68.715424 112.108527
68.715424 111.638214
69.185737 111.167901
69.185737 110.697588
69.185737 110.227275
69.656050 109.756962
70.126363 109.286649
70.126363 108.816336
70.596676 108.346023
70.596676 107.875710
70.596676 107.405398
71.066989 106.935085
71.066989 106.464772
71.066989 105.994459
71.537302 105.524146
71.537302 105.053833
72.007615 104.583520
72.007615 104.113207
72.477928 103.642894
72.477928 103.172581
72.948241 102.702268
72.948241 102.231955
73.418554 101.761642
73.418554 101.291329
73.888867 100.821016
73.888867 100.350703
74.359180 99.880390
74.829493 99.410077
75.299805 98.939764
75.299805 98.469452
75.770118 97.999139
76.240431 97.528826
76.710744 97.058513
76.710744 96.588200
77.181057 96.117887
77.181057 95.647574
77.651370 95.177261
78.121683 94.706948
78.591996 94.236635
79.062309 93.766322
79.532622 93.296009
79.532622 92.825696
80.002935 92.355383
80.473248 91.885070
80.943561 91.414757
81.413874 90.944444
81.413874 90.474131
81.884187 90.003818
82.354500 89.533506
82.824813 89.063193
82.824813 88.592880
83.295126 88.122567
83.295126 87.652254
83.765439 87.181941
84.235751 86.711628
84.706064 86.241315
85.176377 85.771002
85.646690 85.300689
85.646690 84.830376
86.117003 84.360063
86.587316 83.889750
87.057629 83.419437
87.527942 82.949124
87.998255 82.478811
88.468568 82.008498
88.468568 81.538185
88.938881 81.067872
89.409194 80.597560
89.879507 80.127247
90.349820 79.656934
90.820133 79.186621
91.290446 78.716308
91.760759 78.716308
92.231072 78.245995
92.701385 77.775682
93.171697 77.775682
93.642010 77.305369
94.112323 76.835056
94.582636 76.364743
95.052949 76.364743
95.523262 75.894430
95.993575 75.424117
96.463888 74.953804
96.934201 74.483491
97.404514 74.013178
97.874827 74.013178
98.345140 74.013178
98.815453 73.542865
98.815453 73.072552
99.285766 72.602239
99.285766 72.131926
99.756079 71.661614
100.226392 71.191301
100.696705 70.720988
101.167018 70.250675
101.167018 69.780362
101.637331 69.310049
101.637331 68.839736
102.107643 68.369423
102.577956 67.899110
103.048269 67.428797
103.518582 66.958484
103.518582 66.488171
103.518582 66.017858
103.988895 65.547545
104.459208 65.077232
104.929521 64.606919
105.399834 64.136606
105.870147 63.666293
106.340460 63.195980
106.810773 63.195980
107.281086 62.725668
107.751399 62.255355
108.221712 61.785042
108.692025 61.785042
109.162338 61.314729
109.632651 60.844416
110.102964 60.374103
110.573277 59.903790
111.043589 59.903790
111.513902 59.433477
111.984215 58.963164
112.454528 58.492851
112.924841 58.492851
113.395154 58.022538
113.865467 58.022538
114.335780 58.022538
114.806093 58.022538
115.276406 58.022538
115.746719 58.022538
116.217032 58.492851
116.687345 58.492851
117.157658 58.492851
117.627971 58.492851
118.098284 58.492851
118.568597 58.492851
119.038910 58.492851
119.509223 58.492851
119.979535 58.492851
120.449848 58.492851
120.920161 58.492851
121.390474 58.492851
121.860787 58.963164
122.331100 58.963164
122.801413 58.963164
123.271726 58.963164
123.742039 58.963164
124.212352 58.963164
124.682665 58.963164
125.152978 58.963164
125.623291 59.433477
126.093604 59.433477
126.563917 59.433477
127.034230 59.433477
127.504543 59.433477
127.974856 59.433477
128.445169 59.903790
128.915481 59.903790
128.915481 60.374103
129.385794 60.844416
129.385794 61.314729
129.385794 61.785042
129.856107 62.255355
129.856107 62.725668
129.856107 63.195980
129.385794 63.666293
128.915481 64.136606
128.915481 64.606919
128.445169 65.077232
127.974856 65.077232
127.974856 65.547545
127.504543 66.017858
127.504543 66.488171
