119.307578 71.929917
119.307578 72.911456
119.307578 73.892994
118.326040 74.874533
118.326040 75.856071
118.326040 76.837610
117.344501 77.819148
116.362963 78.800687
116.362963 79.782226
115.381424 79.782226
115.381424 80.763764
114.399885 81.745303
113.418347 82.726841
112.436808 83.708380
112.436808 82.726841
112.436808 83.708380
112.436808 84.689918
112.436808 83.708380
112.436808 84.689918
112.436808 83.708380
112.436808 84.689918
112.436808 83.708380
113.418347 82.726841
112.436808 83.708380
112.436808 84.689918
111.455270 85.671457
110.473731 86.652995
110.473731 87.634534
109.492193 88.616072
109.492193 89.597611
108.510654 90.579149
108.510654 91.560688
107.529116 92.542227
107.529116 93.523765
107.529116 94.505304
106.547577 95.486842
106.547577 96.468381
106.547577 97.449919
105.566039 98.431458
105.566039 99.412996
105.566039 100.394535
105.566039 101.376073
104.584500 102.357612
104.584500 103.339150
104.584500 104.320689
104.584500 105.302227
104.584500 106.283766
104.584500 107.265305
104.584500 108.246843
104.584500 109.228382
104.584500 110.209920
104.584500 111.191459
104.584500 112.172997
104.584500 113.154536
104.584500 114.136074
104.584500 115.117613
104.584500 116.099151
104.584500 117.080690
104.584500 118.062228
104.584500 119.043767
104.584500 120.025306
104.584500 121.006844
105.566039 121.006844
105.566039 121.988383
105.566039 122.969921
105.566039 123.951460
105.566039 124.932998
106.547577 125.914537
106.547577 126.896075
105.566039 127.877614
105.566039 128.859152
105.566039 129.840691
104.584500 130.822229
104.584500 131.803768
104.584500 132.785306
103.602962 133.766845
103.602962 134.748384
103.602962 135.729922
102.621423 135.729922
101.639885 135.729922
100.658346 135.729922
99.676807 134.748384
98.695269 134.748384
97.713730 134.748384
96.732192 133.766845
95.750653 133.766845
94.769115 133.766845
93.787576 132.785306
92.806038 132.785306
91.824499 131.803768
90.842961 131.803768
89.861422 131.803768
88.879884 130.822229
87.898345 130.822229
86.916806 129.840691
85.935268 128.859152
84.953729 127.877614
83.972191 126.896075
82.990652 125.914537
82.009114 124.932998
82.009114 123.951460
81.027575 122.969921
80.046037 121.988383
79.064498 121.006844
78.082960 120.025306
78.082960 119.043767
77.101421 118.062228
76.119883 117.080690
76.119883 116.099151
76.119883 115.117613
75.138344 114.136074
75.138344 113.154536
75.138344 112.172997
75.138344 111.191459
75.138344 110.209920
75.138344 109.228382
75.138344 108.246843
75.138344 107.265305
75.138344 106.283766
75.138344 105.302227
75.138344 104.320689
75.138344 103.339150
74.156806 102.357612
74.156806 101.376073
74.156806 100.394535
75.138344 99.412996
75.138344 98.431458
76.119883 97.449919
77.101421 96.468381
77.101421 95.486842
78.082960 94.505304
78.082960 93.523765
79.064498 92.542227
80.046037 91.560688
80.046037 90.579149
81.027575 89.597611
82.009114 88.616072
82.009114 87.634534
82.990652 86.652995
82.990652 85.671457
83.972191 84.689918
84.953729 83.708380
84.953729 82.726841
85.935268 81.745303
86.916806 80.763764
87.898345 79.782226
88.879884 79.782226
89.861422 78.800687
90.842961 77.819148
91.824499 76.837610
92.806038 75.856071
93.787576 75.856071
94.769115 74.874533
95.750653 73.892994
96.732192 72.911456
97.713730 71.929917
98.695269 71.929917
99.676807 70.948379
100.658346 69.966840
101.639885 69.966840
102.621423 69.966840
103.602962 69.966840
104.584500 68.985302
105.566039 68.985302
106.547577 68.985302
107.529116 68.985302
108.510654 68.003763
109.492193 68.003763
110.473731 68.003763
111.455270 67.022225
112.436808 67.022225
113.418347 67.022225
114.399885 67.022225
115.381424 67.022225
116.362963 66.040686
117.344501 66.040686
118.326040 66.040686
119.307578 65.059148
120.289117 66.040686
120.289117 67.022225
120.289117 68.003763
120.289117 68.985302
120.289117 69.966840
120.289117 70.948379
119.307578 71.929917
