125.259271 89.990342
125.259271 90.327976
125.259271 91.003244
125.259271 91.678512
124.921637 92.016146
124.921637 92.691414
124.921637 93.366682
124.921637 94.041950
124.584003 94.379584
124.246369 94.717218
124.246369 95.054852
123.908735 95.392486
123.571101 95.730120
123.571101 96.067754
123.233467 96.405388
122.895833 96.743022
122.895833 97.080656
122.558199 97.418290
122.558199 97.755924
122.220565 98.093558
122.220565 98.431192
121.882931 98.768826
121.882931 99.106460
121.545297 99.444094
121.545297 99.781728
121.545297 100.119362
121.207663 100.456996
121.207663 100.794630
120.870029 101.132264
120.870029 101.469898
120.870029 101.807532
120.532395 102.145166
120.532395 102.482800
120.194761 102.820434
120.194761 103.158068
120.194761 103.495702
119.857127 103.833336
119.857127 104.170970
119.857127 104.508604
119.519493 104.846238
119.519493 105.183872
119.519493 105.521506
119.181859 105.859140
119.181859 106.196774
119.181859 106.534408
119.181859 106.872042
118.844225 107.209676
118.844225 107.547310
118.844225 107.884944
118.844225 108.222578
118.844225 108.560212
118.506591 108.897846
118.506591 109.235480
118.506591 109.573114
118.506591 109.910748
118.506591 110.248382
118.506591 110.586016
118.168957 110.923650
118.168957 111.261284
118.168957 111.598918
118.168957 111.936552
118.168957 112.274186
118.168957 112.611820
118.168957 112.949454
118.168957 113.287088
118.168957 113.624722
118.168957 113.962356
117.831323 114.299990
117.831323 114.637624
117.831323 114.975258
117.831323 115.312892
117.831323 115.650526
117.831323 115.988160
117.831323 116.325794
117.831323 116.663428
117.831323 117.001062
117.831323 117.338696
117.831323 117.676330
117.831323 118.013964
117.831323 118.351598
117.831323 118.689232
117.831323 119.026866
117.831323 119.364500
117.831323 119.702134
117.831323 120.039768
117.831323 120.377402
117.831323 120.715036
117.831323 121.052670
117.831323 121.390304
117.831323 121.727938
117.831323 122.065572
117.831323 122.403206
117.831323 122.740840
117.831323 123.078474
117.831323 123.416108
117.831323 123.753742
118.168957 123.753742
118.168957 124.091376
118.168957 124.429010
118.168957 124.766644
118.168957 125.104278
118.168957 125.441912
118.168957 125.779546
118.168957 126.117180
117.831323 126.454814
117.831323 126.792448
117.831323 127.130082
117.831323 127.467716
117.831323 127.130082
117.831323 127.467716
117.831323 127.805350
117.831323 128.142984
117.831323 128.480618
117.831323 128.818252
117.831323 129.155886
117.831323 129.493520
117.831323 129.831154
117.831323 130.168788
117.831323 130.506422
117.831323 130.844056
117.831323 130.506422
117.831323 130.844056
117.831323 131.181690
117.831323 131.519324
118.168957 131.519324
118.168957 131.856958
118.168957 131.519324
118.168957 131.856958
118.168957 132.194592
118.168957 132.532226
118.168957 132.869860
118.168957 133.207494
118.168957 133.545128
118.168957 133.882762
118.168957 134.220396
118.168957 134.558030
118.168957 134.895664
118.506591 134.895664
118.506591 135.233298
118.506591 135.570932
118.506591 135.908566
118.506591 136.246200
118.506591 136.583834
118.844225 136.921468
118.844225 137.259102
118.844225 137.596736
118.844225 137.934370
118.844225 138.272004
119.181859 138.272004
119.181859 138.609638
119.181859 138.947272
119.519493 139.284906
119.519493 139.622540
119.519493 139.960174
119.857127 140.297808
119.857127 140.635442
119.857127 140.973076
120.194761 141.310710
120.194761 141.648344
120.194761 141.985978
120.532395 141.985978
120.532395 142.323612
120.532395 142.661246
120.532395 142.998880
120.870029 142.998880
120.870029 143.336514
120.870029 143.674148
121.207663 143.674148
121.207663 144.011782
121.545297 144.349416
121.545297 144.687050
121.882931 145.024684
121.882931 145.699952
121.882931 146.375220
121.882931 146.712854
121.545297 146.712854
121.207663 146.712854
120.532395 146.712854
120.194761 146.712854
119.857127 146.712854
119.519493 146.712854
119.181859 146.712854
118.844225 146.712854
118.168957 146.712854
117.831323 146.712854
117.493689 146.712854
117.156055 146.712854
116.818421 146.712854
116.143153 146.712854
115.805519 146.712854
115.467885 146.712854
115.130251 146.712854
114.792617 146.712854
114.454983 146.712854
113.779715 146.712854
113.442081 146.712854
113.104447 146.712854
112.766813 146.712854
112.429179 146.712854
112.091545 146.712854
111.416277 146.712854
111.078643 146.712854
110.741009 146.712854
110.065741 146.375220
109.728107 146.375220
109.390473 146.375220
109.052839 146.037586
108.377571 146.037586
108.039937 146.037586
107.702303 145.699952
107.027035 145.699952
106.689401 145.699952
106.351767 145.699952
106.014133 145.362318
105.338865 145.362318
105.001231 145.362318
104.663597 145.024684
104.325963 145.024684
103.650695 145.024684
103.313061 145.024684
102.975427 144.687050
102.300159 144.687050
101.962525 144.687050
101.624891 144.349416
101.287257 144.349416
100.611989 144.349416
100.274355 144.011782
99.936721 144.011782
99.261453 144.011782
98.923819 144.011782
98.586185 143.674148
98.248551 143.674148
97.573283 143.674148
97.235649 143.336514
96.898015 142.998880
96.560381 142.661246
96.222747 141.985978
95.885113 141.648344
95.547479 141.310710
95.209845 140.973076
94.872211 140.635442
94.534577 140.297808
94.196943 139.960174
93.859309 139.284906
93.521675 138.947272
93.184041 138.609638
92.508773 138.272004
92.171139 137.934370
91.833505 137.596736
91.495871 137.259102
91.158237 136.583834
90.820603 136.246200
90.482969 135.908566
90.145335 135.570932
89.807701 135.233298
89.807701 134.895664
89.470067 134.558030
89.132433 134.220396
88.794799 133.882762
88.457165 133.545128
88.457165 133.207494
88.119531 132.532226
87.781897 132.194592
87.781897 131.856958
87.444263 131.519324
87.106629 131.181690
87.106629 130.844056
86.768995 130.506422
86.431361 130.168788
86.431361 129.831154
86.093727 129.493520
86.093727 129.155886
85.756093 128.818252
85.418459 128.480618
85.418459 128.142984
85.080825 127.805350
84.743191 127.467716
84.743191 127.130082
84.405557 126.792448
84.067923 126.454814
84.067923 126.117180
83.730289 125.779546
83.392655 125.104278
83.392655 124.766644
83.055021 124.429010
83.055021 124.091376
83.392655 123.753742
83.392655 123.416108
83.392655 122.740840
83.392655 122.403206
83.392655 122.065572
83.392655 121.727938
83.392655 121.052670
83.392655 120.715036
83.392655 120.377402
83.392655 120.039768
83.392655 119.364500
83.392655 119.026866
83.392655 118.689232
83.392655 118.351598
83.392655 117.676330
83.392655 117.338696
83.730289 117.001062
83.730289 116.663428
83.730289 115.988160
83.730289 115.650526
83.730289 115.312892
83.730289 114.975258
83.730289 114.299990
83.730289 113.962356
84.067923 113.624722
84.067923 113.287088
84.405557 112.949454
84.405557 112.274186
84.743191 111.936552
84.743191 111.598918
84.743191 111.261284
85.080825 110.923650
85.080825 110.586016
85.418459 109.910748
85.418459 109.573114
85.756093 109.235480
85.756093 108.897846
86.093727 108.560212
86.093727 108.222578
86.431361 107.547310
86.431361 107.209676
86.431361 106.872042
86.768995 106.534408
86.768995 106.196774
87.106629 105.521506
87.106629 105.183872
87.444263 104.846238
87.444263 104.508604
87.781897 104.170970
88.119531 103.833336
88.457165 103.495702
88.794799 103.495702
89.132433 103.158068
89.470067 102.820434
89.807701 102.482800
90.482969 102.145166
90.820603 101.807532
91.158237 101.469898
91.495871 101.132264
91.833505 100.794630
92.171139 100.456996
92.846407 99.781728
93.184041 99.444094
93.521675 99.106460
93.859309 98.768826
94.196943 98.431192
94.872211 98.093558
95.209845 97.755924
95.547479 97.418290
95.885113 97.080656
96.222747 96.743022
96.898015 96.405388
97.235649 96.067754
97.573283 96.067754
97.910917 95.730120
98.248551 95.730120
98.586185 95.392486
99.261453 95.054852
99.599087 95.054852
99.936721 94.717218
100.274355 94.717218
100.611989 94.379584
101.287257 94.041950
101.624891 94.041950
101.962525 93.704316
102.300159 93.704316
102.637793 93.366682
102.975427 93.366682
103.650695 93.029048
103.988329 92.691414
104.325963 92.691414
104.663597 92.353780
105.001231 92.353780
105.338865 92.016146
106.014133 91.678512
106.351767 91.678512
106.689401 91.340878
107.027035 91.340878
107.364669 91.340878
108.039937 91.340878
108.377571 91.003244
108.715205 91.003244
109.052839 91.003244
109.390473 91.003244
109.728107 90.665610
110.403375 90.665610
110.741009 90.665610
111.078643 90.665610
111.416277 90.327976
111.753911 90.327976
112.429179 90.327976
112.766813 90.327976
113.104447 89.990342
113.442081 89.990342
113.779715 89.990342
114.117349 89.652708
114.792617 89.652708
115.130251 89.652708
115.467885 89.652708
115.805519 89.315074
116.143153 89.315074
116.480787 89.315074
116.818421 89.315074
117.156055 89.315074
117.831323 89.315074
118.168957 88.977440
118.506591 88.977440
118.844225 88.977440
119.181859 88.977440
119.519493 88.977440
119.857127 88.977440
120.194761 88.977440
120.532395 88.977440
120.870029 88.977440
121.207663 88.977440
121.545297 88.977440
121.882931 88.977440
122.220565 89.315074
122.558199 89.315074
122.895833 89.315074
123.233467 89.315074
123.571101 89.652708
123.908735 89.652708
124.246369 89.652708
124.584003 89.652708
125.259271 89.990342
