130.771483 72.859946
130.311633 73.319797
130.311633 74.239499
129.851782 74.699350
129.391931 75.619052
128.932080 75.619052
128.472229 76.078902
128.012378 76.078902
127.552527 76.078902
127.092676 76.078902
127.092676 76.538753
126.632826 76.538753
126.172975 76.538753
126.172975 76.998604
125.713124 76.998604
125.253273 77.458455
124.793422 77.458455
124.333571 77.458455
123.873720 77.918306
123.413870 77.918306
122.954019 77.918306
122.954019 78.378157
122.494168 78.838008
122.034317 78.838008
121.574466 79.297859
121.114615 79.297859
120.654764 79.757709
120.194913 80.217560
119.735063 80.217560
119.275212 80.677411
118.815361 80.677411
118.355510 81.137262
117.895659 81.137262
117.895659 81.597113
117.435808 82.056964
116.975957 82.056964
116.975957 82.516815
116.516107 82.976665
116.056256 82.976665
115.596405 83.436516
115.136554 83.436516
114.676703 83.896367
114.676703 84.356218
114.216852 84.816069
113.757001 85.275920
113.297150 85.735771
112.837300 86.195622
112.377449 86.655472
111.917598 87.115323
111.917598 87.575174
111.457747 88.035025
110.997896 88.494876
110.538045 88.954727
110.078194 89.414578
110.078194 89.874428
109.618343 90.334279
109.158493 90.794130
109.158493 91.253981
108.698642 91.713832
108.238791 92.173683
108.238791 92.633534
107.778940 93.093385
107.778940 93.553235
107.319089 94.013086
106.859238 94.472937
106.859238 94.932788
106.399387 95.392639
106.399387 95.852490
105.939537 96.312341
105.939537 96.772191
105.939537 97.232042
105.479686 97.691893
105.479686 98.151744
105.019835 98.611595
105.019835 99.071446
104.559984 99.531297
104.559984 99.991148
104.559984 100.450998
104.100133 100.910849
104.100133 101.370700
104.100133 101.830551
103.640282 102.290402
103.640282 102.750253
103.640282 103.210104
103.640282 103.669955
103.180431 104.129805
103.180431 104.589656
103.180431 105.049507
103.180431 105.509358
102.720580 105.969209
102.720580 106.429060
102.720580 106.888911
102.720580 107.348761
102.720580 107.808612
102.720580 108.268463
102.260730 108.728314
102.260730 109.188165
102.260730 109.648016
102.260730 110.107867
102.260730 110.567718
102.260730 111.027568
102.260730 111.487419
102.260730 111.947270
102.260730 112.407121
102.260730 112.866972
102.260730 113.326823
102.260730 113.786674
102.260730 114.246524
102.260730 114.706375
102.260730 115.166226
102.260730 115.626077
102.260730 116.085928
102.260730 116.545779
102.260730 117.005630
102.260730 117.465481
102.260730 117.925331
102.260730 118.385182
102.720580 118.845033
102.720580 119.304884
102.720580 119.764735
102.720580 120.224586
102.720580 120.684437
102.720580 121.144287
103.180431 121.604138
103.180431 122.063989
103.180431 122.523840
103.180431 122.983691
103.180431 123.443542
103.640282 123.443542
103.640282 123.903393
103.640282 124.363244
103.640282 124.823094
104.100133 125.282945
104.100133 125.742796
104.100133 126.202647
104.559984 126.662498
104.559984 127.122349
104.559984 127.582200
105.019835 128.042050
105.019835 128.501901
105.019835 128.961752
105.019835 129.421603
104.559984 129.881454
104.559984 130.801156
104.100133 131.261007
103.640282 132.180708
103.640282 132.640559
103.180431 133.100410
103.180431 134.020112
102.720580 134.479963
102.260730 135.399664
102.260730 135.859515
101.800879 136.779217
101.341028 137.239068
101.341028 137.698919
100.881177 138.618620
100.421326 138.618620
99.961475 139.078471
99.501624 139.078471
99.041774 139.078471
98.581923 139.538322
98.122072 139.538322
97.662221 139.998173
97.202370 139.998173
96.282668 139.998173
95.822817 140.458024
95.362967 140.458024
94.903116 140.458024
94.443265 140.458024
93.983414 140.458024
93.063712 139.998173
92.603861 139.538322
91.684160 139.078471
91.224309 138.618620
90.764458 138.618620
89.844756 138.158770
89.384905 137.698919
88.465204 137.239068
88.005353 136.779217
87.085651 136.779217
86.625800 136.319366
86.165949 135.859515
85.246248 135.399664
84.786397 135.399664
83.866695 134.939814
83.406844 134.479963
82.487142 134.020112
82.027291 133.560261
81.107590 133.560261
80.647739 133.100410
80.187888 132.640559
79.268186 132.180708
78.808335 131.720857
77.888634 131.720857
77.428783 131.261007
76.509081 130.801156
76.049230 130.341305
75.129528 129.881454
74.669678 129.881454
74.209827 129.421603
73.290125 128.961752
72.830274 128.501901
72.370423 128.042050
71.910572 127.582200
71.450721 127.122349
70.990871 126.662498
70.531020 126.202647
70.071169 125.742796
69.611318 125.282945
69.151467 124.823094
68.691616 124.363244
68.691616 123.903393
68.231765 123.443542
67.771915 122.983691
67.312064 122.063989
66.852213 121.604138
66.392362 121.144287
65.932511 120.684437
65.472660 120.224586
65.012809 119.764735
64.552958 119.304884
64.093108 118.845033
63.633257 118.385182
63.633257 117.925331
63.173406 117.465481
62.713555 117.005630
62.253704 116.545779
62.253704 116.085928
62.253704 115.626077
62.713555 115.166226
62.713555 114.706375
62.713555 114.246524
62.713555 113.326823
63.173406 112.866972
63.173406 112.407121
63.173406 111.947270
63.173406 111.487419
63.633257 111.027568
63.633257 110.567718
63.633257 110.107867
63.633257 109.648016
64.093108 109.188165
64.093108 108.728314
64.093108 108.268463
64.093108 107.808612
64.552958 107.348761
64.552958 106.888911
64.552958 106.429060
64.552958 105.969209
65.012809 105.509358
65.012809 105.049507
65.012809 104.589656
65.012809 104.129805
65.472660 103.669955
65.472660 102.750253
65.472660 102.290402
65.472660 101.830551
65.932511 101.370700
65.932511 100.910849
65.932511 100.450998
66.392362 99.991148
66.852213 99.531297
67.312064 99.071446
67.771915 98.611595
68.231765 97.691893
68.691616 97.232042
69.151467 96.772191
69.611318 96.312341
69.611318 95.852490
70.071169 94.932788
70.531020 94.472937
70.990871 94.013086
71.450721 93.553235
71.910572 93.093385
72.370423 92.173683
72.830274 91.713832
73.290125 91.253981
73.749976 90.794130
74.209827 90.334279
74.669678 89.414578
75.129528 88.954727
75.589379 88.494876
76.049230 88.035025
76.509081 87.575174
76.968932 87.115323
77.428783 86.655472
77.888634 86.195622
78.348484 85.735771
78.808335 85.275920
79.268186 84.816069
79.728037 84.356218
80.187888 83.896367
80.647739 83.436516
81.107590 82.976665
81.567441 82.516815
82.027291 82.056964
82.487142 81.597113
82.946993 81.137262
83.406844 80.677411
83.866695 80.217560
84.326546 79.757709
84.786397 79.297859
85.246248 78.838008
85.706098 78.378157
86.165949 77.918306
86.625800 77.458455
87.085651 76.998604
87.545502 76.538753
88.005353 76.078902
88.005353 75.619052
88.465204 75.159201
88.925054 74.699350
89.384905 74.239499
89.844756 73.779648
90.304607 73.319797
90.764458 72.859946
91.224309 72.400096
91.684160 71.940245
92.144011 71.480394
92.603861 71.020543
93.063712 70.560692
93.523563 70.100841
93.983414 69.640990
94.443265 69.181139
94.903116 68.721289
95.362967 68.261438
95.822817 67.801587
96.282668 67.341736
96.742519 66.881885
97.202370 66.422034
97.662221 65.962183
97.662221 65.502332
98.122072 65.042482
98.581923 64.582631
99.041774 64.122780
99.961475 63.662929
100.421326 63.662929
101.341028 63.203078
101.800879 63.203078
102.720580 63.203078
103.180431 62.743227
104.100133 62.743227
104.559984 62.743227
105.479686 62.283376
105.939537 62.283376
106.859238 62.283376
107.319089 61.823526
108.238791 61.823526
108.698642 61.363675
109.618343 61.363675
110.078194 61.363675
110.538045 60.903824
111.457747 60.903824
111.917598 60.903824
112.837300 60.443973
113.297150 60.443973
114.216852 60.443973
114.676703 59.984122
115.596405 59.984122
116.056256 59.984122
116.975957 59.524271
117.435808 59.524271
118.355510 59.064420
118.815361 59.064420
119.735063 59.064420
120.194913 58.604569
121.114615 58.604569
121.574466 58.604569
122.034317 58.604569
122.494168 58.604569
122.954019 58.604569
123.413870 59.064420
123.873720 59.064420
124.333571 59.064420
124.793422 59.524271
125.253273 59.524271
125.713124 59.524271
126.172975 59.984122
126.632826 59.984122
127.092676 59.984122
127.552527 60.443973
128.012378 60.443973
128.472229 60.903824
128.932080 61.363675
129.391931 61.823526
129.851782 62.283376
130.311633 62.743227
130.771483 63.203078
130.771483 63.662929
131.231334 64.122780
131.691185 64.582631
132.151036 65.502332
132.151036 65.962183
132.151036 66.422034
132.151036 66.881885
132.151036 67.341736
131.691185 67.801587
131.691185 68.261438
131.691185 68.721289
131.691185 69.181139
131.231334 69.640990
131.231334 70.100841
131.231334 71.020543
131.231334 71.480394
130.771483 71.940245
130.771483 72.400096
130.771483 72.859946
