108.290974 88.246086
108.290974 88.612039
108.290974 88.977992
108.290974 89.343945
107.925021 89.709898
107.925021 90.075851
107.925021 90.441804
107.925021 90.807757
107.925021 91.173709
107.559068 91.539662
107.559068 91.905615
107.559068 92.271568
107.559068 92.637521
107.559068 93.003474
107.559068 93.369427
107.559068 93.735380
107.193115 94.101332
107.193115 94.467285
107.193115 94.833238
107.193115 95.199191
107.193115 95.565144
106.827162 95.931097
106.461209 96.297050
106.461209 96.663003
106.095256 97.028955
106.095256 97.394908
105.729304 97.760861
105.729304 98.126814
105.729304 98.492767
105.363351 98.858720
105.363351 99.224673
104.997398 99.590626
104.997398 99.956578
104.997398 100.322531
104.997398 100.688484
104.631445 101.054437
104.631445 101.420390
104.631445 101.786343
104.265492 102.152296
104.265492 102.518249
104.265492 102.884201
104.265492 103.250154
103.899539 103.616107
103.899539 103.982060
103.899539 104.348013
103.899539 104.713966
103.533586 105.079919
103.533586 105.445872
103.533586 105.811824
103.533586 106.177777
103.167633 106.543730
103.167633 106.909683
103.167633 107.275636
103.167633 107.641589
103.167633 108.007542
103.167633 108.373495
102.801681 108.739447
102.801681 109.105400
102.801681 109.471353
102.801681 109.837306
102.801681 110.203259
102.801681 110.569212
102.801681 110.935165
102.801681 111.301118
102.801681 111.667070
102.801681 112.033023
102.801681 112.398976
102.801681 112.764929
102.801681 113.130882
102.801681 113.496835
102.801681 113.862788
102.801681 114.228741
102.801681 114.594693
102.801681 114.960646
102.801681 115.326599
102.801681 115.692552
102.801681 116.058505
102.801681 116.424458
102.801681 116.790411
102.801681 117.156363
102.801681 117.522316
102.801681 117.888269
102.801681 118.254222
102.801681 118.620175
102.801681 118.254222
102.801681 117.888269
102.801681 118.254222
102.801681 118.620175
102.801681 118.986128
102.801681 119.352081
103.167633 119.718034
103.167633 120.083986
103.167633 120.449939
103.167633 120.815892
103.167633 121.181845
103.533586 121.547798
103.533586 121.913751
103.533586 122.645657
103.533586 123.011609
103.533586 123.377562
103.533586 123.743515
103.899539 124.109468
103.899539 124.475421
103.899539 124.841374
104.265492 125.207327
104.265492 125.573280
104.265492 125.939232
104.631445 126.305185
104.631445 126.671138
104.631445 127.037091
104.997398 127.403044
104.997398 127.768997
104.997398 128.134950
104.997398 128.500903
105.363351 128.866855
105.363351 129.232808
105.363351 129.598761
105.729304 129.964714
105.729304 130.330667
105.729304 130.696620
106.095256 131.062573
106.461209 131.428526
106.461209 131.794478
106.827162 132.160431
106.827162 132.526384
106.827162 132.892337
107.193115 133.258290
107.193115 133.624243
107.559068 133.990196
107.559068 134.356149
107.925021 134.722101
107.925021 135.088054
108.290974 135.454007
108.290974 135.819960
108.290974 136.185913
108.656927 136.551866
108.656927 136.917819
109.022879 137.283772
109.022879 137.649724
109.022879 138.015677
109.022879 138.381630
109.022879 138.747583
109.022879 139.113536
109.022879 139.479489
109.022879 139.845442
109.022879 140.211395
109.022879 140.577347
109.022879 140.943300
109.022879 141.309253
109.022879 141.675206
108.656927 142.041159
108.656927 142.407112
108.656927 142.773065
108.656927 143.139018
108.656927 143.504970
108.656927 143.870923
108.656927 144.236876
108.656927 144.602829
108.656927 144.968782
108.656927 145.334735
108.656927 145.700688
108.656927 146.066641
108.656927 146.432593
108.656927 146.798546
108.656927 147.164499
108.656927 147.530452
108.656927 147.896405
108.290974 147.896405
107.925021 147.530452
107.559068 147.530452
107.193115 147.164499
106.827162 147.164499
106.461209 146.798546
106.095256 146.798546
105.729304 146.432593
105.363351 146.432593
104.997398 146.066641
104.631445 146.066641
104.265492 145.700688
103.899539 145.700688
103.533586 145.334735
103.167633 145.334735
102.801681 144.968782
102.435728 144.968782
102.069775 144.602829
101.703822 144.236876
101.337869 144.236876
100.971916 144.236876
100.605963 143.870923
100.240010 143.870923
99.874058 143.504970
99.508105 143.504970
99.142152 143.139018
98.776199 143.139018
98.410246 142.773065
98.044293 142.773065
97.678340 142.407112
97.312387 142.407112
96.946435 142.041159
96.580482 142.041159
96.214529 141.675206
95.848576 141.309253
95.482623 141.309253
95.116670 141.309253
94.750717 140.943300
94.384764 140.943300
94.018812 140.577347
93.652859 140.577347
93.286906 140.211395
92.920953 140.211395
92.555000 139.845442
91.823094 139.845442
91.823094 139.479489
91.457141 139.113536
91.457141 138.747583
91.091189 138.381630
91.091189 138.015677
90.725236 137.649724
90.725236 137.283772
90.359283 136.917819
89.993330 136.551866
89.993330 136.185913
89.627377 135.819960
89.627377 135.454007
89.627377 135.088054
89.261424 134.722101
88.895471 134.356149
88.529518 133.990196
88.529518 133.624243
88.529518 133.258290
88.163566 132.892337
87.797613 132.526384
87.797613 132.160431
87.431660 131.794478
87.065707 131.428526
87.065707 131.062573
87.065707 130.696620
86.699754 130.330667
86.333801 129.964714
86.333801 129.598761
85.967848 129.232808
85.967848 128.866855
85.601895 128.500903
85.601895 128.134950
85.235943 127.768997
84.869990 127.403044
84.504037 127.037091
84.138084 126.671138
84.138084 126.305185
84.138084 125.939232
83.772131 125.573280
83.772131 125.207327
83.406178 124.475421
83.040225 124.109468
83.040225 123.743515
83.040225 123.377562
83.040225 123.011609
83.040225 122.645657
83.040225 122.279704
83.040225 121.913751
83.040225 121.547798
83.040225 121.181845
83.040225 120.815892
83.040225 120.449939
83.040225 120.083986
83.040225 119.718034
83.040225 119.352081
83.040225 118.986128
83.040225 118.620175
83.040225 118.254222
83.040225 117.888269
83.040225 117.522316
83.040225 117.156363
83.040225 116.790411
83.040225 116.424458
83.040225 116.058505
83.040225 115.692552
83.040225 115.326599
83.040225 114.960646
83.040225 114.594693
83.040225 114.228741
83.040225 113.862788
83.040225 113.496835
83.040225 113.130882
83.040225 112.764929
83.040225 112.398976
83.040225 112.033023
83.040225 111.667070
83.040225 111.301118
83.040225 110.935165
83.040225 110.569212
83.040225 110.203259
83.040225 109.837306
83.040225 109.471353
83.040225 109.105400
83.040225 108.739447
83.040225 108.373495
83.040225 108.007542
83.040225 107.641589
83.040225 107.275636
83.040225 106.909683
83.040225 106.543730
83.040225 106.177777
83.040225 105.811824
83.040225 105.445872
83.406178 105.079919
83.406178 104.713966
83.406178 104.348013
83.772131 103.982060
84.138084 103.616107
84.138084 103.250154
84.504037 102.884201
84.869990 102.518249
84.869990 102.152296
84.869990 101.786343
85.235943 101.420390
85.601895 101.054437
85.601895 100.688484
85.967848 100.322531
85.967848 99.956578
86.333801 99.590626
86.333801 99.224673
86.699754 98.858720
86.699754 98.492767
86.699754 98.126814
87.065707 97.760861
87.431660 97.394908
87.431660 97.028955
87.797613 96.663003
87.797613 96.297050
87.797613 95.931097
88.163566 95.565144
88.529518 95.199191
88.895471 94.833238
88.895471 94.467285
88.895471 94.101332
89.261424 93.735380
89.627377 93.369427
89.627377 93.003474
89.627377 92.637521
89.993330 92.637521
90.359283 92.271568
90.725236 92.271568
91.091189 91.905615
91.457141 91.905615
91.823094 91.905615
91.823094 91.539662
92.189047 91.173709
92.555000 91.173709
92.920953 90.807757
93.286906 90.807757
93.652859 90.441804
94.018812 90.441804
94.018812 90.075851
94.384764 90.075851
94.384764 89.709898
94.750717 89.709898
94.384764 89.709898
94.750717 89.709898
95.116670 89.343945
95.482623 88.977992
95.848576 88.977992
95.848576 88.612039
96.214529 88.612039
95.848576 88.612039
96.214529 88.612039
96.580482 88.246086
96.946435 87.880134
97.312387 87.880134
97.312387 87.514181
97.678340 87.148228
98.044293 86.782275
98.410246 86.416322
98.776199 86.416322
98.776199 86.050369
99.142152 85.684416
99.508105 85.318463
99.508105 84.952511
99.874058 84.586558
100.240010 84.220605
100.605963 83.854652
100.971916 83.854652
101.337869 83.488699
101.703822 83.488699
102.069775 83.488699
102.435728 83.122746
102.801681 83.122746
103.167633 82.756793
103.533586 82.756793
103.899539 82.390840
104.265492 82.390840
104.631445 82.024888
104.997398 82.024888
105.363351 82.024888
105.729304 82.024888
106.095256 82.024888
106.461209 82.024888
106.827162 82.024888
107.193115 82.024888
107.559068 82.024888
107.925021 82.024888
108.290974 82.024888
108.656927 82.024888
109.022879 82.390840
109.388832 82.390840
109.754785 82.390840
110.120738 82.390840
110.486691 82.390840
110.852644 82.390840
110.852644 82.756793
110.486691 83.122746
110.486691 83.488699
110.120738 83.854652
109.754785 84.220605
109.754785 84.586558
109.754785 84.952511
109.388832 85.318463
109.388832 85.684416
109.022879 86.050369
109.022879 86.416322
109.022879 86.782275
108.656927 87.148228
108.656927 87.514181
108.290974 87.880134
108.290974 88.246086
