115.126363 87.758705
115.492846 88.125189
115.859330 88.491672
116.225813 88.858155
116.225813 89.224639
115.859330 89.591122
115.492846 89.957605
115.126363 90.324088
114.759880 90.690572
114.393396 91.057055
114.393396 91.423538
114.026913 91.790022
113.660430 92.156505
113.293947 92.522988
113.293947 92.889472
112.927463 93.255955
112.560980 93.622438
112.560980 93.988921
112.194497 94.355405
111.828013 94.721888
111.828013 95.088371
111.461530 95.454855
111.095047 95.821338
111.095047 96.187821
110.728563 96.554304
110.728563 96.920788
110.362080 97.287271
109.995597 97.653754
109.995597 98.020238
109.629114 98.386721
109.629114 98.753204
109.262630 99.119688
109.262630 99.486171
108.896147 99.852654
108.896147 100.219137
108.529664 100.585621
108.529664 100.952104
108.163180 101.318587
108.163180 101.685071
108.163180 102.051554
107.796697 102.418037
107.796697 102.784521
107.430214 103.151004
107.430214 103.517487
107.430214 103.883970
107.063730 104.250454
107.063730 104.616937
107.063730 104.983420
106.697247 105.349904
106.697247 105.716387
106.697247 106.082870
106.330764 106.449353
106.330764 106.815837
106.330764 107.182320
105.964281 107.548803
105.964281 107.915287
105.964281 108.281770
105.964281 108.648253
105.964281 109.014737
105.597797 109.381220
105.597797 109.747703
105.597797 110.114186
105.597797 110.480670
105.231314 110.847153
105.231314 111.213636
105.231314 111.580120
105.231314 111.946603
105.231314 112.313086
105.231314 112.679570
105.231314 112.313086
104.864831 112.679570
105.231314 113.046053
104.864831 113.412536
104.864831 113.779019
104.864831 114.145503
104.864831 114.511986
104.864831 114.878469
104.864831 115.244953
104.864831 115.611436
104.864831 115.977919
104.498347 116.344403
104.498347 116.710886
104.498347 117.077369
104.498347 117.443852
104.498347 117.810336
104.498347 118.176819
104.498347 118.543302
104.498347 118.909786
104.498347 119.276269
104.498347 119.642752
104.498347 120.009235
104.498347 120.375719
104.498347 120.742202
104.498347 121.108685
104.498347 121.475169
104.498347 121.841652
104.498347 122.208135
104.498347 122.574619
104.498347 122.941102
104.498347 123.307585
104.498347 123.674068
104.498347 124.040552
104.498347 123.674068
104.498347 124.040552
104.498347 124.407035
104.498347 124.773518
104.498347 125.140002
104.498347 125.506485
104.498347 125.872968
104.498347 126.239452
104.498347 126.605935
104.498347 126.972418
104.498347 127.338901
104.498347 127.705385
104.498347 128.071868
104.498347 128.438351
104.498347 128.804835
104.498347 129.171318
104.498347 129.537801
104.498347 129.904284
104.498347 130.270768
104.498347 130.637251
104.498347 131.003734
104.498347 131.370218
104.498347 131.736701
104.498347 132.103184
104.864831 132.469668
104.864831 132.836151
104.864831 133.202634
104.864831 133.569117
104.864831 133.935601
104.864831 134.302084
104.864831 134.668567
104.864831 135.035051
105.231314 135.035051
105.231314 135.401534
105.231314 135.768017
105.231314 136.134501
105.231314 136.500984
105.597797 136.500984
105.597797 136.867467
105.597797 137.233950
105.597797 137.600434
105.597797 137.966917
105.964281 138.333400
105.964281 138.699884
105.964281 139.066367
105.964281 138.699884
105.964281 139.066367
105.964281 139.432850
106.330764 139.432850
106.330764 139.799333
106.330764 140.165817
106.697247 140.532300
106.697247 140.898783
106.697247 141.265267
106.697247 141.631750
107.063730 141.631750
107.063730 141.998233
107.063730 142.364717
107.430214 141.998233
107.796697 141.998233
107.430214 141.998233
107.063730 142.364717
106.697247 142.364717
106.330764 142.364717
106.697247 142.364717
107.063730 142.364717
107.430214 141.998233
107.796697 141.998233
108.163180 141.998233
107.796697 141.998233
107.430214 141.998233
107.430214 142.364717
107.063730 142.731200
106.697247 142.364717
106.330764 142.364717
105.964281 142.364717
105.597797 141.998233
105.231314 141.998233
104.864831 141.631750
104.498347 141.631750
104.131864 141.631750
103.765381 141.265267
103.398898 141.265267
103.032414 141.265267
102.665931 140.898783
102.299448 140.898783
101.932964 140.898783
101.566481 140.532300
101.199998 140.532300
100.833514 140.532300
100.467031 140.165817
100.100548 140.165817
99.734065 140.165817
99.367581 139.799333
99.001098 139.799333
98.634615 139.799333
98.268131 139.799333
97.901648 139.432850
97.535165 139.432850
97.168681 139.432850
96.802198 139.432850
96.435715 139.432850
96.069232 139.066367
95.702748 139.066367
95.336265 138.699884
94.969782 138.699884
94.603298 138.333400
94.236815 137.966917
93.870332 137.966917
93.137365 137.600434
92.770882 137.233950
92.404399 137.233950
92.037915 136.867467
91.671432 136.500984
91.304949 136.500984
90.938465 136.134501
90.571982 135.768017
90.205499 135.401534
89.839016 135.401534
89.472532 135.035051
88.739566 134.668567
88.373082 134.668567
88.006599 134.302084
87.640116 133.935601
87.273632 133.935601
86.907149 133.569117
86.540666 133.202634
86.174183 133.202634
85.807699 132.836151
85.441216 132.469668
85.074733 132.469668
84.708249 132.103184
84.341766 131.736701
83.608800 131.370218
83.242316 131.003734
82.875833 131.003734
82.509350 130.637251
82.142866 130.270768
81.776383 129.904284
81.409900 129.537801
80.676933 129.171318
80.310450 128.804835
79.943967 128.438351
79.577483 128.071868
79.211000 127.705385
78.844517 127.705385
78.111550 127.338901
77.745067 126.972418
77.378583 126.605935
77.012100 126.239452
76.645617 125.872968
76.279134 125.506485
75.912650 125.140002
75.179684 124.773518
74.813200 124.407035
74.446717 124.040552
74.080234 124.040552
73.713751 123.307585
73.713751 122.941102
73.713751 122.574619
73.713751 121.841652
73.713751 121.475169
73.713751 121.108685
73.713751 120.742202
73.713751 120.009235
73.713751 119.642752
73.713751 119.276269
73.713751 118.909786
73.713751 118.176819
73.713751 117.810336
73.713751 117.443852
73.713751 117.077369
73.713751 116.344403
73.713751 115.977919
73.713751 115.611436
73.713751 114.878469
73.713751 114.511986
73.713751 114.145503
73.713751 113.779019
73.713751 113.046053
73.713751 112.679570
73.713751 112.313086
73.713751 111.946603
74.080234 111.213636
74.446717 110.847153
74.446717 110.480670
74.813200 109.747703
74.813200 109.381220
75.179684 109.014737
75.179684 108.648253
75.546167 107.915287
75.546167 107.548803
75.912650 107.182320
75.912650 106.815837
76.279134 106.082870
76.279134 105.716387
76.645617 105.349904
77.012100 104.983420
77.012100 104.250454
77.378583 103.883970
77.378583 103.517487
77.745067 102.784521
77.745067 102.418037
78.111550 102.051554
78.111550 101.685071
78.478033 100.952104
78.478033 100.585621
78.844517 100.219137
79.211000 99.852654
79.577483 99.119688
80.310450 98.753204
80.676933 98.386721
81.043416 98.020238
81.409900 97.653754
81.776383 96.920788
82.142866 96.554304
82.509350 96.187821
82.875833 95.821338
83.242316 95.454855
83.608800 94.721888
83.975283 94.355405
84.341766 93.988921
85.074733 93.622438
85.441216 93.255955
85.807699 92.522988
86.174183 92.156505
86.540666 91.790022
86.907149 91.423538
87.273632 91.057055
87.640116 90.324088
88.006599 89.957605
88.373082 89.591122
88.739566 89.224639
89.472532 89.224639
89.839016 88.858155
90.205499 88.858155
90.571982 88.858155
90.938465 88.491672
91.304949 88.491672
91.671432 88.491672
92.037915 88.125189
92.404399 88.125189
92.770882 88.125189
93.137365 87.758705
93.503849 87.758705
93.870332 87.758705
94.236815 87.392222
94.603298 87.392222
95.336265 87.392222
95.702748 87.025739
96.069232 87.025739
96.435715 87.025739
96.802198 86.659255
97.168681 86.659255
97.535165 86.659255
97.901648 86.659255
98.268131 86.292772
98.634615 86.292772
99.001098 86.292772
99.367581 85.926289
100.100548 85.926289
100.467031 85.926289
100.833514 85.559806
101.199998 85.559806
101.566481 85.559806
101.932964 85.559806
102.299448 85.193322
102.665931 85.193322
103.032414 85.193322
103.398898 84.826839
103.765381 84.826839
104.498347 84.826839
104.864831 84.826839
105.231314 84.826839
105.597797 84.826839
105.964281 84.826839
106.330764 84.826839
106.697247 84.826839
107.063730 84.826839
107.430214 84.826839
108.163180 84.826839
108.529664 84.826839
108.896147 84.826839
109.262630 84.826839
109.629114 84.826839
110.362080 84.826839
110.728563 84.826839
111.095047 84.826839
111.461530 84.826839
112.194497 84.826839
112.560980 84.826839
112.927463 84.826839
113.293947 84.826839
113.660430 85.193322
113.660430 85.559806
113.660430 85.193322
113.660430 85.559806
114.026913 85.926289
114.026913 86.292772
114.393396 86.292772
114.393396 86.659255
114.759880 87.025739
115.126363 87.392222
115.126363 87.758705
