119.504744 103.936266
119.279530 104.161481
119.279530 104.386695
119.054315 104.611910
118.829101 104.837124
118.829101 105.062339
118.603886 105.287554
118.603886 105.512768
118.603886 105.287554
118.603886 105.512768
118.378671 105.737983
118.378671 105.963197
118.153457 106.188412
118.153457 106.413626
117.928242 106.638841
117.928242 106.864055
117.703028 107.089270
117.703028 107.314484
117.703028 107.539699
117.477813 107.764914
117.477813 107.990128
117.252599 108.215343
117.252599 108.440557
117.027384 108.665772
117.027384 108.890986
117.027384 109.116201
116.802170 109.341415
116.802170 109.566630
116.802170 109.791845
116.576955 110.017059
116.576955 110.242274
116.576955 110.467488
116.351741 110.692703
116.351741 110.917917
116.351741 111.143132
116.126526 111.368346
116.126526 111.593561
116.126526 111.818775
116.126526 111.593561
116.126526 111.368346
116.126526 111.593561
116.126526 111.818775
116.126526 112.043990
115.901311 112.269205
115.901311 112.494419
115.901311 112.719634
115.901311 112.944848
115.676097 113.170063
115.676097 113.395277
115.676097 113.620492
115.676097 113.845706
115.450882 114.070921
115.450882 114.296136
115.450882 114.521350
115.450882 114.746565
115.450882 114.971779
115.450882 115.196994
115.450882 114.971779
115.450882 115.196994
115.450882 114.971779
115.450882 114.746565
115.450882 114.971779
115.450882 115.196994
115.450882 114.971779
115.450882 115.196994
115.450882 114.971779
115.450882 114.746565
115.450882 114.971779
115.450882 115.196994
115.450882 114.971779
115.450882 114.746565
115.450882 114.971779
115.450882 115.196994
115.450882 114.971779
115.450882 115.196994
115.225668 115.422208
115.225668 115.647423
115.225668 115.422208
115.450882 115.196994
115.450882 114.971779
115.450882 115.196994
115.225668 115.422208
115.225668 115.647423
115.225668 115.872637
115.225668 115.647423
115.225668 115.872637
115.225668 116.097852
115.225668 115.872637
115.225668 115.647423
115.225668 115.872637
115.225668 116.097852
115.225668 115.872637
115.225668 116.097852
115.225668 115.872637
115.225668 116.097852
115.225668 116.323066
115.225668 116.548281
115.225668 116.323066
115.225668 116.548281
115.225668 116.323066
115.225668 116.097852
115.225668 116.323066
115.225668 116.548281
115.225668 116.323066
115.225668 116.097852
115.225668 115.872637
115.225668 116.097852
115.225668 116.323066
115.225668 116.548281
115.225668 116.323066
115.225668 116.548281
115.225668 116.323066
115.225668 116.097852
115.225668 116.323066
115.225668 116.548281
115.225668 116.323066
115.225668 116.548281
115.225668 116.323066
115.225668 116.548281
115.225668 116.773496
115.000453 116.998710
115.000453 117.223925
115.000453 117.449139
115.000453 117.223925
115.000453 117.449139
115.000453 117.223925
115.000453 117.449139
115.000453 117.223925
115.000453 117.449139
115.000453 117.674354
115.000453 117.899568
115.000453 118.124783
115.000453 117.899568
115.000453 118.124783
115.000453 117.899568
115.000453 118.124783
115.000453 117.899568
115.000453 118.124783
115.000453 118.349997
115.000453 118.575212
115.000453 118.349997
115.000453 118.575212
115.000453 118.349997
115.000453 118.124783
115.000453 118.349997
115.000453 118.575212
115.000453 118.349997
115.000453 118.124783
115.000453 117.899568
115.000453 118.124783
115.000453 118.349997
115.000453 118.575212
115.000453 118.349997
115.000453 118.575212
115.000453 118.349997
115.000453 118.124783
115.000453 118.349997
115.000453 118.575212
115.000453 118.349997
115.000453 118.575212
115.000453 118.349997
115.000453 118.124783
115.000453 118.349997
115.000453 118.575212
115.000453 118.349997
115.000453 118.124783
115.000453 118.349997
115.000453 118.575212
115.000453 118.349997
115.000453 118.124783
115.000453 117.899568
115.000453 118.124783
115.000453 117.899568
115.000453 117.674354
115.000453 117.449139
115.000453 117.674354
115.000453 117.449139
115.000453 117.223925
115.000453 116.998710
115.000453 117.223925
115.000453 116.998710
115.000453 117.223925
115.000453 117.449139
115.000453 117.674354
115.000453 117.899568
115.000453 118.124783
115.000453 118.349997
115.000453 118.575212
115.000453 118.800427
115.000453 119.025641
115.000453 119.250856
115.000453 119.476070
115.000453 119.701285
115.000453 119.926499
115.000453 120.151714
115.000453 120.376928
115.000453 120.602143
115.000453 120.827358
115.000453 121.052572
115.000453 121.277787
115.000453 121.503001
115.000453 121.277787
115.000453 121.503001
115.000453 121.728216
115.000453 121.953430
115.000453 121.728216
115.000453 121.953430
115.000453 122.178645
115.000453 122.403859
115.000453 122.629074
115.000453 122.854288
115.000453 123.079503
115.000453 122.854288
115.000453 122.629074
115.000453 122.403859
115.000453 122.178645
115.000453 122.403859
115.000453 122.629074
115.000453 122.854288
115.000453 123.079503
115.000453 123.304718
115.000453 123.529932
115.000453 123.755147
115.000453 123.980361
115.225668 123.980361
115.225668 124.205576
115.225668 124.430790
115.225668 124.205576
115.225668 124.430790
115.225668 124.656005
115.225668 124.881219
115.225668 124.656005
115.225668 124.881219
115.225668 125.106434
115.225668 124.881219
115.225668 125.106434
115.225668 125.331649
115.450882 125.556863
115.225668 125.782078
115.450882 126.007292
115.450882 126.232507
115.450882 126.007292
115.450882 126.232507
115.450882 126.457721
115.450882 126.682936
115.676097 126.908150
115.450882 127.133365
115.676097 127.358579
115.676097 127.133365
115.676097 127.358579
115.676097 127.583794
115.901311 127.809009
115.901311 128.034223
115.901311 127.809009
115.901311 128.034223
115.901311 127.809009
115.901311 128.034223
115.901311 127.809009
115.901311 128.034223
115.901311 127.809009
115.901311 128.034223
115.901311 128.259438
115.901311 128.034223
115.901311 128.259438
115.901311 128.484652
115.901311 128.709867
116.126526 128.709867
116.126526 128.935081
116.126526 128.709867
116.126526 128.935081
116.126526 128.709867
116.126526 128.935081
116.126526 129.160296
116.126526 129.385510
116.126526 129.610725
116.351741 129.610725
116.351741 129.835940
116.351741 129.610725
116.351741 129.835940
116.351741 130.061154
116.576955 130.286369
116.576955 130.511583
116.576955 130.736798
116.576955 130.962012
116.802170 130.962012
116.802170 131.187227
116.802170 131.412441
117.027384 131.637656
117.027384 131.862870
117.027384 131.637656
117.027384 131.862870
117.027384 132.088085
117.252599 132.313300
117.252599 132.538514
117.252599 132.313300
117.252599 132.538514
117.252599 132.313300
117.252599 132.538514
117.477813 132.763729
117.477813 132.988943
117.477813 132.763729
117.477813 132.988943
117.703028 133.214158
117.703028 133.439372
117.703028 133.214158
117.703028 133.439372
117.703028 133.664587
117.928242 133.889801
117.928242 134.115016
118.153457 134.340231
118.153457 134.565445
118.153457 134.790660
118.378671 134.790660
118.378671 135.015874
118.378671 135.241089
118.603886 135.241089
118.603886 135.466303
118.829101 135.691518
118.829101 135.916732
119.054315 136.141947
119.054315 136.367161
119.279530 136.367161
119.279530 136.592376
119.279530 136.367161
119.279530 136.592376
119.504744 136.817591
119.504744 137.042805
119.504744 137.268020
119.729959 137.268020
119.955173 137.493234
119.955173 137.718449
120.180388 137.943663
120.180388 138.168878
120.405602 138.394092
120.630817 138.619307
120.630817 138.844522
120.856032 138.844522
120.856032 139.069736
120.856032 139.294951
121.081246 139.294951
121.081246 139.520165
121.306461 139.745380
121.531675 139.970594
121.756890 140.195809
121.982104 140.421023
122.207319 140.646238
122.207319 140.871453
122.207319 141.096667
122.432533 141.321882
122.207319 141.547096
121.982104 141.547096
121.531675 141.772311
121.306461 141.772311
121.081246 141.997525
120.856032 142.222740
120.630817 142.222740
120.405602 142.447954
119.955173 142.447954
119.729959 142.673169
119.504744 142.673169
119.279530 142.898383
119.054315 143.123598
118.603886 143.123598
118.378671 143.348813
118.153457 143.348813
117.928242 143.574027
117.703028 143.348813
117.477813 143.348813
117.027384 143.123598
116.802170 143.123598
116.576955 142.898383
116.351741 142.898383
116.126526 142.673169
115.901311 142.673169
115.450882 142.447954
115.225668 142.222740
115.000453 142.222740
114.775239 141.997525
114.550024 141.997525
114.099595 141.772311
113.874380 141.772311
113.649166 141.547096
113.423951 141.547096
113.198737 141.321882
112.973522 141.321882
112.523093 141.096667
112.297879 141.096667
112.072664 140.871453
111.847449 140.871453
111.622235 140.646238
111.171806 140.646238
110.946591 140.421023
110.721377 140.421023
110.496162 140.195809
110.270948 140.195809
110.045733 139.970594
109.595304 139.970594
109.370089 139.745380
109.144875 139.745380
108.919660 139.520165
108.694446 139.520165
108.469231 139.294951
108.244017 139.294951
108.018802 139.069736
107.568373 139.069736
107.343158 139.069736
107.117944 138.844522
106.892729 138.844522
106.667515 138.619307
106.442300 138.619307
106.217086 138.394092
105.991871 138.394092
105.766657 138.394092
105.541442 138.168878
105.316228 138.168878
105.091013 138.168878
104.865798 137.943663
104.640584 137.718449
104.190155 137.718449
103.964940 137.493234
103.739726 137.268020
103.514511 137.042805
103.289297 136.817591
103.064082 136.592376
102.838867 136.367161
102.613653 136.141947
102.388438 135.916732
101.938009 135.691518
101.712795 135.466303
101.487580 135.241089
101.262366 135.015874
101.037151 134.790660
100.811937 134.565445
100.586722 134.340231
100.361507 134.115016
100.136293 133.889801
99.911078 133.664587
99.685864 133.439372
99.460649 133.214158
99.235435 132.988943
99.010220 132.763729
98.785006 132.313300
98.785006 132.088085
98.559791 131.862870
98.334576 131.637656
98.109362 131.412441
98.109362 131.187227
98.109362 130.962012
98.109362 130.511583
98.109362 130.286369
98.109362 130.061154
98.109362 129.835940
98.109362 129.385510
98.334576 129.160296
98.334576 128.935081
98.334576 128.709867
98.334576 128.259438
98.334576 128.034223
98.334576 127.809009
98.334576 127.583794
98.334576 127.133365
98.334576 126.908150
98.334576 126.682936
98.334576 126.457721
98.334576 126.007292
98.334576 125.782078
98.334576 125.556863
98.559791 125.331649
98.559791 124.881219
98.559791 124.656005
98.559791 124.430790
98.559791 124.205576
98.559791 123.755147
98.559791 123.529932
98.559791 123.304718
98.559791 123.079503
98.559791 122.629074
98.559791 122.403859
98.559791 122.178645
98.785006 121.953430
98.785006 121.503001
99.010220 121.277787
99.010220 121.052572
99.235435 120.827358
99.235435 120.376928
99.460649 120.151714
99.460649 119.926499
99.685864 119.701285
99.685864 119.250856
99.911078 119.025641
99.911078 118.800427
100.136293 118.575212
100.136293 118.124783
100.361507 117.899568
100.361507 117.674354
100.586722 117.449139
100.586722 116.998710
100.811937 116.773496
100.811937 116.548281
101.037151 116.323066
101.037151 115.872637
101.262366 115.647423
101.262366 115.422208
101.487580 115.196994
101.487580 114.746565
101.712795 114.521350
101.938009 114.296136
101.938009 114.070921
102.163224 113.620492
102.163224 113.395277
102.388438 113.170063
102.388438 112.944848
102.613653 112.494419
102.838867 112.494419
103.064082 112.269205
103.289297 112.043990
103.514511 111.818775
103.739726 111.593561
103.964940 111.368346
104.415369 111.143132
104.640584 111.143132
104.865798 110.917917
105.091013 110.692703
105.316228 110.467488
105.541442 110.242274
105.766657 110.017059
105.991871 110.017059
106.442300 109.791845
106.667515 109.566630
106.892729 109.341415
107.117944 109.116201
107.343158 108.890986
107.568373 108.890986
107.793588 108.665772
108.018802 108.440557
108.469231 108.215343
108.694446 107.990128
108.919660 107.764914
109.144875 107.764914
109.370089 107.539699
109.595304 107.314484
109.820519 107.089270
110.045733 106.864055
110.496162 106.638841
110.721377 106.638841
110.946591 106.413626
111.171806 106.188412
111.397020 105.963197
111.622235 105.737983
111.847449 105.512768
112.297879 105.512768
112.523093 105.287554
112.748308 105.062339
112.973522 104.837124
113.198737 104.837124
113.423951 104.837124
113.649166 104.837124
113.874380 104.837124
113.649166 104.837124
113.874380 104.837124
114.099595 104.837124
114.324810 104.837124
114.550024 104.611910
114.775239 104.611910
115.000453 104.611910
115.225668 104.611910
115.450882 104.611910
115.225668 104.611910
115.450882 104.611910
115.676097 104.611910
115.901311 104.611910
115.676097 104.611910
115.901311 104.611910
116.126526 104.386695
116.351741 104.386695
116.576955 104.386695
116.802170 104.386695
117.027384 104.386695
117.027384 104.161481
117.252599 104.161481
117.477813 104.161481
117.703028 104.161481
117.928242 103.936266
118.153457 103.936266
118.378671 103.936266
118.603886 103.936266
118.603886 103.711052
118.829101 103.711052
119.054315 103.711052
119.279530 103.485837
119.504744 103.485837
119.504744 103.711052
119.504744 103.936266
