140.453150 62.558909
140.453150 63.560644
140.453150 64.061512
140.453150 64.562380
140.453150 65.063247
140.453150 65.564115
140.453150 66.064982
139.952283 66.565850
139.451415 67.066718
138.950547 67.567585
138.449680 68.068453
137.948812 68.068453
137.948812 68.569321
137.447945 68.569321
136.947077 68.569321
136.446209 68.569321
136.446209 69.070188
135.945342 69.070188
135.444474 69.070188
134.943607 69.070188
134.943607 69.571056
134.442739 69.571056
133.941871 70.071923
133.441004 70.071923
132.940136 70.071923
132.940136 70.572791
132.439269 70.572791
131.938401 71.073659
131.437533 71.073659
130.936666 71.574526
130.435798 71.574526
129.934930 72.075394
129.434063 72.075394
128.933195 72.576261
128.432328 73.077129
127.931460 73.077129
127.430592 73.077129
127.430592 73.577997
126.929725 74.078864
126.428857 74.078864
125.927990 74.078864
125.927990 74.579732
125.427122 75.080599
124.926254 75.080599
124.926254 75.581467
124.425387 75.581467
123.924519 76.082335
123.423652 76.583202
122.922784 76.583202
122.922784 77.084070
122.421916 77.584937
121.921049 78.085805
121.420181 78.586673
120.919314 79.087540
120.418446 79.588408
119.917578 80.089275
119.416711 80.590143
118.915843 81.091011
118.414975 81.591878
117.914108 82.092746
117.914108 82.593614
117.413240 83.094481
116.912373 83.595349
116.411505 84.096216
116.411505 84.597084
115.910637 85.097952
115.409770 85.598819
115.409770 86.099687
114.908902 86.600554
114.408035 87.101422
114.408035 87.602290
113.907167 88.103157
113.406299 88.604025
113.406299 89.104892
112.905432 89.605760
112.905432 90.106628
112.404564 90.607495
112.404564 91.108363
111.903697 91.609230
111.903697 92.110098
111.402829 92.610966
111.402829 93.111833
110.901961 93.612701
110.901961 94.113569
110.401094 94.614436
110.401094 95.115304
110.401094 95.616171
109.900226 96.117039
109.900226 96.617907
109.900226 97.118774
109.399359 97.619642
109.399359 98.120509
109.399359 98.621377
109.399359 99.122245
108.898491 99.623112
108.898491 100.123980
108.898491 100.624847
108.898491 101.125715
108.397623 101.626583
108.397623 102.127450
108.397623 102.628318
108.397623 103.129185
108.397623 103.630053
108.397623 104.130921
107.896756 104.631788
107.896756 105.132656
107.896756 105.633524
107.896756 106.134391
107.896756 106.635259
107.896756 107.136126
107.896756 107.636994
107.896756 108.137862
107.896756 108.638729
107.896756 109.139597
107.896756 109.640464
107.896756 110.141332
107.896756 110.642200
107.896756 111.143067
107.896756 111.643935
107.896756 112.144802
107.896756 112.645670
107.896756 113.146538
107.896756 113.647405
107.896756 114.148273
107.896756 114.649140
107.896756 115.150008
108.397623 115.650876
108.397623 116.151743
108.397623 116.652611
108.397623 117.153478
108.397623 117.654346
108.397623 118.155214
108.898491 118.656081
108.898491 119.156949
108.898491 119.657817
108.898491 120.158684
108.898491 120.659552
109.399359 120.659552
109.399359 121.160419
109.399359 121.661287
109.399359 122.162155
109.900226 122.663022
109.900226 123.163890
109.900226 123.664757
110.401094 124.165625
110.401094 124.666493
110.401094 125.167360
110.401094 125.668228
110.901961 125.668228
110.901961 126.169095
110.901961 126.669963
110.901961 127.170831
110.901961 127.671698
111.402829 127.671698
111.402829 128.172566
111.402829 128.673433
111.402829 129.174301
111.402829 129.675169
110.901961 130.176036
110.901961 130.676904
110.401094 131.678639
110.401094 132.179507
109.900226 132.680374
109.900226 133.181242
109.399359 134.182977
109.399359 134.683845
108.397623 134.683845
107.896756 134.683845
107.395888 134.683845
106.895020 134.182977
106.394153 134.182977
105.893285 134.182977
105.392418 134.182977
104.891550 134.182977
104.390682 134.182977
103.889815 134.182977
103.388947 134.182977
102.888080 133.682110
102.387212 133.682110
101.886344 133.682110
101.385477 133.682110
100.884609 133.682110
99.882874 133.682110
99.382006 133.181242
98.881139 133.181242
97.879404 132.680374
97.378536 132.680374
96.376801 132.680374
95.875933 132.179507
95.375066 132.179507
94.373330 131.678639
93.872463 131.678639
92.870727 131.177772
92.369860 131.177772
91.868992 130.676904
90.867257 130.676904
90.366389 130.676904
89.865522 130.176036
88.863787 130.176036
88.362919 129.675169
87.361184 129.675169
86.860316 129.174301
86.359449 129.174301
85.357713 129.174301
84.856846 128.673433
83.855111 128.673433
83.354243 128.172566
82.853375 128.172566
81.851640 127.671698
81.350772 127.671698
80.349037 127.671698
79.848170 127.170831
79.347302 127.170831
78.345567 126.669963
77.844699 126.669963
76.842964 126.169095
76.342096 126.169095
75.841229 125.668228
75.340361 125.167360
74.839494 124.666493
74.338626 124.666493
73.837758 124.165625
72.836023 123.664757
72.335156 123.163890
71.834288 122.663022
71.333420 122.663022
70.832553 122.162155
70.331685 121.661287
69.329950 121.160419
68.829082 121.160419
68.328215 120.659552
67.827347 120.158684
67.326479 119.657817
66.825612 119.657817
65.823877 119.156949
65.323009 118.656081
64.822141 118.155214
64.321274 117.654346
64.321274 117.153478
63.820406 116.652611
63.319539 116.151743
62.818671 115.650876
62.317803 115.150008
61.816936 114.649140
61.316068 114.148273
60.815201 113.647405
60.314333 113.146538
59.813465 112.645670
59.312598 112.144802
58.811730 111.643935
58.811730 111.143067
58.310863 110.642200
57.809995 110.141332
57.309127 109.640464
57.309127 109.139597
57.309127 108.137862
57.809995 107.636994
57.809995 107.136126
57.809995 106.134391
57.809995 105.633524
58.310863 105.132656
58.310863 104.631788
58.310863 103.630053
58.811730 103.129185
58.811730 102.628318
58.811730 102.127450
59.312598 101.125715
59.312598 100.624847
59.312598 100.123980
59.813465 99.122245
59.813465 98.621377
59.813465 98.120509
59.813465 97.619642
60.314333 96.617907
60.314333 96.117039
60.314333 95.616171
60.815201 94.614436
60.815201 94.113569
60.815201 93.612701
61.316068 93.111833
61.816936 92.610966
62.317803 91.609230
62.317803 91.108363
62.818671 90.607495
63.319539 90.106628
63.820406 89.104892
64.321274 88.604025
64.822141 88.103157
65.323009 87.602290
65.823877 87.101422
66.324744 86.099687
66.825612 85.598819
66.825612 85.097952
67.326479 84.597084
67.827347 83.595349
68.328215 83.094481
68.829082 82.593614
69.329950 82.092746
69.830817 81.591878
70.331685 80.590143
70.832553 80.089275
70.832553 79.588408
71.333420 79.087540
71.834288 78.085805
72.335156 77.584937
72.836023 77.084070
73.336891 76.583202
73.837758 75.581467
74.338626 75.080599
74.839494 74.579732
74.839494 74.078864
75.340361 73.577997
75.841229 72.576261
76.842964 72.576261
77.343832 72.075394
77.844699 71.574526
78.846434 71.073659
79.347302 70.572791
79.848170 70.572791
80.849905 70.071923
81.350772 69.571056
81.851640 69.070188
82.853375 68.569321
83.354243 68.569321
83.855111 68.068453
84.856846 67.567585
85.357713 67.066718
85.858581 66.565850
86.359449 66.565850
87.361184 66.064982
87.862051 65.564115
88.362919 65.063247
89.364654 64.562380
89.865522 64.562380
90.366389 64.061512
91.368125 63.560644
91.868992 63.059777
92.369860 62.558909
92.870727 62.558909
93.371595 62.558909
94.373330 62.558909
94.874198 62.558909
95.375066 62.558909
95.875933 62.558909
96.376801 62.558909
96.877668 62.558909
97.378536 62.558909
97.879404 62.558909
98.380271 62.558909
98.881139 62.558909
99.382006 62.058042
99.882874 62.058042
100.383742 62.058042
100.884609 61.557174
101.385477 61.557174
101.886344 61.056306
102.387212 61.056306
102.888080 61.056306
103.388947 60.555439
103.889815 60.555439
104.390682 60.555439
104.891550 60.054571
105.392418 60.054571
105.893285 60.054571
106.394153 59.553704
106.895020 59.553704
107.395888 59.553704
107.896756 59.052836
108.397623 59.052836
108.898491 59.052836
109.399359 58.551968
109.900226 58.551968
110.401094 58.551968
110.901961 58.551968
111.402829 58.551968
111.903697 58.551968
112.404564 58.551968
112.905432 58.551968
113.907167 58.551968
114.408035 58.551968
114.908902 58.051101
115.409770 58.051101
115.910637 58.051101
116.411505 58.051101
116.912373 58.051101
117.413240 58.051101
118.414975 58.051101
118.915843 58.051101
119.416711 58.051101
119.917578 58.051101
120.418446 58.051101
120.919314 58.051101
121.420181 58.051101
121.921049 58.051101
122.922784 58.051101
123.423652 58.051101
123.924519 58.051101
124.926254 58.551968
125.427122 58.551968
125.927990 58.551968
126.929725 59.052836
127.430592 59.052836
127.931460 59.052836
128.933195 59.553704
129.434063 59.553704
129.934930 59.553704
130.936666 59.553704
131.437533 60.054571
131.938401 60.054571
132.940136 60.054571
133.441004 60.555439
133.941871 60.555439
134.943607 60.555439
135.444474 61.056306
135.945342 61.056306
136.446209 61.056306
137.447945 61.557174
137.948812 61.557174
138.449680 61.557174
138.950547 62.058042
139.451415 62.558909
139.451415 63.059777
139.952283 63.059777
140.453150 63.059777
140.453150 62.558909
