132.158159 74.171792
132.158159 74.674582
131.655370 75.177371
131.655370 75.680160
131.152581 76.182950
131.152581 76.685739
130.649792 76.685739
130.649792 77.188528
130.147002 77.691317
129.644213 78.194107
129.141424 78.696896
129.141424 79.199685
128.638634 79.199685
128.135845 79.702475
127.633056 79.702475
127.130267 80.205264
126.627477 80.708053
126.124688 80.708053
125.621899 81.210842
125.119109 81.210842
124.616320 81.713632
124.113531 81.713632
123.610742 81.713632
123.107952 82.216421
122.605163 82.216421
122.102374 82.216421
121.599585 82.216421
121.096795 82.216421
120.594006 82.719210
120.091217 83.221999
119.588427 83.724789
119.085638 84.227578
118.582849 84.730367
118.080060 85.233157
117.577270 85.735946
117.074481 86.238735
116.571692 86.741524
116.068902 87.244314
115.566113 87.747103
115.063324 88.249892
114.560535 88.752682
114.560535 89.255471
114.057745 89.758260
113.554956 90.261049
113.052167 90.763839
112.549378 91.266628
112.046588 91.769417
112.046588 92.272206
111.543799 92.774996
111.041010 93.277785
111.041010 93.780574
110.538220 94.283364
110.035431 94.786153
110.035431 95.288942
109.532642 95.791731
109.029853 96.294521
109.029853 96.797310
108.527063 97.802889
108.527063 98.305678
108.024274 98.808467
108.024274 99.311256
107.521485 99.814046
107.521485 100.316835
107.018695 100.819624
107.018695 101.322413
106.515906 101.825203
106.515906 102.327992
106.515906 102.830781
106.013117 103.333571
106.013117 103.836360
106.013117 104.339149
105.510328 104.841938
105.510328 105.344728
105.510328 105.847517
105.510328 106.350306
105.007538 106.853096
105.007538 107.355885
105.007538 107.858674
105.007538 108.361463
105.007538 108.864253
104.504749 109.367042
104.504749 109.869831
104.504749 110.875410
104.504749 111.378199
104.504749 111.880988
104.504749 112.383778
104.504749 112.886567
104.504749 113.389356
104.504749 113.892145
104.504749 114.394935
104.504749 114.897724
104.504749 115.400513
104.504749 115.903303
104.504749 116.406092
104.504749 116.908881
104.504749 117.411670
104.504749 117.914460
104.001960 118.417249
104.001960 118.920038
104.001960 119.422827
104.001960 119.925617
103.499171 120.428406
103.499171 120.931195
103.499171 121.433985
103.499171 121.936774
103.499171 122.439563
103.499171 122.942352
103.499171 123.445142
103.499171 123.947931
103.499171 124.450720
103.499171 124.953510
103.499171 125.456299
103.499171 125.959088
103.499171 126.461877
103.499171 126.964667
103.499171 127.467456
103.499171 126.964667
103.499171 127.467456
103.499171 127.970245
103.499171 128.473034
103.499171 127.970245
103.499171 128.473034
103.499171 128.975824
103.499171 129.478613
103.499171 128.975824
103.499171 129.478613
103.499171 128.975824
103.499171 129.478613
103.499171 129.981402
103.499171 130.484192
103.499171 130.986981
103.499171 130.484192
103.499171 130.986981
103.499171 131.489770
104.001960 131.992559
104.001960 132.495349
104.001960 132.998138
104.001960 133.500927
104.001960 134.003717
104.504749 134.003717
104.504749 134.506506
104.504749 135.009295
104.504749 135.512084
105.007538 136.014874
105.007538 136.517663
105.510328 137.020452
105.510328 137.523241
105.510328 138.026031
106.013117 138.528820
105.510328 139.031609
105.007538 139.031609
104.504749 139.534399
104.001960 139.534399
103.499171 139.534399
102.996381 140.037188
102.493592 140.037188
101.990803 140.037188
101.488013 140.037188
100.985224 140.037188
100.482435 140.037188
99.979646 140.037188
99.476856 140.037188
98.974067 140.037188
98.471278 140.037188
97.968488 140.037188
97.465699 140.037188
97.968488 140.037188
97.465699 140.037188
96.962910 140.037188
96.460121 140.539977
95.957331 140.037188
95.454542 140.037188
94.951753 140.037188
94.448964 139.534399
93.946174 139.534399
93.443385 139.534399
92.940596 139.031609
92.437806 139.031609
91.935017 138.528820
91.432228 138.026031
90.929439 138.026031
90.426649 138.026031
89.923860 138.026031
89.421071 137.523241
88.918281 137.523241
88.415492 137.523241
87.912703 137.523241
87.409914 137.523241
86.907124 137.523241
86.404335 137.020452
85.901546 137.020452
85.398757 137.020452
84.895967 137.020452
84.393178 136.517663
83.890389 136.517663
83.387599 136.517663
82.884810 136.014874
82.382021 136.014874
81.879232 135.512084
81.376442 135.512084
80.873653 135.512084
80.370864 135.009295
79.868075 135.009295
79.365285 134.506506
78.862496 134.506506
78.359707 134.003717
77.856917 134.003717
77.354128 134.003717
76.851339 133.500927
76.348550 133.500927
75.845760 132.998138
75.342971 132.998138
74.840182 132.495349
74.337392 131.992559
73.834603 131.992559
73.331814 131.489770
72.829025 131.489770
72.326235 130.986981
71.320657 130.986981
70.817868 130.484192
70.315078 129.981402
69.812289 129.981402
69.309500 129.478613
68.806710 128.975824
68.303921 128.975824
67.801132 128.473034
67.298343 127.970245
66.795553 127.467456
66.292764 127.467456
65.789975 126.964667
65.287185 126.461877
64.784396 125.959088
64.281607 125.456299
63.778818 124.953510
63.276028 124.450720
62.773239 123.947931
62.270450 123.445142
61.767661 122.942352
61.264871 122.439563
60.762082 121.936774
60.259293 121.433985
59.756503 120.931195
59.756503 120.428406
59.253714 119.925617
58.750925 119.422827
58.750925 118.920038
58.248136 118.417249
58.248136 117.914460
57.745346 117.411670
57.745346 116.908881
57.242557 116.406092
57.242557 115.903303
57.242557 115.400513
56.739768 114.897724
56.739768 114.394935
56.739768 113.892145
56.739768 113.389356
56.739768 112.886567
56.739768 112.383778
56.236978 111.880988
56.236978 111.378199
56.236978 110.875410
56.739768 109.869831
56.739768 109.367042
56.739768 108.864253
56.739768 108.361463
56.739768 107.858674
56.739768 107.355885
57.242557 106.853096
57.242557 106.350306
57.242557 105.847517
57.745346 105.344728
57.745346 104.841938
57.745346 104.339149
58.248136 103.836360
58.248136 103.333571
58.750925 102.830781
58.750925 102.327992
59.253714 101.825203
59.756503 101.322413
59.756503 100.819624
60.259293 100.316835
60.259293 99.311256
60.762082 98.808467
61.264871 98.305678
61.264871 97.802889
61.767661 97.300099
62.270450 96.797310
62.773239 96.294521
62.773239 95.791731
63.276028 95.288942
63.778818 94.786153
64.281607 94.283364
64.784396 93.780574
64.784396 93.277785
65.287185 92.774996
65.789975 92.272206
66.292764 91.769417
66.795553 91.266628
67.298343 90.763839
67.298343 90.261049
67.801132 89.758260
68.303921 89.255471
68.806710 88.752682
69.309500 88.249892
69.812289 87.747103
70.315078 87.244314
70.817868 86.741524
71.320657 86.238735
71.823446 85.735946
72.326235 85.233157
72.829025 84.730367
73.331814 84.227578
73.834603 83.221999
74.337392 82.719210
74.840182 82.216421
75.342971 81.713632
75.845760 81.210842
76.348550 80.708053
76.851339 80.205264
77.354128 79.702475
77.856917 79.199685
78.359707 78.696896
78.862496 78.194107
79.365285 77.691317
79.868075 77.188528
80.370864 76.685739
80.873653 76.182950
81.376442 75.680160
82.382021 75.177371
82.884810 74.674582
83.387599 74.171792
83.890389 74.171792
84.393178 73.669003
84.895967 73.166214
85.398757 72.663425
85.901546 72.160635
86.404335 71.657846
86.907124 71.155057
87.409914 70.652268
87.912703 70.149478
88.415492 69.646689
88.918281 69.143900
89.421071 68.641110
89.923860 68.138321
90.426649 67.635532
90.929439 67.132743
91.432228 66.629953
91.935017 66.127164
92.437806 65.624375
92.940596 65.121585
93.443385 64.618796
93.946174 64.116007
94.448964 63.613218
94.951753 63.613218
95.454542 63.110428
95.957331 62.607639
96.962910 62.104850
97.465699 61.602061
97.968488 61.602061
98.471278 61.099271
98.974067 60.596482
99.476856 60.093693
99.979646 60.093693
100.482435 59.590903
100.985224 59.088114
101.488013 59.088114
101.990803 58.585325
102.493592 58.082536
102.996381 58.082536
103.499171 57.579746
104.001960 57.579746
104.504749 57.076957
105.007538 57.076957
105.510328 56.574168
106.013117 56.574168
106.515906 56.071378
107.018695 56.071378
107.521485 56.071378
108.024274 55.568589
108.527063 55.568589
109.029853 55.568589
109.532642 55.065800
110.035431 55.065800
110.538220 55.065800
111.041010 55.065800
112.046588 54.563011
112.549378 54.563011
113.052167 54.563011
113.554956 54.563011
114.057745 54.563011
114.560535 54.563011
115.063324 54.563011
115.566113 54.563011
116.068902 54.563011
116.571692 54.563011
117.074481 54.563011
117.577270 54.563011
118.080060 54.563011
118.582849 54.563011
119.085638 54.563011
119.588427 54.563011
120.091217 54.563011
120.594006 54.563011
121.096795 55.065800
121.599585 55.065800
122.102374 55.065800
122.605163 55.065800
123.107952 55.065800
123.610742 55.568589
124.113531 55.568589
124.616320 55.568589
125.119109 56.071378
125.621899 56.071378
126.124688 56.071378
126.627477 56.071378
127.130267 56.574168
127.130267 57.076957
127.633056 57.076957
127.633056 57.579746
128.135845 57.579746
128.638634 58.082536
129.141424 58.585325
129.644213 59.088114
130.147002 59.590903
130.649792 60.093693
130.649792 60.596482
131.152581 61.099271
131.655370 61.602061
131.655370 62.104850
132.158159 62.607639
132.158159 63.110428
132.660949 63.613218
132.660949 64.116007
132.660949 63.613218
132.660949 64.116007
132.660949 64.618796
133.163738 65.121585
133.163738 65.624375
133.163738 66.127164
133.163738 66.629953
133.163738 67.132743
133.666527 67.635532
133.666527 68.138321
133.666527 68.641110
133.666527 69.143900
133.666527 69.646689
133.163738 70.149478
133.163738 70.652268
133.163738 71.155057
133.163738 71.657846
133.163738 72.160635
132.660949 72.663425
132.660949 73.166214
132.660949 73.669003
132.660949 74.171792
132.158159 74.171792
