119.319223 83.559717
119.710553 83.559717
119.710553 83.951047
119.710553 84.342376
120.101883 84.342376
120.101883 84.733706
120.101883 85.125036
120.493213 85.516365
120.493213 86.299025
120.493213 86.690355
120.101883 87.081684
120.101883 87.473014
119.710553 87.864344
119.319223 88.255673
119.319223 88.647003
118.927894 89.038333
118.536564 89.429663
118.145234 89.429663
118.145234 89.820992
117.753905 90.212322
117.362575 90.603652
117.362575 90.994981
116.971245 91.386311
116.579915 91.386311
116.579915 91.777641
116.188586 92.168971
116.188586 92.560300
115.797256 92.951630
115.405926 93.342960
115.405926 93.734289
115.014597 94.125619
114.623267 94.516949
114.623267 94.908279
114.231937 95.299608
113.840607 95.690938
113.840607 96.082268
113.449278 96.473597
113.449278 96.864927
113.057948 97.256257
113.057948 97.647587
112.666618 98.038916
112.666618 98.430246
112.275289 98.821576
112.275289 99.212906
111.883959 99.604235
111.883959 99.995565
111.492629 100.386895
111.492629 100.778224
111.492629 101.169554
111.101299 101.560884
111.101299 101.952214
110.709970 102.343543
110.709970 102.734873
110.709970 103.126203
110.318640 103.517532
110.318640 103.908862
110.318640 104.300192
109.927310 104.691522
109.927310 105.082851
109.927310 105.474181
109.927310 105.865511
109.535981 106.256840
109.535981 106.648170
109.535981 107.039500
109.535981 107.430830
109.144651 107.822159
109.144651 108.213489
109.144651 108.604819
109.144651 108.996148
109.144651 109.387478
108.753321 109.778808
108.753321 110.170138
108.753321 110.561467
108.753321 110.952797
108.753321 111.344127
108.753321 111.735456
108.753321 112.126786
108.361991 112.518116
108.361991 112.909446
108.361991 113.300775
108.361991 113.692105
108.361991 114.083435
108.361991 114.474765
108.361991 114.866094
108.361991 115.257424
108.361991 115.648754
108.361991 116.040083
108.361991 116.431413
108.361991 116.822743
108.361991 117.214073
108.361991 117.605402
108.361991 117.996732
108.361991 118.388062
108.361991 118.779391
108.361991 119.170721
108.361991 119.562051
108.361991 119.953381
108.361991 120.344710
108.361991 120.736040
108.361991 121.127370
108.361991 121.518699
108.361991 121.910029
108.361991 122.301359
108.361991 122.692689
108.361991 123.084018
108.361991 123.475348
108.361991 123.866678
108.361991 124.258007
108.361991 124.649337
108.361991 125.040667
108.361991 125.431997
108.361991 125.823326
108.753321 126.214656
108.753321 126.605986
108.753321 126.997315
108.753321 127.388645
108.753321 127.779975
108.753321 128.171305
108.753321 128.562634
109.144651 128.953964
109.144651 129.345294
109.144651 129.736623
109.144651 130.127953
109.144651 130.519283
109.144651 130.910613
109.535981 130.910613
109.535981 131.301942
109.535981 131.693272
109.535981 132.084602
109.535981 132.475932
109.927310 132.475932
109.927310 132.867261
109.927310 133.258591
109.927310 133.649921
109.927310 134.041250
110.318640 134.041250
110.318640 134.432580
110.318640 134.823910
110.709970 135.215240
110.709970 135.606569
110.709970 135.997899
111.101299 136.389229
111.101299 136.780558
111.101299 137.171888
110.709970 137.563218
110.709970 137.954548
110.709970 138.345877
110.709970 138.737207
110.709970 139.128537
110.709970 139.519866
110.709970 139.911196
110.709970 140.302526
110.709970 140.693856
110.709970 141.085185
110.709970 141.476515
110.709970 141.867845
110.709970 142.259174
110.709970 142.650504
110.709970 143.041834
110.709970 143.433164
110.709970 143.824493
110.709970 144.215823
110.709970 144.607153
110.709970 145.389812
110.709970 145.781142
110.709970 146.563801
110.318640 147.346461
110.318640 147.737791
110.318640 148.520450
109.927310 148.520450
109.535981 148.129120
109.144651 148.129120
108.753321 148.129120
108.361991 147.737791
107.970662 147.737791
107.579332 147.737791
107.188002 147.346461
106.796673 147.346461
106.405343 147.346461
106.014013 146.955131
105.622683 146.955131
105.231354 146.955131
104.840024 146.563801
104.448694 146.563801
104.057364 146.563801
103.666035 146.172472
103.274705 146.172472
102.883375 146.172472
102.492046 145.781142
101.709386 145.781142
101.318056 145.781142
100.926727 145.389812
100.535397 145.389812
100.144067 144.998482
99.752738 144.998482
99.361408 144.998482
98.970078 144.607153
98.578748 144.607153
98.187419 144.607153
97.796089 144.215823
97.404759 144.215823
97.013430 144.215823
96.622100 143.824493
96.230770 143.824493
95.839440 143.824493
95.448111 143.433164
95.056781 143.433164
94.665451 143.041834
94.274122 143.041834
93.882792 142.650504
93.100132 142.259174
92.708803 142.259174
92.317473 141.867845
91.926143 141.476515
91.143484 141.476515
90.752154 141.085185
90.360824 140.693856
89.578165 140.302526
89.186835 140.302526
88.795505 139.911196
88.404176 139.519866
87.621516 139.128537
87.230187 139.128537
86.838857 138.737207
86.447527 138.345877
85.664868 138.345877
85.273538 137.954548
84.882208 137.563218
84.099549 137.171888
83.708219 137.171888
83.316889 136.780558
82.925560 136.389229
82.142900 136.389229
81.751571 135.997899
81.360241 135.606569
80.968911 135.215240
80.186252 135.215240
79.794922 134.823910
79.403592 134.432580
78.620933 134.432580
78.229603 134.041250
77.838273 133.649921
77.446944 133.258591
77.055614 132.867261
76.664284 132.475932
76.272955 132.084602
75.881625 131.301942
75.490295 130.910613
75.098965 130.519283
74.707636 130.127953
74.316306 129.345294
73.924976 128.953964
73.533647 128.562634
73.142317 128.171305
72.750987 127.779975
72.359657 126.997315
71.968328 126.605986
71.576998 126.214656
71.185668 125.823326
70.794338 125.431997
70.403009 124.649337
70.011679 124.258007
70.011679 123.866678
69.620349 123.475348
69.620349 123.084018
69.620349 122.692689
69.620349 122.301359
69.620349 121.910029
69.620349 121.518699
69.229020 121.127370
69.229020 120.344710
69.229020 119.953381
69.229020 119.562051
69.229020 119.170721
69.229020 118.779391
68.837690 118.388062
68.837690 117.996732
68.837690 117.605402
68.837690 117.214073
68.837690 116.822743
68.837690 116.431413
68.837690 115.648754
68.837690 115.257424
68.837690 114.866094
68.837690 114.474765
68.837690 114.083435
68.837690 113.692105
68.837690 113.300775
68.837690 112.909446
68.837690 112.126786
68.837690 111.735456
68.837690 111.344127
68.837690 110.952797
68.837690 110.561467
68.837690 109.778808
68.837690 109.387478
68.837690 108.996148
68.837690 108.604819
68.837690 108.213489
68.837690 107.822159
68.837690 107.039500
68.837690 106.648170
68.837690 106.256840
69.229020 105.865511
69.229020 105.474181
69.620349 105.082851
70.011679 104.691522
70.011679 103.908862
70.403009 103.517532
70.794338 103.126203
70.794338 102.734873
71.185668 102.343543
71.576998 101.952214
71.576998 101.560884
71.968328 101.169554
71.968328 100.386895
72.359657 99.995565
72.750987 99.604235
72.750987 99.212906
73.142317 98.821576
73.533647 98.430246
73.533647 98.038916
73.924976 97.647587
74.316306 97.256257
74.707636 96.864927
75.098965 96.473597
75.490295 96.473597
75.881625 96.082268
76.272955 95.690938
76.664284 95.299608
77.055614 94.908279
77.446944 94.516949
78.229603 94.125619
78.620933 94.125619
79.012263 93.734289
79.403592 93.342960
79.794922 92.951630
80.186252 92.560300
80.577581 92.168971
80.968911 91.777641
81.360241 91.386311
81.751571 90.994981
82.142900 90.603652
82.925560 90.212322
83.316889 89.820992
83.708219 89.429663
84.099549 89.038333
84.490879 88.647003
84.882208 88.255673
85.273538 87.864344
85.664868 87.473014
86.056197 87.081684
86.447527 86.690355
86.838857 85.907695
87.230187 85.516365
88.012846 85.125036
88.404176 84.733706
88.795505 84.733706
89.186835 84.733706
89.578165 84.342376
89.969495 84.342376
90.360824 84.342376
90.752154 83.951047
91.143484 83.951047
91.926143 83.951047
92.317473 83.559717
92.708803 83.559717
93.100132 83.559717
93.491462 83.168387
93.882792 83.168387
94.274122 82.777057
95.056781 82.777057
95.448111 82.777057
95.839440 82.385728
96.230770 82.385728
96.622100 82.385728
97.013430 81.994398
97.404759 81.994398
97.796089 81.994398
98.187419 81.994398
98.578748 81.994398
98.970078 81.994398
99.752738 81.994398
100.144067 81.994398
100.535397 81.994398
100.926727 81.994398
101.318056 81.994398
101.709386 81.994398
102.100716 81.994398
102.492046 81.603068
102.883375 81.603068
103.274705 81.603068
103.666035 81.603068
104.057364 81.603068
104.448694 81.603068
104.840024 81.603068
105.231354 81.603068
105.622683 81.603068
106.405343 81.603068
106.796673 81.603068
107.188002 81.603068
107.579332 81.603068
107.970662 81.603068
108.361991 81.603068
108.753321 81.603068
109.144651 81.603068
109.535981 81.603068
109.927310 81.603068
110.318640 81.603068
110.709970 81.603068
111.101299 81.603068
111.883959 81.603068
112.275289 81.603068
112.666618 81.603068
113.057948 81.603068
113.449278 81.603068
113.840607 81.603068
114.231937 81.603068
114.623267 81.603068
115.014597 81.603068
115.405926 81.603068
115.797256 81.603068
116.188586 81.603068
116.579915 81.603068
116.971245 81.603068
117.362575 81.603068
117.753905 81.994398
118.145234 81.994398
118.536564 81.994398
118.927894 81.994398
118.927894 82.385728
119.319223 82.385728
119.319223 82.777057
119.319223 83.168387
119.319223 83.559717
