119.751933 95.875086
119.443457 96.183562
119.443457 96.492038
119.134981 96.800514
119.134981 97.108990
118.826505 97.417466
118.826505 97.725942
118.826505 98.034418
118.518029 98.342893
118.518029 98.651369
118.209553 98.959845
118.209553 99.268321
117.901077 99.576797
117.901077 99.885273
117.901077 100.193749
117.592601 100.502225
117.592601 100.810701
117.592601 101.119177
117.284125 101.427653
117.284125 101.736129
116.975650 102.044605
116.975650 102.353080
116.975650 102.661556
116.667174 102.970032
116.667174 103.278508
116.667174 103.586984
116.358698 103.895460
116.358698 104.203936
116.358698 104.512412
116.358698 104.820888
116.050222 105.129364
116.050222 105.437840
116.050222 105.746316
115.741746 106.054792
115.741746 106.363268
115.741746 106.671743
115.741746 106.980219
115.433270 107.288695
115.433270 107.597171
115.433270 107.905647
115.433270 108.214123
115.433270 108.522599
115.124794 108.831075
115.124794 109.139551
115.124794 109.448027
115.124794 109.756503
115.124794 110.064979
114.816318 110.373455
114.816318 110.681930
114.816318 110.990406
114.816318 111.298882
114.816318 111.607358
114.816318 111.915834
114.507842 112.224310
114.507842 112.532786
114.507842 112.841262
114.507842 113.149738
114.507842 113.458214
114.507842 113.766690
114.507842 114.075166
114.507842 114.383642
114.507842 114.692117
114.199366 115.000593
114.199366 115.309069
114.199366 115.617545
114.199366 115.926021
114.199366 116.234497
114.199366 116.542973
114.199366 116.851449
114.199366 117.159925
114.199366 117.468401
114.199366 117.776877
114.199366 118.085353
114.199366 118.393829
114.199366 118.702304
114.199366 119.010780
114.199366 119.319256
114.199366 119.627732
114.199366 119.936208
114.199366 120.244684
114.199366 120.553160
114.199366 120.861636
114.199366 121.170112
114.199366 121.478588
114.199366 121.787064
114.199366 122.095540
114.199366 122.404016
114.199366 122.712491
114.199366 123.020967
114.199366 123.329443
114.199366 123.637919
114.199366 123.946395
114.199366 124.254871
114.199366 124.563347
114.199366 124.871823
114.199366 125.180299
114.199366 125.488775
114.199366 125.797251
114.199366 126.105727
114.199366 126.414203
114.199366 126.722678
114.507842 127.031154
114.507842 127.339630
114.507842 127.648106
114.507842 127.956582
114.507842 128.265058
114.507842 128.573534
114.507842 128.882010
114.507842 129.190486
114.507842 129.498962
114.816318 129.807438
114.816318 130.115914
114.816318 130.424390
114.816318 130.732866
114.816318 131.041341
114.816318 131.349817
114.816318 131.658293
115.124794 131.658293
115.124794 131.966769
115.124794 132.275245
115.124794 132.583721
115.124794 132.892197
115.124794 133.200673
115.433270 133.200673
115.433270 133.509149
115.433270 133.200673
115.433270 133.509149
115.433270 133.817625
115.433270 134.126101
115.433270 134.434577
115.741746 134.743053
115.741746 135.051528
115.741746 135.360004
115.741746 135.668480
115.741746 135.360004
115.741746 135.051528
115.741746 134.743053
115.741746 135.051528
115.741746 135.360004
115.741746 135.051528
115.741746 135.360004
115.741746 135.668480
116.050222 135.976956
116.050222 136.285432
116.050222 136.593908
116.358698 136.902384
116.358698 137.210860
116.358698 137.519336
116.358698 137.827812
116.358698 138.136288
116.667174 138.444764
116.667174 138.753240
116.667174 139.061715
116.975650 139.061715
116.975650 139.370191
116.975650 139.678667
117.284125 139.987143
117.284125 140.295619
117.284125 140.604095
117.284125 140.912571
117.592601 140.912571
117.592601 141.221047
117.592601 141.529523
117.901077 141.529523
117.901077 141.837999
117.901077 142.146475
117.901077 142.454951
118.209553 142.454951
118.209553 142.763427
117.901077 143.071902
117.592601 143.380378
117.284125 143.688854
116.975650 143.997330
116.667174 144.305806
116.358698 144.614282
115.741746 144.614282
115.433270 144.614282
115.124794 144.614282
114.816318 144.614282
114.507842 144.614282
114.199366 144.614282
113.890890 144.614282
113.273938 144.614282
112.965463 144.614282
112.656987 144.614282
112.348511 144.305806
112.040035 144.305806
111.731559 144.305806
111.423083 143.997330
111.114607 143.997330
110.806131 143.997330
110.497655 143.688854
110.189179 143.688854
109.880703 143.380378
109.572227 143.380378
109.263751 143.380378
108.955276 143.071902
108.646800 143.071902
108.338324 143.071902
108.029848 142.763427
107.721372 142.763427
107.412896 142.763427
107.104420 142.454951
106.795944 142.454951
106.487468 142.454951
106.178992 142.146475
105.870516 142.146475
105.562040 141.837999
105.253564 141.837999
104.945089 141.837999
104.636613 141.529523
104.328137 141.529523
104.019661 141.529523
103.711185 141.221047
103.402709 141.221047
103.094233 141.221047
102.785757 140.912571
102.477281 140.912571
102.168805 140.912571
101.860329 140.604095
101.551853 140.604095
101.243377 140.295619
100.934902 140.295619
100.626426 140.295619
100.317950 139.987143
100.009474 139.987143
99.700998 139.987143
99.392522 139.678667
99.084046 139.678667
98.775570 139.678667
98.467094 139.370191
98.158618 139.370191
97.850142 139.370191
97.541666 139.061715
97.233190 138.753240
96.924715 138.444764
96.924715 137.827812
96.616239 137.519336
96.307763 137.210860
95.999287 136.593908
95.690811 136.285432
95.690811 135.976956
95.382335 135.668480
95.073859 135.051528
94.765383 134.743053
94.765383 134.434577
94.456907 133.817625
94.148431 133.509149
93.839955 133.200673
93.531479 132.892197
93.531479 132.275245
93.223003 131.966769
92.914527 131.658293
92.606052 131.041341
92.297576 130.732866
92.297576 130.424390
91.989100 129.807438
91.680624 129.498962
91.372148 129.190486
91.372148 128.882010
91.063672 128.265058
91.063672 127.956582
90.755196 127.648106
90.755196 127.031154
90.446720 126.722678
90.446720 126.105727
90.138244 125.797251
90.138244 125.488775
89.829768 124.871823
89.829768 124.563347
89.521292 124.254871
89.521292 123.637919
89.521292 123.329443
89.212816 123.020967
89.212816 122.404016
88.904340 122.095540
88.904340 121.787064
88.595865 121.170112
88.595865 120.861636
88.287389 120.553160
88.287389 119.936208
87.978913 119.627732
87.978913 119.319256
87.670437 118.702304
87.670437 118.393829
87.361961 118.085353
87.361961 117.468401
87.053485 117.159925
87.053485 116.851449
86.745009 116.234497
86.745009 115.926021
86.436533 115.617545
86.745009 115.000593
86.745009 114.692117
87.053485 114.383642
87.361961 114.075166
87.361961 113.766690
87.670437 113.458214
87.978913 113.149738
88.287389 112.841262
88.287389 112.532786
88.595865 112.224310
88.904340 111.915834
88.904340 111.607358
89.212816 110.990406
89.521292 110.681930
89.521292 110.373455
89.829768 110.064979
90.138244 109.756503
90.446720 109.448027
90.446720 109.139551
90.755196 108.831075
91.063672 108.522599
91.063672 108.214123
91.372148 107.905647
91.680624 107.597171
91.680624 107.288695
91.989100 106.671743
92.297576 106.363268
92.606052 106.054792
92.606052 105.746316
92.914527 105.437840
93.223003 105.129364
93.223003 104.820888
93.531479 104.512412
93.839955 104.203936
94.456907 103.895460
94.765383 103.586984
95.073859 103.278508
95.690811 103.278508
95.999287 102.970032
96.616239 102.661556
96.924715 102.353080
97.233190 102.044605
97.850142 101.736129
98.158618 101.736129
98.775570 101.427653
99.084046 101.119177
99.392522 100.810701
100.009474 100.502225
100.317950 100.193749
100.934902 100.193749
101.243377 99.885273
101.551853 99.576797
102.168805 99.268321
102.477281 98.959845
103.094233 98.959845
103.402709 98.651369
103.711185 98.342893
104.328137 98.034418
104.636613 97.725942
105.253564 97.417466
105.562040 97.417466
105.870516 97.108990
106.487468 96.800514
106.795944 96.492038
107.412896 96.183562
107.721372 95.875086
108.029848 95.875086
108.646800 95.566610
108.955276 95.258134
109.572227 94.949658
109.880703 94.641182
110.189179 94.332706
110.806131 94.332706
111.114607 94.024231
111.423083 93.715755
112.040035 93.407279
112.348511 93.098803
112.965463 93.098803
113.273938 92.790327
113.582414 92.790327
113.890890 92.790327
114.199366 93.098803
114.507842 93.098803
114.816318 93.098803
115.124794 93.098803
115.433270 93.098803
115.741746 93.407279
116.050222 93.407279
116.358698 93.407279
116.667174 93.715755
116.975650 93.715755
117.284125 93.715755
117.592601 93.715755
117.901077 94.024231
118.209553 94.024231
118.518029 94.024231
118.826505 94.024231
119.134981 94.332706
119.443457 94.332706
119.751933 94.641182
120.060409 94.949658
120.060409 95.258134
119.751933 95.566610
119.751933 95.875086
