118.824456 95.633329
118.824456 96.036116
118.824456 96.438903
118.824456 96.841689
118.824456 97.244476
118.824456 97.647263
118.824456 98.050050
118.421669 98.452837
118.421669 98.855624
118.421669 99.258411
118.421669 98.855624
118.421669 98.452837
118.421669 98.855624
118.421669 99.258411
118.421669 98.855624
118.421669 98.452837
118.421669 98.855624
118.421669 99.258411
118.421669 98.855624
118.421669 98.452837
118.421669 98.855624
118.421669 99.258411
118.421669 99.661197
118.421669 99.258411
118.421669 98.855624
118.421669 99.258411
118.421669 99.661197
118.421669 99.258411
118.421669 99.661197
118.421669 99.258411
118.421669 98.855624
118.421669 99.258411
118.421669 99.661197
118.421669 99.258411
118.421669 98.855624
118.421669 99.258411
118.421669 99.661197
118.421669 100.063984
118.421669 100.466771
118.421669 100.869558
118.421669 101.272345
118.421669 101.675132
118.421669 102.077918
118.421669 102.480705
118.421669 102.883492
118.421669 103.286279
118.421669 103.689066
118.421669 104.091853
118.018882 104.494639
118.018882 104.897426
117.616096 105.300213
117.616096 105.703000
117.213309 106.105787
117.213309 106.508574
117.213309 106.911361
116.810522 107.314147
116.810522 107.716934
116.810522 108.119721
116.407735 108.522508
116.407735 108.925295
116.407735 109.328082
116.407735 109.730868
116.407735 110.133655
116.004948 110.536442
116.004948 110.939229
116.004948 111.342016
115.602161 111.744803
115.602161 112.147589
115.602161 112.550376
115.602161 112.953163
115.602161 113.355950
115.199375 113.758737
115.199375 114.161524
115.199375 114.564310
115.199375 114.967097
115.199375 115.369884
115.199375 115.772671
115.199375 116.175458
115.199375 116.578245
115.199375 116.981032
115.199375 117.383818
115.199375 117.786605
115.199375 118.189392
115.199375 118.592179
115.199375 118.994966
115.199375 119.397753
115.199375 119.800539
115.199375 120.203326
115.199375 120.606113
115.199375 121.008900
115.199375 121.411687
115.199375 121.814474
115.199375 122.217260
115.199375 122.620047
115.199375 123.022834
115.199375 123.425621
115.199375 123.828408
115.199375 124.231195
115.199375 124.633982
115.602161 125.036768
115.602161 125.439555
115.602161 125.842342
115.602161 126.245129
115.602161 126.647916
116.004948 127.050703
116.004948 127.453489
116.407735 127.856276
116.407735 128.259063
116.407735 128.661850
116.407735 129.064637
116.407735 129.467424
116.407735 129.870210
116.810522 130.272997
116.810522 130.675784
116.810522 131.078571
117.213309 131.481358
117.213309 131.884145
117.213309 132.286932
117.616096 132.689718
117.616096 133.092505
118.018882 133.495292
118.421669 133.898079
118.421669 134.300866
118.421669 134.703653
118.824456 135.106439
118.824456 135.509226
119.227243 135.912013
119.227243 136.314800
119.227243 136.717587
119.630030 137.120374
120.032817 137.523160
120.435604 137.925947
120.435604 138.328734
120.435604 138.731521
120.838390 139.134308
121.241177 139.537095
121.241177 139.939881
121.643964 140.342668
122.046751 140.745455
121.643964 140.745455
121.241177 140.745455
120.838390 140.745455
120.435604 140.745455
120.032817 140.745455
119.630030 140.745455
119.227243 140.745455
118.824456 140.745455
118.421669 140.745455
118.018882 140.745455
117.616096 140.745455
117.213309 140.745455
116.810522 140.745455
116.407735 140.745455
116.004948 140.745455
115.602161 140.745455
115.199375 140.745455
114.796588 140.745455
114.393801 140.745455
113.991014 140.745455
113.588227 140.745455
113.185440 140.745455
112.782654 140.745455
112.379867 140.745455
111.977080 140.745455
111.574293 140.745455
111.171506 140.745455
110.768719 140.745455
110.365932 140.342668
109.963146 140.342668
109.560359 139.939881
109.157572 139.537095
108.754785 139.537095
108.351998 139.134308
107.949211 139.134308
107.546425 138.731521
107.143638 138.328734
106.740851 137.925947
106.338064 137.925947
105.935277 137.925947
105.532490 137.523160
105.129704 137.120374
104.726917 137.120374
104.324130 136.717587
103.921343 136.314800
103.518556 136.314800
103.115769 135.912013
102.712983 135.912013
102.310196 135.509226
101.907409 135.106439
101.504622 134.703653
101.101835 134.703653
100.699048 134.300866
100.296261 134.300866
99.893475 133.898079
99.490688 133.898079
99.087901 133.495292
98.685114 133.495292
98.282327 133.092505
97.879540 132.689718
97.476754 132.689718
97.073967 132.286932
96.671180 131.884145
96.268393 131.481358
95.865606 131.078571
95.462819 130.675784
95.060033 130.272997
94.657246 129.870210
94.657246 129.467424
94.254459 129.064637
93.851672 128.661850
93.448885 128.259063
93.448885 127.856276
93.046098 127.453489
92.643311 127.050703
92.240525 126.647916
92.240525 126.245129
91.837738 125.842342
91.434951 125.439555
91.032164 125.036768
91.032164 124.633982
90.629377 124.231195
90.226590 123.828408
89.823804 123.425621
89.823804 123.022834
89.421017 122.620047
89.018230 122.217260
88.615443 121.814474
88.615443 121.411687
88.615443 121.008900
88.615443 120.606113
88.615443 120.203326
88.615443 119.800539
88.212656 119.397753
88.212656 118.994966
88.212656 118.592179
88.212656 118.189392
88.212656 117.786605
88.212656 117.383818
88.212656 116.981032
88.212656 116.578245
87.809869 116.175458
87.809869 115.772671
87.809869 115.369884
87.809869 114.967097
87.809869 114.564310
87.809869 114.161524
87.809869 113.758737
87.809869 113.355950
87.809869 112.953163
87.809869 112.550376
87.809869 112.147589
87.809869 111.744803
88.212656 111.342016
88.615443 110.939229
88.615443 110.536442
88.615443 110.133655
89.018230 109.730868
89.421017 109.328082
89.823804 109.328082
90.226590 109.328082
90.629377 108.925295
91.032164 108.522508
91.434951 108.119721
91.837738 108.119721
92.240525 107.716934
92.643311 107.716934
93.046098 107.314147
93.448885 106.911361
93.851672 106.911361
94.254459 106.508574
94.657246 106.105787
95.060033 106.105787
95.462819 105.703000
95.865606 105.703000
96.268393 105.300213
96.671180 104.897426
97.073967 104.494639
97.476754 104.494639
97.879540 104.091853
98.282327 104.091853
98.685114 103.689066
99.087901 103.286279
99.490688 103.286279
99.893475 102.883492
100.296261 102.480705
100.699048 102.480705
101.101835 102.480705
101.504622 102.077918
101.907409 101.675132
102.310196 101.272345
102.712983 100.869558
103.115769 100.466771
103.518556 100.063984
103.921343 99.661197
104.324130 99.258411
104.726917 98.855624
105.129704 98.452837
105.532490 98.050050
105.935277 97.647263
106.338064 97.244476
106.338064 96.841689
106.740851 96.438903
107.143638 96.036116
107.546425 95.633329
107.949211 95.230542
108.351998 95.230542
108.754785 94.827755
109.157572 94.424968
109.560359 94.022182
109.963146 94.022182
110.365932 93.619395
110.768719 93.619395
111.171506 93.216608
111.574293 93.216608
111.977080 92.813821
112.379867 92.813821
112.782654 92.411034
113.185440 92.411034
113.588227 92.008247
113.991014 92.008247
114.393801 92.008247
114.796588 92.008247
115.199375 92.008247
115.602161 92.411034
116.004948 92.411034
116.407735 92.813821
116.810522 93.216608
117.213309 93.216608
117.616096 93.619395
118.018882 94.022182
118.421669 94.022182
118.824456 94.424968
119.227243 94.424968
119.227243 94.827755
119.227243 95.230542
118.824456 95.633329
