127.294927 72.099104
127.294927 73.420563
125.973468 72.099104
124.652010 73.420563
123.330551 73.420563
122.009092 73.420563
122.009092 74.742022
120.687634 74.742022
119.366175 74.742022
119.366175 76.063480
118.044717 76.063480
116.723258 76.063480
116.723258 77.384939
115.401799 77.384939
114.080341 77.384939
114.080341 78.706397
112.758882 78.706397
112.758882 80.027856
111.437424 80.027856
110.115965 81.349315
108.794506 82.670773
107.473048 82.670773
107.473048 83.992232
106.151589 85.313690
106.151589 86.635149
104.830131 87.956608
103.508672 89.278066
103.508672 90.599525
102.187213 91.920983
102.187213 93.242442
100.865755 94.563901
100.865755 95.885359
99.544296 97.206818
99.544296 98.528276
99.544296 99.849735
99.544296 101.171194
98.222837 102.492652
98.222837 103.814111
98.222837 105.135570
98.222837 106.457028
98.222837 107.778487
98.222837 109.099945
98.222837 110.421404
98.222837 111.742863
98.222837 113.064321
99.544296 114.385780
99.544296 115.707238
99.544296 117.028697
99.544296 118.350156
99.544296 119.671614
99.544296 120.993073
99.544296 122.314531
99.544296 123.635990
99.544296 124.957449
99.544296 126.278907
99.544296 127.600366
100.865755 128.921824
100.865755 130.243283
100.865755 131.564742
99.544296 132.886200
98.222837 132.886200
96.901379 132.886200
95.579920 132.886200
94.258462 132.886200
92.937003 132.886200
91.615544 132.886200
90.294086 131.564742
88.972627 131.564742
87.651169 130.243283
86.329710 130.243283
85.008251 128.921824
83.686793 128.921824
82.365334 127.600366
81.043876 127.600366
79.722417 126.278907
78.400958 124.957449
77.079500 124.957449
75.758041 123.635990
74.436583 122.314531
73.115124 120.993073
71.793665 119.671614
71.793665 118.350156
70.472207 117.028697
69.150748 115.707238
69.150748 114.385780
69.150748 113.064321
69.150748 111.742863
69.150748 110.421404
69.150748 109.099945
69.150748 107.778487
69.150748 106.457028
69.150748 105.135570
69.150748 103.814111
70.472207 102.492652
71.793665 101.171194
71.793665 99.849735
73.115124 98.528276
74.436583 97.206818
75.758041 95.885359
75.758041 94.563901
77.079500 93.242442
78.400958 91.920983
79.722417 90.599525
81.043876 89.278066
82.365334 89.278066
83.686793 87.956608
85.008251 86.635149
86.329710 86.635149
87.651169 85.313690
88.972627 83.992232
90.294086 83.992232
91.615544 82.670773
92.937003 81.349315
94.258462 80.027856
95.579920 78.706397
95.579920 76.063480
96.901379 74.742022
98.222837 73.420563
99.544296 73.420563
100.865755 72.099104
102.187213 72.099104
103.508672 70.777646
104.830131 70.777646
106.151589 69.456187
107.473048 69.456187
108.794506 68.134728
110.115965 68.134728
111.437424 66.813270
112.758882 66.813270
114.080341 66.813270
115.401799 66.813270
116.723258 66.813270
118.044717 65.491811
119.366175 65.491811
120.687634 65.491811
122.009092 65.491811
123.330551 65.491811
124.652010 65.491811
125.973468 65.491811
125.973468 66.813270
125.973468 68.134728
125.973468 69.456187
125.973468 70.777646
127.294927 72.099104
