124.213670 92.032735
124.213670 92.384100
124.213670 92.735465
123.862305 93.086830
123.862305 93.438194
123.510941 93.789559
123.510941 94.140924
123.510941 94.492289
123.159576 94.843654
123.159576 95.195018
122.808211 95.546383
122.808211 95.897748
122.808211 96.249113
122.456846 96.600477
122.456846 96.951842
122.456846 97.303207
122.105481 97.654572
122.105481 98.005936
122.105481 98.357301
121.754117 98.708666
121.754117 99.060031
121.754117 99.411395
121.402752 99.762760
121.402752 100.114125
121.402752 100.465490
121.402752 100.816855
121.051387 101.168219
121.051387 101.519584
121.051387 101.870949
121.051387 102.222314
121.051387 102.573678
120.700022 102.925043
120.700022 103.276408
120.700022 103.627773
120.700022 103.979137
120.700022 104.330502
120.700022 104.681867
120.348658 105.033232
120.348658 105.384597
120.348658 105.735961
120.348658 106.087326
120.348658 106.438691
120.348658 106.790056
120.348658 107.141420
120.348658 107.492785
120.348658 107.844150
120.348658 108.195515
120.348658 108.546879
119.997293 108.898244
119.997293 109.249609
119.997293 109.600974
119.997293 109.952338
119.645928 110.303703
119.645928 110.655068
119.645928 111.006433
119.645928 111.357798
119.645928 111.709162
119.294563 112.060527
119.294563 112.411892
119.294563 112.763257
119.294563 113.114621
119.294563 113.465986
119.294563 113.817351
118.943199 114.168716
118.943199 114.520080
118.943199 114.871445
118.943199 115.222810
118.943199 115.574175
118.943199 115.925539
118.943199 116.276904
118.943199 116.628269
118.943199 116.979634
118.943199 117.330999
118.943199 117.682363
118.943199 118.033728
118.943199 118.385093
118.943199 118.736458
118.943199 119.087822
118.943199 119.439187
118.943199 119.790552
118.943199 120.141917
118.943199 120.493281
118.943199 120.844646
118.943199 121.196011
118.943199 121.547376
118.943199 121.898741
118.943199 122.250105
118.943199 122.601470
118.943199 122.952835
118.943199 123.304200
118.943199 123.655564
118.943199 124.006929
118.943199 124.358294
118.943199 124.709659
118.943199 125.061023
119.294563 125.061023
119.294563 125.412388
119.294563 125.763753
119.294563 126.115118
119.294563 126.466482
119.294563 126.817847
119.294563 127.169212
119.645928 127.169212
119.645928 127.520577
119.645928 127.871942
119.645928 128.223306
119.645928 128.574671
119.645928 128.926036
119.997293 128.926036
119.997293 129.277401
119.997293 129.628765
119.997293 129.980130
120.348658 130.331495
120.348658 130.682860
120.348658 131.034224
120.348658 131.385589
120.700022 131.385589
120.700022 131.736954
120.700022 132.088319
120.700022 132.439684
121.051387 132.439684
121.051387 132.791048
121.051387 133.142413
121.051387 133.493778
121.402752 133.493778
121.402752 133.845143
121.402752 134.196507
121.402752 134.547872
121.754117 134.547872
121.754117 134.899237
121.754117 135.250602
122.105481 135.250602
122.105481 135.601966
122.105481 135.953331
122.105481 135.601966
122.105481 135.953331
122.456846 136.304696
122.456846 136.656061
122.456846 137.007425
122.808211 137.007425
122.808211 137.358790
122.808211 137.710155
123.159576 137.710155
123.159576 138.061520
123.159576 138.412885
123.510941 138.412885
123.862305 138.764249
123.862305 139.115614
124.213670 139.466979
124.213670 139.818344
124.565035 140.169708
124.565035 140.521073
124.916400 140.872438
124.916400 141.223803
124.916400 141.575167
124.916400 141.926532
124.916400 142.277897
124.916400 142.629262
124.916400 142.980626
124.916400 143.331991
124.916400 143.683356
124.916400 144.034721
124.916400 144.386086
124.916400 144.737450
124.916400 145.088815
124.565035 145.088815
124.213670 145.440180
123.862305 145.440180
123.510941 145.440180
123.159576 145.440180
122.808211 145.440180
122.456846 145.440180
122.105481 145.440180
121.754117 145.440180
121.402752 145.791545
121.051387 145.791545
120.700022 145.791545
120.348658 145.791545
119.997293 145.791545
119.645928 145.791545
119.294563 145.791545
118.943199 145.791545
118.591834 145.791545
118.240469 145.791545
117.889104 146.142909
117.537739 146.142909
117.186375 146.142909
116.835010 146.142909
116.483645 146.142909
116.132280 146.142909
115.780916 146.142909
115.429551 146.142909
115.078186 146.494274
114.726821 146.494274
114.375457 146.494274
114.024092 146.142909
113.672727 145.791545
113.321362 145.440180
112.969998 145.088815
112.618633 144.737450
112.267268 144.386086
111.915903 144.386086
111.564538 144.034721
111.213174 144.034721
110.861809 143.683356
110.510444 143.683356
110.159079 143.331991
109.807715 143.331991
109.456350 143.331991
109.104985 142.980626
108.753620 142.629262
108.402256 142.629262
108.050891 142.629262
107.699526 142.277897
107.348161 142.277897
106.996797 141.926532
106.645432 141.926532
106.294067 141.575167
105.942702 141.575167
105.591337 141.223803
105.239973 140.872438
104.888608 140.872438
104.537243 140.872438
104.185878 140.521073
103.834514 140.521073
103.483149 140.169708
103.131784 139.818344
102.780419 139.818344
102.429055 139.818344
102.077690 139.466979
101.726325 139.115614
101.374960 139.115614
101.023595 138.764249
100.672231 138.764249
100.320866 138.412885
99.969501 138.412885
99.618136 138.061520
99.266772 138.061520
98.915407 138.061520
98.564042 137.710155
98.212677 137.358790
97.861313 137.358790
97.509948 137.358790
97.158583 137.007425
96.807218 137.007425
96.455854 136.656061
96.104489 136.304696
95.753124 136.304696
95.401759 136.304696
95.050394 135.953331
94.699030 135.953331
94.347665 135.601966
93.996300 135.250602
93.644935 135.250602
93.293571 135.250602
92.942206 134.899237
92.590841 134.547872
92.239476 134.547872
91.888112 134.196507
91.536747 134.196507
91.185382 133.845143
91.185382 133.493778
91.185382 133.142413
90.834017 132.791048
90.834017 132.439684
90.482653 132.088319
90.482653 131.736954
90.131288 131.385589
90.131288 131.034224
89.779923 130.682860
89.779923 130.331495
89.428558 129.980130
89.428558 129.628765
89.077193 129.277401
89.077193 128.926036
88.725829 128.574671
88.725829 128.223306
88.374464 127.871942
88.374464 127.520577
88.374464 127.169212
88.023099 126.817847
88.023099 126.466482
88.023099 126.115118
87.671734 125.763753
87.671734 125.412388
87.320370 125.061023
87.320370 124.709659
86.969005 124.358294
86.969005 124.006929
86.617640 123.655564
86.617640 123.304200
86.266275 122.952835
86.266275 122.601470
86.266275 122.250105
86.266275 121.898741
85.914911 121.547376
85.914911 121.196011
85.563546 120.844646
85.563546 120.493281
85.563546 120.141917
85.563546 119.790552
85.212181 119.439187
85.212181 119.087822
85.212181 118.736458
84.860816 118.385093
84.860816 118.033728
84.860816 117.682363
84.509451 117.330999
84.509451 116.979634
84.509451 116.628269
84.158087 116.276904
84.158087 115.925539
84.158087 115.574175
83.806722 115.222810
83.806722 114.871445
83.455357 114.520080
83.455357 114.168716
83.455357 113.817351
83.455357 113.465986
83.103992 113.114621
83.103992 112.763257
83.455357 112.411892
83.806722 112.060527
83.806722 111.709162
84.158087 111.357798
84.509451 111.006433
84.509451 110.655068
84.509451 110.303703
84.860816 109.952338
85.212181 109.600974
85.212181 109.249609
85.563546 108.898244
85.914911 108.546879
85.914911 108.195515
86.266275 107.844150
86.617640 107.492785
86.617640 107.141420
86.969005 106.790056
87.320370 106.438691
87.320370 106.087326
87.671734 105.735961
88.023099 105.384597
88.023099 105.033232
88.374464 104.681867
88.374464 104.330502
88.725829 103.979137
89.077193 103.627773
89.428558 103.627773
89.779923 103.627773
90.131288 103.276408
90.482653 102.925043
90.834017 102.573678
91.185382 102.222314
91.536747 101.870949
91.888112 101.519584
92.590841 101.519584
92.942206 101.168219
93.293571 100.816855
93.644935 100.114125
93.996300 99.762760
94.347665 99.411395
94.699030 99.411395
95.050394 99.060031
95.401759 98.708666
95.753124 98.357301
96.104489 98.357301
96.455854 98.005936
96.807218 97.654572
97.158583 97.303207
97.509948 97.303207
97.861313 96.951842
98.212677 96.600477
98.564042 96.249113
98.915407 96.249113
99.266772 95.897748
99.618136 95.546383
99.969501 95.546383
100.320866 95.546383
100.672231 95.195018
101.023595 95.195018
101.374960 94.843654
101.726325 94.843654
102.077690 94.492289
102.429055 94.492289
102.780419 94.140924
103.131784 94.140924
103.483149 93.789559
103.834514 93.789559
104.185878 93.438194
104.537243 93.086830
104.888608 93.086830
105.239973 92.735465
105.591337 92.735465
105.942702 92.384100
106.294067 92.032735
106.645432 92.032735
106.996797 91.681371
107.348161 91.681371
107.699526 91.681371
108.050891 91.330006
108.402256 91.330006
108.753620 91.330006
109.104985 90.978641
109.456350 90.978641
109.807715 90.978641
110.159079 90.978641
110.510444 90.627276
110.861809 90.627276
111.213174 90.627276
111.564538 90.627276
111.915903 90.275912
112.267268 90.275912
112.618633 90.275912
112.969998 89.924547
113.321362 89.924547
113.672727 89.924547
114.024092 89.924547
114.375457 89.924547
114.726821 89.924547
115.078186 89.573182
115.429551 89.573182
115.780916 89.573182
116.132280 89.573182
116.483645 89.221817
116.835010 89.221817
117.186375 89.221817
117.537739 89.221817
117.889104 88.870453
118.240469 88.870453
118.591834 88.870453
118.943199 88.870453
119.294563 89.221817
119.645928 89.221817
119.997293 89.221817
120.348658 89.221817
120.700022 89.221817
121.051387 89.221817
121.402752 89.221817
121.754117 89.221817
122.105481 89.221817
122.456846 89.573182
122.808211 89.573182
123.159576 89.924547
123.159576 90.275912
123.510941 90.627276
123.510941 90.978641
123.862305 91.330006
123.862305 91.681371
123.862305 92.032735
124.213670 92.032735
