132.445176 80.186472
131.884841 80.746807
131.324506 80.746807
130.764170 80.746807
130.203835 81.307143
129.643500 81.307143
129.083164 81.867478
128.522829 81.867478
127.962494 82.427813
127.402159 82.988148
126.841823 82.988148
126.281488 82.988148
126.281488 83.548484
125.721153 83.548484
125.160817 84.108819
124.600482 84.108819
124.600482 84.669154
124.040147 84.669154
124.040147 85.229490
123.479811 85.229490
122.919476 85.789825
122.359141 85.789825
122.359141 86.350160
121.798806 86.350160
121.798806 86.910496
121.238470 87.470831
120.678135 88.031166
120.117800 88.591501
119.557464 89.151837
118.997129 89.712172
118.436794 90.272507
117.876458 90.832843
117.316123 91.393178
117.316123 91.953513
116.755788 92.513849
116.195453 93.074184
115.635117 93.634519
115.635117 94.194854
115.074782 94.755190
115.074782 95.315525
114.514447 95.875860
113.954111 96.436196
113.954111 96.996531
113.393776 97.556866
113.393776 98.117202
112.833441 98.677537
112.833441 99.237872
112.273105 99.798207
112.273105 100.358543
112.273105 100.918878
111.712770 101.479213
111.712770 102.039549
111.152435 102.599884
111.152435 103.160219
111.152435 103.720555
111.152435 104.280890
110.592100 104.841225
110.592100 105.401560
110.592100 105.961896
110.592100 106.522231
110.031764 107.082566
110.031764 107.642902
110.031764 108.203237
110.031764 108.763572
110.031764 109.323908
110.031764 109.884243
110.031764 110.444578
110.031764 111.004913
110.031764 111.565249
109.471429 112.125584
109.471429 112.685919
109.471429 113.246255
108.911094 113.806590
108.911094 114.366925
108.350758 114.927261
108.350758 115.487596
108.350758 116.047931
108.350758 116.608266
107.790423 117.168602
107.790423 117.728937
107.790423 118.289272
107.790423 118.849608
107.230088 119.409943
107.230088 119.970278
107.230088 120.530614
107.230088 121.090949
107.230088 121.651284
107.230088 122.211619
107.230088 122.771955
107.230088 123.332290
107.230088 123.892625
107.230088 124.452961
107.230088 125.013296
107.230088 125.573631
107.230088 126.133967
107.230088 126.694302
107.230088 127.254637
107.230088 127.814972
107.230088 128.375308
107.230088 128.935643
107.230088 129.495978
107.230088 130.056314
107.230088 130.616649
107.230088 131.176984
107.790423 131.737320
107.790423 132.297655
107.790423 132.857990
107.790423 133.418325
107.790423 133.978661
108.350758 133.978661
108.350758 134.538996
108.350758 135.099331
108.350758 135.659667
108.911094 136.220002
108.911094 136.780337
108.911094 137.340673
108.911094 137.901008
108.911094 138.461343
108.350758 139.021678
108.350758 139.582014
107.790423 140.142349
107.790423 141.263020
107.230088 141.823355
107.230088 142.383690
106.669752 142.944026
106.109417 142.944026
105.549082 143.504361
104.988747 143.504361
104.428411 143.504361
103.868076 144.064696
103.307741 144.064696
102.747405 144.064696
102.187070 144.625031
101.626735 144.625031
100.506064 144.625031
99.945729 145.185367
99.385394 145.185367
98.825058 145.185367
98.264723 144.625031
97.144052 144.625031
96.583717 144.064696
96.023382 144.064696
94.902711 144.064696
94.342376 143.504361
93.782041 143.504361
93.221705 142.944026
92.101035 142.944026
91.540699 142.944026
90.980364 142.383690
90.420029 142.383690
89.299358 141.823355
88.739023 141.823355
88.178688 141.823355
87.058017 141.263020
86.497682 141.263020
85.937346 140.702684
85.377011 140.702684
84.256340 140.142349
83.696005 140.142349
83.135670 140.142349
82.575335 139.582014
81.454664 139.582014
80.894329 139.021678
80.333993 139.021678
79.213323 139.021678
78.652987 138.461343
78.092652 138.461343
77.532317 137.901008
76.411646 137.901008
75.851311 137.340673
75.290976 137.340673
74.730640 137.340673
74.170305 136.780337
73.609970 136.220002
73.049634 136.220002
72.489299 135.659667
71.928964 135.659667
71.368629 135.099331
70.247958 135.099331
69.687623 134.538996
69.127287 134.538996
68.566952 133.978661
68.006617 133.418325
67.446281 133.418325
66.885946 132.857990
66.325611 132.857990
65.765276 132.297655
65.204940 132.297655
64.644605 131.737320
64.084270 131.737320
63.523934 131.176984
62.963599 130.616649
62.403264 130.616649
61.282593 130.056314
60.722258 130.056314
60.161923 129.495978
60.161923 128.935643
59.601587 128.375308
59.041252 127.814972
59.041252 127.254637
58.480917 126.694302
57.920581 126.133967
57.360246 125.573631
57.360246 125.013296
56.799911 124.452961
56.239575 123.892625
56.239575 123.332290
55.679240 122.771955
55.118905 121.651284
55.118905 121.090949
54.558570 120.530614
54.558570 119.970278
54.558570 119.409943
53.998234 118.849608
53.998234 117.728937
53.998234 117.168602
53.437899 116.608266
53.437899 116.047931
53.437899 115.487596
52.877564 114.927261
52.877564 113.806590
52.877564 113.246255
52.317228 112.685919
52.317228 112.125584
51.756893 111.565249
51.756893 110.444578
51.756893 109.884243
51.196558 109.323908
51.196558 108.763572
51.196558 108.203237
51.196558 107.642902
51.756893 107.082566
51.756893 105.961896
52.317228 105.401560
52.317228 104.841225
52.877564 104.280890
52.877564 103.720555
53.437899 103.160219
53.437899 102.599884
53.998234 102.039549
53.998234 101.479213
54.558570 100.918878
54.558570 100.358543
55.118905 99.798207
55.118905 99.237872
55.679240 98.677537
55.679240 98.117202
55.679240 96.996531
56.239575 96.436196
56.239575 95.875860
56.799911 95.315525
56.799911 94.755190
57.360246 94.194854
57.360246 93.634519
57.920581 93.074184
58.480917 92.513849
59.041252 91.953513
60.161923 90.832843
60.722258 90.272507
61.282593 89.712172
61.842928 89.151837
62.963599 88.031166
63.523934 87.470831
64.084270 86.910496
64.644605 86.350160
65.204940 85.229490
66.325611 84.669154
66.885946 84.108819
67.446281 83.548484
68.006617 82.988148
69.127287 81.867478
69.687623 81.307143
70.247958 80.746807
70.808293 80.186472
71.928964 79.065801
72.489299 78.505466
73.049634 77.945131
73.609970 77.384795
74.170305 76.824460
74.730640 76.264125
75.290976 75.703790
76.411646 75.143454
76.971982 74.583119
77.532317 74.022784
78.092652 73.462448
78.652987 72.902113
79.213323 72.341778
80.333993 71.221107
80.894329 70.660772
81.454664 70.100437
82.014999 69.540101
82.575335 68.979766
83.135670 68.419431
83.696005 67.859095
84.816676 67.298760
85.377011 66.738425
85.937346 66.178089
86.497682 65.617754
87.058017 65.057419
87.618352 64.497084
88.178688 63.936748
88.739023 63.376413
89.859693 62.816078
90.420029 62.255742
90.980364 62.255742
91.540699 61.695407
92.101035 61.135072
92.661370 60.574736
93.221705 60.014401
94.342376 59.454066
94.902711 59.454066
95.463046 58.893731
96.023382 58.333395
96.583717 57.773060
97.144052 57.212725
97.704388 56.652389
98.264723 56.652389
99.385394 56.092054
99.945729 55.531719
100.506064 54.971383
101.066399 54.971383
101.626735 54.411048
102.187070 54.411048
102.747405 54.411048
103.307741 53.850713
103.868076 53.850713
104.428411 53.290378
105.549082 53.290378
106.109417 53.290378
106.669752 52.730042
107.230088 52.730042
107.790423 52.169707
108.350758 52.169707
108.911094 52.169707
109.471429 51.609372
110.031764 51.609372
110.592100 51.049036
111.152435 51.049036
111.712770 51.049036
112.833441 50.488701
113.393776 50.488701
113.954111 50.488701
114.514447 51.049036
115.074782 51.049036
115.635117 51.049036
116.755788 51.049036
117.316123 51.049036
117.876458 51.049036
118.436794 51.049036
118.997129 51.049036
119.557464 51.049036
120.117800 51.049036
121.238470 51.049036
121.798806 51.049036
122.359141 51.049036
122.919476 51.609372
123.479811 51.609372
124.040147 51.609372
124.600482 51.609372
125.721153 51.609372
126.281488 51.609372
126.841823 51.609372
127.402159 51.609372
127.962494 51.609372
128.522829 52.169707
129.083164 52.730042
129.643500 53.290378
130.764170 53.850713
131.324506 54.411048
131.884841 54.971383
132.445176 55.531719
133.005512 56.092054
133.565847 56.652389
134.126182 57.212725
134.686517 58.333395
135.246853 58.893731
136.367523 59.454066
136.367523 60.014401
136.367523 60.574736
136.367523 61.135072
136.367523 61.695407
136.927859 62.255742
136.927859 62.816078
136.927859 63.376413
136.927859 63.936748
136.927859 64.497084
136.927859 65.057419
136.927859 65.617754
137.488194 66.178089
137.488194 66.738425
137.488194 67.298760
137.488194 67.859095
137.488194 68.419431
137.488194 68.979766
137.488194 69.540101
137.488194 70.100437
137.488194 70.660772
137.488194 71.221107
137.488194 71.781442
137.488194 72.341778
137.488194 72.902113
137.488194 73.462448
137.488194 74.022784
137.488194 74.583119
136.927859 75.143454
136.927859 75.703790
136.927859 76.264125
136.367523 76.824460
136.367523 77.384795
135.807188 77.945131
135.246853 78.505466
134.686517 79.065801
134.686517 79.626137
134.126182 79.626137
133.565847 79.626137
133.005512 80.186472
132.445176 80.186472
