115.154922 75.937291
114.434154 76.658058
113.713386 77.378826
113.713386 78.099594
112.992618 78.820362
112.271850 79.541130
111.551082 80.261898
110.830315 80.982665
110.830315 81.703433
110.830315 80.982665
110.830315 81.703433
110.830315 80.982665
110.830315 81.703433
110.109547 82.424201
109.388779 83.144969
108.668011 83.865737
108.668011 84.586504
107.947243 85.307272
107.947243 86.028040
107.226476 86.748808
106.505708 87.469576
106.505708 88.190344
105.784940 88.911111
105.784940 89.631879
105.064172 90.352647
105.064172 91.073415
104.343404 91.794183
104.343404 92.514950
104.343404 93.235718
103.622636 93.956486
103.622636 94.677254
103.622636 95.398022
103.622636 94.677254
103.622636 93.956486
103.622636 94.677254
103.622636 95.398022
102.901869 96.118790
102.901869 96.839557
102.901869 97.560325
102.181101 98.281093
102.181101 99.001861
102.181101 99.722629
102.181101 100.443397
101.460333 101.164164
101.460333 101.884932
101.460333 102.605700
101.460333 103.326468
101.460333 104.047236
100.739565 104.768003
100.739565 105.488771
100.739565 106.209539
100.739565 106.930307
100.739565 107.651075
100.739565 108.371843
100.739565 109.092610
100.739565 109.813378
100.739565 110.534146
100.739565 111.254914
100.739565 111.975682
100.739565 112.696449
100.739565 113.417217
100.739565 114.137985
100.739565 114.858753
100.739565 115.579521
100.739565 116.300289
100.739565 117.021056
100.739565 117.741824
100.739565 118.462592
100.739565 119.183360
100.739565 119.904128
101.460333 119.904128
101.460333 120.624896
101.460333 121.345663
101.460333 122.066431
101.460333 122.787199
101.460333 123.507967
102.181101 123.507967
102.181101 124.228735
102.181101 124.949502
102.181101 125.670270
101.460333 125.670270
100.739565 125.670270
100.018797 125.670270
99.298030 125.670270
98.577262 125.670270
97.856494 125.670270
97.135726 125.670270
96.414958 125.670270
95.694190 124.949502
94.973423 124.949502
94.252655 124.228735
93.531887 124.228735
92.811119 123.507967
92.090351 123.507967
91.369584 123.507967
90.648816 122.787199
89.928048 122.787199
89.207280 122.066431
88.486512 122.066431
87.765744 121.345663
87.044977 121.345663
86.324209 121.345663
85.603441 120.624896
85.603441 119.904128
84.882673 119.183360
84.882673 118.462592
84.161905 117.741824
84.161905 117.021056
83.441137 116.300289
83.441137 115.579521
82.720370 114.858753
82.720370 114.137985
82.720370 113.417217
81.999602 112.696449
82.720370 111.975682
82.720370 111.254914
82.720370 110.534146
83.441137 109.813378
83.441137 109.092610
84.161905 108.371843
84.161905 107.651075
84.882673 106.930307
84.882673 106.209539
84.882673 105.488771
85.603441 104.768003
85.603441 104.047236
86.324209 103.326468
86.324209 102.605700
86.324209 101.884932
87.044977 101.164164
87.044977 100.443397
87.765744 99.722629
87.765744 99.001861
88.486512 98.281093
88.486512 97.560325
88.486512 96.839557
89.207280 96.118790
89.207280 95.398022
89.928048 94.677254
89.928048 93.956486
89.928048 93.235718
90.648816 92.514950
90.648816 91.794183
91.369584 91.073415
91.369584 90.352647
92.090351 89.631879
92.811119 88.911111
93.531887 88.190344
94.252655 87.469576
94.973423 86.748808
95.694190 86.028040
96.414958 85.307272
97.135726 84.586504
97.856494 83.865737
98.577262 83.144969
99.298030 83.144969
100.018797 82.424201
100.739565 81.703433
101.460333 80.982665
102.181101 80.261898
102.901869 79.541130
103.622636 79.541130
104.343404 79.541130
105.064172 78.820362
105.784940 78.820362
106.505708 78.099594
107.226476 78.099594
107.947243 77.378826
108.668011 77.378826
109.388779 76.658058
110.109547 76.658058
110.830315 75.937291
111.551082 75.937291
112.271850 75.216523
112.992618 75.216523
113.713386 75.216523
114.434154 75.216523
115.154922 75.216523
115.875689 75.216523
115.154922 75.937291
