104.071452 84.242816
104.521254 84.692618
104.971057 84.692618
105.420859 84.692618
105.870661 85.142420
106.320463 85.142420
106.770265 85.142420
106.770265 85.592222
106.770265 86.042024
106.770265 86.491827
106.770265 86.941629
106.320463 87.391431
106.320463 87.841233
106.320463 88.291035
106.320463 88.740837
106.320463 89.190640
105.870661 89.640442
105.870661 90.090244
105.870661 90.540046
105.870661 90.989848
105.870661 91.439650
105.870661 91.889453
105.870661 92.339255
105.420859 92.789057
105.420859 93.238859
105.420859 93.688661
105.420859 94.138463
105.420859 94.588266
105.420859 95.038068
105.420859 95.487870
105.420859 95.937672
105.420859 96.387474
105.420859 96.837276
105.420859 97.287079
105.420859 97.736881
105.420859 98.186683
105.420859 98.636485
105.420859 99.086287
105.420859 99.536089
105.420859 99.985892
105.420859 100.435694
105.420859 100.885496
105.420859 100.435694
105.420859 100.885496
105.420859 101.335298
105.870661 101.335298
105.870661 101.785100
105.870661 102.234902
105.870661 102.684704
105.870661 103.134507
105.870661 103.584309
105.870661 104.034111
106.320463 104.483913
106.320463 104.933715
106.320463 105.383517
106.320463 105.833320
106.320463 106.283122
106.320463 106.732924
106.770265 106.732924
106.770265 107.182726
106.770265 107.632528
106.770265 108.082330
106.770265 108.532133
107.220067 108.532133
107.220067 108.981935
107.220067 109.431737
107.669869 109.881539
107.669869 110.331341
107.669869 110.781143
107.669869 111.230946
108.119672 111.230946
108.119672 111.680748
108.119672 112.130550
108.569474 112.130550
108.569474 112.580352
109.019276 113.030154
109.019276 113.479956
109.019276 113.929759
109.469078 114.379561
109.469078 114.829363
109.918880 115.279165
110.368682 115.728967
110.368682 116.178769
110.818485 116.628571
110.818485 117.078374
110.818485 117.528176
111.268287 117.528176
111.268287 117.977978
111.718089 118.427780
112.167891 118.877582
112.167891 119.327384
112.617693 119.327384
112.617693 119.777187
113.067495 120.226989
113.517298 120.676791
113.517298 121.126593
113.967100 121.576395
114.416902 122.026197
114.416902 122.476000
114.866704 122.476000
115.316506 122.925802
115.766308 123.375604
116.216111 123.825406
116.665913 124.275208
117.115715 124.725010
117.115715 125.174813
117.565517 125.174813
118.015319 125.624615
118.465121 126.074417
118.914924 126.524219
119.364726 126.974021
119.814528 127.423823
119.814528 127.873626
120.264330 128.323428
120.264330 128.773230
120.714132 129.223032
121.163934 129.672834
121.163934 130.122636
121.163934 130.572439
121.613737 130.572439
121.613737 131.022241
122.063539 131.022241
122.063539 131.472043
122.513341 131.921845
122.963143 132.371647
122.963143 132.821449
122.963143 133.271251
123.412945 133.271251
123.862747 133.721054
124.312549 134.170856
124.312549 134.620658
124.762352 134.620658
124.762352 135.070460
124.762352 135.520262
125.212154 135.520262
125.661956 135.970064
125.661956 136.419867
126.111758 136.419867
126.561560 136.869669
127.011362 137.319471
127.011362 137.769273
127.461165 137.769273
127.910967 138.219075
128.360769 138.668877
128.810571 139.118680
129.260373 139.568482
129.710175 140.018284
130.159978 140.018284
130.609780 140.468086
131.059582 140.917888
131.509384 141.367690
131.959186 141.817493
132.408988 141.817493
132.858791 142.267295
133.308593 142.717097
133.758395 142.717097
134.208197 143.166899
134.657999 143.616701
135.107801 143.616701
135.557604 144.066503
136.007406 144.516306
136.457208 144.516306
136.907010 144.966108
137.356812 144.966108
137.806614 145.415910
138.256416 145.865712
138.706219 145.865712
139.156021 146.315514
139.605823 146.315514
140.055625 146.765316
140.505427 146.765316
140.955229 146.765316
141.405032 147.215119
141.854834 148.114723
141.405032 148.564525
140.955229 149.014327
140.955229 149.464129
140.505427 149.913931
140.055625 150.363734
139.605823 150.813536
139.156021 151.263338
139.156021 152.162942
138.706219 152.612744
138.256416 153.062547
137.806614 153.512349
137.356812 153.512349
136.907010 153.962151
136.457208 154.411953
136.007406 154.411953
135.107801 154.861755
134.657999 155.311557
134.208197 155.311557
133.758395 155.761360
132.858791 155.761360
132.408988 156.211162
131.959186 156.660964
131.509384 156.660964
130.609780 157.110766
130.159978 157.110766
129.710175 157.560568
129.260373 158.010370
128.810571 158.010370
127.910967 158.460173
127.461165 158.460173
127.011362 158.909975
126.561560 158.909975
126.111758 159.359777
125.661956 159.359777
125.212154 159.359777
124.762352 159.359777
124.312549 159.359777
123.862747 159.809579
123.412945 159.809579
122.963143 160.259381
122.513341 160.259381
121.613737 160.709183
121.163934 160.709183
120.714132 160.709183
120.264330 161.158986
119.814528 161.158986
118.914924 161.158986
118.465121 161.158986
118.015319 161.608788
117.565517 161.608788
117.115715 161.608788
116.665913 161.608788
115.766308 161.608788
115.316506 162.058590
114.866704 162.058590
114.416902 162.058590
113.967100 162.058590
113.517298 162.508392
112.617693 162.508392
112.167891 162.508392
111.718089 162.958194
111.268287 162.958194
110.818485 163.407996
110.368682 163.407996
109.918880 163.857798
109.469078 163.857798
108.569474 164.307601
108.119672 164.307601
107.669869 164.757403
107.220067 165.207205
106.770265 165.207205
106.320463 165.657007
105.870661 165.657007
105.420859 165.657007
104.971057 165.657007
104.521254 166.106809
104.071452 166.106809
103.621650 166.106809
103.171848 166.106809
102.722046 166.106809
101.822441 166.106809
101.372639 166.106809
100.922837 166.106809
100.473035 166.106809
100.023233 166.106809
99.573431 166.106809
99.123628 166.106809
98.673826 165.657007
97.774222 165.657007
97.324420 165.657007
96.874618 165.657007
96.424815 165.657007
95.975013 165.657007
95.525211 165.207205
95.075409 165.207205
94.625607 164.757403
94.175805 164.307601
93.726002 163.857798
93.276200 163.407996
92.826398 162.958194
92.826398 162.508392
92.376596 162.058590
91.926794 161.608788
91.926794 161.158986
91.476992 160.709183
91.027189 159.809579
91.027189 159.359777
90.577387 158.909975
90.577387 158.460173
90.577387 158.010370
90.127585 157.560568
90.127585 157.110766
90.127585 156.660964
89.677783 156.211162
89.677783 155.761360
89.677783 154.861755
89.227981 154.411953
89.227981 153.962151
89.227981 153.512349
88.778179 153.062547
88.778179 152.612744
88.778179 152.162942
88.328377 151.713140
88.328377 151.263338
88.328377 150.813536
87.878574 150.363734
87.878574 149.913931
87.878574 149.464129
87.428772 149.014327
87.428772 148.564525
87.428772 147.664921
86.978970 147.215119
86.978970 146.765316
86.978970 146.315514
86.529168 145.865712
86.529168 145.415910
86.529168 144.966108
86.079366 144.516306
86.079366 144.066503
86.079366 143.616701
86.079366 142.717097
85.629564 142.267295
85.629564 141.367690
85.629564 140.917888
85.629564 140.018284
85.629564 139.568482
85.629564 138.668877
85.629564 138.219075
85.179761 137.769273
85.179761 136.869669
85.179761 136.419867
85.179761 135.520262
85.179761 135.070460
85.179761 134.170856
84.729959 133.721054
84.729959 132.821449
84.729959 132.371647
84.729959 131.472043
84.729959 131.022241
84.729959 130.122636
84.729959 129.672834
84.280157 128.773230
84.280157 128.323428
84.280157 127.423823
84.280157 126.974021
84.280157 126.074417
84.280157 125.624615
84.280157 125.174813
83.830355 124.275208
83.830355 123.825406
83.830355 122.925802
83.830355 122.476000
83.830355 121.576395
83.830355 121.126593
83.830355 120.676791
84.280157 119.777187
84.280157 119.327384
84.729959 118.877582
84.729959 118.427780
84.729959 117.528176
85.179761 117.078374
85.179761 116.628571
85.629564 116.178769
85.629564 115.279165
85.629564 114.829363
86.079366 114.379561
86.079366 113.929759
86.529168 113.030154
86.529168 112.580352
86.978970 112.130550
86.978970 111.230946
86.978970 110.781143
87.428772 110.331341
87.428772 109.881539
87.878574 108.981935
87.878574 108.532133
87.878574 108.082330
88.328377 107.632528
88.328377 106.732924
88.778179 106.283122
88.778179 105.833320
88.778179 105.383517
89.227981 104.483913
89.227981 104.034111
89.677783 103.584309
89.677783 103.134507
89.677783 102.234902
90.127585 101.785100
90.127585 101.335298
90.577387 100.885496
90.577387 100.435694
90.577387 99.985892
91.027189 99.086287
91.027189 98.636485
91.476992 98.186683
91.476992 97.736881
91.476992 97.287079
91.926794 96.387474
91.926794 95.937672
92.376596 95.487870
92.376596 95.038068
92.826398 94.588266
92.826398 94.138463
92.826398 93.238859
93.276200 93.238859
93.726002 92.789057
94.175805 92.789057
94.175805 92.339255
94.625607 91.889453
95.075409 91.889453
95.525211 91.439650
95.975013 90.989848
96.424815 90.540046
96.874618 90.090244
97.324420 89.640442
97.774222 89.190640
98.224024 88.740837
98.673826 88.740837
98.673826 88.291035
99.123628 87.841233
99.573431 87.391431
100.023233 86.941629
100.473035 86.491827
100.922837 86.042024
101.372639 85.592222
101.822441 85.142420
101.822441 84.692618
102.272244 84.242816
102.722046 83.793014
103.171848 83.793014
103.621650 84.242816
104.071452 84.242816
