104.696800 100.335037
105.062727 101.066892
105.062727 101.432819
105.794582 101.798747
106.160510 102.164674
106.526437 102.896529
106.892365 103.262457
107.258292 103.628384
107.624220 103.994312
107.990147 104.360239
108.356075 104.726167
108.722002 105.092094
109.087930 105.458022
109.819785 105.823949
109.819785 106.189877
109.819785 106.555804
109.819785 106.921732
110.185712 107.287659
110.185712 107.653587
110.185712 108.019514
110.185712 108.385442
110.551640 108.751369
110.551640 109.117297
110.551640 109.483224
110.917567 109.849152
110.917567 110.215079
110.917567 110.581007
111.283495 110.946934
111.283495 111.312862
111.283495 111.678789
111.649422 112.044717
111.649422 112.410644
111.649422 112.776572
112.015350 112.776572
112.015350 113.142499
112.015350 113.508427
112.015350 113.874354
112.381277 113.874354
112.381277 114.240282
112.747205 114.606209
112.747205 114.972137
113.113132 115.338064
113.113132 115.703992
113.479060 116.069919
113.479060 116.435847
113.844988 116.435847
113.844988 116.801774
114.210915 117.167702
114.210915 117.533629
114.576843 117.899557
114.576843 118.265484
114.942770 118.265484
114.942770 118.631412
115.308698 118.997339
115.308698 119.363267
115.674625 119.363267
115.674625 119.729194
116.040553 120.095122
116.040553 120.461049
116.406480 120.461049
116.772408 120.826977
116.772408 121.192904
117.138335 121.558832
117.138335 121.924759
117.504263 121.924759
117.870190 122.290687
118.236118 122.656614
118.236118 123.022542
118.602045 123.022542
118.967973 123.388469
119.333900 123.754397
119.699828 124.120325
120.065755 124.486252
120.431683 124.852180
120.797610 125.218107
121.163538 125.584035
121.529465 125.949962
121.895393 126.315890
122.261320 126.315890
122.627248 126.681817
122.993175 127.047745
123.359103 127.413672
123.725030 127.779600
124.090958 127.779600
124.456885 128.145527
124.822813 128.511455
125.188740 128.511455
125.554668 128.877382
125.920595 129.243310
126.286523 129.243310
126.652450 129.609237
127.018378 129.609237
127.384305 129.975165
127.750233 130.341092
128.116160 130.341092
128.482088 130.707020
128.848015 130.707020
129.213943 131.072947
129.579870 131.072947
129.945798 131.438875
130.311725 131.438875
130.677653 131.438875
131.043580 131.804802
131.409508 131.804802
131.775435 132.170730
132.141363 132.170730
132.507290 132.170730
132.873218 132.536657
133.239145 132.536657
133.605073 132.536657
133.971000 132.902585
134.336928 132.902585
134.702855 132.902585
135.068783 133.268512
135.434710 133.268512
135.800638 133.268512
136.166565 133.268512
136.532493 133.634440
136.898420 133.634440
137.264348 133.634440
137.630275 134.366295
137.996203 134.732222
138.362130 135.098150
138.728058 135.464077
139.093985 135.830005
139.459913 136.195932
139.825840 136.561860
140.191768 136.927787
140.557696 137.293715
141.289551 137.659642
141.655478 138.391497
142.021406 138.757425
142.387333 139.123352
142.753261 139.489280
143.119188 139.855207
143.485116 140.221135
143.851043 140.587062
144.216971 140.952990
144.582898 141.318917
144.948826 142.050772
144.582898 142.050772
144.216971 142.416700
143.851043 142.416700
143.485116 142.782627
143.119188 143.148555
142.753261 143.148555
142.387333 143.514482
142.021406 143.514482
141.655478 143.880410
141.289551 144.246337
140.923623 144.246337
140.557696 144.612265
140.191768 144.612265
139.825840 144.978192
139.459913 145.344120
138.728058 145.344120
138.362130 145.710047
137.996203 145.710047
137.630275 146.075975
137.264348 146.441902
137.264348 146.807830
137.264348 147.173757
137.264348 147.539685
136.898420 147.905612
136.898420 148.271540
136.898420 148.637467
136.898420 149.003395
136.532493 149.369322
135.800638 149.735250
135.434710 150.101177
135.068783 150.467105
134.702855 150.833033
133.971000 151.198960
133.605073 151.564888
133.239145 151.564888
132.873218 151.930815
132.507290 152.296743
131.775435 152.662670
131.409508 153.028598
131.043580 153.394525
130.677653 153.760453
130.311725 154.126380
129.579870 154.492308
129.213943 154.858235
128.848015 154.858235
128.482088 155.224163
128.116160 155.590090
127.384305 155.956018
127.018378 156.321945
126.652450 156.687873
126.286523 157.053800
125.920595 157.419728
125.188740 157.419728
124.822813 157.419728
124.456885 157.419728
123.725030 157.785655
123.359103 157.785655
122.993175 157.785655
122.627248 157.785655
121.895393 157.785655
121.529465 157.785655
121.163538 158.151583
120.797610 158.151583
120.065755 158.151583
119.699828 158.151583
119.333900 158.151583
118.602045 158.517510
118.236118 158.517510
117.870190 158.517510
117.504263 158.517510
116.772408 158.517510
116.406480 158.517510
116.040553 158.883438
115.674625 158.883438
114.942770 158.883438
114.576843 158.883438
114.210915 158.883438
113.844988 158.883438
113.479060 158.883438
113.113132 158.883438
112.381277 158.883438
112.015350 158.883438
111.649422 158.883438
111.283495 158.883438
110.917567 158.883438
110.551640 158.883438
110.185712 158.883438
109.819785 158.883438
109.453857 158.883438
109.087930 158.883438
108.722002 158.883438
107.990147 158.883438
107.624220 158.883438
107.258292 158.883438
106.892365 158.883438
106.526437 158.883438
106.160510 158.883438
105.794582 158.883438
105.428655 158.883438
105.062727 158.883438
104.696800 158.883438
104.330872 158.883438
103.964945 158.517510
103.599017 158.151583
103.599017 157.785655
103.233090 157.419728
103.233090 157.053800
102.867162 156.687873
102.501235 156.321945
102.501235 155.956018
102.135307 155.590090
102.135307 155.224163
101.769380 154.858235
101.403452 154.492308
101.403452 154.126380
101.037525 153.760453
101.037525 153.028598
100.671597 152.662670
100.305670 152.296743
100.305670 151.930815
99.939742 151.564888
99.939742 151.198960
99.573815 150.833033
99.207887 150.467105
98.841960 150.101177
98.476032 149.735250
98.476032 149.369322
98.110105 149.003395
97.744177 148.637467
97.744177 148.271540
97.378250 147.905612
97.378250 147.539685
97.012322 147.173757
97.012322 146.807830
96.646395 146.441902
96.646395 146.075975
96.646395 145.710047
96.280467 145.344120
96.280467 144.978192
95.914540 144.612265
95.914540 144.246337
95.548612 143.880410
95.548612 143.148555
95.182685 142.782627
95.182685 142.416700
94.816757 142.050772
94.816757 141.684845
94.450830 141.318917
94.450830 140.952990
94.084902 140.587062
94.084902 140.221135
93.718975 139.855207
93.718975 139.489280
93.718975 139.123352
93.718975 138.757425
93.718975 138.391497
93.718975 138.025570
93.718975 137.659642
93.718975 137.293715
93.718975 136.927787
93.718975 136.195932
93.718975 135.830005
93.353047 135.464077
93.353047 135.098150
93.353047 134.732222
93.353047 134.366295
93.353047 134.000367
93.353047 133.268512
93.353047 132.902585
92.987120 132.536657
92.987120 132.170730
92.987120 131.804802
92.987120 131.438875
92.987120 131.072947
92.987120 130.707020
92.987120 129.975165
92.987120 129.609237
92.621192 129.243310
92.621192 128.877382
92.621192 128.511455
92.621192 128.145527
92.621192 127.779600
92.621192 127.047745
92.621192 126.681817
92.255265 126.315890
92.255265 125.949962
92.255265 125.584035
92.255265 125.218107
92.255265 124.852180
92.255265 124.486252
92.255265 123.754397
91.889337 123.388469
91.889337 123.022542
91.889337 122.656614
92.255265 122.290687
92.255265 121.924759
92.255265 121.558832
92.255265 121.192904
92.255265 120.826977
92.255265 120.461049
92.255265 120.095122
92.621192 119.729194
92.621192 119.363267
92.621192 118.997339
92.621192 118.631412
92.621192 118.265484
92.621192 117.899557
92.621192 117.533629
92.987120 116.801774
92.987120 116.435847
92.987120 116.069919
92.987120 115.703992
92.987120 115.338064
92.987120 114.972137
92.987120 114.606209
92.987120 114.240282
93.353047 113.874354
93.353047 113.508427
93.353047 113.142499
93.353047 112.776572
93.353047 112.410644
93.353047 112.044717
93.353047 111.678789
93.718975 111.312862
93.718975 110.946934
93.718975 110.581007
93.718975 110.215079
94.084902 109.849152
94.084902 109.483224
94.450830 109.117297
94.450830 108.751369
94.816757 108.019514
95.182685 107.653587
95.182685 107.287659
95.548612 106.921732
95.548612 106.555804
95.914540 106.189877
95.914540 105.823949
96.280467 105.458022
96.280467 105.092094
96.646395 104.726167
96.646395 104.360239
97.012322 103.994312
97.012322 103.628384
97.378250 103.262457
97.744177 102.896529
97.744177 102.530602
98.110105 102.164674
98.110105 101.798747
98.476032 101.432819
98.476032 101.066892
98.841960 100.700964
99.207887 100.700964
99.573815 100.700964
99.207887 100.700964
99.573815 100.700964
99.939742 100.335037
100.305670 100.335037
100.671597 100.335037
101.037525 100.335037
101.403452 100.335037
101.403452 99.969109
101.769380 99.969109
102.135307 99.969109
102.501235 99.969109
102.867162 99.603182
103.233090 99.603182
103.599017 99.603182
103.964945 99.237254
104.330872 99.237254
104.330872 99.603182
104.696800 99.969109
104.696800 100.335037
