116.044718 69.775601
116.044718 70.574986
116.044718 71.374371
116.044718 72.173755
115.245333 72.973140
115.245333 73.772525
115.245333 74.571909
114.445949 75.371294
114.445949 76.170679
113.646564 76.970063
113.646564 77.769448
113.646564 78.568833
113.646564 79.368217
113.646564 80.167602
112.847179 80.966987
112.847179 81.766372
112.847179 82.565756
112.047795 83.365141
111.248410 84.164526
111.248410 84.963910
110.449025 85.763295
110.449025 86.562680
109.649640 87.362064
109.649640 88.161449
108.850256 88.960834
108.850256 89.760218
108.050871 90.559603
108.050871 91.358988
107.251486 92.158372
107.251486 92.957757
107.251486 93.757142
107.251486 94.556526
106.452102 95.355911
106.452102 96.155296
106.452102 96.954681
106.452102 97.754065
106.452102 98.553450
106.452102 99.352835
105.652717 100.152219
105.652717 100.951604
105.652717 101.750989
105.652717 102.550373
105.652717 103.349758
105.652717 104.149143
105.652717 104.948527
105.652717 105.747912
105.652717 106.547297
105.652717 107.346681
105.652717 108.146066
105.652717 108.945451
105.652717 109.744835
105.652717 110.544220
106.452102 110.544220
106.452102 111.343605
106.452102 112.142989
106.452102 112.942374
106.452102 113.741759
106.452102 114.541144
107.251486 115.340528
107.251486 116.139913
107.251486 115.340528
107.251486 116.139913
107.251486 116.939298
108.050871 117.738682
108.050871 118.538067
108.050871 119.337452
108.850256 120.136836
108.850256 120.936221
109.649640 121.735606
109.649640 122.534990
110.449025 123.334375
110.449025 124.133760
111.248410 124.933144
111.248410 125.732529
112.047795 125.732529
112.047795 126.531914
112.847179 127.331298
113.646564 128.130683
113.646564 128.930068
114.445949 128.930068
115.245333 129.729453
116.044718 130.528837
116.044718 131.328222
116.844103 131.328222
117.643487 132.127607
118.442872 132.926991
119.242257 133.726376
120.041641 134.525761
120.841026 134.525761
120.841026 135.325145
121.640411 135.325145
122.439795 136.124530
123.239180 136.124530
123.239180 136.923915
124.038565 136.923915
124.837949 136.923915
125.637334 137.723299
126.436719 138.522684
126.436719 139.322069
127.236104 140.121453
127.236104 140.920838
128.035488 141.720223
128.035488 142.519607
128.834873 143.318992
129.634258 144.118377
130.433642 144.917762
130.433642 145.717146
131.233027 146.516531
131.233027 147.315916
132.032412 147.315916
132.831796 148.115300
133.631181 148.914685
133.631181 149.714070
134.430566 149.714070
135.229950 150.513454
135.229950 151.312839
135.229950 152.112224
135.229950 152.911608
135.229950 153.710993
136.029335 154.510378
136.029335 155.309762
136.029335 156.109147
136.029335 156.908532
136.828720 157.707916
136.828720 158.507301
136.828720 159.306686
136.828720 160.106071
136.828720 160.905455
136.828720 161.704840
136.029335 162.504225
136.029335 163.303609
136.029335 164.102994
136.029335 164.902379
136.029335 165.701763
136.029335 166.501148
136.029335 167.300533
136.029335 168.899302
135.229950 169.698687
135.229950 170.498071
135.229950 171.297456
135.229950 172.096841
135.229950 172.896225
135.229950 173.695610
134.430566 174.494995
133.631181 175.294380
132.831796 176.093764
132.032412 176.893149
131.233027 176.893149
130.433642 177.692534
129.634258 178.491918
128.834873 179.291303
127.236104 179.291303
126.436719 180.090688
125.637334 180.890072
124.837949 181.689457
124.038565 181.689457
123.239180 181.689457
122.439795 182.488842
121.640411 182.488842
120.841026 182.488842
120.041641 182.488842
119.242257 182.488842
118.442872 183.288226
117.643487 183.288226
116.844103 183.288226
115.245333 183.288226
114.445949 184.087611
113.646564 184.087611
112.847179 184.087611
112.047795 184.087611
111.248410 184.886996
110.449025 184.886996
109.649640 184.886996
108.850256 184.886996
108.050871 185.686380
107.251486 185.686380
106.452102 185.686380
105.652717 185.686380
104.053948 186.485765
103.254563 186.485765
102.455178 186.485765
101.655794 186.485765
100.856409 187.285150
100.057024 187.285150
99.257640 187.285150
98.458255 188.084534
97.658870 188.084534
96.859486 188.084534
96.060101 188.084534
94.461331 188.084534
93.661947 188.883919
92.862562 188.883919
92.063177 188.883919
90.464408 188.883919
89.665023 188.883919
88.865639 188.883919
88.066254 188.883919
86.467485 188.883919
85.668100 188.883919
84.868715 188.883919
84.069331 188.883919
82.470561 188.883919
81.671177 188.883919
80.871792 188.883919
80.072407 188.883919
79.273022 189.683304
77.674253 189.683304
76.874868 189.683304
76.075484 189.683304
75.276099 189.683304
74.476714 189.683304
73.677330 189.683304
72.877945 189.683304
72.078560 189.683304
71.279176 189.683304
70.479791 189.683304
69.680406 189.683304
68.881022 189.683304
68.081637 189.683304
67.282252 189.683304
66.482868 189.683304
65.683483 189.683304
64.884098 189.683304
64.084713 189.683304
63.285329 189.683304
62.485944 189.683304
61.686559 188.883919
60.887175 187.285150
60.887175 186.485765
60.087790 185.686380
59.288405 184.886996
58.489021 184.087611
58.489021 183.288226
57.689636 182.488842
56.890251 181.689457
56.090867 180.090688
55.291482 179.291303
54.492097 178.491918
53.692713 177.692534
52.893328 176.893149
52.093943 176.093764
52.093943 175.294380
52.093943 174.494995
51.294559 173.695610
51.294559 172.896225
51.294559 172.096841
51.294559 171.297456
50.495174 170.498071
50.495174 169.698687
50.495174 168.899302
50.495174 168.099917
50.495174 167.300533
49.695789 166.501148
49.695789 165.701763
49.695789 164.902379
49.695789 164.102994
48.896404 163.303609
48.896404 162.504225
48.896404 161.704840
48.896404 160.905455
48.097020 160.106071
48.097020 158.507301
48.097020 157.707916
48.097020 156.908532
48.097020 156.109147
48.097020 155.309762
48.097020 154.510378
48.097020 152.911608
48.097020 152.112224
48.097020 151.312839
48.896404 150.513454
48.896404 149.714070
48.896404 148.914685
48.896404 148.115300
48.896404 147.315916
48.896404 146.516531
48.896404 144.917762
48.896404 144.118377
48.896404 143.318992
48.896404 142.519607
48.896404 141.720223
48.896404 140.920838
48.896404 140.121453
48.896404 139.322069
48.896404 137.723299
48.896404 136.923915
48.896404 136.124530
48.896404 135.325145
48.896404 134.525761
48.896404 133.726376
48.896404 132.926991
48.896404 132.127607
48.896404 130.528837
48.896404 129.729453
48.896404 128.930068
48.896404 128.130683
48.896404 127.331298
49.695789 126.531914
49.695789 124.933144
49.695789 124.133760
49.695789 123.334375
49.695789 122.534990
49.695789 121.735606
50.495174 120.136836
50.495174 119.337452
50.495174 118.538067
50.495174 117.738682
50.495174 116.939298
50.495174 115.340528
51.294559 114.541144
51.294559 113.741759
51.294559 112.942374
51.294559 112.142989
51.294559 110.544220
51.294559 109.744835
52.093943 108.945451
52.093943 108.146066
52.093943 107.346681
52.093943 106.547297
52.093943 105.747912
52.093943 104.149143
52.893328 103.349758
52.893328 102.550373
52.893328 101.750989
52.893328 100.951604
53.692713 99.352835
53.692713 98.553450
53.692713 97.754065
53.692713 96.155296
54.492097 95.355911
54.492097 94.556526
54.492097 92.957757
54.492097 92.158372
55.291482 91.358988
55.291482 89.760218
55.291482 88.960834
55.291482 88.161449
56.090867 86.562680
56.090867 85.763295
56.090867 84.963910
56.090867 84.164526
56.890251 82.565756
56.890251 81.766372
56.890251 80.966987
56.890251 79.368217
56.890251 78.568833
57.689636 77.769448
57.689636 76.170679
58.489021 75.371294
58.489021 74.571909
59.288405 73.772525
60.087790 72.973140
60.887175 71.374371
60.887175 70.574986
61.686559 69.775601
62.485944 68.976217
63.285329 68.176832
63.285329 67.377447
64.084713 65.778678
64.884098 64.979293
65.683483 64.179908
65.683483 63.380524
66.482868 62.581139
67.282252 61.781754
68.081637 60.182985
68.081637 59.383600
68.881022 58.584216
69.680406 57.784831
70.479791 56.985446
70.479791 56.186062
71.279176 54.587292
72.078560 53.787908
72.877945 52.988523
73.677330 52.189138
74.476714 52.189138
75.276099 51.389754
76.075484 51.389754
76.874868 50.590369
77.674253 50.590369
78.473638 49.790984
79.273022 49.790984
80.072407 48.991599
80.871792 48.991599
81.671177 48.192215
83.269946 48.192215
84.069331 47.392830
84.868715 47.392830
85.668100 46.593445
86.467485 46.593445
87.266869 45.794061
88.066254 45.794061
88.865639 45.794061
89.665023 45.794061
90.464408 45.794061
91.263793 44.994676
92.063177 44.994676
92.862562 44.994676
94.461331 44.994676
95.260716 44.994676
96.060101 44.195291
96.859486 44.195291
97.658870 44.195291
98.458255 44.195291
99.257640 44.195291
100.057024 43.395907
100.856409 43.395907
101.655794 43.395907
102.455178 44.195291
103.254563 44.195291
104.853332 44.195291
105.652717 44.994676
106.452102 44.994676
107.251486 44.994676
108.050871 45.794061
108.850256 45.794061
109.649640 45.794061
110.449025 46.593445
111.248410 46.593445
112.847179 46.593445
113.646564 47.392830
114.445949 47.392830
115.245333 48.192215
116.044718 48.192215
116.844103 49.790984
116.844103 50.590369
116.844103 51.389754
117.643487 52.189138
117.643487 52.988523
117.643487 53.787908
118.442872 54.587292
118.442872 55.386677
118.442872 56.186062
119.242257 57.784831
119.242257 58.584216
119.242257 59.383600
120.041641 60.182985
119.242257 60.982370
119.242257 61.781754
119.242257 62.581139
119.242257 63.380524
119.242257 64.179908
118.442872 65.778678
118.442872 66.578063
118.442872 67.377447
118.442872 68.176832
117.643487 68.976217
117.643487 69.775601
116.844103 69.775601
116.044718 69.775601
