118.241260 56.427388
118.241260 57.189862
118.241260 57.952335
118.241260 59.477281
118.241260 60.239754
118.241260 61.002227
118.241260 61.764700
118.241260 62.527174
118.241260 63.289647
118.241260 64.052120
118.241260 64.814593
118.241260 65.577066
118.241260 66.339539
118.241260 67.102012
118.241260 67.864486
117.478787 68.626959
117.478787 69.389432
116.716314 70.151905
115.953841 70.914378
115.953841 71.676851
115.191368 72.439324
114.428895 73.201798
114.428895 73.964271
113.666421 74.726744
113.666421 75.489217
112.903948 76.251690
112.903948 77.014163
112.141475 77.776636
112.141475 78.539110
112.141475 79.301583
111.379002 80.064056
111.379002 80.826529
111.379002 81.589002
110.616529 82.351475
110.616529 83.113948
110.616529 83.876421
110.616529 84.638895
110.616529 85.401368
110.616529 86.163841
110.616529 86.926314
109.854056 87.688787
109.854056 88.451260
109.091583 89.213733
109.091583 89.976207
108.329109 90.738680
108.329109 91.501153
107.566636 92.263626
107.566636 93.026099
107.566636 93.788572
106.804163 94.551045
106.804163 95.313519
106.804163 96.075992
106.041690 96.838465
106.041690 97.600938
106.041690 98.363411
106.041690 99.125884
106.041690 99.888357
106.041690 100.650831
106.041690 101.413304
106.041690 102.175777
106.041690 102.938250
106.041690 103.700723
106.041690 104.463196
106.041690 105.225669
106.041690 105.988143
106.041690 106.750616
106.041690 107.513089
106.041690 108.275562
106.041690 109.038035
106.041690 109.800508
106.804163 110.562981
106.804163 111.325455
106.804163 112.087928
107.566636 112.850401
107.566636 113.612874
107.566636 114.375347
108.329109 115.137820
108.329109 115.900293
109.091583 116.662767
109.091583 117.425240
109.854056 117.425240
109.854056 118.187713
110.616529 118.950186
110.616529 119.712659
111.379002 119.712659
111.379002 120.475132
112.141475 121.237605
112.903948 122.000079
113.666421 122.762552
113.666421 123.525025
114.428895 124.287498
114.428895 125.049971
114.428895 125.812444
115.191368 125.812444
115.953841 126.574917
115.953841 127.337391
116.716314 128.099864
116.716314 128.862337
117.478787 128.862337
118.241260 129.624810
118.241260 130.387283
119.003733 130.387283
119.766207 131.149756
120.528680 131.912229
121.291153 132.674703
121.291153 133.437176
122.053626 133.437176
122.816099 134.199649
123.578572 134.962122
124.341045 135.724595
124.341045 136.487068
125.103519 137.249541
125.103519 138.012015
125.103519 138.774488
125.865992 138.774488
126.628465 139.536961
126.628465 140.299434
127.390938 140.299434
128.153411 141.061907
128.915884 141.824380
129.678357 142.586853
129.678357 143.349327
130.440831 143.349327
131.203304 144.111800
131.965777 144.874273
132.728250 145.636746
133.490723 146.399219
133.490723 147.161692
134.253196 147.924165
134.253196 148.686639
134.253196 149.449112
135.015669 149.449112
135.015669 150.211585
135.778143 150.974058
135.778143 151.736531
136.540616 151.736531
137.303089 152.499004
138.065562 153.261477
138.828035 154.023951
139.590508 154.786424
139.590508 155.548897
140.352981 156.311370
140.352981 157.073843
140.352981 157.836316
140.352981 158.598789
140.352981 159.361263
140.352981 160.123736
140.352981 160.886209
139.590508 161.648682
139.590508 162.411155
139.590508 163.173628
139.590508 163.936101
139.590508 164.698575
139.590508 165.461048
139.590508 166.223521
138.828035 166.985994
138.065562 167.748467
137.303089 168.510940
136.540616 169.273413
135.778143 170.035887
135.015669 171.560833
134.253196 172.323306
134.253196 173.085779
133.490723 173.848252
132.728250 174.610725
131.965777 175.373199
130.440831 175.373199
129.678357 176.135672
128.915884 176.135672
128.153411 176.898145
126.628465 176.898145
125.865992 177.660618
125.103519 177.660618
124.341045 178.423091
122.816099 178.423091
122.053626 179.185564
121.291153 179.185564
120.528680 179.948037
119.766207 179.948037
118.241260 180.710510
117.478787 180.710510
116.716314 181.472984
115.953841 181.472984
114.428895 182.235457
113.666421 182.235457
112.903948 182.997930
112.141475 182.997930
111.379002 182.997930
110.616529 182.997930
109.854056 182.997930
109.091583 183.760403
108.329109 183.760403
107.566636 183.760403
106.804163 183.760403
106.041690 183.760403
105.279217 183.760403
104.516744 184.522876
103.754271 184.522876
102.991797 184.522876
102.229324 184.522876
101.466851 184.522876
100.704378 184.522876
99.179432 185.285349
98.416959 185.285349
97.654485 185.285349
96.892012 185.285349
96.129539 185.285349
95.367066 186.047822
94.604593 186.047822
93.842120 186.047822
93.079647 186.047822
92.317173 186.047822
91.554700 186.047822
90.792227 186.810296
90.029754 186.810296
89.267281 186.810296
88.504808 186.810296
87.742335 186.810296
86.979861 186.810296
86.217388 186.810296
85.454915 186.810296
84.692442 186.810296
83.929969 186.810296
83.167496 187.572769
82.405023 187.572769
81.642549 187.572769
80.880076 187.572769
80.117603 187.572769
79.355130 187.572769
78.592657 187.572769
77.830184 188.335242
77.067711 188.335242
76.305237 188.335242
75.542764 188.335242
74.780291 188.335242
74.017818 188.335242
73.255345 188.335242
72.492872 189.097715
71.730399 189.097715
70.967925 189.097715
69.442979 189.097715
68.680506 189.097715
67.918033 189.097715
67.155560 189.097715
66.393087 188.335242
65.630613 187.572769
64.868140 187.572769
64.105667 186.810296
63.343194 186.047822
62.580721 185.285349
61.818248 184.522876
61.055775 183.760403
60.293301 182.997930
59.530828 182.235457
58.768355 181.472984
58.005882 180.710510
57.243409 179.948037
57.243409 179.185564
57.243409 178.423091
57.243409 177.660618
56.480936 176.898145
56.480936 176.135672
56.480936 174.610725
55.718463 173.848252
55.718463 173.085779
55.718463 172.323306
54.955989 171.560833
54.955989 170.798360
54.955989 170.035887
54.955989 169.273413
54.193516 167.748467
54.193516 166.985994
54.193516 166.223521
54.193516 165.461048
54.193516 164.698575
54.193516 163.936101
54.193516 163.173628
53.431043 162.411155
53.431043 161.648682
52.668570 160.886209
52.668570 160.123736
52.668570 159.361263
52.668570 158.598789
52.668570 157.073843
52.668570 156.311370
52.668570 155.548897
52.668570 154.023951
52.668570 153.261477
52.668570 152.499004
52.668570 151.736531
52.668570 150.211585
52.668570 149.449112
52.668570 148.686639
53.431043 147.161692
53.431043 146.399219
53.431043 145.636746
53.431043 144.874273
53.431043 143.349327
53.431043 142.586853
53.431043 141.824380
53.431043 141.061907
53.431043 139.536961
53.431043 138.774488
53.431043 138.012015
53.431043 136.487068
53.431043 135.724595
53.431043 134.962122
53.431043 134.199649
54.193516 133.437176
54.193516 132.674703
54.193516 131.912229
54.193516 131.149756
54.955989 130.387283
54.955989 129.624810
54.955989 128.862337
54.955989 128.099864
54.955989 127.337391
55.718463 126.574917
55.718463 125.812444
55.718463 125.049971
55.718463 124.287498
55.718463 123.525025
56.480936 122.762552
56.480936 122.000079
56.480936 121.237605
56.480936 120.475132
57.243409 119.712659
57.243409 118.950186
57.243409 118.187713
57.243409 117.425240
57.243409 116.662767
58.005882 115.900293
58.005882 115.137820
58.005882 114.375347
58.005882 112.850401
58.768355 112.087928
58.768355 111.325455
58.768355 110.562981
58.768355 109.800508
58.768355 109.038035
58.768355 108.275562
59.530828 106.750616
59.530828 105.988143
59.530828 105.225669
59.530828 104.463196
59.530828 103.700723
59.530828 102.175777
59.530828 101.413304
59.530828 100.650831
59.530828 99.888357
60.293301 99.125884
60.293301 97.600938
60.293301 96.838465
60.293301 96.075992
60.293301 95.313519
60.293301 93.788572
60.293301 93.026099
60.293301 92.263626
60.293301 91.501153
61.055775 90.738680
61.055775 89.213733
61.055775 88.451260
61.055775 87.688787
61.055775 86.926314
61.818248 86.163841
61.818248 85.401368
61.818248 84.638895
62.580721 83.876421
62.580721 82.351475
63.343194 81.589002
63.343194 80.826529
64.105667 80.064056
64.105667 79.301583
64.868140 78.539110
64.868140 77.014163
65.630613 76.251690
65.630613 75.489217
66.393087 74.726744
66.393087 73.964271
67.155560 72.439324
67.155560 71.676851
67.918033 70.914378
67.918033 70.151905
68.680506 69.389432
68.680506 67.864486
69.442979 67.102012
70.205452 66.339539
70.205452 65.577066
70.967925 64.814593
71.730399 64.052120
72.492872 63.289647
72.492872 62.527174
73.255345 61.764700
74.017818 61.002227
74.780291 60.239754
74.780291 59.477281
75.542764 58.714808
76.305237 57.952335
77.067711 57.189862
77.067711 56.427388
77.830184 55.664915
78.592657 54.902442
79.355130 54.139969
80.880076 53.377496
81.642549 53.377496
82.405023 52.615023
83.167496 51.852550
83.929969 51.852550
84.692442 51.090076
85.454915 50.327603
86.217388 50.327603
86.979861 49.565130
88.504808 48.802657
89.267281 48.802657
90.029754 48.040184
90.792227 48.040184
91.554700 48.040184
92.317173 48.040184
93.079647 48.040184
93.842120 48.040184
94.604593 47.277711
95.367066 47.277711
96.129539 47.277711
96.892012 47.277711
97.654485 47.277711
98.416959 47.277711
99.179432 47.277711
99.941905 47.277711
100.704378 47.277711
101.466851 48.040184
102.229324 48.040184
102.991797 48.040184
103.754271 48.040184
104.516744 48.040184
105.279217 48.802657
106.041690 48.802657
106.804163 48.802657
107.566636 48.802657
108.329109 48.802657
109.091583 49.565130
109.854056 49.565130
110.616529 49.565130
111.379002 49.565130
112.141475 50.327603
113.666421 50.327603
113.666421 51.090076
114.428895 51.852550
114.428895 52.615023
115.191368 53.377496
115.953841 54.139969
115.953841 54.902442
116.716314 56.427388
117.478787 57.189862
118.241260 56.427388
