103.941450 91.074961
103.941450 91.578730
103.941450 92.082498
103.941450 92.586267
103.941450 93.090035
103.941450 93.593804
103.941450 94.097572
103.437681 94.601340
103.437681 95.105109
103.437681 96.112646
103.941450 96.616414
103.941450 97.120183
103.941450 97.623951
103.941450 98.127719
103.941450 98.631488
103.941450 99.135256
103.941450 99.639025
103.941450 100.142793
103.941450 100.646562
103.941450 101.150330
103.941450 101.654098
103.941450 102.157867
103.941450 102.661635
104.445218 103.165404
104.445218 103.669172
104.445218 104.172941
104.445218 104.676709
104.445218 105.684246
104.445218 106.188014
104.948987 106.691783
104.948987 107.195551
104.948987 107.699320
104.948987 108.203088
104.948987 108.706856
105.452755 109.210625
105.452755 109.714393
105.452755 110.218162
105.956524 110.721930
105.956524 111.225699
105.956524 111.729467
106.460292 112.233235
106.460292 112.737004
106.460292 113.240772
106.964060 113.744541
106.964060 114.248309
107.467829 114.752078
107.467829 115.255846
107.467829 115.759614
107.971597 116.263383
107.971597 116.767151
108.475366 117.270920
108.475366 117.774688
108.979134 118.278456
108.979134 118.782225
109.482903 119.285993
109.986671 120.293530
109.986671 120.797299
110.490439 121.301067
110.994208 121.804835
110.994208 122.308604
111.497976 122.812372
112.001745 123.316141
112.505513 123.819909
112.505513 124.323678
113.009282 124.827446
113.513050 125.331214
114.016818 125.834983
114.520587 126.338751
115.024355 126.842520
115.528124 127.346288
115.528124 127.850057
116.031892 128.353825
116.535661 128.857593
117.039429 129.361362
117.543197 129.865130
118.046966 130.368899
118.550734 130.872667
119.054503 131.376436
119.558271 131.880204
120.565808 132.383972
121.069576 132.887741
121.573345 133.391509
122.077113 133.391509
122.580882 133.895278
123.084650 134.399046
123.588419 134.902815
124.092187 135.406583
124.595955 135.406583
125.099724 135.910351
125.603492 136.414120
126.107261 136.917888
126.611029 137.421657
127.114798 137.421657
127.618566 137.925425
128.122334 138.429194
128.626103 138.429194
129.129871 138.932962
129.633640 139.436730
130.137408 139.940499
131.144945 139.940499
131.648713 140.444267
132.152482 140.948036
132.656250 141.451804
133.160019 141.451804
133.663787 141.955573
134.167555 142.459341
134.671324 142.963109
135.175092 142.963109
135.678861 143.466878
136.182629 143.970646
136.686398 144.474415
137.190166 144.978183
137.693934 145.481952
138.197703 145.985720
138.701471 146.489488
139.205240 146.993257
139.709008 147.497025
140.212777 148.000794
140.212777 148.504562
140.716545 149.008331
140.716545 149.512099
140.716545 150.015867
141.220313 150.519636
141.220313 151.023404
141.220313 151.527173
140.716545 152.030941
140.716545 152.534710
140.716545 153.038478
140.716545 153.542246
140.212777 154.046015
139.709008 154.549783
139.205240 155.053552
139.205240 155.557320
138.701471 156.061089
138.197703 156.564857
137.693934 157.068625
137.190166 157.068625
136.686398 157.572394
136.182629 158.076162
135.175092 158.076162
134.671324 158.579931
134.167555 159.083699
133.663787 159.083699
133.160019 159.587467
132.656250 159.587467
132.152482 160.091236
131.648713 160.091236
131.144945 160.595004
130.641177 160.595004
130.137408 160.595004
129.633640 161.098773
129.129871 161.098773
128.626103 161.602541
128.122334 161.602541
127.618566 161.602541
127.114798 162.106310
126.611029 162.106310
125.603492 162.106310
125.099724 162.610078
124.595955 162.610078
124.092187 162.610078
123.588419 163.113846
123.084650 163.113846
122.580882 163.113846
122.077113 163.617615
121.573345 163.617615
121.069576 163.617615
120.565808 164.121383
120.062040 164.121383
119.558271 164.121383
119.054503 164.625152
118.550734 164.625152
118.046966 164.625152
117.543197 164.625152
117.039429 165.128920
116.535661 165.128920
116.031892 165.128920
115.528124 165.632689
114.520587 165.632689
114.016818 165.632689
113.513050 166.136457
113.009282 166.136457
112.505513 166.136457
112.001745 166.136457
111.497976 166.640225
110.994208 166.640225
110.490439 166.640225
109.986671 167.143994
109.482903 167.143994
108.979134 167.143994
108.475366 167.143994
107.971597 167.143994
106.964060 167.647762
106.460292 167.647762
105.956524 167.647762
105.452755 167.647762
104.948987 167.647762
104.445218 167.647762
103.941450 168.151531
103.437681 168.151531
102.933913 168.151531
102.430145 168.151531
101.926376 168.151531
101.422608 168.151531
100.918839 168.151531
100.415071 168.151531
99.911302 168.151531
99.407534 168.151531
98.903766 167.647762
98.399997 167.647762
97.896229 167.647762
97.392460 167.647762
96.888692 167.647762
95.881155 167.647762
95.377387 167.143994
94.873618 167.143994
94.369850 166.640225
93.866081 166.640225
93.362313 166.640225
92.858544 166.136457
92.354776 166.136457
91.851008 165.632689
91.347239 165.128920
90.843471 164.625152
90.339702 164.625152
89.835934 164.121383
89.332165 163.617615
88.828397 163.113846
88.324629 162.610078
87.820860 162.106310
87.317092 161.602541
87.317092 161.098773
86.813323 160.595004
86.309555 160.091236
86.309555 159.587467
85.805787 159.083699
85.805787 158.579931
85.302018 158.076162
85.302018 157.572394
84.798250 157.068625
84.798250 156.564857
84.798250 156.061089
84.798250 155.557320
84.294481 154.549783
84.294481 154.046015
84.294481 153.542246
83.790713 153.038478
83.790713 152.534710
83.790713 152.030941
83.790713 151.527173
83.790713 151.023404
83.790713 150.519636
83.286944 150.015867
83.286944 149.512099
83.286944 149.008331
83.286944 148.504562
83.286944 148.000794
83.286944 147.497025
83.286944 146.993257
83.286944 146.489488
83.286944 145.985720
83.286944 145.481952
83.286944 144.978183
83.286944 144.474415
83.286944 143.970646
83.286944 143.466878
83.286944 142.963109
83.286944 142.459341
83.286944 141.955573
83.286944 141.451804
83.286944 140.948036
83.286944 140.444267
83.286944 139.940499
83.790713 139.436730
83.790713 138.932962
83.790713 138.429194
83.790713 137.925425
83.790713 137.421657
83.790713 136.917888
83.790713 136.414120
83.286944 136.414120
83.286944 135.910351
83.286944 135.406583
83.286944 134.902815
83.286944 134.399046
83.286944 133.895278
83.286944 133.391509
83.286944 132.887741
83.286944 132.383972
83.286944 131.880204
83.286944 131.376436
83.286944 130.872667
83.286944 130.368899
83.286944 129.865130
82.783176 129.865130
82.783176 129.361362
82.783176 128.857593
82.783176 128.353825
82.783176 127.850057
82.783176 127.346288
82.783176 126.842520
82.783176 126.338751
82.279408 126.338751
82.279408 125.834983
82.279408 125.331214
82.279408 124.827446
82.279408 124.323678
82.279408 123.819909
81.775639 123.819909
81.775639 123.316141
81.775639 122.812372
81.775639 122.308604
81.271871 121.804835
81.271871 121.301067
81.271871 120.797299
80.768102 120.293530
80.768102 119.789762
80.768102 119.285993
80.768102 118.782225
80.264334 118.278456
80.264334 117.774688
80.264334 117.270920
79.760565 116.767151
79.760565 116.263383
79.256797 115.759614
79.256797 114.752078
79.256797 114.248309
79.256797 113.744541
79.256797 113.240772
79.256797 112.737004
79.256797 112.233235
79.256797 111.729467
79.256797 111.225699
79.256797 110.721930
79.256797 110.218162
79.256797 109.714393
79.256797 109.210625
79.256797 108.706856
79.256797 108.203088
79.256797 107.699320
79.256797 107.195551
79.256797 106.691783
78.753029 106.188014
78.753029 105.684246
78.753029 105.180477
78.753029 104.676709
78.753029 104.172941
78.753029 103.669172
78.753029 103.165404
78.753029 102.661635
78.753029 102.157867
79.256797 101.654098
79.256797 101.150330
79.256797 100.646562
79.256797 100.142793
79.760565 99.639025
79.760565 99.135256
79.760565 98.631488
80.264334 98.127719
80.264334 97.623951
80.264334 97.120183
80.768102 96.616414
80.768102 95.608877
80.768102 95.105109
81.271871 94.601340
81.271871 94.097572
81.775639 93.593804
81.775639 93.090035
82.279408 92.586267
82.279408 92.082498
82.783176 91.578730
82.783176 91.074961
83.286944 90.571193
83.790713 90.067425
84.294481 89.563656
84.798250 89.059888
84.798250 88.556119
85.302018 88.052351
85.805787 87.548582
86.309555 87.044814
86.309555 86.541046
86.813323 86.037277
87.317092 85.533509
87.317092 85.029740
87.820860 85.029740
88.324629 85.029740
88.324629 84.525972
88.828397 84.525972
89.332165 84.525972
89.835934 84.525972
89.835934 84.022203
90.339702 84.022203
90.843471 84.022203
90.843471 83.518435
91.347239 83.518435
91.851008 83.014667
92.354776 83.014667
92.858544 82.510898
93.362313 82.510898
93.866081 82.007130
94.369850 82.007130
94.873618 81.503361
95.377387 81.503361
95.377387 80.999593
95.881155 80.999593
96.384923 80.495824
96.888692 80.495824
96.888692 79.992056
97.392460 79.992056
97.392460 79.488288
97.896229 79.488288
98.399997 78.984519
98.903766 78.480751
99.407534 77.976982
99.911302 77.473214
100.415071 76.969445
100.918839 76.465677
101.422608 75.961909
101.926376 75.458140
102.430145 75.458140
102.933913 75.961909
102.933913 76.465677
102.933913 76.969445
102.933913 77.473214
102.933913 77.976982
102.933913 78.480751
103.437681 78.984519
103.437681 79.992056
103.437681 80.495824
103.437681 80.999593
103.437681 81.503361
103.437681 82.007130
103.437681 82.510898
103.437681 83.014667
103.437681 83.518435
103.941450 84.022203
103.941450 84.525972
103.941450 85.029740
103.941450 85.533509
103.941450 86.037277
103.941450 86.541046
103.941450 87.044814
103.941450 87.548582
103.941450 88.052351
103.941450 88.556119
103.941450 89.059888
103.941450 89.563656
103.941450 90.067425
103.941450 90.571193
103.941450 91.074961
