107.020593 78.781002
107.020593 79.336106
107.020593 79.891211
107.020593 80.446316
107.020593 81.001420
107.020593 81.556525
107.020593 82.111629
107.020593 82.666734
107.020593 83.221839
107.020593 83.776943
107.020593 84.332048
107.020593 84.887153
107.020593 85.442257
107.020593 85.997362
107.020593 86.552466
107.020593 87.107571
107.020593 87.662676
107.020593 88.217780
107.020593 88.772885
107.020593 89.327989
107.020593 89.883094
107.575698 89.883094
107.575698 90.438199
107.575698 90.993303
107.575698 91.548408
107.575698 92.103512
107.575698 92.658617
108.130802 93.213722
108.130802 93.768826
108.130802 94.323931
108.130802 94.879036
108.130802 95.434140
108.130802 95.989245
108.130802 96.544349
108.130802 97.099454
108.130802 97.654559
108.130802 98.209663
108.130802 98.764768
108.130802 99.319872
108.130802 99.874977
108.130802 100.430082
108.130802 100.985186
108.685907 101.540291
108.685907 102.095395
108.685907 102.650500
108.685907 103.205605
108.685907 103.760709
108.685907 104.315814
109.241012 104.315814
109.241012 104.870919
109.241012 105.426023
109.241012 105.981128
109.241012 106.536232
109.241012 107.091337
109.241012 107.646442
109.796116 108.201546
109.241012 108.756651
109.796116 109.311755
109.796116 109.866860
109.796116 110.421965
109.796116 110.977069
110.351221 110.977069
110.351221 111.532174
110.351221 112.087278
110.906325 112.642383
110.351221 113.197488
110.906325 113.752592
110.906325 114.307697
111.461430 114.307697
111.461430 114.862802
111.461430 115.417906
112.016535 115.973011
112.016535 116.528115
112.571639 117.083220
112.571639 117.638325
113.126744 118.193429
113.126744 118.748534
113.681848 119.303638
113.681848 119.858743
114.236953 120.413848
114.792058 120.968952
114.792058 121.524057
115.347162 122.079161
115.347162 122.634266
115.902267 122.634266
115.902267 123.189371
116.457371 123.744475
117.012476 124.299580
117.567581 124.854685
118.122685 125.409789
118.122685 125.964894
118.677790 125.964894
119.232895 126.519998
119.787999 127.075103
120.343104 127.630208
120.898208 128.185312
121.453313 128.740417
122.008418 129.295521
122.563522 129.850626
123.118627 130.405731
123.673731 130.405731
124.228836 130.960835
124.783941 131.515940
125.339045 131.515940
125.894150 132.071044
126.449254 132.626149
127.004359 132.626149
127.559464 133.181254
128.114568 133.181254
128.669673 133.736358
129.224778 133.736358
129.779882 134.291463
130.334987 134.291463
130.890091 134.846568
131.445196 135.401672
132.000301 135.956777
132.555405 136.511881
133.110510 136.511881
133.665614 137.066986
134.220719 137.622091
134.775824 138.177195
135.330928 138.732300
135.886033 139.287404
136.441137 139.287404
136.996242 139.842509
137.551347 140.397614
138.106451 140.397614
138.661556 140.952718
139.216661 140.952718
139.771765 141.507823
140.326870 142.062927
140.881974 142.062927
141.437079 142.618032
141.992184 143.728241
141.992184 144.283346
142.547288 144.838451
143.102393 145.948660
143.102393 146.503764
143.657497 147.613974
143.657497 148.169078
144.212602 148.724183
144.767707 149.834392
144.767707 150.389497
145.322811 150.944601
145.877916 152.054810
145.322811 152.609915
144.767707 153.165020
144.767707 153.720124
144.212602 154.275229
144.212602 154.830334
143.657497 155.385438
143.102393 155.940543
143.102393 156.495647
142.547288 157.050752
141.992184 157.605857
141.437079 157.605857
140.326870 158.160961
139.771765 158.160961
139.216661 158.716066
138.661556 158.716066
138.106451 159.271170
137.551347 159.271170
136.996242 159.826275
136.441137 160.381380
135.886033 160.381380
134.775824 160.936484
134.220719 160.936484
133.665614 161.491589
133.110510 162.046693
132.555405 162.046693
132.000301 162.601798
131.445196 162.601798
130.890091 163.156903
130.334987 163.156903
129.779882 163.156903
129.224778 163.712007
128.669673 163.712007
128.114568 164.267112
127.559464 164.267112
127.004359 164.822217
126.449254 164.822217
125.894150 165.377321
125.339045 165.377321
124.783941 165.377321
124.228836 165.932426
123.673731 165.932426
123.118627 166.487530
122.563522 166.487530
122.008418 167.042635
120.898208 167.042635
120.343104 167.597740
119.787999 167.597740
119.232895 167.597740
118.677790 168.152844
118.122685 168.152844
117.567581 168.707949
117.012476 168.707949
116.457371 169.263053
115.902267 169.263053
115.347162 169.263053
114.792058 169.818158
114.236953 169.818158
113.681848 169.818158
113.126744 169.818158
112.571639 170.373263
111.461430 170.373263
110.906325 170.373263
110.351221 170.373263
109.796116 170.928367
109.241012 170.928367
108.685907 170.928367
108.130802 170.928367
107.575698 171.483472
107.020593 171.483472
106.465488 171.483472
105.355279 171.483472
104.800175 172.038576
104.245070 172.038576
103.689965 172.038576
103.134861 172.038576
102.579756 172.038576
102.024652 172.038576
101.469547 172.038576
100.914442 172.038576
100.359338 172.038576
99.804233 172.038576
99.249129 172.038576
98.694024 171.483472
98.138919 171.483472
97.583815 171.483472
97.028710 171.483472
95.918501 171.483472
95.363396 171.483472
94.808292 171.483472
94.253187 171.483472
93.698082 171.483472
93.142978 170.928367
92.587873 170.928367
92.032769 170.928367
91.477664 170.928367
90.922559 170.928367
90.367455 170.928367
89.812350 170.928367
89.257246 170.928367
88.702141 170.373263
88.147036 170.373263
87.591932 170.373263
87.036827 170.373263
86.481722 170.373263
85.926618 170.373263
85.371513 170.373263
84.816409 169.818158
84.261304 169.263053
83.706199 168.152844
83.151095 167.597740
83.151095 167.042635
82.595990 166.487530
82.040886 165.932426
81.485781 164.822217
80.930676 164.267112
80.930676 163.712007
80.375572 163.156903
79.820467 162.601798
79.265363 162.046693
79.265363 160.936484
78.710258 160.381380
78.155153 159.826275
77.600049 159.271170
77.600049 158.716066
77.600049 158.160961
77.600049 157.605857
77.600049 157.050752
77.600049 155.940543
77.600049 155.385438
77.600049 154.830334
77.600049 154.275229
77.600049 153.720124
77.600049 153.165020
77.600049 152.609915
77.600049 152.054810
77.600049 151.499706
77.600049 150.944601
77.600049 150.389497
78.155153 149.279287
78.155153 148.724183
78.155153 148.169078
78.155153 147.613974
78.155153 147.058869
78.155153 146.503764
78.155153 145.948660
78.155153 145.393555
78.155153 144.838451
78.155153 144.283346
78.155153 143.728241
78.155153 143.173137
78.155153 142.618032
78.155153 141.507823
78.155153 140.952718
78.155153 140.397614
78.155153 139.842509
78.155153 139.287404
78.155153 138.732300
78.155153 138.177195
78.155153 137.622091
78.155153 137.066986
78.155153 136.511881
78.155153 135.956777
78.155153 135.401672
78.155153 134.846568
77.600049 134.291463
77.600049 133.736358
77.600049 133.181254
77.600049 132.626149
77.600049 132.071044
77.600049 131.515940
77.600049 130.960835
77.600049 130.405731
77.600049 129.850626
77.600049 129.295521
77.600049 128.740417
77.600049 128.185312
77.600049 127.075103
77.044944 126.519998
77.044944 125.964894
77.044944 125.409789
77.044944 124.854685
77.044944 124.299580
77.044944 123.744475
77.044944 123.189371
77.044944 122.634266
76.489839 122.079161
76.489839 121.524057
76.489839 120.968952
76.489839 120.413848
76.489839 119.858743
76.489839 119.303638
76.489839 118.748534
76.489839 117.638325
75.934735 117.083220
75.934735 116.528115
75.934735 115.973011
75.934735 115.417906
75.934735 114.862802
75.934735 114.307697
75.934735 113.197488
75.934735 112.642383
75.934735 112.087278
75.934735 111.532174
75.934735 110.977069
75.934735 110.421965
75.379630 109.866860
75.379630 108.756651
75.379630 108.201546
75.379630 107.646442
75.379630 107.091337
75.379630 106.536232
75.379630 105.981128
75.379630 105.426023
75.379630 104.870919
75.379630 103.760709
75.379630 103.205605
74.824526 102.650500
74.824526 102.095395
74.824526 101.540291
74.824526 100.985186
74.824526 100.430082
75.379630 99.319872
75.934735 98.764768
75.934735 98.209663
76.489839 97.654559
77.044944 96.544349
77.044944 95.989245
77.600049 95.434140
78.155153 94.879036
78.155153 94.323931
78.710258 93.213722
79.265363 92.658617
79.265363 92.103512
79.820467 91.548408
80.375572 90.438199
80.375572 89.883094
80.930676 89.327989
81.485781 88.772885
81.485781 87.662676
82.040886 87.107571
82.595990 86.552466
82.595990 85.997362
83.151095 84.887153
83.706199 84.332048
84.261304 83.776943
84.261304 83.221839
84.816409 82.666734
85.371513 82.111629
85.926618 82.111629
86.481722 81.556525
87.036827 81.001420
87.591932 80.446316
88.147036 80.446316
88.702141 79.891211
89.257246 79.336106
89.812350 78.781002
90.367455 78.225897
90.922559 78.225897
91.477664 77.670793
92.032769 77.115688
92.587873 76.560583
93.142978 76.560583
93.698082 76.005479
94.808292 75.450374
95.363396 75.450374
95.918501 74.895270
96.473605 74.895270
97.028710 74.340165
97.583815 74.340165
98.138919 73.785060
98.694024 73.785060
99.249129 73.229956
99.804233 73.229956
100.359338 72.674851
100.914442 72.674851
101.469547 72.119746
102.024652 72.119746
102.579756 72.119746
103.134861 72.119746
103.689965 72.674851
104.245070 72.674851
104.800175 73.229956
105.355279 73.229956
105.910384 73.785060
106.465488 73.785060
107.020593 73.785060
107.575698 74.340165
107.575698 74.895270
107.575698 75.450374
107.575698 76.005479
107.575698 76.560583
107.020593 77.115688
107.020593 77.670793
107.020593 78.225897
107.020593 78.781002
