109.060687 81.061107
109.060687 81.423822
108.697972 81.786537
108.697972 82.149252
108.335258 82.511967
108.335258 82.874682
108.335258 83.237397
107.972543 83.600112
107.972543 83.962826
107.609828 84.325541
107.609828 84.688256
107.247113 85.050971
107.247113 85.413686
107.247113 85.776401
106.884398 86.139116
106.884398 86.501831
106.884398 86.864546
106.521683 87.227261
106.521683 87.589976
106.521683 87.952691
106.521683 88.315405
106.158968 88.678120
106.158968 89.040835
106.158968 89.403550
106.158968 89.766265
105.796253 90.128980
105.796253 90.491695
105.796253 90.854410
105.796253 91.217125
105.796253 91.579840
105.433538 91.942555
105.433538 92.305269
105.433538 92.667984
105.433538 93.030699
105.433538 93.393414
105.433538 93.756129
105.433538 94.118844
105.433538 93.756129
105.433538 94.118844
105.433538 94.481559
105.433538 94.844274
105.070823 95.206989
105.070823 95.569704
105.070823 95.932419
105.070823 96.295133
105.070823 96.657848
105.070823 97.020563
105.070823 97.383278
105.070823 97.745993
105.070823 98.108708
105.070823 98.471423
105.070823 98.834138
105.070823 99.196853
105.070823 99.559568
105.070823 99.922283
105.070823 100.284998
105.070823 99.922283
105.070823 100.284998
105.070823 99.922283
105.070823 100.284998
105.070823 100.647712
105.433538 101.010427
105.433538 101.373142
105.433538 101.735857
105.433538 101.373142
105.433538 101.735857
105.433538 102.098572
105.433538 102.461287
105.433538 102.824002
105.433538 103.186717
105.433538 103.549432
105.433538 103.912147
105.433538 104.274862
105.796253 104.274862
105.433538 104.274862
105.796253 104.274862
105.796253 104.637576
105.796253 105.000291
105.796253 105.363006
105.796253 105.725721
106.158968 106.088436
106.158968 106.451151
106.158968 106.813866
106.158968 107.176581
106.158968 107.539296
106.521683 107.539296
106.158968 107.902011
106.521683 108.264726
106.521683 108.627440
106.884398 108.990155
106.884398 109.352870
106.884398 109.715585
107.247113 110.078300
107.247113 110.441015
107.247113 110.803730
107.609828 111.166445
107.609828 111.529160
107.972543 111.891875
107.972543 112.254590
107.972543 112.617304
108.335258 112.617304
108.335258 112.980019
108.335258 113.342734
108.697972 113.705449
108.697972 114.068164
108.697972 114.430879
109.060687 114.430879
109.060687 114.793594
109.423402 115.156309
109.423402 115.519024
109.786117 115.881739
109.786117 116.244454
110.148832 116.244454
110.148832 116.607169
110.511547 116.969883
110.511547 117.332598
110.874262 117.695313
110.874262 118.058028
111.236977 118.058028
111.236977 118.420743
111.599692 118.783458
111.962407 119.146173
111.962407 119.508888
112.325122 119.871603
112.687836 120.234318
112.687836 120.597033
113.050551 120.597033
113.050551 120.959747
113.413266 121.322462
113.775981 121.685177
114.138696 122.047892
114.501411 122.410607
114.864126 122.773322
115.226841 123.136037
115.589556 123.498752
115.952271 123.861467
116.314986 124.224182
116.677701 124.586897
117.040415 124.949611
117.403130 125.312326
117.765845 125.675041
118.128560 126.037756
118.491275 126.400471
118.853990 126.763186
119.216705 127.125901
119.579420 127.488616
119.942135 127.488616
120.304850 127.851331
120.667565 128.214046
121.030279 128.576761
121.392994 128.576761
121.755709 128.939476
122.118424 129.302190
122.481139 129.302190
122.843854 129.664905
123.206569 130.027620
123.569284 130.027620
123.931999 130.390335
124.294714 130.390335
124.657429 130.753050
125.020143 131.115765
125.382858 131.115765
125.745573 131.478480
126.108288 131.478480
126.471003 131.841195
126.833718 131.841195
127.196433 132.203910
127.559148 132.203910
127.921863 132.203910
128.284578 132.566625
128.647293 132.566625
129.010008 132.929340
129.372722 132.929340
129.735437 133.292054
130.098152 133.292054
130.460867 133.292054
130.823582 133.654769
131.186297 133.654769
131.549012 133.654769
131.549012 134.380199
131.911727 134.742914
131.911727 135.105629
132.274442 135.831059
132.637157 136.193774
132.637157 136.556489
132.999872 137.281918
132.999872 137.644633
133.362586 138.007348
133.725301 138.732778
133.725301 139.095493
134.088016 139.820923
133.725301 140.183638
133.362586 140.546353
132.999872 140.909068
132.637157 141.271782
132.637157 141.634497
132.274442 141.997212
131.911727 142.359927
131.549012 142.722642
131.186297 142.722642
130.823582 142.722642
130.460867 143.085357
130.098152 143.085357
129.735437 143.448072
129.372722 143.448072
128.647293 143.810787
128.284578 143.810787
127.921863 143.810787
127.559148 144.173502
127.196433 144.173502
126.833718 144.536217
126.471003 144.536217
126.108288 144.898932
125.745573 144.898932
125.382858 144.898932
125.020143 145.261647
124.657429 145.261647
124.294714 145.624361
123.931999 145.624361
123.569284 145.987076
123.206569 145.987076
122.843854 145.987076
122.481139 146.349791
122.118424 146.349791
121.755709 146.349791
121.030279 146.349791
120.667565 146.349791
120.304850 146.349791
119.942135 146.349791
119.579420 146.349791
119.216705 146.349791
118.853990 146.712506
118.128560 146.712506
117.765845 146.712506
117.403130 146.712506
117.040415 146.712506
116.677701 146.712506
116.314986 146.712506
115.952271 146.712506
115.226841 146.712506
114.864126 146.712506
114.501411 146.712506
114.138696 146.712506
113.775981 146.712506
113.413266 146.712506
113.050551 146.712506
112.687836 146.712506
112.325122 146.712506
111.962407 146.712506
111.599692 146.712506
110.874262 146.712506
110.511547 146.349791
110.148832 145.987076
109.786117 145.987076
109.423402 145.624361
109.060687 145.261647
108.697972 145.261647
108.335258 144.898932
107.972543 144.536217
107.972543 144.173502
107.609828 143.810787
107.247113 143.448072
106.884398 143.085357
106.521683 142.722642
106.521683 142.359927
106.158968 141.997212
105.796253 141.634497
105.433538 141.271782
105.070823 140.909068
104.708108 140.546353
104.345394 140.183638
104.345394 139.820923
103.982679 139.458208
103.982679 139.095493
103.619964 138.732778
103.619964 138.007348
103.257249 137.644633
103.257249 137.281918
102.894534 136.919204
102.894534 136.556489
102.531819 136.193774
102.531819 135.831059
102.531819 135.468344
102.531819 135.105629
102.169104 134.742914
102.169104 134.380199
102.169104 134.017484
102.169104 133.292054
101.806389 132.929340
101.806389 132.566625
101.806389 132.203910
101.806389 131.841195
101.443674 131.115765
101.443674 130.753050
101.443674 130.390335
101.443674 129.664905
101.080959 129.302190
101.080959 128.576761
101.080959 128.214046
101.080959 127.851331
100.718244 127.125901
100.718244 126.763186
100.718244 126.400471
100.355530 125.675041
100.355530 125.312326
100.355530 124.586897
100.355530 124.224182
99.992815 123.861467
99.992815 123.136037
99.992815 122.773322
99.992815 122.410607
99.630100 121.685177
99.630100 121.322462
99.630100 120.597033
99.267385 120.234318
99.267385 119.871603
99.267385 119.146173
99.267385 118.783458
98.904670 118.420743
98.904670 117.695313
98.904670 117.332598
98.541955 116.607169
98.541955 116.244454
98.541955 115.881739
98.541955 115.519024
98.541955 115.156309
98.541955 114.793594
98.541955 114.430879
98.541955 114.068164
98.541955 113.705449
98.541955 113.342734
98.179240 112.617304
98.179240 112.254590
98.179240 111.891875
97.816525 111.529160
97.816525 111.166445
97.453810 110.441015
97.453810 110.078300
97.091095 109.715585
97.091095 109.352870
97.091095 108.990155
96.728380 108.264726
96.728380 107.902011
96.365665 107.539296
96.365665 107.176581
96.002951 106.451151
96.002951 106.088436
96.002951 105.725721
95.640236 105.363006
95.640236 105.000291
95.277521 104.274862
95.277521 103.912147
94.914806 103.549432
94.914806 103.186717
94.914806 102.461287
94.914806 102.098572
94.914806 101.735857
94.914806 101.373142
94.914806 100.647712
95.277521 100.284998
95.277521 99.922283
95.277521 99.559568
95.277521 99.196853
95.277521 98.471423
95.277521 98.108708
95.640236 97.745993
95.640236 97.383278
95.640236 96.657848
95.640236 96.295133
95.640236 95.932419
96.002951 95.569704
96.002951 94.844274
96.002951 94.481559
96.002951 94.118844
96.002951 93.756129
96.002951 93.393414
96.365665 92.667984
96.365665 92.305269
96.365665 91.942555
96.365665 91.579840
96.365665 90.854410
96.728380 90.491695
96.728380 90.128980
96.728380 89.766265
96.728380 89.040835
96.728380 88.678120
96.728380 88.315405
97.091095 87.952691
97.091095 87.589976
97.453810 87.227261
97.816525 86.864546
98.179240 86.864546
98.541955 86.864546
98.541955 86.501831
98.904670 86.501831
99.267385 86.501831
99.630100 86.501831
99.630100 86.139116
99.992815 86.139116
100.355530 86.139116
100.355530 85.776401
100.718244 85.776401
100.355530 85.776401
100.718244 85.776401
101.080959 85.413686
101.443674 85.413686
101.806389 85.413686
101.806389 85.050971
102.169104 85.050971
101.806389 85.050971
102.169104 85.050971
102.531819 84.688256
102.894534 84.688256
103.257249 84.325541
103.619964 84.325541
103.619964 83.962826
103.982679 83.962826
104.345394 83.962826
104.345394 83.600112
104.708108 83.600112
105.070823 83.237397
105.433538 82.874682
105.796253 82.874682
106.158968 82.511967
106.521683 82.149252
106.884398 82.149252
107.247113 82.149252
107.247113 81.786537
107.609828 81.423822
107.972543 81.061107
108.335258 81.061107
108.697972 80.698392
109.060687 80.698392
109.060687 81.061107
