105.021801 108.190006
105.021801 108.524331
105.356126 108.858657
105.356126 109.192983
105.690452 109.527309
105.690452 109.861634
106.024778 110.195960
106.024778 110.530286
106.024778 110.864612
106.359104 110.864612
106.693429 111.198937
106.693429 111.533263
107.027755 111.867589
107.027755 112.201915
107.362081 112.201915
107.362081 112.536240
107.696407 112.870566
107.696407 113.204892
108.030732 113.539218
108.030732 113.873543
108.030732 114.207869
108.030732 114.542195
108.365058 114.542195
108.365058 114.876521
108.365058 114.542195
108.365058 114.876521
108.365058 115.210846
108.365058 115.545172
108.699384 115.545172
108.699384 115.879498
109.033710 116.213823
109.033710 116.548149
109.033710 116.882475
109.368035 116.882475
109.368035 117.216801
109.702361 117.551126
109.702361 117.885452
110.036687 118.219778
110.036687 118.554104
110.371013 118.888429
110.371013 119.222755
110.705338 119.557081
110.705338 119.891407
111.039664 120.225732
111.373990 120.560058
111.373990 120.894384
111.708316 121.228710
111.708316 121.563035
112.042641 121.563035
112.042641 121.897361
112.042641 122.231687
112.376967 122.231687
112.711293 122.566013
112.711293 122.900338
113.045619 123.234664
113.045619 123.568990
113.379944 123.568990
113.379944 123.903316
113.714270 123.903316
113.714270 124.237641
113.714270 124.571967
114.048596 124.571967
114.382921 124.906293
114.382921 125.240619
114.717247 125.240619
115.051573 125.574944
115.385899 125.909270
115.720224 126.243596
116.054550 126.577922
116.388876 126.912247
116.723202 127.246573
117.057527 127.580899
117.391853 127.915225
117.726179 128.249550
118.060505 128.583876
118.394830 128.918202
118.729156 129.252527
119.063482 129.586853
119.397808 129.921179
119.732133 129.921179
120.066459 130.255505
120.400785 130.589830
120.735111 130.924156
121.069436 130.924156
121.403762 131.258482
121.738088 131.592808
122.072414 131.592808
122.406739 131.927133
122.741065 132.261459
123.075391 132.261459
123.409717 132.595785
123.744042 132.930111
124.078368 132.930111
124.412694 133.264436
124.747020 133.264436
125.081345 133.598762
125.415671 133.598762
125.749997 133.933088
126.084323 133.933088
126.418648 134.267414
126.752974 134.267414
127.087300 134.601739
127.421625 134.601739
127.755951 134.936065
128.090277 134.936065
128.424603 135.270391
128.758928 135.270391
129.093254 135.270391
129.427580 135.604717
129.761906 135.604717
130.096231 135.604717
130.430557 135.939042
130.764883 135.939042
131.099209 135.939042
131.433534 136.273368
131.767860 136.273368
132.102186 136.273368
132.436512 136.607694
132.770837 136.607694
133.105163 136.607694
133.439489 136.607694
133.773815 136.942020
134.108140 136.942020
134.442466 136.942020
134.776792 136.942020
135.111118 137.276345
135.445443 137.276345
135.779769 137.276345
136.114095 137.276345
136.448421 137.276345
136.782746 137.276345
137.117072 137.610671
137.451398 137.944997
137.785724 138.279323
138.120049 138.613648
138.454375 138.947974
138.454375 139.282300
138.120049 139.616626
137.785724 139.950951
137.451398 140.285277
137.451398 140.619603
137.451398 140.953928
137.117072 141.288254
136.782746 141.622580
136.448421 141.956906
136.448421 142.291231
136.448421 142.625557
136.114095 142.959883
135.779769 143.294209
135.445443 143.628534
135.445443 143.962860
135.445443 144.297186
135.111118 144.631512
134.776792 144.965837
134.442466 145.300163
134.442466 145.634489
134.442466 145.968815
134.108140 146.303140
133.773815 146.637466
133.439489 146.971792
133.439489 147.306118
133.105163 147.640443
132.770837 147.974769
132.436512 147.974769
132.102186 147.974769
131.767860 148.309095
131.433534 148.643421
131.099209 148.643421
130.764883 148.977746
130.430557 149.312072
130.096231 149.312072
129.761906 149.646398
129.427580 149.646398
129.093254 149.980724
128.758928 150.315049
128.424603 150.315049
128.090277 150.315049
127.755951 150.649375
127.421625 150.983701
127.087300 150.983701
126.752974 151.318027
126.418648 151.652352
126.084323 151.652352
125.749997 151.986678
125.415671 152.321004
125.081345 152.321004
124.747020 152.655330
124.412694 152.655330
124.078368 152.989655
123.744042 152.989655
123.409717 153.323981
123.075391 153.323981
122.741065 153.658307
122.406739 153.992632
122.072414 153.992632
121.738088 154.326958
121.403762 154.661284
121.069436 154.661284
120.735111 154.661284
120.400785 154.661284
120.066459 154.995610
119.732133 154.995610
119.397808 154.995610
119.063482 154.995610
118.729156 154.995610
118.394830 155.329935
118.060505 155.329935
117.726179 155.329935
117.391853 155.329935
117.057527 155.329935
116.723202 155.664261
116.388876 155.664261
116.054550 155.664261
115.720224 155.664261
115.385899 155.998587
115.051573 155.998587
114.717247 155.998587
114.382921 155.998587
114.048596 155.998587
113.714270 156.332913
113.379944 156.332913
113.045619 156.332913
112.711293 156.332913
112.376967 156.332913
112.042641 156.667238
111.708316 156.667238
111.373990 156.667238
111.039664 156.667238
110.705338 156.667238
110.371013 156.667238
110.036687 156.332913
109.702361 155.998587
109.368035 155.664261
109.033710 155.329935
108.699384 155.329935
108.365058 154.995610
108.030732 154.661284
107.696407 154.326958
107.362081 153.992632
107.027755 153.658307
107.027755 153.323981
107.027755 152.989655
106.693429 152.655330
106.359104 152.321004
106.024778 151.986678
105.690452 151.652352
105.690452 151.318027
105.356126 150.983701
105.021801 150.649375
104.687475 150.315049
104.353149 149.980724
104.353149 149.646398
104.018823 149.312072
104.018823 148.977746
103.684498 148.643421
103.350172 148.309095
103.350172 147.974769
103.350172 147.640443
103.015846 147.306118
103.015846 146.971792
102.681520 146.637466
102.681520 146.303140
102.347195 145.968815
102.347195 145.634489
102.012869 145.300163
102.012869 144.965837
102.012869 144.631512
101.678543 144.297186
101.344218 143.962860
101.344218 143.628534
101.344218 143.294209
101.009892 142.959883
100.675566 142.625557
100.675566 142.291231
100.341240 141.956906
100.341240 141.622580
100.006915 141.288254
100.006915 140.953928
99.672589 140.619603
99.338263 140.285277
99.338263 139.950951
99.338263 139.616626
99.003937 139.282300
98.669612 138.947974
98.669612 138.613648
98.669612 138.279323
98.335286 137.944997
98.000960 137.610671
98.000960 137.276345
98.000960 136.942020
97.666634 136.607694
97.332309 136.273368
97.332309 135.939042
96.997983 135.604717
96.997983 135.270391
96.997983 134.936065
96.997983 134.601739
96.997983 134.267414
96.997983 133.933088
96.997983 133.598762
96.997983 133.264436
96.997983 132.930111
96.997983 132.595785
96.997983 132.261459
96.997983 131.927133
96.997983 131.592808
96.997983 131.258482
96.997983 130.924156
96.997983 130.589830
96.997983 130.255505
96.997983 129.921179
96.663657 129.586853
96.663657 129.252527
96.663657 128.918202
96.663657 128.583876
96.663657 128.249550
96.663657 127.915225
96.663657 127.580899
96.663657 127.246573
96.663657 126.912247
96.663657 126.577922
96.663657 126.243596
96.663657 125.909270
96.663657 125.574944
96.663657 125.240619
96.663657 124.906293
96.663657 124.571967
96.663657 124.237641
96.663657 123.903316
96.663657 123.568990
96.663657 123.234664
96.663657 122.900338
96.663657 122.566013
96.663657 122.231687
96.663657 121.897361
96.663657 121.563035
96.663657 121.228710
96.663657 120.894384
96.663657 120.560058
96.663657 120.225732
96.329331 119.891407
96.329331 119.557081
96.329331 119.222755
96.329331 118.888429
96.329331 118.554104
96.329331 118.219778
96.329331 117.885452
96.329331 117.551126
96.663657 117.216801
96.663657 116.882475
96.997983 116.548149
97.332309 116.213823
97.666634 115.879498
98.000960 115.545172
98.335286 115.210846
98.335286 114.876521
98.669612 114.542195
99.003937 114.207869
99.338263 113.873543
99.338263 113.539218
99.672589 113.204892
100.006915 112.870566
100.341240 112.536240
100.341240 112.201915
100.675566 111.867589
101.009892 111.533263
101.009892 111.198937
101.344218 110.864612
101.678543 110.530286
101.678543 110.195960
102.012869 109.861634
102.347195 109.527309
102.347195 109.192983
102.681520 108.858657
103.015846 108.524331
103.015846 108.190006
103.350172 107.855680
103.684498 107.855680
104.018823 107.855680
104.353149 107.855680
104.018823 107.855680
103.684498 107.855680
103.350172 107.855680
103.015846 107.855680
102.681520 108.190006
102.347195 108.190006
102.012869 108.190006
101.678543 108.190006
101.344218 108.190006
101.678543 108.190006
101.344218 108.190006
101.009892 108.190006
100.675566 108.190006
100.341240 108.190006
100.675566 108.190006
101.009892 108.190006
101.344218 108.190006
101.678543 108.190006
102.012869 108.190006
102.347195 108.190006
102.681520 108.190006
103.015846 108.190006
103.015846 107.855680
103.350172 107.855680
103.684498 107.855680
104.018823 107.855680
104.353149 107.855680
104.687475 107.855680
105.021801 108.190006
