114.127881 74.953723
114.689966 74.953723
114.689966 75.515808
114.689966 76.077893
114.689966 76.639978
114.127881 77.202063
114.127881 77.764148
113.565796 78.326232
113.003711 78.888317
113.003711 79.450402
112.441627 80.012487
111.879542 80.574572
111.879542 81.136657
111.317457 81.698742
111.317457 82.260826
110.755372 82.822911
110.755372 83.384996
110.755372 83.947081
110.193287 84.509166
110.193287 85.071251
109.631202 85.633335
109.631202 86.195420
109.631202 86.757505
109.069117 87.319590
109.069117 87.881675
109.069117 88.443760
108.507033 89.005845
108.507033 89.567929
108.507033 90.130014
108.507033 90.692099
108.507033 91.254184
107.944948 91.816269
107.944948 92.378354
107.944948 92.940439
107.944948 93.502523
107.944948 94.064608
107.944948 94.626693
107.944948 95.188778
107.944948 95.750863
107.944948 96.312948
107.944948 96.875032
107.944948 97.437117
107.944948 97.999202
107.944948 98.561287
107.944948 99.123372
107.944948 99.685457
107.944948 100.247542
107.944948 100.809626
107.944948 101.371711
107.944948 101.933796
107.944948 102.495881
107.944948 103.057966
107.944948 103.620051
107.944948 104.182136
107.944948 104.744220
107.944948 105.306305
107.944948 105.868390
107.944948 106.430475
108.507033 106.992560
108.507033 107.554645
108.507033 108.116729
108.507033 108.678814
108.507033 109.240899
109.069117 109.802984
109.069117 110.365069
109.069117 110.927154
109.631202 111.489239
109.631202 112.051323
109.631202 112.613408
110.193287 113.175493
110.193287 113.737578
110.755372 114.299663
110.755372 114.861748
110.755372 115.423833
111.317457 115.985917
111.317457 116.548002
111.879542 117.110087
111.879542 117.672172
111.879542 118.234257
111.879542 118.796342
111.879542 119.358426
112.441627 119.358426
112.441627 119.920511
112.441627 120.482596
112.441627 121.044681
112.441627 121.606766
113.003711 122.168851
113.003711 122.730936
113.003711 123.293020
113.565796 123.855105
113.565796 124.417190
113.565796 124.979275
114.127881 125.541360
114.127881 126.103445
114.127881 126.665530
114.689966 126.665530
114.689966 127.227614
114.689966 127.789699
114.689966 128.351784
115.252051 128.351784
115.252051 128.913869
115.252051 129.475954
115.814136 129.475954
115.814136 130.038039
115.814136 130.600123
116.376221 130.600123
116.376221 131.162208
116.938305 131.162208
116.938305 131.724293
117.500390 132.286378
118.062475 132.848463
118.062475 133.410548
118.624560 133.972633
118.624560 134.534717
119.186645 134.534717
119.186645 135.096802
119.748730 135.096802
119.748730 135.658887
120.310814 135.658887
120.310814 136.220972
120.872899 136.783057
121.434984 137.345142
121.997069 137.907227
122.559154 138.469311
123.121239 139.031396
123.683324 139.031396
124.245408 139.593481
124.807493 140.155566
125.369578 140.717651
125.931663 141.279736
126.493748 141.279736
127.055833 141.841820
127.617918 142.403905
128.180002 142.965990
128.180002 143.528075
128.180002 144.652245
128.180002 145.214330
128.742087 145.776414
128.742087 146.338499
128.742087 146.900584
128.180002 147.462669
128.180002 148.024754
128.180002 148.586839
128.180002 149.148924
128.180002 149.711008
128.180002 150.273093
128.180002 150.835178
128.180002 151.397263
128.180002 151.959348
128.180002 152.521433
128.180002 153.083517
128.180002 153.645602
128.180002 154.207687
128.180002 154.769772
128.180002 155.331857
128.180002 155.893942
128.180002 156.456027
128.180002 157.018111
128.180002 157.580196
128.180002 158.142281
128.180002 158.704366
128.180002 159.266451
128.180002 160.390620
128.180002 160.952705
128.180002 161.514790
128.180002 162.076875
128.180002 162.638960
127.617918 163.201045
127.055833 163.763130
126.493748 163.763130
125.931663 164.325214
125.369578 164.887299
124.245408 165.449384
123.683324 165.449384
123.121239 166.011469
122.559154 166.573554
121.997069 167.135639
121.434984 167.697724
120.872899 167.697724
120.310814 168.259808
119.186645 168.821893
118.624560 169.383978
118.062475 169.946063
117.500390 169.946063
116.938305 170.508148
116.376221 171.070233
115.814136 171.632317
115.252051 171.632317
114.127881 171.632317
113.565796 171.632317
112.441627 171.632317
111.879542 171.632317
111.317457 171.632317
110.193287 171.632317
109.631202 171.632317
109.069117 171.632317
107.944948 171.632317
107.382863 171.632317
106.820778 171.632317
105.696608 171.070233
105.134524 171.070233
104.572439 171.070233
103.448269 171.070233
102.886184 171.070233
101.762014 171.070233
101.199930 171.070233
100.637845 171.070233
99.513675 171.070233
98.951590 171.070233
98.389505 171.070233
97.265336 171.070233
96.703251 171.070233
96.141166 171.070233
95.016996 171.070233
94.454911 171.070233
93.892827 171.070233
92.768657 170.508148
92.206572 170.508148
91.082402 170.508148
90.520317 170.508148
89.958233 170.508148
89.396148 170.508148
88.834063 169.946063
88.271978 169.383978
87.709893 169.383978
86.585723 168.821893
86.585723 167.697724
86.023639 167.135639
85.461554 166.573554
84.899469 166.011469
84.337384 165.449384
83.775299 164.325214
83.775299 163.763130
83.213214 163.201045
82.651130 162.638960
82.089045 161.514790
81.526960 160.952705
80.964875 160.390620
80.964875 159.828536
80.402790 159.266451
79.840705 158.142281
79.278620 157.580196
78.716536 157.018111
78.716536 156.456027
78.154451 155.331857
77.592366 154.769772
77.030281 154.207687
76.468196 153.645602
75.906111 153.083517
75.906111 151.959348
75.344026 151.397263
75.344026 150.835178
75.344026 150.273093
75.344026 149.711008
75.344026 149.148924
75.344026 148.586839
75.344026 148.024754
75.344026 147.462669
75.906111 146.338499
75.906111 145.776414
75.906111 145.214330
75.906111 144.652245
75.906111 144.090160
75.906111 142.965990
75.906111 142.403905
75.906111 141.841820
76.468196 141.279736
76.468196 140.717651
76.468196 139.593481
76.468196 139.031396
76.468196 138.469311
76.468196 137.907227
76.468196 136.783057
76.468196 136.220972
76.468196 135.658887
77.030281 135.096802
77.030281 134.534717
77.030281 133.410548
77.030281 132.848463
77.030281 132.286378
77.030281 131.724293
77.030281 131.162208
77.030281 130.038039
77.592366 129.475954
77.592366 128.913869
77.592366 128.351784
77.592366 127.789699
77.592366 126.665530
77.592366 126.103445
78.154451 125.541360
78.154451 124.979275
78.154451 124.417190
78.716536 123.855105
78.716536 123.293020
78.716536 122.730936
78.716536 122.168851
78.716536 121.606766
78.716536 121.044681
79.278620 120.482596
79.278620 119.920511
79.278620 119.358426
79.278620 118.796342
79.278620 118.234257
79.278620 117.672172
79.278620 117.110087
79.278620 116.548002
79.840705 115.985917
79.840705 114.861748
79.840705 114.299663
79.840705 113.737578
79.840705 113.175493
79.840705 112.613408
79.840705 112.051323
79.840705 111.489239
79.840705 110.927154
80.402790 110.365069
80.402790 109.802984
80.402790 109.240899
80.402790 108.678814
80.402790 108.116729
80.402790 107.554645
80.402790 106.992560
80.402790 106.430475
80.964875 105.306305
80.964875 104.744220
80.964875 104.182136
80.964875 103.620051
80.964875 103.057966
80.964875 102.495881
80.964875 101.933796
80.964875 101.371711
80.964875 100.809626
80.964875 100.247542
80.964875 99.685457
80.964875 99.123372
80.964875 98.561287
80.964875 97.437117
80.964875 96.875032
80.964875 96.312948
80.964875 95.750863
80.964875 94.626693
80.964875 94.064608
80.964875 93.502523
80.964875 92.940439
80.964875 92.378354
80.964875 91.254184
80.964875 90.692099
80.964875 90.130014
80.964875 89.567929
80.964875 88.443760
80.964875 87.881675
80.964875 87.319590
80.964875 86.757505
80.964875 86.195420
80.964875 85.071251
80.964875 84.509166
80.964875 83.947081
80.964875 83.384996
80.964875 82.822911
80.964875 82.260826
80.964875 81.698742
80.964875 81.136657
80.964875 80.574572
80.964875 79.450402
81.526960 78.888317
82.089045 78.326232
82.651130 77.764148
83.213214 77.202063
83.775299 76.639978
84.337384 76.077893
84.899469 75.515808
85.461554 74.953723
86.023639 74.391639
86.585723 73.829554
87.147808 73.267469
87.709893 72.705384
88.271978 72.143299
88.834063 71.581214
89.396148 71.019129
89.958233 71.019129
90.520317 70.457045
91.644487 70.457045
92.206572 69.894960
92.768657 69.894960
93.330742 69.332875
93.892827 69.332875
94.454911 68.770790
95.016996 68.770790
95.579081 68.208705
96.703251 68.208705
97.265336 67.646620
97.827420 67.084535
98.389505 67.084535
98.951590 66.522451
99.513675 66.522451
100.075760 65.960366
100.637845 65.960366
101.762014 65.398281
102.324099 65.960366
102.886184 65.960366
103.448269 66.522451
104.010354 66.522451
104.572439 67.084535
105.134524 67.084535
106.258693 67.084535
106.820778 67.646620
107.382863 67.646620
107.944948 68.208705
108.507033 68.208705
109.069117 68.770790
109.631202 68.770790
110.193287 69.332875
111.317457 69.332875
111.879542 69.332875
112.441627 69.894960
113.003711 69.894960
113.565796 70.457045
114.127881 71.019129
114.127881 71.581214
114.127881 72.143299
114.127881 72.705384
114.127881 73.267469
114.127881 72.705384
114.127881 72.143299
114.127881 72.705384
114.127881 73.267469
114.127881 73.829554
114.127881 74.391639
114.127881 74.953723
