104.990282 82.630534
104.990282 83.040054
104.990282 83.449573
104.990282 83.859093
104.580762 84.268612
104.580762 84.678132
104.580762 85.087651
104.580762 85.497171
104.580762 85.906691
104.171243 86.316210
104.171243 86.725730
104.171243 87.135249
104.171243 87.544769
104.171243 87.954288
104.171243 88.363808
104.171243 87.954288
104.171243 88.363808
104.171243 88.773327
104.171243 89.182847
104.171243 89.592366
104.171243 90.001886
103.761723 90.411406
103.761723 90.820925
103.761723 91.230445
103.761723 91.639964
103.761723 92.049484
103.761723 92.459003
103.761723 92.868523
103.761723 93.278042
103.761723 93.687562
104.171243 94.097081
104.171243 94.506601
104.171243 94.916121
104.171243 95.325640
104.171243 95.735160
104.171243 96.144679
104.171243 96.554199
104.171243 96.963718
104.171243 97.373238
104.171243 97.782757
104.580762 98.192277
104.580762 98.601797
104.580762 99.011316
104.580762 99.420836
104.580762 99.830355
104.580762 100.239875
104.990282 100.239875
104.990282 100.649394
104.990282 101.058914
104.990282 101.468433
104.990282 101.877953
105.399801 101.877953
105.399801 102.287472
105.399801 102.696992
105.399801 103.106512
105.399801 103.516031
105.809321 103.516031
105.809321 103.925551
105.809321 104.335070
105.809321 104.744590
105.809321 105.154109
106.218840 105.154109
106.218840 105.563629
106.218840 105.973148
106.628360 106.382668
106.628360 106.792187
107.037879 107.201707
107.037879 107.611227
107.037879 108.020746
107.447399 108.430266
107.447399 108.839785
107.447399 109.249305
107.856919 109.249305
107.856919 109.658824
107.856919 110.068344
108.266438 110.068344
108.266438 110.477863
108.266438 110.887383
108.675958 110.887383
108.675958 111.296903
109.085477 111.706422
109.085477 112.115942
109.085477 112.525461
109.494997 112.525461
109.494997 112.934981
109.494997 113.344500
109.904516 113.344500
109.904516 113.754020
110.314036 113.754020
110.314036 114.163539
110.723555 114.573059
110.723555 114.982578
110.723555 115.392098
111.133075 115.392098
111.133075 115.801618
111.133075 116.211137
111.542595 116.620657
111.542595 117.030176
111.542595 117.439696
111.952114 117.439696
111.952114 117.849215
111.952114 118.258735
111.952114 118.668254
112.361634 118.668254
112.361634 119.077774
112.361634 119.487293
112.771153 119.487293
112.771153 119.896813
112.771153 120.306333
113.180673 120.306333
113.180673 120.715852
113.180673 121.125372
113.590192 121.125372
113.590192 121.534891
113.590192 121.944411
113.999712 121.944411
113.999712 122.353930
113.999712 122.763450
114.409231 122.763450
114.409231 123.172969
114.409231 123.582489
114.818751 123.582489
115.228270 123.992009
115.228270 124.401528
115.637790 124.811048
115.637790 125.220567
116.047310 125.630087
116.456829 126.039606
116.456829 126.449126
116.866349 126.449126
116.866349 126.858645
117.275868 127.268165
117.275868 127.677684
117.685388 127.677684
117.685388 128.087204
118.094907 128.087204
118.504427 128.496724
118.504427 128.906243
118.504427 129.315763
118.913946 129.315763
119.323466 129.725282
119.732985 130.134802
120.142505 130.544321
120.552025 130.953841
120.961544 131.363360
121.371064 131.772880
121.780583 132.182399
122.190103 132.591919
122.599622 132.591919
123.009142 133.001439
123.418661 133.410958
123.828181 133.820478
124.237700 134.229997
124.647220 134.229997
125.056740 134.639517
125.466259 135.049036
125.875779 135.458556
126.285298 135.458556
126.694818 135.868075
127.104337 135.868075
127.513857 136.277595
127.923376 136.687114
128.332896 136.687114
128.742416 137.096634
129.151935 137.096634
129.561455 137.506154
129.970974 137.506154
130.380494 137.915673
130.790013 137.915673
131.199533 138.325193
131.609052 138.325193
132.018572 138.734712
132.428091 138.734712
132.837611 139.144232
133.247131 139.144232
133.656650 139.144232
134.066170 139.553751
134.475689 139.553751
134.885209 139.963271
135.294728 139.963271
135.704248 139.963271
136.113767 140.372790
136.523287 140.372790
136.932806 140.372790
137.342326 140.372790
137.751846 140.782310
138.161365 140.782310
138.161365 141.191830
138.570885 141.601349
138.980404 142.420388
139.389924 142.829908
139.799443 143.239427
139.799443 144.058466
140.208963 144.467986
140.618482 145.287025
140.208963 145.287025
139.799443 145.696545
139.389924 146.106064
138.980404 146.106064
138.570885 146.515584
138.161365 146.925103
137.751846 146.925103
137.342326 147.334623
136.932806 147.744142
136.523287 147.744142
136.113767 148.153662
135.704248 148.563181
134.885209 148.563181
134.475689 148.972701
134.066170 148.972701
133.656650 149.382220
133.247131 149.791740
132.837611 149.791740
132.428091 150.201260
132.018572 150.201260
131.199533 150.201260
130.790013 150.610779
130.380494 150.610779
129.970974 151.020299
129.561455 151.020299
129.151935 151.020299
128.332896 151.429818
127.923376 151.429818
127.513857 151.839338
127.104337 151.839338
126.694818 151.839338
126.285298 152.248857
125.466259 152.248857
125.056740 152.658377
124.647220 152.658377
124.237700 152.658377
123.828181 153.067896
123.418661 153.067896
122.599622 153.477416
122.190103 153.477416
121.780583 153.477416
121.371064 153.886936
120.961544 153.886936
120.142505 154.296455
119.732985 154.296455
119.323466 154.296455
118.913946 154.705975
118.504427 154.705975
118.094907 155.115494
117.275868 155.115494
116.866349 155.115494
116.456829 155.525014
116.047310 155.525014
115.637790 155.525014
115.228270 155.525014
114.818751 155.525014
114.409231 155.934533
113.999712 155.934533
113.590192 155.934533
113.180673 155.934533
112.771153 155.934533
111.952114 156.344053
111.542595 156.344053
111.133075 156.344053
110.723555 156.344053
110.314036 156.753572
109.904516 156.753572
109.494997 156.753572
109.085477 156.753572
108.675958 156.753572
108.266438 157.163092
107.856919 157.163092
107.447399 157.163092
107.037879 157.163092
106.218840 157.163092
105.809321 157.163092
105.399801 157.163092
104.990282 157.163092
104.580762 157.163092
104.171243 156.753572
103.761723 156.753572
103.352204 156.753572
102.942684 156.753572
102.533164 156.753572
102.123645 156.344053
101.714125 156.344053
100.895086 156.344053
100.485567 156.344053
100.076047 155.934533
99.666528 155.934533
99.257008 155.934533
98.847489 155.934533
98.437969 155.934533
98.028449 155.525014
97.618930 155.525014
97.209410 155.525014
96.799891 155.525014
96.390371 155.525014
95.980852 155.115494
95.161813 155.115494
95.161813 154.705975
95.161813 154.296455
95.161813 153.886936
95.161813 153.477416
94.752293 153.067896
94.752293 152.658377
94.752293 152.248857
94.752293 151.839338
94.752293 151.429818
94.342773 151.020299
94.342773 150.201260
94.342773 149.791740
94.342773 149.382220
93.933254 148.972701
93.933254 148.563181
93.933254 148.153662
93.933254 147.744142
93.933254 147.334623
93.523734 146.925103
93.523734 146.515584
93.523734 146.106064
93.523734 145.696545
93.523734 145.287025
93.114215 144.467986
93.114215 144.058466
93.114215 143.648947
93.114215 143.239427
92.704695 142.829908
92.704695 142.420388
92.704695 142.010869
92.704695 141.601349
92.704695 141.191830
92.704695 140.782310
92.704695 140.372790
92.704695 139.963271
92.704695 139.553751
92.704695 139.144232
92.704695 138.734712
92.295176 138.325193
92.295176 137.915673
92.295176 137.506154
92.295176 137.096634
91.885656 136.687114
91.885656 135.868075
91.885656 135.458556
91.885656 135.049036
91.885656 134.639517
91.885656 134.229997
91.885656 133.820478
91.885656 133.410958
91.885656 133.001439
91.885656 132.591919
91.885656 132.182399
91.885656 131.772880
91.885656 131.363360
91.885656 130.953841
91.885656 130.544321
91.885656 130.134802
91.885656 129.725282
91.885656 129.315763
91.885656 128.906243
91.885656 128.496724
91.885656 127.677684
91.885656 127.268165
91.885656 126.858645
91.885656 126.449126
91.885656 126.039606
91.885656 125.630087
91.885656 125.220567
91.885656 124.811048
91.885656 124.401528
91.885656 123.992009
91.885656 123.582489
91.885656 123.172969
91.885656 122.763450
91.885656 122.353930
91.885656 121.944411
91.885656 121.534891
91.885656 121.125372
91.885656 120.715852
91.885656 120.306333
91.885656 119.896813
91.885656 119.487293
91.885656 118.668254
91.885656 118.258735
91.885656 117.849215
91.885656 117.030176
91.885656 116.620657
91.885656 116.211137
91.885656 115.801618
91.476137 114.982578
91.476137 114.573059
91.476137 114.163539
91.476137 113.344500
91.476137 112.934981
91.476137 112.525461
91.476137 111.706422
91.476137 111.296903
91.476137 110.887383
91.476137 110.477863
91.066617 109.658824
91.066617 109.249305
91.066617 108.839785
91.066617 108.020746
91.066617 107.611227
91.066617 107.201707
91.066617 106.792187
91.066617 105.973148
91.066617 105.563629
91.066617 105.154109
91.066617 104.744590
91.066617 104.335070
91.066617 103.925551
91.066617 103.516031
91.066617 103.106512
91.066617 102.696992
91.066617 102.287472
91.066617 101.877953
91.066617 101.468433
91.066617 101.058914
91.066617 100.649394
91.066617 100.239875
91.066617 99.830355
91.066617 99.011316
91.476137 98.601797
91.476137 98.192277
91.476137 97.782757
91.476137 97.373238
91.476137 96.963718
91.476137 96.554199
91.885656 95.735160
91.885656 95.325640
91.885656 94.916121
91.885656 94.506601
92.295176 94.097081
92.295176 93.687562
92.704695 93.278042
93.114215 92.868523
93.523734 92.459003
93.933254 92.049484
94.342773 91.639964
94.342773 91.230445
94.752293 90.411406
95.161813 90.001886
95.571332 89.592366
95.980852 89.182847
95.980852 88.773327
96.390371 88.363808
96.799891 87.954288
97.209410 87.544769
97.618930 87.135249
97.618930 86.725730
98.028449 86.316210
98.437969 85.906691
98.847489 85.497171
99.257008 84.678132
99.257008 84.268612
99.666528 83.859093
100.076047 83.449573
100.485567 83.040054
100.895086 83.040054
101.304606 82.630534
101.714125 82.221015
102.123645 82.221015
102.533164 81.811495
102.942684 81.811495
103.352204 81.811495
103.761723 81.811495
104.171243 81.811495
104.580762 81.811495
104.990282 82.221015
105.399801 82.221015
104.990282 82.630534
