109.534259 105.674663
109.826502 105.674663
110.118745 105.674663
110.410989 105.674663
110.703232 105.674663
110.995475 105.382420
111.287718 105.382420
111.579961 105.382420
111.872204 105.382420
112.164447 105.382420
112.456690 105.674663
112.456690 105.966906
112.456690 106.259149
112.456690 106.551392
112.456690 106.843636
112.456690 107.135879
112.456690 107.428122
112.456690 107.720365
112.456690 108.012608
112.748933 108.304851
112.748933 108.597094
112.748933 108.889337
112.748933 109.181580
112.748933 109.473823
112.748933 109.766067
113.041176 110.058310
113.041176 110.350553
113.041176 110.642796
113.041176 110.935039
113.041176 111.227282
113.333420 111.519525
113.333420 111.811768
113.333420 112.104011
113.333420 112.396254
113.625663 112.688498
113.625663 112.980741
113.625663 113.272984
113.625663 113.565227
113.917906 113.565227
113.917906 113.857470
113.917906 114.149713
114.210149 114.441956
114.210149 114.734199
114.210149 115.026442
114.210149 115.318686
114.502392 115.318686
114.502392 115.610929
114.502392 115.903172
114.794635 116.195415
114.794635 116.487658
114.794635 116.779901
115.086878 116.779901
115.086878 117.072144
115.086878 117.364387
115.379121 117.364387
115.379121 117.656630
115.379121 117.948873
115.671364 118.241117
115.671364 118.533360
115.671364 118.825603
115.963607 118.825603
115.963607 119.117846
116.255851 119.410089
116.255851 119.702332
116.548094 119.994575
116.840337 120.286818
116.840337 120.579061
117.132580 120.871304
117.132580 121.163548
117.424823 121.455791
117.424823 121.748034
117.717066 122.040277
118.009309 122.332520
118.009309 122.624763
118.301552 122.624763
118.301552 122.917006
118.301552 123.209249
118.593795 123.209249
118.886038 123.501492
118.886038 123.793735
119.178282 124.085979
119.470525 124.378222
119.470525 124.670465
119.762768 124.670465
120.055011 124.962708
120.055011 125.254951
120.347254 125.547194
120.639497 125.839437
120.931740 126.131680
121.223983 126.423923
121.516226 126.716167
121.808469 127.008410
122.100713 127.300653
122.392956 127.592896
122.685199 127.885139
122.977442 128.177382
123.269685 128.469625
123.561928 128.761868
123.854171 129.054111
124.146414 129.346354
124.438657 129.638598
124.730901 129.638598
125.023144 129.930841
125.315387 130.223084
125.607630 130.515327
125.899873 130.807570
126.192116 130.807570
126.484359 131.099813
126.776602 131.392056
127.068845 131.392056
127.361088 131.684299
127.653332 131.976542
127.945575 131.976542
128.237818 132.268785
128.530061 132.561029
128.822304 132.561029
129.114547 132.853272
129.406790 132.853272
129.699033 133.145515
129.991276 133.145515
130.283519 133.437758
130.575763 133.730001
130.868006 133.730001
131.160249 134.022244
131.452492 134.022244
131.744735 134.314487
132.036978 134.314487
132.329221 134.314487
132.621464 134.606730
132.913707 134.606730
133.205950 134.898973
133.498194 134.898973
133.790437 135.191216
134.082680 135.191216
134.374923 135.191216
134.667166 135.483460
134.959409 135.483460
135.251652 135.483460
135.543895 135.775703
135.836138 135.775703
136.128382 135.775703
136.420625 136.067946
136.712868 136.067946
137.005111 136.067946
137.297354 136.360189
137.589597 136.360189
137.881840 136.360189
138.174083 136.360189
138.466326 136.652432
138.758569 136.652432
139.050813 136.652432
139.343056 136.944675
139.635299 137.236918
139.927542 137.529161
140.219785 137.821404
140.512028 138.113648
140.804271 138.698134
140.804271 138.990377
140.804271 139.282620
140.804271 139.574863
140.804271 139.867106
140.804271 140.159349
140.804271 140.451592
140.804271 140.743835
140.804271 141.036079
140.804271 141.328322
140.804271 141.620565
140.804271 141.912808
140.804271 142.205051
140.804271 142.497294
140.804271 142.789537
140.804271 143.081780
140.804271 143.374023
140.804271 143.958510
140.804271 144.250753
140.804271 144.542996
140.804271 144.835239
140.804271 145.127482
140.804271 145.419725
140.804271 145.711968
140.804271 146.004211
140.804271 146.296454
140.219785 146.588697
139.927542 146.880941
139.635299 147.173184
139.343056 147.173184
139.050813 147.465427
138.758569 147.757670
138.466326 148.049913
137.881840 148.342156
137.589597 148.634399
137.297354 148.926642
137.005111 148.926642
136.712868 149.218885
136.420625 149.511128
136.128382 149.803372
135.836138 150.095615
135.251652 150.387858
134.959409 150.387858
134.667166 150.680101
134.374923 150.972344
134.082680 151.264587
133.790437 151.556830
133.498194 151.849073
133.205950 152.141316
132.913707 152.433560
132.621464 152.725803
132.036978 153.018046
131.744735 153.310289
131.452492 153.602532
131.160249 153.602532
130.868006 153.602532
130.575763 153.602532
130.283519 153.602532
129.991276 153.894775
129.699033 153.894775
129.406790 153.894775
129.114547 153.894775
128.822304 153.894775
128.530061 153.894775
128.237818 153.894775
127.945575 154.187018
127.361088 154.187018
127.068845 154.187018
126.776602 154.187018
126.484359 154.187018
126.192116 154.187018
125.899873 154.187018
125.607630 154.479261
125.315387 154.479261
125.023144 154.479261
124.730901 154.479261
124.438657 154.479261
124.146414 154.479261
123.854171 154.479261
123.269685 154.771504
122.977442 154.771504
122.685199 154.771504
122.392956 154.771504
121.808469 154.771504
121.516226 154.771504
121.223983 154.771504
120.931740 154.771504
120.639497 154.771504
120.055011 154.771504
119.762768 155.063747
119.470525 155.063747
119.178282 155.063747
118.593795 155.063747
118.301552 155.063747
118.009309 155.063747
117.717066 155.063747
117.132580 155.063747
116.840337 155.063747
116.548094 154.771504
116.255851 154.479261
115.963607 154.187018
115.671364 153.894775
115.379121 153.894775
115.086878 153.602532
114.794635 153.310289
114.502392 153.018046
114.210149 152.725803
113.917906 152.433560
113.625663 152.141316
113.333420 151.849073
113.041176 151.556830
112.748933 151.264587
112.456690 150.972344
112.164447 150.680101
111.872204 150.387858
111.287718 150.095615
110.995475 149.803372
110.703232 149.511128
110.703232 149.218885
110.703232 148.926642
110.410989 148.634399
110.410989 148.342156
110.410989 148.049913
110.118745 147.757670
110.118745 147.465427
110.118745 147.173184
109.826502 146.880941
109.826502 146.588697
109.826502 146.296454
109.534259 146.004211
109.242016 145.711968
109.242016 145.419725
108.949773 144.835239
108.657530 144.542996
108.657530 144.250753
108.365287 143.958510
108.073044 143.666266
107.780801 143.374023
107.780801 143.081780
107.488557 142.789537
107.196314 142.205051
107.196314 141.912808
106.904071 141.620565
106.611828 141.328322
106.611828 141.036079
106.319585 140.743835
106.027342 140.451592
106.027342 139.867106
105.735099 139.574863
105.442856 139.282620
105.442856 138.990377
105.150613 138.698134
104.858370 138.405891
104.858370 138.113648
104.566126 137.529161
104.566126 137.236918
104.566126 136.652432
104.566126 136.360189
104.273883 135.775703
104.273883 135.483460
104.273883 134.898973
104.273883 134.606730
104.273883 134.022244
103.981640 133.730001
103.981640 133.145515
103.981640 132.853272
103.981640 132.268785
103.689397 131.976542
103.689397 131.392056
103.689397 131.099813
103.689397 130.807570
103.397154 130.223084
103.397154 129.930841
103.397154 129.346354
103.397154 129.054111
103.397154 128.469625
103.104911 128.177382
103.104911 127.592896
103.104911 127.300653
103.104911 126.716167
102.812668 126.423923
102.812668 125.839437
102.812668 125.547194
102.812668 124.962708
102.812668 124.670465
102.520425 124.085979
102.520425 123.793735
102.520425 123.501492
102.520425 123.209249
102.812668 122.917006
102.812668 122.624763
102.812668 122.332520
102.812668 122.040277
102.812668 121.748034
103.104911 121.455791
103.104911 121.163548
103.104911 120.579061
103.104911 120.286818
103.104911 119.994575
103.104911 119.702332
103.104911 119.410089
103.104911 119.117846
103.104911 118.825603
103.104911 118.533360
103.104911 118.241117
103.104911 117.948873
103.104911 117.364387
103.397154 117.072144
103.397154 116.779901
103.689397 116.487658
103.981640 116.195415
103.981640 115.903172
104.273883 115.610929
104.273883 115.318686
104.566126 115.026442
104.858370 114.734199
104.858370 114.441956
105.150613 114.149713
105.150613 113.857470
105.442856 113.565227
105.442856 113.272984
105.735099 112.980741
105.735099 112.688498
106.027342 112.396254
106.027342 112.104011
106.319585 111.811768
106.319585 111.519525
106.611828 111.227282
106.611828 110.935039
106.904071 110.642796
106.904071 110.350553
106.904071 110.642796
106.904071 110.350553
106.904071 110.642796
106.904071 110.350553
107.196314 110.058310
107.196314 109.766067
107.488557 109.473823
107.488557 109.181580
107.780801 108.889337
107.780801 108.597094
107.780801 108.304851
108.073044 108.012608
108.073044 107.720365
108.073044 108.012608
108.073044 107.720365
108.365287 107.428122
108.365287 107.135879
108.365287 106.843636
108.657530 106.551392
108.657530 106.259149
108.949773 105.966906
108.949773 105.674663
109.242016 105.674663
109.534259 105.674663
