109.577267 78.856138
109.089644 79.343762
109.089644 79.831385
108.602020 80.319009
108.602020 80.806633
108.602020 81.294256
108.114396 81.781880
108.114396 82.269504
107.626773 82.757127
107.626773 83.244751
107.626773 83.732375
107.626773 84.219998
107.139149 84.707622
107.139149 85.195246
107.139149 85.682869
106.651525 86.170493
106.651525 86.658117
106.651525 87.145740
106.651525 87.633364
106.651525 88.120988
106.163902 88.608611
106.163902 89.096235
106.163902 89.583859
106.163902 90.071482
106.163902 90.559106
106.163902 91.046730
106.163902 91.534353
105.676278 92.021977
105.676278 92.509601
105.676278 92.997224
105.676278 93.484848
105.676278 93.972472
105.676278 94.460095
105.676278 94.947719
105.676278 95.435343
105.676278 95.922966
105.676278 96.410590
105.676278 96.898214
105.676278 97.385837
105.676278 97.873461
105.676278 98.361085
105.676278 98.848708
105.676278 99.336332
105.676278 99.823956
105.676278 100.311579
105.676278 100.799203
106.163902 101.286827
106.163902 101.774450
106.163902 102.262074
106.163902 102.749698
106.163902 103.237321
106.163902 103.724945
106.163902 104.212569
106.163902 104.700192
106.651525 104.700192
106.651525 105.187816
106.651525 105.675440
106.651525 106.163063
106.651525 106.650687
107.139149 107.138311
106.651525 107.625934
107.139149 108.113558
107.626773 108.601182
107.626773 109.088805
107.626773 109.576429
107.626773 110.064053
108.114396 110.551676
108.114396 111.039300
108.114396 111.526924
108.602020 111.526924
108.602020 112.014547
108.602020 112.502171
109.089644 112.989795
109.089644 113.477418
109.089644 113.965042
109.089644 114.452666
109.577267 114.452666
109.577267 114.940289
109.577267 115.427913
110.064891 115.915537
110.064891 116.403160
110.064891 116.890784
110.064891 117.378408
110.064891 117.866031
110.552515 117.866031
110.552515 118.353655
111.040138 118.841279
111.040138 119.328902
111.040138 119.816526
111.040138 120.304150
111.527762 120.304150
111.527762 120.791773
112.015386 121.279397
112.015386 121.767020
112.503009 122.254644
112.503009 122.742268
112.990633 123.229891
112.990633 123.717515
113.478257 124.205139
113.478257 124.692762
113.965880 125.180386
113.965880 125.668010
114.453504 126.155633
114.453504 126.643257
114.941128 126.643257
114.941128 127.130881
115.428751 127.618504
115.916375 128.106128
115.916375 128.593752
116.403999 129.081375
116.403999 129.568999
116.891622 129.568999
116.891622 130.056623
117.379246 130.056623
117.379246 130.544246
117.866870 130.544246
117.866870 131.031870
118.354493 131.519494
118.842117 132.007117
119.329741 132.494741
119.817364 132.982365
120.304988 133.469988
120.792612 133.957612
121.280235 134.445236
121.767859 134.932859
122.255483 135.420483
122.743106 135.908107
123.230730 135.908107
123.718354 136.395730
124.205977 136.883354
124.693601 137.370978
125.181225 137.858601
125.668848 137.858601
126.156472 138.346225
126.644096 138.833849
127.131719 138.833849
127.619343 139.321472
128.106967 139.809096
128.594590 139.809096
129.082214 140.296720
129.569838 140.296720
130.057461 140.784343
130.545085 140.784343
131.032709 141.271967
131.520332 141.271967
132.007956 141.759591
132.495580 141.759591
132.983203 142.247214
133.470827 142.247214
133.958451 143.222462
133.958451 143.710085
134.446074 144.197709
134.446074 144.685333
134.446074 145.172956
134.933698 145.660580
134.933698 146.148204
134.933698 146.635827
134.933698 147.123451
134.933698 147.611075
134.933698 148.098698
134.933698 148.586322
134.446074 149.073946
134.446074 150.049193
133.958451 150.536817
133.958451 151.024440
133.470827 151.512064
133.470827 151.999688
132.983203 152.487311
132.983203 152.974935
132.495580 153.462559
132.495580 153.950182
132.007956 154.437806
132.007956 154.925430
132.007956 155.413053
131.520332 156.388301
131.520332 156.875924
131.032709 156.875924
130.057461 157.363548
129.569838 157.363548
129.082214 157.851172
128.106967 157.851172
127.619343 157.851172
127.131719 158.338795
126.644096 158.338795
125.668848 158.826419
125.181225 158.826419
124.693601 159.314043
124.205977 159.314043
123.230730 159.801666
122.743106 159.801666
122.255483 160.289290
121.280235 160.289290
120.792612 160.289290
120.304988 160.776914
119.817364 160.776914
118.842117 161.264537
118.354493 161.264537
117.866870 161.752161
117.379246 161.752161
116.403999 162.239785
115.916375 162.239785
115.428751 162.239785
114.941128 162.239785
114.453504 162.239785
113.965880 162.239785
113.478257 162.239785
112.990633 162.239785
112.503009 162.239785
112.015386 162.239785
111.527762 162.239785
111.040138 162.239785
110.552515 162.239785
109.577267 162.239785
109.089644 162.239785
108.602020 162.727408
108.114396 162.727408
107.626773 162.727408
106.651525 162.727408
106.163902 162.727408
105.676278 162.727408
105.188654 162.727408
104.213407 162.727408
103.725783 162.727408
103.238160 162.727408
102.750536 162.727408
101.775289 163.215032
101.287665 163.215032
100.800042 163.215032
100.312418 163.215032
99.824794 163.215032
98.849547 163.215032
98.361923 163.215032
97.874300 163.215032
97.386676 163.215032
96.411429 163.215032
95.923805 163.215032
95.436181 163.702656
94.948558 163.702656
94.460934 163.702656
93.973310 163.702656
93.485687 163.702656
92.998063 163.702656
92.510439 164.190279
92.022816 163.702656
91.535192 163.702656
90.559945 163.702656
90.072321 163.215032
89.584697 163.215032
89.097074 162.727408
88.609450 162.727408
88.121826 162.727408
87.634203 162.239785
87.146579 162.239785
86.171332 162.239785
85.683708 161.752161
85.196084 161.752161
84.708461 161.752161
84.220837 161.264537
83.733213 161.264537
83.245590 161.264537
82.270342 160.776914
81.782719 160.776914
81.295095 160.289290
81.295095 159.801666
81.295095 159.314043
81.295095 158.338795
81.295095 157.851172
81.295095 157.363548
81.295095 156.875924
81.295095 155.900677
80.807471 155.413053
80.807471 154.925430
80.807471 154.437806
80.807471 153.462559
80.807471 152.974935
80.807471 152.487311
80.807471 151.999688
80.807471 151.024440
80.807471 150.536817
80.319848 150.049193
80.319848 149.561569
80.319848 148.586322
80.319848 148.098698
80.319848 147.611075
80.807471 147.123451
80.807471 146.635827
80.807471 146.148204
80.807471 145.660580
81.295095 145.172956
81.295095 144.685333
81.295095 144.197709
81.295095 143.222462
81.295095 142.734838
81.782719 142.247214
81.782719 141.759591
81.782719 140.784343
81.782719 140.296720
81.782719 139.809096
82.270342 139.321472
82.270342 138.346225
82.270342 137.858601
82.270342 137.370978
82.270342 136.883354
82.757966 136.395730
82.757966 135.420483
82.757966 134.932859
82.757966 134.445236
82.757966 133.957612
83.245590 132.982365
83.245590 132.494741
83.245590 132.007117
83.245590 131.519494
83.245590 131.031870
83.733213 130.056623
83.733213 129.568999
83.733213 129.081375
83.733213 128.593752
83.733213 127.618504
84.220837 127.130881
84.220837 126.643257
84.220837 126.155633
84.220837 125.668010
84.220837 125.180386
84.220837 124.692762
84.220837 124.205139
84.220837 123.717515
84.220837 123.229891
84.220837 122.742268
84.220837 122.254644
84.220837 121.767020
84.220837 120.791773
84.220837 120.304150
84.220837 119.816526
84.220837 119.328902
84.220837 118.353655
84.220837 117.866031
84.220837 117.378408
84.220837 116.890784
84.220837 115.915537
84.220837 115.427913
84.220837 114.940289
84.220837 113.965042
84.220837 113.477418
84.220837 112.989795
84.220837 112.502171
84.220837 111.526924
84.220837 111.039300
84.220837 110.551676
84.220837 110.064053
84.220837 109.088805
84.220837 108.601182
84.220837 108.113558
84.220837 107.625934
84.220837 106.650687
84.220837 106.163063
84.220837 105.675440
84.220837 105.187816
84.220837 104.700192
84.220837 104.212569
84.220837 103.724945
84.220837 103.237321
84.220837 102.262074
84.708461 101.774450
84.708461 101.286827
84.708461 100.799203
85.196084 100.311579
85.196084 99.823956
85.196084 99.336332
85.683708 98.848708
85.683708 97.873461
85.683708 97.385837
86.171332 96.898214
86.171332 96.410590
86.658955 95.922966
86.658955 95.435343
86.658955 94.947719
87.146579 93.972472
87.146579 93.484848
87.146579 92.997224
87.634203 92.509601
87.634203 92.021977
87.634203 91.534353
88.121826 91.046730
88.121826 90.559106
88.609450 89.583859
88.609450 89.096235
88.609450 88.608611
89.097074 88.120988
89.584697 87.633364
90.072321 87.145740
90.072321 86.658117
91.047568 86.170493
91.535192 85.682869
92.022816 85.195246
92.510439 84.707622
92.998063 84.219998
93.485687 83.244751
93.973310 82.757127
94.948558 82.269504
95.436181 81.781880
95.923805 81.294256
96.411429 80.806633
96.899052 80.319009
97.386676 79.831385
98.361923 79.343762
98.849547 78.856138
99.337171 78.368514
99.824794 77.880891
100.312418 77.393267
100.800042 77.393267
101.287665 77.393267
101.775289 76.905643
102.750536 76.905643
103.238160 76.418020
103.725783 76.418020
104.213407 76.418020
104.701031 75.930396
105.188654 75.930396
105.676278 75.930396
106.163902 75.442772
106.651525 75.442772
107.139149 75.442772
107.626773 74.955149
108.114396 75.442772
108.602020 75.930396
108.602020 76.418020
109.089644 76.418020
109.577267 76.905643
110.064891 76.905643
110.064891 77.393267
110.064891 77.880891
109.577267 78.368514
109.577267 78.856138
