107.880289 120.236916
107.656849 120.236916
107.656849 120.460356
107.656849 120.683795
107.433410 120.907234
107.433410 121.130673
107.433410 121.354113
107.209971 121.577552
107.209971 121.800991
107.209971 122.024430
107.209971 122.247870
106.986532 122.247870
106.986532 122.471309
106.763092 122.694748
106.986532 122.918187
106.986532 123.141627
106.986532 123.365066
107.209971 123.588505
107.209971 124.035384
107.209971 124.258823
107.209971 124.482262
107.433410 124.705701
107.433410 124.929141
107.433410 125.376019
107.656849 125.599458
107.656849 125.822898
107.656849 126.046337
107.656849 126.269776
107.880289 126.716655
107.880289 126.940094
107.880289 127.163533
108.103728 127.386972
108.103728 127.610412
108.103728 127.833851
108.327167 128.280729
108.327167 128.504168
108.327167 128.727608
108.327167 128.951047
108.550606 129.174486
108.550606 129.621365
108.550606 129.844804
108.774046 130.068243
108.774046 130.291682
108.774046 130.515122
108.997485 130.962000
108.997485 131.185439
108.997485 131.408879
108.997485 131.632318
109.220924 131.855757
109.220924 132.079196
109.220924 132.526075
109.220924 132.749514
109.220924 132.972953
109.220924 133.196393
109.220924 133.419832
109.220924 133.643271
109.220924 133.866710
109.220924 134.090150
109.220924 134.313589
109.220924 134.760467
109.220924 134.983907
109.667803 135.207346
109.891242 135.430785
110.114681 135.877664
110.338120 136.101103
110.561560 136.547981
110.784999 136.771421
111.008438 136.994860
111.231877 137.441738
111.455317 137.665178
111.902195 138.112056
112.125634 138.335495
112.349074 138.782374
112.572513 139.005813
112.795952 139.229252
113.019391 139.676131
113.242831 139.899570
113.466270 140.346449
113.913148 140.569888
114.136588 140.793327
114.360027 141.240206
114.583466 141.463645
114.806905 141.910523
115.030345 142.133963
115.253784 142.357402
115.477223 142.804280
115.700662 143.027720
116.147541 143.474598
116.370980 143.698037
116.594419 144.144916
116.817859 144.368355
117.041298 144.591794
117.264737 145.038673
117.488176 145.262112
117.711616 145.262112
117.935055 145.262112
118.381933 145.262112
118.605373 145.262112
118.828812 145.262112
119.052251 145.262112
119.275690 145.262112
119.499130 145.262112
119.722569 145.262112
119.946008 145.262112
120.169447 145.485551
120.616326 145.485551
120.839765 145.485551
121.063204 145.485551
121.286644 145.485551
121.510083 145.485551
121.733522 145.485551
121.956961 145.485551
122.180401 145.485551
122.403840 145.485551
122.850718 145.485551
123.074158 145.485551
123.297597 145.485551
123.521036 145.485551
123.744475 145.708991
123.967915 145.708991
124.191354 145.708991
124.414793 145.708991
124.861672 145.708991
125.085111 145.708991
125.308550 145.708991
125.531989 145.708991
125.755429 145.708991
125.978868 145.708991
126.425746 145.708991
126.649186 145.485551
126.872625 145.485551
127.319503 145.485551
127.542943 145.485551
127.766382 145.485551
128.213260 145.262112
128.436700 145.262112
128.660139 145.262112
129.107017 145.262112
129.330457 145.038673
129.553896 145.038673
130.000774 145.038673
130.224214 145.038673
130.447653 145.038673
130.894531 144.815234
131.117971 144.815234
131.341410 144.815234
131.788288 144.815234
132.011728 144.591794
132.235167 144.591794
132.682045 144.591794
132.905485 144.591794
133.128924 144.591794
133.575802 144.368355
133.799242 144.368355
134.022681 144.368355
134.469559 144.368355
134.692999 144.144916
134.916438 144.144916
135.363316 144.144916
135.586756 144.144916
135.810195 143.921477
136.033634 143.698037
136.257073 143.474598
136.257073 143.251159
136.480513 143.027720
136.703952 142.804280
136.927391 142.357402
136.927391 142.133963
137.150830 141.910523
137.374270 141.687084
137.597709 141.463645
137.597709 141.240206
137.821148 141.016766
138.044587 140.793327
138.268027 140.569888
138.268027 140.346449
138.491466 140.123009
138.714905 139.899570
138.938344 139.676131
138.938344 139.452692
139.161784 139.229252
139.385223 139.005813
139.608662 138.782374
139.608662 138.558935
139.832101 138.335495
140.055541 138.112056
140.278980 137.888617
140.278980 137.665178
140.502419 137.441738
140.725858 137.218299
140.949298 136.994860
140.949298 136.547981
141.172737 136.324542
140.949298 136.101103
140.502419 135.877664
140.055541 135.430785
139.608662 135.207346
139.161784 134.760467
138.714905 134.313589
138.268027 134.090150
137.821148 133.643271
137.374270 133.419832
136.927391 132.972953
136.480513 132.526075
136.033634 132.302636
135.810195 131.855757
135.363316 131.632318
134.916438 131.185439
134.469559 130.962000
134.022681 130.515122
133.575802 130.068243
133.128924 129.844804
132.682045 129.397925
132.235167 129.174486
131.788288 128.727608
131.341410 128.280729
130.894531 128.057290
130.447653 127.610412
130.000774 127.386972
129.553896 126.940094
129.107017 126.716655
128.660139 126.269776
128.213260 125.822898
127.766382 125.599458
127.319503 125.152580
126.872625 124.929141
126.425746 124.482262
125.978868 124.035384
125.531989 123.811944
125.085111 123.365066
124.638232 123.141627
124.191354 122.694748
123.744475 122.471309
123.297597 122.024430
122.850718 121.577552
122.403840 121.354113
121.956961 120.907234
121.510083 120.683795
121.063204 120.236916
120.616326 119.790038
120.169447 119.566599
119.722569 119.119720
119.275690 118.896281
119.052251 118.672842
118.828812 118.225963
118.605373 118.002524
118.381933 117.779085
118.158494 117.555645
117.935055 117.332206
117.711616 116.885328
117.488176 116.661888
117.264737 116.438449
117.041298 116.215010
116.817859 115.991571
116.594419 115.768131
116.370980 115.321253
116.147541 115.097814
115.924102 114.874374
115.700662 114.650935
115.477223 114.427496
115.253784 113.980617
115.030345 113.757178
114.806905 113.533739
114.583466 113.310300
114.360027 113.086860
114.136588 112.639982
113.913148 112.416543
113.689709 112.193103
113.466270 111.969664
113.242831 111.746225
113.019391 111.746225
112.795952 111.522786
112.572513 111.522786
112.349074 111.299346
112.125634 111.075907
111.902195 111.075907
111.455317 110.852468
111.231877 110.852468
111.008438 110.629029
110.784999 110.405589
110.561560 110.405589
110.338120 110.182150
110.114681 109.958711
109.891242 109.958711
109.667803 109.958711
109.667803 109.735272
109.667803 109.511832
109.667803 109.288393
109.667803 109.511832
109.667803 109.288393
109.667803 109.511832
109.667803 109.735272
109.667803 109.958711
109.667803 110.182150
109.667803 110.405589
109.667803 110.629029
109.667803 110.405589
109.667803 110.629029
109.667803 110.852468
109.667803 111.075907
109.667803 111.299346
109.444363 111.522786
109.444363 111.746225
109.444363 111.522786
109.444363 111.746225
109.444363 111.969664
109.444363 112.193103
109.444363 112.416543
109.444363 112.193103
109.444363 112.416543
109.444363 112.639982
109.444363 112.863421
109.444363 113.086860
109.444363 112.863421
109.444363 113.086860
109.444363 113.310300
109.220924 113.533739
109.220924 113.757178
109.220924 113.533739
109.220924 113.757178
109.220924 113.533739
109.220924 113.757178
109.220924 113.980617
109.220924 114.204057
109.220924 114.427496
109.220924 114.650935
109.220924 114.874374
108.997485 115.097814
108.997485 115.321253
108.997485 115.544692
108.997485 115.768131
108.997485 115.544692
108.997485 115.768131
108.997485 115.544692
108.997485 115.768131
108.997485 115.991571
108.774046 116.215010
108.997485 116.438449
108.774046 116.215010
108.774046 116.438449
108.774046 116.661888
108.774046 116.885328
108.550606 117.108767
108.550606 117.332206
108.550606 117.555645
108.550606 117.332206
108.550606 117.555645
108.550606 117.779085
108.550606 118.002524
108.327167 118.002524
108.327167 118.225963
108.327167 118.002524
108.327167 118.225963
108.327167 118.002524
108.327167 118.225963
108.327167 118.449402
108.327167 118.672842
108.327167 118.896281
108.103728 118.896281
108.103728 119.119720
108.103728 119.343159
107.880289 119.566599
107.880289 119.790038
107.880289 120.013477
107.880289 120.236916
