111.427309 54.036381
112.993986 57.332000
113.681277 61.089294
113.539131 65.162811
112.693254 69.419691
111.321688 73.757333
109.626595 78.109184
107.804441 82.440849
106.017223 86.740959
104.389159 91.011534
103.029977 95.260816
102.059729 99.498704
101.603505 103.733753
101.758861 107.971113
102.573926 112.210883
104.051386 116.446682
106.159115 120.665134
108.834009 124.847278
111.982402 128.972749
115.481160 133.027144
119.178869 137.011987
122.890465 140.953143
126.398944 144.900439
129.470989 148.911147
131.884644 153.018242
133.457232 157.209022
134.067904 161.417448
133.677674 165.527981
132.332907 169.390381
130.142330 172.846910
127.245268 175.771297
123.788929 178.109008
119.924836 179.895883
115.797240 181.233783
111.527341 182.248239
107.202268 183.056466
102.872781 183.750724
98.558554 184.394492
94.257679 185.027457
89.957668 185.662489
85.647089 186.272843
81.327294 186.778489
77.023392 187.043120
72.792881 186.887752
68.727817 186.123473
64.945658 184.605082
61.566480 182.279364
58.681575 179.206792
56.327962 175.538753
54.487490 171.466106
53.109274 167.168856
52.136025 162.784897
51.520774 158.400497
51.227712 154.056562
51.215718 149.762408
51.428663 145.509986
51.805485 141.284794
52.299125 137.072835
52.886375 132.864150
53.559221 128.653813
54.303246 124.441198
55.082705 120.228007
55.839754 116.016189
56.508341 111.806841
57.038562 107.599971
57.422721 103.394384
57.710756 99.187368
58.007534 94.974182
58.449151 90.747464
59.166614 86.497677
60.256886 82.215494
61.776431 77.897170
63.758437 73.552854
66.222817 69.216624
69.171330 64.955864
72.575700 60.875551
76.372991 57.113125
80.475991 53.821402
84.789017 51.142482
89.217068 49.183718
93.663132 48.008286
98.016187 47.641576
102.138829 48.086389
105.864972 49.329389
109.014979 51.335265
111.427309 54.036381
