102.043813 91.540914
102.043813 91.971131
102.043813 92.401349
101.613596 92.831566
101.613596 93.261783
101.613596 93.692000
101.613596 94.122218
101.613596 94.552435
101.613596 94.982652
101.613596 95.412870
101.613596 95.843087
101.613596 96.273304
101.613596 96.703522
101.613596 97.133739
101.613596 97.563956
101.613596 97.994173
101.613596 98.424391
101.613596 98.854608
101.613596 99.284825
101.613596 99.715043
101.613596 100.145260
101.613596 100.575477
101.613596 101.005694
101.613596 101.435912
101.613596 101.866129
101.613596 102.296346
101.613596 102.726564
101.613596 103.156781
101.613596 103.586998
102.043813 103.586998
102.043813 104.017216
102.043813 104.447433
102.043813 104.877650
102.043813 105.307867
102.043813 105.738085
102.474031 106.168302
102.474031 106.598519
102.474031 107.028737
102.474031 107.458954
102.474031 107.889171
102.474031 108.319388
102.904248 108.319388
102.904248 108.749606
102.904248 109.179823
102.904248 109.610040
103.334465 109.610040
103.334465 110.040258
103.334465 110.470475
103.334465 110.900692
103.764683 110.900692
103.764683 111.330910
103.764683 111.761127
104.194900 112.191344
104.194900 112.621561
104.194900 113.051779
104.194900 113.481996
104.625117 113.481996
104.625117 113.912213
105.055335 114.342431
105.055335 114.772648
105.055335 115.202865
105.485552 115.202865
105.485552 115.633082
105.915769 116.063300
105.915769 116.493517
106.345986 116.923734
106.776204 117.353952
106.776204 117.784169
107.206421 118.214386
107.206421 118.644603
107.206421 119.074821
107.636638 119.074821
108.066856 119.505038
108.497073 119.935255
108.497073 120.365473
108.497073 120.795690
108.927290 120.795690
109.357507 121.225907
109.357507 121.656125
109.787725 121.656125
109.787725 122.086342
110.217942 122.086342
110.217942 122.516559
110.648159 122.946776
111.078377 123.376994
111.508594 123.807211
111.508594 124.237428
111.938811 124.237428
111.938811 124.667646
112.369029 125.097863
112.369029 125.528080
112.799246 125.958297
112.799246 126.388515
113.229463 126.818732
113.229463 127.248949
113.659680 127.679167
113.659680 128.109384
114.089898 128.539601
114.089898 128.969819
114.520115 129.400036
114.520115 129.830253
114.950332 129.830253
115.380550 130.260470
115.380550 130.690688
115.810767 131.120905
115.810767 131.551122
116.240984 131.551122
116.240984 131.981340
116.240984 132.411557
116.671201 132.411557
117.101419 132.841774
117.101419 133.271991
117.531636 133.271991
117.531636 133.702209
117.961853 134.132426
118.392071 134.562643
118.392071 134.992861
118.822288 134.992861
119.252505 135.423078
119.252505 135.853295
119.682723 135.853295
120.112940 136.283512
120.543157 136.713730
120.543157 137.143947
120.973374 137.143947
121.403592 137.574164
121.833809 138.004382
122.264026 138.434599
122.694244 138.864816
123.124461 139.295034
123.554678 139.295034
123.984895 139.725251
124.415113 140.155468
124.845330 140.585685
125.275547 140.585685
125.705765 141.015903
126.135982 141.446120
126.566199 141.446120
126.996416 141.876337
127.426634 142.306555
127.856851 142.306555
128.287068 142.736772
128.717286 143.166989
129.147503 143.166989
129.577720 143.597206
130.007938 143.597206
130.438155 144.027424
130.868372 144.027424
131.298589 144.457641
131.728807 144.457641
132.159024 144.887858
132.589241 144.887858
133.019459 145.318076
133.449676 145.318076
133.879893 145.318076
134.310110 145.748293
134.740328 145.748293
135.170545 145.748293
135.600762 146.178510
136.030980 146.178510
136.461197 146.178510
136.891414 146.608728
137.321632 146.608728
137.751849 146.608728
137.751849 147.038945
137.321632 147.469162
137.321632 148.329597
136.891414 148.759814
136.891414 149.190031
136.461197 149.620249
136.461197 150.480683
136.030980 150.910900
135.600762 151.341118
135.600762 151.771335
135.170545 152.201552
135.170545 153.061987
134.740328 153.061987
134.310110 153.061987
133.879893 153.061987
133.449676 153.492204
133.019459 153.492204
132.589241 153.492204
132.159024 153.492204
131.298589 153.492204
130.868372 153.492204
130.438155 153.922421
130.007938 153.922421
129.147503 153.922421
128.717286 153.922421
128.287068 153.922421
127.856851 153.922421
126.996416 153.922421
126.566199 154.352639
126.135982 154.352639
125.705765 154.352639
125.275547 154.352639
124.415113 154.352639
123.984895 154.352639
123.554678 154.782856
123.124461 154.782856
122.264026 154.782856
121.833809 154.782856
121.403592 154.782856
120.973374 154.782856
120.112940 154.782856
119.682723 155.213073
119.252505 155.213073
118.822288 155.213073
118.392071 155.643291
117.961853 156.073508
117.531636 156.503725
117.101419 156.933943
116.671201 156.933943
116.240984 157.364160
115.810767 157.794377
115.380550 158.224594
114.950332 158.224594
114.520115 158.654812
114.089898 159.085029
113.659680 159.515246
112.799246 159.515246
112.369029 159.945464
111.938811 160.375681
111.508594 160.805898
111.078377 161.236115
110.648159 161.236115
110.217942 161.666333
109.787725 161.666333
109.357507 161.666333
108.927290 161.666333
108.497073 161.666333
108.066856 161.666333
107.636638 161.666333
107.206421 161.666333
106.776204 161.666333
106.345986 161.666333
105.915769 161.666333
105.485552 161.666333
105.055335 161.666333
104.625117 161.666333
104.194900 161.666333
103.764683 161.666333
103.334465 161.666333
102.904248 161.666333
102.474031 161.666333
102.043813 161.666333
101.613596 161.666333
101.183379 161.666333
100.753162 161.666333
100.322944 161.666333
99.892727 161.666333
99.462510 161.666333
99.032292 161.666333
98.602075 161.236115
98.171858 160.805898
98.171858 160.375681
97.741641 159.945464
97.741641 159.515246
97.311423 159.085029
97.311423 158.654812
96.881206 158.224594
96.881206 157.794377
96.450989 157.364160
96.450989 156.933943
96.450989 156.503725
96.020771 156.073508
96.020771 155.643291
95.590554 155.213073
95.590554 154.782856
95.160337 154.352639
95.160337 153.922421
94.730120 153.492204
94.730120 153.061987
94.299902 152.631770
94.299902 152.201552
93.869685 151.771335
93.869685 151.341118
93.869685 150.910900
93.439468 150.480683
93.439468 150.050466
93.009250 149.190031
93.009250 148.759814
92.579033 148.329597
92.579033 147.899379
92.579033 147.469162
92.579033 147.038945
92.148816 146.608728
92.148816 146.178510
92.148816 145.748293
92.148816 145.318076
91.718598 144.457641
91.718598 144.027424
91.718598 143.597206
91.718598 143.166989
91.718598 142.736772
91.288381 142.306555
91.288381 141.446120
91.288381 141.015903
91.288381 140.585685
90.858164 140.155468
90.858164 139.725251
90.858164 139.295034
90.858164 138.864816
90.427947 138.004382
90.427947 137.574164
90.427947 137.143947
90.427947 136.713730
90.427947 136.283512
89.997729 135.853295
89.997729 134.992861
89.997729 134.562643
89.997729 134.132426
89.567512 133.702209
89.567512 133.271991
89.567512 132.841774
89.567512 132.411557
89.137295 131.551122
89.137295 131.120905
89.137295 130.690688
89.137295 130.260470
89.137295 129.830253
89.137295 129.400036
89.137295 128.969819
89.137295 128.539601
89.137295 128.109384
89.137295 127.679167
89.137295 127.248949
89.137295 126.388515
89.137295 125.958297
89.137295 125.528080
89.137295 125.097863
89.137295 124.667646
89.137295 124.237428
89.137295 123.807211
89.137295 123.376994
89.137295 122.946776
89.137295 122.516559
89.137295 122.086342
89.137295 121.656125
89.137295 120.795690
89.137295 120.365473
89.137295 119.935255
89.137295 119.505038
89.137295 119.074821
89.137295 118.644603
89.137295 118.214386
89.137295 117.784169
89.137295 117.353952
89.137295 116.923734
89.137295 116.493517
89.137295 116.063300
89.137295 115.633082
89.567512 115.202865
89.567512 114.772648
89.567512 113.912213
89.567512 113.481996
89.997729 113.051779
89.997729 112.621561
89.997729 112.191344
89.997729 111.761127
89.997729 111.330910
90.427947 110.900692
90.427947 110.470475
90.427947 110.040258
90.427947 109.610040
90.858164 109.179823
90.858164 108.749606
90.858164 108.319388
90.858164 107.889171
91.288381 107.458954
91.288381 107.028737
91.288381 106.598519
91.288381 106.168302
91.288381 105.307867
91.718598 104.877650
91.718598 104.447433
91.718598 104.017216
91.718598 103.586998
92.148816 103.156781
92.148816 102.726564
92.148816 102.296346
92.148816 101.866129
92.579033 101.435912
92.579033 101.005694
92.579033 100.575477
92.579033 100.145260
92.579033 99.715043
93.009250 99.284825
93.009250 98.854608
93.009250 98.424391
93.439468 97.994173
93.869685 97.563956
94.299902 97.133739
94.730120 96.703522
95.160337 96.703522
95.590554 95.843087
96.020771 95.412870
96.020771 94.982652
96.450989 94.552435
96.450989 94.122218
96.881206 93.692000
97.311423 93.261783
97.311423 92.831566
97.741641 91.971131
98.171858 91.540914
98.171858 91.110697
98.602075 90.680479
98.602075 90.250262
99.032292 89.820045
99.462510 89.820045
99.892727 89.820045
100.322944 89.820045
100.753162 89.820045
101.183379 90.250262
101.613596 90.250262
102.043813 90.250262
102.043813 90.680479
102.043813 91.110697
102.043813 91.540914
