114.368209 70.014198
114.922221 70.014198
114.922221 71.122222
114.368209 71.676235
113.814197 72.230247
113.814197 72.784259
113.260184 73.338271
113.260184 73.892283
113.260184 74.446296
112.706172 75.000308
112.706172 75.554320
112.152160 76.108332
112.152160 76.662344
112.152160 77.216357
111.598148 77.770369
111.598148 78.324381
111.598148 78.878393
111.044135 79.432406
111.044135 79.986418
111.044135 80.540430
111.044135 81.094442
111.044135 81.648454
110.490123 82.202467
110.490123 82.756479
110.490123 83.310491
110.490123 83.864503
110.490123 84.418515
110.490123 84.972528
110.490123 85.526540
110.490123 86.080552
110.490123 86.634564
110.490123 87.188577
110.490123 87.742589
110.490123 88.296601
110.490123 88.850613
110.490123 89.404625
110.490123 89.958638
110.490123 90.512650
110.490123 91.066662
110.490123 91.620674
110.490123 92.174687
110.490123 92.728699
110.490123 93.282711
110.490123 93.836723
110.490123 94.390735
110.490123 94.944748
110.490123 95.498760
110.490123 96.052772
110.490123 96.606784
110.490123 97.160796
110.490123 97.714809
110.490123 98.268821
110.490123 98.822833
110.490123 99.376845
110.490123 99.930858
110.490123 100.484870
110.490123 101.038882
110.490123 101.592894
110.490123 102.146906
110.490123 102.700919
110.490123 103.254931
110.490123 103.808943
110.490123 104.362955
110.490123 104.916968
111.044135 105.470980
111.044135 106.024992
111.044135 106.579004
111.044135 107.133016
111.044135 107.687029
111.598148 108.241041
111.598148 108.795053
111.598148 109.349065
112.152160 109.903077
112.152160 110.457090
112.152160 111.011102
112.706172 111.565114
112.706172 112.119126
112.706172 112.673139
113.260184 113.227151
113.260184 113.781163
113.814197 114.335175
113.814197 114.889187
113.814197 115.443200
114.368209 115.997212
114.368209 116.551224
114.368209 117.105236
114.922221 117.105236
115.476233 117.659249
115.476233 118.213261
115.476233 118.767273
116.030245 118.767273
116.030245 119.321285
116.030245 119.875297
116.584258 119.875297
116.584258 120.429310
117.138270 120.429310
117.138270 120.983322
117.138270 121.537334
117.692282 121.537334
117.692282 122.091346
118.246294 122.645358
118.246294 123.199371
118.800306 123.199371
119.354319 123.753383
119.354319 124.307395
119.908331 124.861407
120.462343 125.415420
120.462343 125.969432
121.016355 125.969432
121.016355 126.523444
121.570368 127.077456
121.570368 127.631468
122.124380 127.631468
122.124380 128.185481
122.678392 128.185481
122.678392 128.739493
123.232404 129.293505
123.786416 129.847517
124.340429 130.401530
124.894441 130.955542
125.448453 131.509554
125.448453 132.063566
126.002465 132.063566
126.556478 132.617578
127.110490 133.171591
127.664502 133.725603
128.218514 134.279615
128.772526 134.833627
129.326539 134.833627
129.880551 135.387639
130.434563 135.941652
130.988575 136.495664
131.542587 136.495664
132.096600 137.049676
132.650612 137.049676
133.204624 137.603688
133.758636 138.157701
134.312649 138.157701
134.866661 138.711713
135.420673 138.711713
135.974685 139.265725
136.528697 139.265725
137.082710 139.819737
137.636722 140.373749
138.190734 140.373749
138.190734 140.927762
138.744746 142.035786
138.744746 142.589798
138.744746 143.143811
139.298759 144.251835
139.298759 144.805847
139.852771 145.359859
139.852771 146.467884
140.406783 147.021896
140.406783 147.575908
140.406783 148.683933
140.406783 149.237945
140.406783 149.791957
140.406783 150.345969
140.406783 150.899982
140.406783 151.453994
140.406783 152.008006
139.852771 152.562018
139.298759 153.116030
139.298759 153.670043
138.744746 154.778067
138.190734 155.332079
137.636722 155.886091
137.636722 156.440104
137.082710 156.994116
136.528697 157.548128
136.528697 158.656153
135.974685 159.210165
135.420673 159.764177
135.420673 160.318189
134.866661 160.872201
134.312649 161.426214
133.758636 161.980226
133.758636 163.088250
133.204624 163.642263
132.650612 164.196275
132.096600 164.196275
131.542587 164.750287
130.988575 164.750287
129.880551 164.750287
129.326539 165.304299
128.772526 165.304299
128.218514 165.858311
127.664502 165.858311
126.556478 165.858311
126.002465 166.412324
125.448453 166.412324
124.894441 166.966336
124.340429 166.966336
123.232404 166.966336
122.678392 167.520348
122.124380 167.520348
121.570368 168.074360
121.016355 168.074360
119.908331 168.074360
119.354319 168.628372
118.800306 168.628372
118.246294 169.182385
117.692282 169.182385
116.584258 169.182385
116.030245 169.736397
115.476233 169.736397
114.922221 169.736397
114.368209 169.736397
113.814197 169.736397
113.260184 169.736397
112.706172 170.290409
112.152160 170.290409
111.598148 170.290409
111.044135 170.290409
110.490123 170.290409
109.936111 170.290409
109.382099 170.290409
108.828087 170.290409
108.274074 170.290409
107.720062 170.290409
107.166050 170.290409
106.612038 170.290409
106.058026 170.290409
105.504013 170.290409
104.950001 170.290409
104.395989 170.290409
103.841977 170.290409
103.287964 170.290409
102.733952 170.290409
102.179940 170.290409
101.625928 170.290409
101.071916 170.290409
99.963891 170.290409
99.409879 170.290409
98.855867 170.290409
98.301854 170.290409
97.747842 170.290409
97.193830 170.290409
96.639818 170.290409
96.085806 170.290409
95.531793 170.290409
94.977781 170.290409
94.423769 170.290409
93.869757 170.290409
93.315745 170.290409
92.207720 170.290409
91.653708 169.736397
91.099696 169.736397
90.545683 169.182385
89.991671 169.182385
88.883647 168.628372
88.329635 168.628372
87.775622 168.074360
87.221610 168.074360
86.667598 167.520348
85.559573 167.520348
85.005561 166.966336
84.451549 166.966336
83.897537 166.412324
83.343525 166.412324
82.235500 165.858311
81.681488 165.858311
81.127476 165.304299
80.573464 165.304299
80.019451 164.750287
79.465439 164.196275
78.911427 163.642263
78.911427 163.088250
78.357415 162.534238
78.357415 161.980226
78.357415 161.426214
77.803402 160.872201
77.803402 160.318189
77.249390 159.210165
77.249390 158.656153
77.249390 158.102140
76.695378 157.548128
76.695378 156.994116
76.141366 156.440104
76.141366 155.886091
76.141366 155.332079
75.587354 154.224055
75.587354 153.670043
75.033341 153.116030
75.033341 152.562018
75.033341 152.008006
74.479329 151.453994
74.479329 150.899982
73.925317 150.345969
73.925317 149.791957
73.925317 148.683933
73.925317 148.129920
73.925317 147.575908
73.925317 147.021896
73.925317 146.467884
73.925317 145.913872
73.925317 145.359859
73.925317 144.805847
73.925317 144.251835
73.925317 143.697823
73.925317 143.143811
73.925317 142.589798
73.925317 141.481774
73.925317 140.927762
73.925317 140.373749
74.479329 139.819737
74.479329 139.265725
74.479329 138.711713
74.479329 138.157701
74.479329 137.603688
74.479329 137.049676
74.479329 136.495664
74.479329 135.387639
74.479329 134.833627
74.479329 134.279615
74.479329 133.725603
74.479329 133.171591
75.033341 132.617578
75.033341 132.063566
75.033341 131.509554
75.033341 130.955542
75.033341 130.401530
75.033341 129.847517
75.033341 128.739493
75.033341 128.185481
75.033341 127.631468
75.033341 127.077456
75.033341 126.523444
75.033341 125.969432
75.033341 125.415420
75.587354 124.861407
75.587354 124.307395
75.587354 123.753383
75.587354 122.645358
75.587354 122.091346
75.587354 121.537334
75.587354 120.983322
75.587354 120.429310
75.587354 119.875297
75.587354 119.321285
75.587354 118.767273
75.587354 118.213261
76.141366 117.659249
76.141366 116.551224
76.141366 115.997212
76.141366 115.443200
76.141366 114.889187
76.141366 114.335175
76.695378 113.227151
76.695378 112.673139
76.695378 111.565114
76.695378 111.011102
77.249390 109.903077
77.249390 109.349065
77.249390 108.795053
77.803402 107.687029
77.803402 107.133016
77.803402 106.024992
77.803402 105.470980
78.357415 104.916968
78.357415 103.808943
78.357415 103.254931
78.357415 102.146906
78.911427 101.592894
78.911427 101.038882
78.911427 99.930858
78.911427 99.376845
79.465439 98.268821
79.465439 97.714809
79.465439 97.160796
80.019451 96.052772
80.019451 95.498760
80.019451 94.390735
80.019451 93.836723
80.573464 93.282711
80.573464 92.174687
80.573464 91.620674
80.573464 90.512650
81.127476 89.958638
81.681488 89.404625
82.235500 88.296601
82.789512 87.742589
83.343525 87.188577
83.897537 86.634564
84.451549 85.526540
85.005561 84.972528
85.559573 84.418515
86.667598 83.864503
87.221610 82.756479
87.775622 82.202467
88.329635 81.648454
88.883647 81.094442
89.437659 79.986418
89.991671 79.432406
90.545683 78.878393
91.099696 78.324381
91.653708 77.216357
92.761732 76.662344
93.315745 76.108332
93.869757 75.554320
94.423769 75.554320
94.977781 75.554320
95.531793 75.000308
96.085806 75.000308
96.639818 74.446296
97.193830 74.446296
97.747842 73.892283
98.301854 73.892283
98.855867 73.338271
99.409879 73.338271
99.963891 72.784259
100.517903 72.784259
101.071916 72.230247
101.625928 72.230247
102.179940 71.676235
102.733952 71.676235
103.841977 71.122222
104.395989 71.122222
104.950001 70.568210
105.504013 70.568210
106.058026 70.014198
106.612038 70.014198
107.166050 69.460186
107.720062 69.460186
108.274074 68.906173
108.828087 68.906173
109.382099 68.906173
109.936111 68.352161
110.490123 68.906173
111.044135 68.906173
111.598148 68.906173
111.044135 68.906173
111.598148 68.906173
112.152160 69.460186
112.706172 69.460186
113.260184 69.460186
113.814197 69.460186
114.368209 70.014198
