109.279075 112.042669
109.279075 112.279539
109.279075 112.516410
109.279075 112.753281
109.515946 112.990152
109.515946 113.227023
109.515946 113.463894
109.515946 113.700765
109.515946 113.937636
109.752817 113.937636
109.752817 114.174507
109.752817 114.411377
109.752817 114.648248
109.989688 114.648248
109.989688 114.885119
109.989688 115.121990
110.226559 115.358861
110.226559 115.595732
110.226559 115.832603
110.463429 116.069474
110.463429 116.306345
110.463429 116.543215
110.700300 116.780086
110.700300 117.016957
110.937171 117.253828
110.937171 117.490699
111.174042 117.727570
111.174042 117.964441
111.174042 118.201312
111.410913 118.201312
111.410913 118.438183
111.410913 118.675053
111.647784 118.911924
111.647784 119.148795
111.884655 119.148795
111.884655 119.385666
112.121526 119.622537
112.121526 119.859408
112.358397 120.096279
112.358397 120.333150
112.595267 120.570021
112.595267 120.806891
112.832138 120.806891
112.832138 121.043762
113.069009 121.280633
113.305880 121.517504
113.305880 121.754375
113.542751 121.991246
113.542751 122.228117
113.779622 122.228117
113.779622 122.464988
114.016493 122.701859
114.253364 122.938729
114.253364 123.175600
114.490235 123.175600
114.727105 123.412471
114.727105 123.649342
114.727105 123.886213
114.963976 123.886213
115.200847 124.123084
115.437718 124.359955
115.674589 124.596826
115.911460 124.833697
115.911460 125.070567
116.148331 125.070567
116.385202 125.307438
116.622073 125.544309
116.858943 125.781180
117.095814 126.018051
117.332685 126.254922
117.332685 126.491793
117.569556 126.491793
117.806427 126.728664
118.043298 126.965534
118.280169 127.202405
118.280169 127.439276
118.517040 127.439276
118.517040 127.676147
118.753911 127.913018
118.753911 128.149889
118.990781 128.149889
119.227652 128.386760
119.227652 128.623631
119.227652 128.860502
119.464523 128.860502
119.701394 129.097372
119.938265 129.334243
119.938265 129.571114
120.175136 129.571114
120.412007 129.807985
120.412007 130.044856
120.648878 130.281727
120.648878 130.518598
120.885749 130.518598
121.122619 130.755469
121.359490 130.992340
121.359490 131.229210
121.596361 131.229210
121.833232 131.466081
122.070103 131.702952
122.306974 131.702952
122.543845 131.939823
122.780716 132.176694
123.017587 132.413565
123.254457 132.650436
123.491328 132.887307
123.728199 132.887307
123.965070 133.124178
124.201941 133.361048
124.438812 133.597919
124.675683 133.597919
124.912554 133.834790
125.149424 134.071661
125.386295 134.071661
125.623166 134.308532
125.860037 134.545403
126.096908 134.545403
126.333779 134.782274
126.570650 134.782274
126.807521 135.019145
127.044392 135.019145
127.281262 135.256016
127.518133 135.256016
127.755004 135.492886
127.991875 135.492886
128.228746 135.729757
128.465617 135.729757
128.702488 135.966628
128.939359 135.966628
129.176230 136.203499
129.413100 136.203499
129.649971 136.440370
129.886842 136.440370
130.123713 136.440370
130.360584 136.677241
130.597455 136.677241
130.834326 136.677241
131.071197 136.914112
131.308068 136.914112
131.544938 136.914112
131.781809 137.150983
132.018680 137.150983
132.255551 137.150983
132.492422 137.150983
132.729293 137.387854
132.966164 137.387854
133.203035 137.387854
133.439906 137.387854
133.676776 137.387854
133.913647 137.624724
134.150518 137.624724
134.387389 137.624724
134.624260 137.624724
134.861131 137.624724
135.098002 137.624724
135.334873 137.861595
135.571744 137.861595
135.808614 138.098466
135.808614 138.335337
135.808614 138.572208
135.808614 138.809079
135.808614 139.282821
135.808614 139.519692
135.808614 139.756562
135.808614 139.993433
135.808614 140.230304
135.808614 140.467175
135.808614 140.940917
135.808614 141.177788
135.808614 141.414659
135.808614 141.651530
135.808614 141.888400
135.808614 142.362142
135.808614 142.599013
135.808614 142.835884
135.808614 143.072755
135.808614 143.309626
135.808614 143.783368
135.808614 144.020238
135.808614 144.257109
135.808614 144.493980
135.808614 144.730851
135.808614 145.204593
135.808614 145.441464
135.808614 145.678335
135.334873 145.915206
135.098002 145.915206
134.861131 146.152076
134.624260 146.388947
134.387389 146.388947
134.150518 146.625818
133.913647 146.625818
133.676776 146.862689
133.203035 146.862689
132.966164 147.099560
132.729293 147.099560
132.492422 147.336431
132.255551 147.573302
132.018680 147.573302
131.781809 147.810173
131.544938 147.810173
131.071197 148.047043
130.834326 148.047043
130.597455 148.283914
130.360584 148.283914
130.123713 148.520785
129.886842 148.757656
129.649971 148.757656
129.413100 148.994527
129.176230 148.994527
128.702488 149.231398
128.465617 149.231398
128.228746 149.468269
127.991875 149.705140
127.755004 149.705140
127.518133 149.942011
127.281262 149.942011
127.044392 150.178881
126.570650 150.178881
126.333779 150.415752
126.096908 150.415752
125.860037 150.652623
125.623166 150.889494
125.386295 150.889494
125.149424 151.126365
124.912554 151.126365
124.438812 151.363236
124.201941 151.363236
123.965070 151.600107
123.728199 151.600107
123.491328 151.836978
123.254457 152.073849
123.017587 152.073849
122.780716 152.310719
122.543845 152.310719
122.070103 152.073849
121.833232 152.073849
121.596361 151.836978
121.359490 151.600107
121.122619 151.363236
120.648878 151.126365
120.412007 150.889494
120.175136 150.889494
119.938265 150.652623
119.701394 150.415752
119.227652 150.178881
118.990781 149.942011
118.753911 149.705140
118.517040 149.705140
118.280169 149.468269
117.806427 149.231398
117.569556 148.994527
117.332685 148.757656
117.095814 148.520785
116.858943 148.283914
116.622073 148.283914
116.148331 148.047043
115.911460 147.810173
115.674589 147.573302
115.437718 147.336431
115.200847 147.099560
114.727105 147.099560
114.490235 146.862689
114.253364 146.625818
114.016493 146.388947
113.779622 146.152076
113.305880 145.915206
113.069009 145.915206
113.069009 145.441464
112.832138 145.204593
112.832138 144.967722
112.595267 144.730851
112.595267 144.493980
112.358397 144.257109
112.358397 144.020238
112.358397 143.783368
112.121526 143.546497
112.121526 143.309626
111.884655 143.072755
111.884655 142.835884
111.647784 142.599013
111.410913 142.362142
111.174042 142.125271
111.174042 141.888400
110.937171 141.651530
110.700300 141.414659
110.463429 141.177788
110.463429 140.940917
110.226559 140.467175
110.226559 140.230304
109.989688 139.993433
109.989688 139.756562
109.989688 139.519692
109.752817 139.282821
109.752817 139.045950
109.752817 138.809079
109.515946 138.572208
109.515946 138.335337
109.515946 138.098466
109.279075 137.861595
109.279075 137.624724
109.279075 137.387854
109.042204 137.150983
109.042204 136.914112
109.042204 136.677241
108.805333 136.440370
108.805333 136.203499
108.805333 135.966628
108.568462 135.729757
108.568462 135.492886
108.568462 135.256016
108.331591 135.019145
108.331591 134.782274
108.331591 134.545403
108.094721 134.308532
108.094721 134.071661
108.094721 133.597919
107.857850 133.361048
107.857850 133.124178
107.857850 132.887307
107.620979 132.650436
107.620979 132.413565
107.620979 132.176694
107.384108 131.939823
107.384108 131.702952
107.384108 131.466081
107.147237 131.229210
107.147237 130.992340
107.147237 130.755469
106.910366 130.518598
106.910366 130.281727
106.910366 130.044856
106.673495 129.807985
106.673495 129.571114
106.673495 129.334243
106.436624 129.097372
106.436624 128.860502
106.436624 128.623631
106.436624 128.386760
106.436624 128.149889
106.436624 127.913018
106.436624 127.676147
106.436624 127.439276
106.436624 127.202405
106.436624 126.965534
106.436624 126.728664
106.436624 126.254922
106.436624 126.018051
106.436624 125.781180
106.436624 125.544309
106.436624 125.070567
106.673495 124.833697
106.673495 124.359955
106.673495 124.123084
106.910366 123.649342
106.910366 123.412471
106.910366 122.938729
107.147237 122.701859
107.147237 122.228117
107.147237 121.991246
107.384108 121.517504
107.384108 121.280633
107.384108 120.806891
107.620979 120.570021
107.620979 120.096279
107.620979 119.859408
107.857850 119.385666
107.857850 119.148795
107.857850 118.675053
108.094721 118.438183
108.094721 117.964441
108.094721 117.727570
108.331591 117.253828
108.331591 117.016957
108.331591 116.543215
108.568462 116.306345
108.568462 115.832603
108.568462 115.595732
108.805333 115.121990
108.805333 114.885119
108.805333 114.411377
109.042204 114.174507
109.042204 113.700765
109.042204 113.463894
109.279075 112.990152
109.279075 112.753281
109.279075 112.279539
109.279075 112.042669
109.279075 111.805798
109.042204 111.568927
109.042204 111.332056
109.042204 111.095185
109.042204 110.858314
109.042204 110.621443
109.042204 110.384572
109.042204 110.621443
109.042204 110.858314
109.042204 111.095185
109.042204 111.332056
109.042204 111.568927
109.279075 111.805798
109.279075 112.042669
