108.175812 65.828461
108.175812 66.435334
108.175812 67.042207
108.175812 67.649080
108.175812 68.255953
108.175812 68.862826
108.175812 69.469699
108.175812 70.076572
108.175812 70.683445
108.175812 71.897192
108.782685 72.504065
108.782685 73.110938
108.175812 73.717811
108.175812 74.324684
107.568939 74.931557
107.568939 75.538430
107.568939 76.145303
106.962066 76.752176
106.962066 77.359049
106.962066 77.965922
106.355193 78.572796
106.355193 79.179669
106.355193 79.786542
106.355193 80.393415
105.748320 81.000288
105.748320 81.607161
105.748320 82.214034
105.748320 82.820907
105.748320 83.427780
105.141447 84.034653
105.141447 84.641526
105.141447 85.248400
105.141447 85.855273
105.141447 86.462146
105.141447 87.069019
105.141447 87.675892
105.141447 88.282765
105.141447 88.889638
105.141447 89.496511
105.141447 90.103384
105.141447 90.710257
105.141447 91.317130
105.141447 91.924004
105.141447 92.530877
105.141447 93.137750
105.141447 93.744623
105.141447 94.351496
105.141447 94.958369
105.141447 95.565242
105.141447 96.172115
105.141447 96.778988
105.141447 97.385861
105.748320 97.992735
105.748320 98.599608
105.748320 99.206481
105.748320 99.813354
105.748320 100.420227
105.748320 101.027100
105.748320 101.633973
105.748320 102.240846
105.748320 102.847719
105.748320 103.454592
106.355193 104.061465
106.355193 104.668339
106.355193 105.275212
106.355193 105.882085
106.355193 106.488958
106.355193 107.095831
106.355193 107.702704
106.355193 108.309577
106.962066 108.916450
106.962066 109.523323
106.962066 110.130196
106.962066 110.737069
106.962066 111.343943
107.568939 111.950816
107.568939 112.557689
107.568939 113.164562
107.568939 113.771435
108.175812 113.771435
108.175812 114.378308
108.175812 114.985181
108.782685 115.592054
108.782685 116.198927
108.782685 116.805800
109.389558 116.805800
109.389558 117.412673
109.389558 118.019547
109.389558 118.626420
109.996431 118.626420
109.996431 119.233293
109.996431 119.840166
110.603305 119.840166
110.603305 120.447039
111.210178 120.447039
111.210178 121.053912
111.817051 121.660785
111.817051 122.267658
112.423924 122.874531
113.030797 123.481404
113.030797 124.088277
113.637670 124.695151
113.637670 125.302024
114.244543 125.302024
114.851416 125.908897
114.851416 126.515770
115.458289 126.515770
115.458289 127.122643
116.065162 127.729516
116.672036 128.336389
117.278909 128.943262
117.278909 129.550135
117.885782 130.157008
117.885782 130.763881
118.492655 130.763881
118.492655 131.370755
119.099528 131.370755
119.099528 131.977628
119.706401 132.584501
120.313274 133.191374
120.920147 133.798247
121.527020 134.405120
122.133893 135.011993
122.133893 135.618866
122.740766 135.618866
123.347640 136.225739
123.347640 136.832612
123.954513 136.832612
124.561386 137.439485
125.168259 138.046359
125.168259 138.653232
125.775132 138.653232
126.382005 139.260105
126.988878 139.260105
127.595751 139.866978
128.202624 140.473851
128.809497 141.080724
129.416370 141.080724
130.023244 141.687597
130.630117 142.294470
131.236990 142.294470
131.843863 142.901343
132.450736 143.508216
133.057609 143.508216
133.664482 144.115089
134.271355 144.115089
134.878228 144.721963
135.485101 144.721963
136.091974 145.328836
136.698848 145.328836
137.305721 145.935709
137.912594 145.935709
138.519467 146.542582
139.126340 146.542582
139.733213 147.149455
140.340086 147.149455
140.946959 147.756328
141.553832 147.756328
142.160705 147.756328
142.767578 148.363201
143.374452 148.363201
143.981325 148.363201
144.588198 148.970074
145.195071 148.970074
145.801944 148.970074
146.408817 148.970074
146.408817 150.183820
146.408817 150.790694
147.015690 151.397567
146.408817 152.004440
146.408817 152.611313
145.801944 153.218186
145.801944 153.825059
145.195071 154.431932
145.195071 155.038805
145.195071 155.645678
144.588198 156.252551
144.588198 156.859424
143.981325 157.466298
143.981325 158.073171
143.374452 158.680044
143.374452 159.893790
142.767578 160.500663
142.160705 160.500663
141.553832 161.107536
140.946959 161.107536
140.340086 161.107536
139.733213 161.107536
139.126340 161.714409
138.519467 162.321282
137.912594 162.928155
137.305721 162.928155
136.698848 163.535028
135.485101 164.141902
134.878228 164.141902
134.271355 164.748775
133.664482 165.355648
133.057609 165.962521
132.450736 165.962521
131.236990 166.569394
130.630117 167.176267
130.023244 167.176267
129.416370 167.783140
128.809497 168.390013
128.202624 168.996886
127.595751 168.996886
126.988878 169.603759
125.775132 170.210632
125.168259 170.210632
124.561386 170.210632
123.954513 170.210632
123.347640 170.210632
122.740766 170.817506
122.133893 170.817506
121.527020 170.817506
120.920147 170.817506
119.706401 170.817506
119.099528 170.817506
118.492655 170.817506
117.885782 170.817506
117.278909 171.424379
116.672036 171.424379
116.065162 171.424379
115.458289 171.424379
114.244543 171.424379
113.637670 171.424379
113.030797 171.424379
112.423924 172.031252
111.817051 172.031252
111.210178 172.031252
110.603305 172.031252
109.996431 172.031252
108.782685 172.031252
108.175812 172.031252
107.568939 172.638125
106.962066 172.638125
106.355193 172.638125
105.748320 172.638125
105.141447 172.638125
104.534574 172.638125
103.927701 172.638125
103.320827 172.638125
102.713954 172.638125
102.107081 172.638125
100.893335 172.638125
100.286462 172.638125
99.679589 172.638125
99.072716 172.638125
98.465843 172.638125
97.858970 172.638125
97.252097 173.244998
96.038350 173.244998
95.431477 173.244998
94.824604 173.244998
94.217731 173.244998
93.610858 173.244998
93.003985 173.244998
91.790239 173.244998
91.183366 173.244998
90.576493 173.244998
89.969619 173.244998
89.362746 173.244998
88.755873 173.244998
87.542127 173.244998
86.935254 173.244998
86.328381 173.244998
85.721508 173.244998
85.114635 173.244998
84.507762 173.244998
83.294015 173.244998
82.687142 173.244998
82.080269 172.638125
81.473396 172.031252
80.866523 171.424379
80.259650 170.817506
79.652777 170.210632
79.045904 169.603759
78.439031 168.996886
77.832158 168.390013
77.225285 167.783140
76.618411 167.176267
76.011538 166.569394
75.404665 165.962521
74.797792 165.355648
74.190919 164.748775
73.584046 163.535028
73.584046 162.928155
72.977173 162.321282
72.370300 161.714409
72.370300 161.107536
72.370300 160.500663
72.370300 159.893790
72.370300 159.286917
71.763427 158.680044
71.763427 158.073171
71.763427 157.466298
71.763427 156.859424
71.763427 156.252551
71.763427 155.645678
71.763427 155.038805
71.763427 154.431932
71.763427 153.218186
71.763427 152.611313
71.763427 152.004440
71.763427 151.397567
71.763427 150.790694
71.763427 150.183820
71.763427 149.576947
71.763427 148.970074
71.763427 148.363201
71.763427 147.756328
71.156554 147.149455
71.156554 145.935709
71.156554 145.328836
71.156554 144.721963
71.156554 144.115089
71.156554 143.508216
71.156554 142.901343
71.156554 142.294470
71.156554 141.687597
71.156554 141.080724
71.156554 140.473851
71.156554 139.260105
71.156554 138.653232
71.156554 138.046359
71.156554 137.439485
71.156554 136.832612
71.156554 136.225739
71.156554 135.618866
71.156554 135.011993
71.156554 134.405120
71.156554 133.191374
71.156554 132.584501
71.156554 131.977628
71.156554 131.370755
71.156554 130.157008
71.156554 129.550135
71.156554 128.943262
71.156554 127.729516
71.156554 127.122643
71.156554 126.515770
71.156554 125.908897
71.156554 124.695151
71.156554 124.088277
71.156554 123.481404
71.156554 122.267658
71.156554 121.660785
71.156554 121.053912
71.156554 120.447039
71.156554 119.233293
71.156554 118.626420
71.156554 118.019547
71.156554 116.805800
71.156554 116.198927
71.156554 115.592054
71.156554 114.985181
71.156554 113.771435
71.156554 113.164562
71.156554 112.557689
71.156554 111.343943
71.156554 110.737069
71.156554 110.130196
71.156554 109.523323
71.156554 108.916450
71.156554 108.309577
71.156554 107.702704
71.763427 107.095831
71.763427 105.882085
71.763427 105.275212
71.763427 104.668339
72.370300 103.454592
72.370300 102.847719
72.370300 102.240846
72.370300 101.633973
72.977173 101.027100
72.977173 99.813354
72.977173 99.206481
72.977173 98.599608
73.584046 97.992735
73.584046 96.778988
73.584046 96.172115
73.584046 95.565242
74.190919 94.958369
74.190919 94.351496
74.190919 93.137750
74.190919 92.530877
74.797792 91.924004
74.797792 91.317130
74.797792 90.103384
74.797792 89.496511
74.797792 88.889638
75.404665 88.282765
75.404665 87.069019
75.404665 86.462146
75.404665 85.855273
76.011538 85.248400
76.011538 84.641526
76.011538 83.427780
76.011538 82.820907
76.618411 82.214034
76.618411 81.607161
77.225285 81.000288
77.832158 80.393415
78.439031 80.393415
79.045904 79.786542
79.045904 78.572796
79.652777 77.965922
80.259650 77.359049
80.866523 76.752176
81.473396 76.752176
82.080269 76.145303
82.687142 75.538430
83.900889 74.931557
84.507762 74.324684
85.114635 73.717811
85.721508 73.110938
86.935254 72.504065
87.542127 71.897192
88.149000 71.290318
88.755873 70.683445
89.969619 70.076572
90.576493 69.469699
91.183366 68.862826
91.790239 68.255953
92.397112 67.649080
93.610858 67.042207
94.217731 66.435334
94.824604 65.828461
95.431477 65.828461
96.038350 65.828461
96.645223 65.828461
97.252097 65.221588
98.465843 65.221588
99.072716 65.221588
99.679589 65.221588
100.286462 64.614714
100.893335 64.614714
101.500208 64.614714
102.107081 64.614714
102.713954 64.007841
103.320827 64.007841
103.927701 64.007841
104.534574 64.007841
105.141447 64.007841
105.748320 64.007841
106.355193 64.007841
106.962066 64.614714
107.568939 65.221588
108.175812 65.828461
