109.604505 54.041096
110.329308 54.765900
111.054112 55.490704
111.054112 56.215507
111.778916 56.940311
111.778916 57.665114
111.778916 58.389918
112.503719 59.114721
112.503719 59.839525
112.503719 60.564329
112.503719 61.289132
112.503719 62.013936
112.503719 62.738739
112.503719 63.463543
112.503719 64.188346
112.503719 64.913150
112.503719 65.637954
112.503719 66.362757
112.503719 67.087561
112.503719 67.812364
112.503719 68.537168
112.503719 69.261971
111.778916 69.986775
111.778916 70.711579
111.778916 72.161186
111.778916 72.885989
111.778916 73.610793
111.054112 74.335596
111.054112 75.060400
111.054112 75.785204
110.329308 76.510007
110.329308 77.234811
110.329308 77.959614
109.604505 78.684418
109.604505 79.409221
108.879701 80.134025
108.154898 80.858829
108.154898 81.583632
107.430094 82.308436
106.705291 83.033239
106.705291 83.758043
105.980487 84.482846
105.980487 85.207650
105.255683 85.932454
105.255683 86.657257
104.530880 87.382061
104.530880 88.106864
104.530880 88.831668
103.806076 89.556472
103.806076 90.281275
103.806076 91.006079
103.081273 91.730882
103.081273 92.455686
103.081273 93.180489
103.081273 93.905293
102.356469 94.630097
102.356469 95.354900
102.356469 96.079704
102.356469 96.804507
102.356469 97.529311
102.356469 98.254114
102.356469 98.978918
102.356469 99.703722
102.356469 100.428525
102.356469 101.153329
102.356469 101.878132
102.356469 102.602936
102.356469 103.327739
102.356469 104.052543
102.356469 104.777347
102.356469 105.502150
102.356469 106.226954
102.356469 106.951757
102.356469 107.676561
102.356469 108.401364
102.356469 109.126168
103.081273 109.850972
103.081273 110.575775
103.081273 111.300579
103.081273 112.025382
103.081273 112.750186
103.806076 112.750186
103.806076 113.474989
103.806076 114.199793
103.806076 114.924597
104.530880 114.924597
104.530880 115.649400
104.530880 116.374204
104.530880 117.099007
105.255683 117.099007
105.255683 117.823811
105.980487 118.548614
105.980487 119.273418
106.705291 119.998222
106.705291 120.723025
107.430094 121.447829
107.430094 122.172632
108.154898 122.172632
108.154898 122.897436
108.879701 123.622239
109.604505 124.347043
109.604505 125.071847
110.329308 125.071847
111.054112 125.796650
111.778916 126.521454
112.503719 127.246257
113.228523 127.971061
113.228523 128.695864
113.953326 129.420668
114.678130 130.145472
115.402933 130.870275
116.127737 131.595079
116.127737 132.319882
116.852541 133.044686
117.577344 133.769489
118.302148 134.494293
118.302148 135.219097
119.026951 135.943900
119.751755 136.668704
120.476558 137.393507
121.201362 138.118311
121.926166 138.843114
122.650969 139.567918
122.650969 140.292722
123.375773 141.017525
124.100576 141.742329
124.825380 142.467132
125.550183 143.191936
126.274987 143.916740
126.999791 144.641543
127.724594 145.366347
128.449398 146.091150
129.174201 146.815954
129.899005 147.540757
129.899005 148.265561
130.623808 149.715168
131.348612 150.439972
132.073416 151.164775
132.073416 151.889579
132.798219 152.614382
133.523023 153.339186
134.247826 154.063990
134.247826 154.788793
134.972630 155.513597
134.972630 156.238400
135.697434 156.963204
135.697434 157.688007
136.422237 158.412811
136.422237 159.137615
136.422237 159.862418
137.147041 160.587222
137.147041 161.312025
137.147041 162.036829
137.147041 162.761632
137.147041 163.486436
137.147041 164.211240
137.147041 164.936043
137.147041 165.660847
137.147041 166.385650
136.422237 166.385650
136.422237 167.110454
135.697434 167.110454
134.972630 167.835257
134.247826 168.560061
133.523023 169.284865
132.798219 169.284865
132.073416 170.009668
131.348612 170.734472
130.623808 170.734472
130.623808 171.459275
129.899005 172.184079
129.899005 172.908882
129.174201 173.633686
128.449398 173.633686
128.449398 174.358490
127.724594 175.083293
126.999791 175.083293
126.274987 175.083293
125.550183 175.808097
124.825380 175.808097
124.100576 175.808097
123.375773 176.532900
122.650969 176.532900
121.926166 176.532900
121.201362 177.257704
120.476558 177.257704
119.751755 177.257704
119.026951 177.257704
119.026951 177.982507
118.302148 177.982507
117.577344 178.707311
116.852541 178.707311
116.127737 178.707311
115.402933 179.432115
114.678130 179.432115
113.953326 179.432115
113.228523 179.432115
112.503719 179.432115
111.778916 179.432115
111.054112 179.432115
110.329308 179.432115
109.604505 180.156918
108.879701 180.156918
108.154898 180.156918
107.430094 180.156918
106.705291 180.156918
105.980487 180.156918
105.255683 180.156918
104.530880 180.881722
103.806076 180.881722
103.081273 180.881722
102.356469 180.881722
101.631666 180.881722
100.906862 180.881722
100.182058 180.881722
99.457255 181.606525
98.732451 181.606525
98.007648 181.606525
97.282844 181.606525
96.558041 181.606525
95.833237 181.606525
95.108433 181.606525
94.383630 182.331329
93.658826 182.331329
92.934023 182.331329
92.209219 182.331329
91.484416 182.331329
90.759612 182.331329
90.034808 182.331329
89.310005 182.331329
88.585201 182.331329
87.860398 182.331329
87.135594 182.331329
85.685987 183.056132
84.961183 183.780936
84.236380 183.780936
83.511576 184.505740
82.786773 185.230543
82.061969 185.230543
81.337165 185.230543
80.612362 185.955347
79.887558 185.955347
79.162755 185.955347
78.437951 186.680150
77.713148 186.680150
76.988344 186.680150
76.263540 186.680150
75.538737 186.680150
74.813933 186.680150
74.089130 186.680150
73.364326 186.680150
73.364326 185.955347
72.639523 185.955347
71.914719 185.955347
71.189915 185.955347
71.189915 185.230543
70.465112 185.230543
69.740308 185.230543
69.015505 184.505740
68.290701 184.505740
68.290701 183.780936
67.565898 183.780936
66.841094 183.780936
66.841094 183.056132
66.116290 182.331329
65.391487 181.606525
64.666683 180.881722
63.941880 180.156918
63.217076 179.432115
63.217076 178.707311
62.492273 177.982507
61.767469 177.257704
61.767469 176.532900
61.767469 175.808097
61.042665 175.083293
61.042665 174.358490
61.042665 173.633686
60.317862 172.908882
60.317862 172.184079
59.593058 171.459275
59.593058 170.734472
59.593058 170.009668
58.868255 169.284865
58.868255 168.560061
58.868255 167.835257
58.868255 167.110454
58.143451 166.385650
58.143451 165.660847
58.143451 164.936043
58.143451 164.211240
58.143451 163.486436
57.418648 162.761632
57.418648 162.036829
57.418648 161.312025
57.418648 160.587222
57.418648 159.862418
57.418648 159.137615
57.418648 158.412811
57.418648 157.688007
57.418648 156.963204
57.418648 156.238400
57.418648 155.513597
57.418648 154.788793
57.418648 154.063990
57.418648 152.614382
57.418648 151.889579
57.418648 151.164775
57.418648 150.439972
57.418648 149.715168
57.418648 148.990365
57.418648 148.265561
57.418648 147.540757
57.418648 146.815954
57.418648 146.091150
58.143451 145.366347
58.143451 144.641543
58.143451 143.916740
58.143451 143.191936
58.143451 142.467132
58.143451 141.742329
58.143451 141.017525
58.143451 140.292722
58.868255 139.567918
58.868255 138.843114
58.868255 138.118311
58.868255 137.393507
58.868255 136.668704
58.868255 135.943900
58.868255 135.219097
59.593058 134.494293
59.593058 133.769489
59.593058 133.044686
59.593058 132.319882
59.593058 131.595079
59.593058 130.145472
60.317862 129.420668
60.317862 128.695864
60.317862 127.971061
60.317862 127.246257
60.317862 126.521454
60.317862 125.796650
61.042665 125.071847
61.042665 124.347043
61.042665 123.622239
61.042665 122.897436
61.042665 122.172632
61.042665 121.447829
61.042665 120.723025
61.767469 119.998222
61.767469 119.273418
61.767469 118.548614
61.767469 117.823811
61.767469 117.099007
61.767469 116.374204
61.767469 115.649400
61.767469 114.924597
62.492273 114.199793
62.492273 112.750186
62.492273 112.025382
62.492273 111.300579
62.492273 110.575775
62.492273 109.850972
62.492273 109.126168
62.492273 108.401364
62.492273 107.676561
62.492273 106.951757
63.217076 106.226954
63.217076 105.502150
63.217076 104.777347
63.217076 104.052543
63.217076 103.327739
63.217076 102.602936
63.217076 101.878132
63.217076 101.153329
63.217076 100.428525
63.217076 99.703722
63.217076 98.978918
63.217076 98.254114
63.217076 96.804507
63.941880 96.079704
63.941880 95.354900
63.941880 94.630097
63.941880 93.905293
63.941880 93.180489
63.941880 92.455686
63.941880 91.730882
63.941880 91.006079
63.941880 90.281275
63.941880 89.556472
63.941880 88.831668
64.666683 88.106864
64.666683 87.382061
64.666683 86.657257
64.666683 85.932454
64.666683 85.207650
64.666683 84.482846
65.391487 83.758043
65.391487 83.033239
65.391487 82.308436
65.391487 81.583632
66.116290 80.858829
66.116290 80.134025
66.116290 79.409221
66.841094 78.684418
66.841094 77.959614
66.841094 77.234811
67.565898 76.510007
67.565898 75.785204
68.290701 75.060400
68.290701 74.335596
69.015505 73.610793
69.015505 72.885989
69.740308 72.161186
69.740308 71.436382
70.465112 70.711579
71.189915 69.986775
71.189915 69.261971
71.914719 68.537168
72.639523 67.087561
72.639523 66.362757
73.364326 65.637954
74.089130 64.913150
74.813933 64.188346
75.538737 63.463543
76.263540 62.738739
76.988344 62.013936
77.713148 61.289132
78.437951 60.564329
79.162755 60.564329
79.887558 59.839525
80.612362 59.114721
81.337165 58.389918
82.061969 57.665114
82.786773 57.665114
83.511576 56.940311
84.236380 56.215507
84.961183 56.215507
85.685987 55.490704
86.410791 55.490704
87.135594 54.765900
87.860398 54.041096
88.585201 54.041096
89.310005 54.041096
90.034808 53.316293
90.759612 53.316293
91.484416 52.591489
92.209219 52.591489
92.934023 51.866686
93.658826 51.866686
94.383630 51.866686
95.108433 51.866686
95.833237 51.141882
96.558041 51.141882
97.282844 51.141882
98.007648 51.141882
98.732451 51.141882
99.457255 50.417079
100.906862 50.417079
101.631666 50.417079
102.356469 50.417079
103.081273 51.141882
103.806076 51.141882
104.530880 51.141882
105.255683 51.141882
105.980487 51.141882
106.705291 51.866686
107.430094 51.866686
108.154898 52.591489
108.879701 53.316293
109.604505 54.041096
