108.213057 74.575176
108.213057 75.063030
108.213057 75.550884
108.700911 76.038738
108.700911 76.526592
108.700911 77.014447
108.700911 77.502301
108.700911 77.990155
108.700911 78.478009
108.213057 78.965863
108.213057 79.453718
108.213057 79.941572
108.213057 80.429426
108.213057 80.917280
108.213057 81.405134
108.213057 81.892988
108.213057 82.380843
107.725203 82.868697
107.725203 83.356551
107.725203 83.844405
107.725203 84.332259
107.725203 84.820113
107.725203 85.307968
107.725203 85.795822
107.725203 86.283676
107.725203 86.771530
107.725203 87.259384
107.725203 87.747239
107.725203 88.235093
107.725203 88.722947
107.725203 89.210801
107.725203 89.698655
107.725203 90.186509
107.725203 90.674364
107.725203 91.162218
107.725203 91.650072
108.213057 92.137926
108.213057 92.625780
108.213057 93.113635
108.213057 93.601489
108.213057 94.089343
108.213057 94.577197
108.213057 95.065051
108.213057 95.552905
108.700911 96.040760
108.700911 96.528614
108.700911 97.016468
108.700911 97.504322
108.700911 97.992176
108.700911 98.480030
109.188765 98.480030
109.188765 98.967885
109.188765 99.455739
109.188765 99.943593
109.676619 99.943593
109.676619 100.431447
109.676619 100.919301
109.676619 101.407156
110.164474 101.407156
110.164474 101.895010
110.164474 102.382864
110.164474 102.870718
110.652328 102.870718
110.652328 103.358572
110.652328 103.846426
110.652328 104.334281
111.140182 104.334281
111.140182 104.822135
111.628036 105.309989
111.628036 105.797843
111.628036 106.285697
112.115890 106.285697
112.115890 106.773552
112.115890 107.261406
112.115890 107.749260
112.603745 108.237114
112.603745 108.724968
112.603745 109.212822
112.603745 109.700677
113.091599 110.188531
113.091599 110.676385
113.091599 111.164239
113.579453 111.652093
113.579453 112.139947
113.579453 112.627802
114.067307 113.115656
114.067307 113.603510
114.555161 114.091364
114.555161 114.579218
114.555161 115.067073
115.043015 115.067073
115.043015 115.554927
115.043015 116.042781
115.043015 116.530635
115.530870 116.530635
115.530870 117.018489
116.018724 117.506343
116.018724 117.994198
116.506578 118.482052
116.506578 118.969906
116.994432 118.969906
116.994432 119.457760
117.482286 119.945614
117.482286 120.433469
117.482286 120.921323
117.970141 120.921323
118.457995 121.409177
118.457995 121.897031
118.945849 122.384885
118.945849 122.872739
119.433703 122.872739
119.433703 123.360594
119.921557 123.848448
120.409411 124.336302
120.409411 124.824156
120.897266 125.312010
121.385120 125.799864
121.385120 126.287719
121.872974 126.287719
122.360828 126.775573
122.360828 127.263427
122.848682 127.263427
122.848682 127.751281
123.336536 127.751281
123.336536 128.239135
123.824391 128.726990
124.312245 129.214844
124.312245 129.702698
124.800099 129.702698
125.287953 130.190552
125.775807 130.678406
126.263662 130.678406
126.263662 131.166260
126.751516 131.166260
127.239370 131.654115
127.727224 132.141969
128.215078 132.629823
128.702932 133.117677
129.190787 133.605531
129.678641 133.605531
130.166495 134.093386
130.654349 134.581240
131.142203 134.581240
131.630058 135.069094
132.117912 135.556948
132.605766 135.556948
133.093620 136.044802
133.581474 136.532656
134.069328 136.532656
134.557183 137.020511
135.045037 137.020511
135.532891 137.508365
136.020745 137.996219
136.508599 137.996219
136.996453 138.484073
137.484308 138.484073
137.972162 138.971927
138.460016 138.971927
138.947870 138.971927
139.435724 139.459781
139.923579 139.459781
140.411433 139.947636
140.899287 139.947636
141.387141 140.435490
141.874995 140.435490
142.362849 140.435490
142.850704 140.923344
143.338558 140.923344
143.826412 140.923344
144.314266 141.899052
144.802120 142.386907
145.289975 143.362615
145.289975 143.850469
145.777829 144.338323
146.265683 145.314032
145.777829 145.801886
145.777829 146.289740
145.289975 146.777594
144.802120 147.265448
144.802120 147.753303
144.314266 148.241157
144.314266 148.729011
143.826412 149.216865
143.338558 149.704719
143.338558 150.680428
142.850704 151.168282
142.362849 151.656136
142.362849 152.143990
141.874995 152.631844
141.874995 153.119698
141.387141 153.607553
140.899287 154.095407
140.899287 154.583261
140.411433 155.071115
139.923579 155.558969
139.435724 155.558969
138.947870 156.046824
138.460016 156.046824
137.972162 156.046824
137.484308 156.046824
136.996453 156.534678
136.508599 156.534678
136.020745 156.534678
135.045037 157.022532
134.557183 157.022532
134.069328 157.022532
133.093620 157.022532
132.605766 157.510386
132.117912 157.510386
131.630058 157.510386
130.654349 157.998240
130.166495 157.998240
129.678641 157.998240
129.190787 158.486094
128.215078 158.486094
127.727224 158.486094
127.239370 158.973949
126.751516 158.973949
125.775807 158.973949
125.287953 159.461803
124.800099 159.461803
123.824391 159.461803
123.336536 159.949657
122.848682 159.949657
122.360828 159.949657
121.872974 160.437511
121.385120 160.437511
120.897266 160.925365
119.921557 161.413220
119.433703 161.901074
118.945849 161.901074
118.457995 162.388928
117.482286 162.388928
116.994432 162.388928
116.506578 162.876782
116.018724 162.876782
115.043015 163.364636
114.555161 163.364636
114.067307 163.364636
113.579453 163.852490
113.091599 163.852490
112.115890 164.340345
111.628036 164.340345
111.140182 164.340345
110.652328 164.828199
109.676619 164.828199
109.188765 165.316053
108.700911 165.316053
108.213057 165.316053
107.237349 165.803907
106.749494 165.803907
106.261640 165.803907
105.773786 165.803907
105.285932 165.316053
104.798078 165.316053
104.310224 165.316053
103.822369 165.316053
103.334515 165.316053
102.846661 165.316053
102.358807 165.316053
101.383098 165.316053
100.895244 165.316053
100.407390 165.316053
99.919536 165.316053
99.431682 165.316053
98.943828 165.316053
98.455973 165.316053
97.968119 165.316053
97.480265 165.316053
96.992411 165.316053
96.504557 164.828199
96.016702 164.828199
95.528848 164.828199
95.040994 164.828199
94.553140 164.340345
94.065286 164.340345
93.577432 163.852490
93.089577 163.364636
92.601723 162.876782
92.113869 162.388928
91.626015 161.901074
91.138161 161.413220
90.650307 160.925365
90.162452 160.437511
89.674598 159.949657
89.186744 159.461803
88.698890 158.973949
88.211036 157.998240
87.723181 157.510386
87.723181 157.022532
87.723181 156.534678
87.235327 156.046824
87.235327 155.558969
87.235327 154.583261
87.235327 154.095407
87.235327 153.607553
87.235327 153.119698
87.235327 152.143990
87.235327 151.656136
87.235327 151.168282
87.235327 150.680428
86.747473 150.192573
86.747473 149.216865
86.747473 148.729011
86.747473 148.241157
86.747473 147.753303
86.747473 146.777594
86.747473 146.289740
86.747473 145.801886
86.747473 145.314032
86.747473 144.826177
86.259619 143.850469
86.259619 143.362615
86.259619 142.874761
86.259619 142.386907
86.259619 141.411198
86.259619 140.923344
86.259619 140.435490
86.259619 139.947636
86.259619 139.459781
86.259619 138.484073
85.771765 137.996219
85.771765 137.508365
85.771765 137.020511
85.771765 136.532656
85.771765 136.044802
85.771765 135.556948
85.771765 135.069094
85.771765 134.581240
85.771765 134.093386
85.771765 133.605531
85.771765 133.117677
85.771765 132.629823
85.771765 132.141969
85.771765 131.654115
85.771765 131.166260
85.771765 130.190552
85.771765 129.702698
85.771765 129.214844
85.771765 128.726990
85.771765 128.239135
85.771765 127.751281
85.771765 127.263427
85.771765 126.775573
85.771765 126.287719
85.771765 125.799864
85.771765 125.312010
85.771765 124.824156
85.771765 124.336302
85.771765 123.848448
85.771765 123.360594
85.771765 122.872739
85.771765 122.384885
85.771765 121.897031
85.771765 121.409177
85.771765 120.921323
85.771765 120.433469
85.771765 119.945614
85.771765 119.457760
85.771765 118.969906
85.771765 118.482052
85.771765 117.994198
85.771765 117.506343
85.771765 117.018489
85.771765 116.530635
85.771765 116.042781
85.771765 115.554927
85.771765 115.067073
85.771765 114.579218
85.771765 114.091364
85.771765 113.603510
85.771765 113.115656
85.771765 112.627802
85.771765 111.652093
85.771765 111.164239
85.771765 110.676385
85.771765 110.188531
85.771765 109.700677
85.771765 109.212822
85.771765 108.724968
85.771765 108.237114
85.771765 107.749260
85.771765 107.261406
85.771765 106.773552
85.771765 105.797843
85.771765 105.309989
85.771765 104.822135
85.771765 104.334281
85.771765 103.846426
85.771765 103.358572
85.771765 102.870718
85.771765 102.382864
85.771765 101.895010
85.771765 101.407156
85.771765 100.919301
85.771765 99.943593
85.771765 99.455739
85.283911 98.967885
85.283911 98.480030
85.283911 97.992176
85.283911 97.504322
85.283911 97.016468
85.283911 96.528614
85.283911 96.040760
85.283911 95.552905
85.283911 95.065051
85.771765 94.577197
86.259619 93.601489
86.747473 93.113635
87.235327 92.625780
87.723181 92.137926
87.723181 91.650072
88.211036 91.162218
88.698890 90.674364
89.186744 90.186509
89.674598 89.698655
90.162452 89.210801
90.650307 88.722947
90.650307 87.747239
91.138161 87.259384
91.626015 86.771530
92.113869 86.283676
92.601723 85.795822
93.089577 85.307968
93.577432 84.820113
93.577432 84.332259
94.065286 83.844405
94.553140 83.356551
95.040994 82.868697
95.528848 82.380843
96.016702 81.405134
96.504557 81.405134
96.992411 80.917280
97.480265 80.917280
97.968119 80.429426
98.455973 80.429426
98.943828 79.941572
99.431682 79.941572
99.919536 79.453718
100.407390 78.965863
100.895244 78.478009
101.383098 78.478009
101.870953 77.990155
102.358807 77.502301
102.846661 77.014447
103.334515 76.526592
103.822369 76.526592
104.310224 76.038738
104.798078 75.550884
105.285932 75.063030
105.773786 74.575176
106.261640 74.575176
106.749494 74.575176
107.237349 74.575176
107.725203 74.575176
108.213057 74.575176
