105.907025 67.097165
105.247295 67.756895
105.247295 68.416625
105.247295 69.076356
104.587564 69.736086
104.587564 70.395816
104.587564 71.055546
103.927834 71.715277
103.927834 72.375007
103.927834 73.034737
103.268104 73.694467
103.268104 74.354197
103.268104 75.013928
103.268104 75.673658
102.608374 76.333388
102.608374 76.993118
102.608374 77.652848
102.608374 78.312579
102.608374 78.972309
102.608374 79.632039
101.948643 80.291769
101.948643 80.951499
101.948643 81.611230
101.948643 82.270960
101.948643 82.930690
101.948643 83.590420
101.948643 84.250151
101.948643 84.909881
101.948643 85.569611
101.948643 86.229341
101.948643 86.889071
101.948643 87.548802
101.948643 88.208532
101.948643 88.868262
101.948643 89.527992
101.948643 90.187722
101.948643 90.847453
101.948643 91.507183
101.948643 92.166913
101.948643 92.826643
101.948643 93.486374
101.288913 94.146104
101.288913 95.465564
101.288913 96.125294
101.288913 96.785025
101.288913 97.444755
101.288913 98.104485
101.288913 98.764215
101.288913 99.423945
101.948643 100.083676
101.948643 100.743406
101.948643 101.403136
101.948643 102.062866
101.948643 102.722596
101.948643 103.382327
101.948643 104.042057
101.948643 104.701787
102.608374 105.361517
102.608374 106.021248
102.608374 106.680978
102.608374 107.340708
102.608374 108.000438
102.608374 108.660168
103.268104 109.319899
103.268104 109.979629
103.268104 110.639359
103.268104 111.299089
103.927834 111.958819
103.927834 112.618550
103.927834 113.278280
103.927834 113.938010
104.587564 114.597740
104.587564 115.257470
105.247295 115.917201
105.247295 116.576931
105.247295 117.236661
105.907025 117.896391
105.907025 118.556122
106.566755 119.215852
106.566755 119.875582
107.226485 120.535312
107.886215 121.195042
107.886215 121.854773
108.545946 122.514503
108.545946 123.174233
109.205676 123.833963
109.865406 124.493693
110.525136 125.153424
110.525136 126.472884
111.184866 127.132614
111.844597 127.792344
112.504327 128.452075
113.164057 129.111805
113.823787 129.771535
113.823787 130.431265
114.483518 131.090996
115.143248 131.750726
115.802978 132.410456
116.462708 133.070186
117.122438 133.729916
117.782169 134.389647
118.441899 135.049377
119.101629 135.709107
119.761359 136.368837
120.421089 137.028567
121.080820 137.688298
121.740550 138.348028
122.400280 138.348028
123.060010 139.007758
123.719740 139.667488
125.039201 140.327219
125.698931 140.986949
126.358661 141.646679
127.018392 142.306409
127.678122 142.966139
128.337852 143.625870
128.997582 144.285600
129.657312 144.945330
130.317043 145.605060
130.976773 146.264790
131.636503 146.924521
132.296233 147.584251
132.955963 148.243981
133.615694 148.903711
134.275424 149.563441
134.275424 150.223172
134.935154 150.882902
135.594884 151.542632
136.254614 152.202362
136.914345 152.862093
137.574075 153.521823
137.574075 154.181553
138.233805 154.841283
138.893535 155.501013
138.893535 156.160744
139.553266 156.820474
139.553266 157.480204
139.553266 158.139934
140.212996 158.799664
140.212996 159.459395
139.553266 160.119125
138.893535 160.778855
138.233805 161.438585
138.233805 162.098315
137.574075 162.098315
137.574075 162.758046
136.914345 163.417776
136.254614 164.077506
136.254614 164.737236
135.594884 165.396967
134.935154 166.056697
134.275424 166.056697
133.615694 166.716427
132.955963 166.716427
132.296233 166.716427
131.636503 166.716427
130.976773 166.716427
130.317043 166.716427
130.317043 167.376157
129.657312 167.376157
128.997582 167.376157
128.337852 168.035887
127.678122 168.035887
127.018392 168.035887
126.358661 168.035887
126.358661 168.695618
125.698931 168.695618
125.039201 168.695618
124.379471 168.695618
123.719740 168.695618
123.719740 169.355348
123.060010 169.355348
122.400280 169.355348
121.740550 170.015078
121.080820 170.015078
120.421089 170.015078
119.761359 170.674808
119.101629 170.674808
118.441899 171.334538
117.782169 171.334538
117.122438 171.334538
116.462708 171.994269
115.802978 171.994269
115.143248 172.653999
114.483518 172.653999
113.823787 172.653999
113.823787 173.313729
113.164057 173.313729
112.504327 173.973459
111.844597 174.633190
111.184866 174.633190
110.525136 175.292920
109.865406 175.292920
109.205676 175.292920
107.886215 175.292920
107.226485 175.292920
106.566755 175.292920
105.907025 175.952650
105.247295 175.952650
104.587564 175.952650
103.927834 175.952650
103.268104 175.952650
102.608374 176.612380
101.948643 176.612380
101.288913 176.612380
100.629183 176.612380
99.969453 176.612380
99.309723 177.272110
98.649992 177.272110
97.990262 177.272110
97.330532 177.272110
96.670802 177.272110
96.011072 177.931841
94.691611 177.931841
94.031881 177.931841
93.372151 177.931841
92.712421 177.931841
92.052690 177.931841
91.392960 178.591571
90.733230 178.591571
90.073500 178.591571
89.413769 178.591571
88.754039 178.591571
88.094309 178.591571
87.434579 178.591571
86.774849 178.591571
86.115118 178.591571
85.455388 178.591571
84.795658 178.591571
84.135928 178.591571
83.476198 178.591571
82.816467 177.931841
82.156737 177.931841
81.497007 177.931841
80.837277 177.931841
80.177547 177.272110
79.517816 177.272110
78.858086 177.272110
78.198356 176.612380
77.538626 176.612380
76.219165 175.952650
75.559435 175.292920
74.899705 175.292920
74.239975 174.633190
73.580244 173.973459
72.920514 173.313729
72.920514 172.653999
72.260784 171.994269
71.601054 171.334538
70.941324 170.674808
70.941324 170.015078
70.281593 169.355348
70.281593 168.695618
69.621863 168.035887
69.621863 167.376157
69.621863 166.716427
68.962133 166.056697
68.962133 165.396967
68.962133 164.737236
68.302403 164.077506
68.302403 163.417776
68.302403 162.758046
68.302403 162.098315
68.302403 161.438585
68.302403 160.778855
67.642672 160.119125
67.642672 158.799664
67.642672 158.139934
67.642672 157.480204
67.642672 156.820474
67.642672 156.160744
67.642672 155.501013
67.642672 154.841283
67.642672 154.181553
67.642672 153.521823
68.302403 152.862093
68.302403 152.202362
68.302403 151.542632
68.962133 150.882902
68.962133 150.223172
68.962133 149.563441
68.962133 148.903711
69.621863 148.243981
69.621863 147.584251
69.621863 146.924521
69.621863 146.264790
69.621863 145.605060
69.621863 144.945330
69.621863 144.285600
69.621863 143.625870
69.621863 142.966139
69.621863 142.306409
69.621863 141.646679
69.621863 140.986949
69.621863 140.327219
69.621863 139.667488
69.621863 139.007758
69.621863 138.348028
69.621863 137.688298
69.621863 137.028567
69.621863 136.368837
69.621863 135.709107
69.621863 135.049377
69.621863 134.389647
69.621863 133.729916
69.621863 133.070186
69.621863 132.410456
69.621863 131.750726
69.621863 131.090996
69.621863 130.431265
69.621863 129.771535
69.621863 129.111805
69.621863 128.452075
69.621863 127.792344
69.621863 127.132614
69.621863 126.472884
69.621863 125.813154
69.621863 125.153424
69.621863 124.493693
69.621863 123.833963
69.621863 123.174233
69.621863 122.514503
69.621863 121.854773
69.621863 121.195042
69.621863 120.535312
69.621863 119.875582
69.621863 119.215852
69.621863 118.556122
69.621863 117.896391
69.621863 117.236661
69.621863 116.576931
68.962133 115.917201
68.962133 115.257470
68.962133 114.597740
68.962133 113.278280
68.302403 112.618550
68.302403 111.958819
68.302403 111.299089
68.302403 110.639359
68.302403 109.979629
68.302403 109.319899
68.302403 108.660168
68.302403 108.000438
68.302403 107.340708
68.302403 106.680978
68.302403 106.021248
68.302403 105.361517
68.302403 104.701787
68.302403 104.042057
68.302403 103.382327
68.302403 102.722596
68.302403 102.062866
68.302403 101.403136
68.302403 100.743406
68.302403 100.083676
68.302403 99.423945
68.302403 98.764215
68.302403 98.104485
68.302403 97.444755
68.302403 96.785025
68.302403 96.125294
68.302403 95.465564
68.302403 94.805834
68.302403 94.146104
68.302403 93.486374
68.302403 92.826643
68.302403 92.166913
68.302403 91.507183
68.962133 90.847453
68.962133 90.187722
68.962133 88.868262
68.962133 88.208532
68.962133 87.548802
68.962133 86.889071
69.621863 86.229341
69.621863 85.569611
69.621863 84.909881
69.621863 84.250151
70.281593 83.590420
70.281593 82.930690
70.281593 82.270960
70.941324 81.611230
70.941324 80.951499
71.601054 80.291769
71.601054 79.632039
72.260784 78.972309
72.260784 78.312579
72.260784 77.652848
72.920514 76.993118
73.580244 76.333388
73.580244 75.673658
74.239975 75.013928
74.239975 74.354197
74.899705 73.694467
75.559435 73.034737
75.559435 72.375007
76.219165 71.055546
76.878895 70.395816
77.538626 69.736086
77.538626 69.076356
78.198356 68.416625
78.858086 67.756895
79.517816 67.097165
80.177547 66.437435
80.837277 65.777705
81.497007 65.777705
82.156737 65.117974
82.816467 65.117974
83.476198 64.458244
84.135928 64.458244
84.795658 64.458244
85.455388 64.458244
86.115118 63.798514
86.774849 63.798514
87.434579 63.798514
88.094309 63.798514
88.754039 63.798514
89.413769 63.798514
90.073500 63.138784
90.733230 63.138784
91.392960 63.138784
92.052690 62.479054
92.712421 62.479054
93.372151 62.479054
94.031881 62.479054
94.691611 61.819323
95.351341 61.819323
96.011072 61.819323
96.670802 61.819323
97.330532 61.819323
97.990262 61.819323
98.649992 61.819323
99.309723 61.819323
99.969453 61.819323
100.629183 61.819323
101.288913 61.819323
101.948643 62.479054
102.608374 63.138784
103.268104 63.798514
103.927834 64.458244
104.587564 65.117974
105.247295 65.777705
105.907025 66.437435
105.907025 67.097165
