107.606917 67.827783
107.606917 68.505944
107.606917 69.184105
107.606917 69.862266
107.606917 70.540427
107.606917 71.218588
107.606917 71.896750
107.606917 72.574911
107.606917 73.253072
107.606917 73.931233
107.606917 74.609394
107.606917 75.287555
107.606917 75.965716
107.606917 76.643877
107.606917 77.322038
107.606917 78.000199
107.606917 78.678360
107.606917 79.356521
107.606917 80.034682
107.606917 80.712843
106.928756 81.391004
106.928756 82.069166
106.928756 82.747327
106.928756 83.425488
106.928756 84.103649
106.928756 84.781810
106.928756 85.459971
106.928756 86.138132
106.250595 86.816293
106.250595 87.494454
106.250595 88.172615
106.250595 88.850776
105.572434 89.528937
105.572434 90.207098
105.572434 90.885259
105.572434 91.563421
105.572434 92.241582
105.572434 92.919743
104.894273 93.597904
104.894273 94.276065
104.894273 94.954226
104.894273 95.632387
104.894273 96.310548
104.894273 96.988709
104.894273 97.666870
104.894273 98.345031
104.894273 99.023192
104.894273 99.701353
104.894273 100.379514
105.572434 101.057675
105.572434 101.735837
105.572434 102.413998
105.572434 103.092159
105.572434 103.770320
105.572434 104.448481
106.250595 105.126642
106.250595 105.804803
106.250595 106.482964
106.250595 107.161125
106.250595 107.839286
106.928756 107.839286
106.928756 108.517447
106.928756 109.195608
106.928756 109.873769
107.606917 109.873769
107.606917 110.551930
107.606917 111.230092
108.285078 111.908253
108.285078 112.586414
108.963239 113.264575
108.963239 113.942736
108.963239 114.620897
109.641400 114.620897
109.641400 115.299058
109.641400 115.977219
109.641400 116.655380
110.319561 116.655380
110.319561 117.333541
110.319561 118.011702
110.319561 118.689863
110.997722 118.689863
110.997722 119.368024
110.997722 120.046185
111.675883 120.046185
111.675883 120.724347
112.354044 121.402508
112.354044 122.080669
112.354044 122.758830
113.032205 122.758830
113.032205 123.436991
113.032205 124.115152
113.710367 124.115152
113.710367 124.793313
114.388528 125.471474
115.066689 126.149635
115.066689 126.827796
115.066689 126.149635
115.066689 126.827796
115.744850 127.505957
116.423011 128.184118
116.423011 128.862279
116.423011 129.540440
117.101172 129.540440
117.779333 130.218601
117.779333 130.896763
118.457494 130.896763
119.135655 131.574924
119.135655 132.253085
119.813816 132.253085
120.491977 132.931246
121.170138 133.609407
121.848299 134.287568
122.526460 134.965729
123.204622 135.643890
123.882783 135.643890
124.560944 136.322051
125.239105 137.000212
125.917266 137.000212
126.595427 137.678373
127.273588 138.356534
127.951749 138.356534
128.629910 139.034695
129.308071 139.034695
129.308071 139.712856
129.308071 140.391018
129.986232 140.391018
129.986232 141.069179
130.664393 141.069179
130.664393 141.747340
131.342554 142.425501
131.342554 143.103662
132.020715 143.103662
132.698876 143.781823
132.698876 144.459984
132.698876 145.138145
133.377038 145.138145
134.055199 145.816306
134.733360 146.494467
135.411521 147.172628
135.411521 147.850789
136.089682 147.850789
136.767843 148.528950
137.446004 149.207111
138.124165 149.885273
138.802326 149.885273
139.480487 150.563434
140.158648 151.241595
140.158648 151.919756
140.158648 152.597917
140.836809 153.276078
140.836809 153.954239
140.836809 154.632400
141.514970 155.310561
141.514970 155.988722
141.514970 156.666883
141.514970 157.345044
141.514970 158.023205
141.514970 158.701366
141.514970 160.057689
141.514970 160.735850
141.514970 161.414011
141.514970 162.092172
141.514970 162.770333
141.514970 163.448494
141.514970 164.126655
140.836809 164.126655
139.480487 164.804816
139.480487 165.482977
138.802326 166.161138
138.124165 166.839299
137.446004 167.517460
136.767843 168.195621
136.089682 168.873782
135.411521 169.551944
134.733360 170.230105
134.055199 170.230105
133.377038 170.230105
132.698876 170.908266
132.020715 170.908266
131.342554 171.586427
130.664393 171.586427
129.986232 171.586427
128.629910 172.264588
127.951749 172.264588
127.273588 172.942749
126.595427 172.942749
125.917266 172.942749
125.239105 173.620910
124.560944 173.620910
123.882783 174.299071
123.204622 174.299071
122.526460 174.299071
121.848299 174.977232
121.170138 174.977232
120.491977 174.977232
119.135655 175.655393
118.457494 175.655393
117.779333 176.333554
117.101172 176.333554
116.423011 176.333554
115.744850 177.011715
115.066689 177.011715
114.388528 177.011715
113.032205 177.011715
112.354044 177.011715
111.675883 177.689876
110.997722 177.689876
109.641400 177.689876
108.963239 177.689876
108.285078 177.689876
107.606917 178.368037
106.250595 178.368037
105.572434 178.368037
104.894273 178.368037
104.216112 178.368037
102.859789 179.046198
102.181628 179.046198
101.503467 179.046198
100.825306 179.046198
99.468984 179.046198
98.790823 179.724360
98.112662 179.724360
97.434501 179.724360
96.078179 179.724360
95.400018 179.724360
94.721857 180.402521
94.043696 180.402521
92.687373 180.402521
92.009212 180.402521
91.331051 180.402521
90.652890 181.080682
89.296568 181.080682
88.618407 181.080682
87.940246 181.080682
87.262085 181.080682
86.583924 181.080682
85.905763 181.080682
85.227602 181.080682
84.549441 181.080682
83.871279 181.080682
82.514957 181.080682
81.836796 181.080682
81.158635 180.402521
80.480474 180.402521
79.802313 180.402521
79.124152 180.402521
78.445991 180.402521
77.089669 180.402521
76.411508 180.402521
75.733347 180.402521
75.055186 180.402521
74.377025 179.724360
73.698863 179.046198
73.020702 178.368037
72.342541 177.689876
72.342541 177.011715
71.664380 176.333554
70.986219 175.655393
70.308058 174.977232
69.629897 174.299071
69.629897 173.620910
69.629897 172.942749
69.629897 172.264588
68.951736 171.586427
68.951736 170.908266
68.273575 170.230105
68.273575 169.551944
67.595414 168.873782
67.595414 168.195621
66.917253 167.517460
66.917253 166.839299
66.239092 166.161138
66.239092 165.482977
65.560931 164.804816
65.560931 163.448494
65.560931 162.770333
65.560931 162.092172
65.560931 161.414011
65.560931 160.735850
65.560931 160.057689
65.560931 158.701366
65.560931 158.023205
64.882770 157.345044
64.882770 156.666883
64.882770 155.988722
64.882770 154.632400
64.882770 153.954239
64.882770 153.276078
64.882770 152.597917
64.882770 151.919756
64.882770 151.241595
64.882770 150.563434
64.882770 149.885273
64.882770 149.207111
64.882770 148.528950
64.882770 147.172628
64.882770 146.494467
64.882770 145.816306
64.882770 145.138145
64.882770 144.459984
64.882770 143.781823
64.882770 143.103662
64.882770 142.425501
64.882770 141.747340
64.882770 141.069179
64.882770 140.391018
64.882770 139.712856
64.882770 139.034695
64.882770 138.356534
64.882770 137.678373
64.882770 137.000212
64.882770 136.322051
64.882770 135.643890
65.560931 134.965729
65.560931 133.609407
65.560931 132.931246
65.560931 132.253085
65.560931 131.574924
65.560931 130.896763
65.560931 130.218601
65.560931 129.540440
65.560931 128.862279
65.560931 128.184118
65.560931 127.505957
65.560931 126.827796
65.560931 126.149635
65.560931 125.471474
65.560931 124.793313
65.560931 124.115152
65.560931 123.436991
65.560931 122.758830
65.560931 122.080669
65.560931 121.402508
65.560931 120.046185
65.560931 119.368024
65.560931 118.689863
65.560931 118.011702
65.560931 117.333541
65.560931 116.655380
65.560931 115.977219
65.560931 114.620897
64.882770 113.942736
64.882770 113.264575
64.882770 112.586414
64.882770 111.908253
64.882770 111.230092
64.882770 110.551930
64.882770 109.195608
64.882770 108.517447
64.882770 107.839286
64.882770 107.161125
64.882770 106.482964
64.882770 105.804803
64.882770 105.126642
64.882770 104.448481
64.882770 103.770320
64.882770 103.092159
64.882770 101.735837
64.882770 101.057675
64.882770 100.379514
64.882770 99.701353
64.882770 99.023192
64.882770 98.345031
64.882770 96.988709
64.882770 96.310548
64.882770 95.632387
64.882770 94.954226
64.882770 94.276065
64.882770 92.919743
64.882770 92.241582
64.882770 91.563421
64.882770 90.885259
64.882770 90.207098
64.882770 89.528937
64.882770 88.172615
64.882770 87.494454
64.882770 86.816293
64.882770 86.138132
65.560931 85.459971
65.560931 84.781810
65.560931 84.103649
66.239092 83.425488
66.239092 82.747327
66.917253 81.391004
67.595414 80.712843
67.595414 80.034682
68.273575 79.356521
68.951736 78.678360
68.951736 78.000199
69.629897 76.643877
69.629897 75.965716
70.308058 75.287555
70.986219 74.609394
70.986219 73.931233
71.664380 73.253072
72.342541 71.896750
72.342541 71.218588
73.020702 70.540427
73.698863 69.862266
73.698863 69.184105
74.377025 68.505944
74.377025 67.827783
75.055186 67.149622
75.733347 65.793300
75.733347 65.115139
76.411508 64.436978
77.089669 63.758817
77.089669 63.080656
77.767830 62.402495
78.445991 61.724333
79.124152 61.724333
79.802313 61.046172
80.480474 61.046172
81.158635 61.046172
82.514957 61.046172
83.193118 60.368011
83.871279 60.368011
84.549441 60.368011
85.227602 59.689850
85.905763 59.689850
86.583924 59.689850
87.262085 59.689850
88.618407 59.011689
89.296568 59.011689
89.974729 59.011689
90.652890 59.011689
91.331051 59.011689
92.009212 59.011689
92.687373 59.011689
94.043696 59.011689
94.721857 59.011689
95.400018 59.011689
96.078179 59.011689
96.756340 59.689850
97.434501 59.689850
98.112662 59.689850
98.790823 59.689850
99.468984 59.689850
100.825306 59.689850
101.503467 59.689850
102.181628 59.689850
102.859789 59.689850
103.537951 59.689850
104.216112 59.689850
104.216112 60.368011
104.894273 60.368011
104.894273 61.046172
105.572434 61.724333
105.572434 62.402495
106.250595 62.402495
106.250595 63.080656
106.928756 63.080656
106.928756 63.758817
107.606917 64.436978
107.606917 65.115139
107.606917 65.793300
107.606917 66.471461
107.606917 67.149622
107.606917 67.827783
