111.982473 76.323960
112.387371 76.323960
112.387371 76.728857
112.387371 77.133754
112.792268 77.538651
112.792268 77.943548
113.197165 78.348445
113.197165 78.753343
113.197165 79.158240
113.197165 79.563137
113.602062 79.968034
113.602062 80.372931
113.602062 80.777828
114.006959 81.182726
113.602062 81.587623
113.602062 81.992520
113.197165 82.397417
113.197165 82.802314
112.792268 83.207211
112.792268 83.612108
112.387371 84.017006
112.387371 84.421903
112.387371 84.826800
111.982473 85.231697
111.982473 85.636594
111.577576 86.041491
111.577576 86.446389
111.577576 86.851286
111.172679 87.256183
111.172679 87.661080
111.172679 88.065977
110.767782 88.470874
110.767782 88.875771
110.767782 89.280669
110.767782 89.685566
110.362885 90.090463
110.362885 90.495360
110.362885 90.900257
110.362885 91.305154
109.957988 91.710052
109.957988 92.114949
109.957988 92.519846
109.957988 92.924743
109.957988 93.329640
109.957988 93.734537
109.957988 94.139434
109.957988 94.544332
109.957988 94.949229
109.553091 95.354126
109.553091 95.759023
109.553091 96.163920
109.553091 96.568817
109.553091 96.973714
109.553091 97.378612
109.553091 97.783509
109.553091 98.188406
109.553091 98.593303
109.553091 98.998200
109.553091 99.403097
109.553091 99.807995
109.957988 100.212892
109.957988 100.617789
109.957988 101.022686
109.957988 101.427583
109.957988 101.832480
109.957988 102.237377
109.957988 102.642275
109.957988 103.047172
109.957988 103.452069
110.362885 103.856966
110.362885 104.261863
110.362885 104.666760
110.362885 104.261863
110.362885 104.666760
110.362885 105.071658
110.362885 105.476555
110.767782 105.476555
110.767782 105.881452
110.767782 106.286349
110.767782 106.691246
111.172679 107.096143
111.172679 107.501040
111.172679 107.905938
111.577576 108.310835
111.577576 108.715732
111.577576 109.120629
111.577576 109.525526
111.982473 109.525526
111.982473 109.930423
112.387371 110.335321
112.387371 110.740218
112.387371 111.145115
112.387371 111.550012
112.792268 111.550012
112.792268 111.954909
113.197165 112.359806
113.197165 112.764703
113.602062 113.169601
113.602062 113.574498
114.006959 113.574498
114.006959 113.979395
114.006959 114.384292
114.411856 114.384292
114.411856 114.789189
114.816754 115.194086
114.816754 115.598983
115.221651 115.598983
115.221651 116.003881
115.626548 116.408778
115.626548 116.813675
115.626548 117.218572
116.031445 117.218572
116.436342 117.623469
116.436342 118.028366
116.841239 118.433264
116.841239 118.838161
117.246136 118.838161
117.246136 119.243058
117.651034 119.243058
117.651034 119.647955
118.055931 120.052852
118.460828 120.457749
118.460828 120.862646
118.865725 120.862646
119.270622 121.267544
119.675519 121.672441
120.080417 122.077338
120.485314 122.482235
120.890211 122.887132
121.295108 123.292029
121.700005 123.696927
122.104902 124.101824
122.509799 124.506721
122.914697 124.506721
123.319594 124.911618
123.724491 125.316515
124.129388 125.721412
124.534285 125.721412
124.939182 126.126309
125.344080 126.531207
125.748977 126.531207
126.153874 126.936104
126.558771 126.936104
126.963668 127.341001
127.368565 127.745898
127.773462 127.745898
128.178360 128.150795
128.583257 128.150795
128.988154 128.555692
129.393051 128.555692
129.797948 128.960590
130.202845 129.365487
130.607742 129.365487
131.012640 129.770384
131.417537 130.175281
131.822434 130.175281
132.227331 130.580178
132.632228 130.985075
133.037125 130.985075
133.442023 131.389972
133.846920 131.794870
134.251817 132.199767
134.251817 133.009561
134.656714 133.414458
135.061611 134.224252
135.061611 134.629150
135.466508 135.034047
135.466508 135.843841
135.871405 136.248738
136.276303 137.058533
136.276303 137.463430
136.681200 138.273224
136.681200 138.678121
137.086097 139.487915
137.086097 139.892813
137.490994 140.702607
137.895891 141.107504
137.895891 141.917298
138.300788 142.322196
138.300788 143.131990
137.895891 143.536887
137.490994 143.536887
137.086097 143.941784
136.681200 144.346681
136.276303 144.751578
135.871405 145.156476
135.466508 145.561373
135.061611 145.966270
134.656714 146.371167
134.251817 146.776064
133.846920 147.180961
133.442023 147.180961
133.037125 147.585859
132.227331 147.990756
131.822434 148.395653
131.417537 148.800550
131.012640 149.205447
130.607742 149.205447
130.202845 149.610344
129.797948 149.610344
129.393051 149.610344
128.988154 150.015241
128.178360 150.015241
127.773462 150.420139
127.368565 150.420139
126.963668 150.420139
126.558771 150.825036
126.153874 150.825036
125.748977 151.229933
124.939182 151.229933
124.534285 151.634830
124.129388 151.634830
123.724491 151.634830
123.319594 152.039727
122.914697 152.039727
122.104902 152.444624
121.700005 152.444624
121.295108 152.444624
120.890211 152.849521
120.485314 152.849521
120.080417 153.254419
119.675519 153.254419
118.865725 153.254419
118.460828 153.659316
118.055931 153.659316
117.651034 154.064213
117.246136 154.064213
116.841239 154.064213
116.436342 154.469110
115.626548 154.469110
115.221651 154.469110
114.816754 154.469110
114.411856 154.064213
114.006959 154.064213
113.602062 154.064213
113.197165 153.659316
112.792268 153.659316
112.387371 153.659316
111.982473 153.254419
111.577576 153.254419
111.172679 153.254419
110.767782 152.849521
110.362885 152.849521
109.957988 152.849521
109.553091 152.444624
109.148193 152.444624
108.743296 152.444624
108.338399 152.039727
107.933502 152.039727
107.528605 152.039727
107.123708 151.634830
106.718811 151.634830
106.313913 151.634830
105.909016 151.229933
105.504119 151.229933
105.099222 151.229933
104.694325 150.825036
104.289428 150.825036
103.884530 150.825036
103.479633 150.420139
103.074736 150.420139
102.669839 150.420139
102.264942 150.015241
101.860045 149.610344
101.455148 149.205447
101.050250 148.800550
101.050250 148.395653
100.645353 147.990756
100.645353 147.585859
100.240456 147.180961
100.240456 146.776064
99.835559 146.371167
99.835559 145.966270
99.835559 145.561373
99.430662 145.156476
99.430662 144.751578
99.430662 144.346681
99.025765 143.941784
99.025765 143.131990
99.025765 142.727093
98.620867 142.322196
98.620867 141.917298
98.620867 141.512401
98.620867 141.107504
98.215970 140.702607
98.215970 140.297710
98.215970 139.892813
97.811073 139.487915
97.811073 139.083018
97.811073 138.273224
97.406176 137.868327
97.406176 137.463430
97.406176 137.058533
97.001279 136.653635
97.001279 136.248738
97.001279 135.438944
96.596382 135.034047
96.596382 134.629150
96.596382 133.819355
96.191485 133.414458
96.191485 132.604664
96.191485 132.199767
95.786587 131.794870
95.786587 130.985075
95.786587 130.580178
95.381690 129.770384
95.381690 129.365487
95.381690 128.960590
94.976793 128.150795
94.976793 127.745898
94.976793 126.936104
94.571896 126.531207
94.571896 126.126309
94.571896 125.316515
94.166999 124.911618
94.166999 124.506721
94.166999 123.696927
93.762102 123.292029
93.762102 122.482235
93.762102 122.077338
93.357204 121.672441
93.357204 120.862646
93.357204 120.457749
92.952307 119.647955
92.952307 119.243058
92.952307 118.838161
92.547410 118.028366
92.547410 117.623469
92.547410 117.218572
92.547410 116.813675
92.142513 116.408778
92.142513 116.003881
92.142513 115.598983
92.142513 115.194086
92.142513 114.789189
92.142513 113.979395
92.142513 113.574498
92.142513 113.169601
92.142513 112.764703
91.737616 111.954909
91.737616 111.550012
91.737616 111.145115
91.737616 110.740218
91.737616 110.335321
91.737616 109.525526
91.737616 109.120629
91.737616 108.715732
91.737616 108.310835
91.737616 107.501040
91.737616 107.096143
91.737616 106.691246
91.737616 106.286349
91.737616 105.476555
91.737616 105.071658
91.737616 104.666760
91.737616 104.261863
91.737616 103.856966
91.737616 103.047172
91.737616 102.642275
91.737616 102.237377
91.737616 101.832480
91.737616 101.022686
91.737616 100.617789
91.332719 100.212892
91.332719 99.807995
91.332719 98.998200
91.332719 98.593303
91.332719 98.188406
91.332719 97.783509
91.737616 96.973714
91.737616 96.568817
91.737616 96.163920
91.737616 95.354126
91.737616 94.949229
91.737616 94.544332
92.142513 94.139434
92.142513 93.329640
92.142513 92.924743
92.142513 92.519846
92.142513 91.710052
92.142513 91.305154
92.547410 90.900257
92.547410 90.090463
92.547410 89.685566
92.547410 89.280669
92.547410 88.470874
92.547410 88.065977
92.952307 87.661080
92.952307 86.851286
92.952307 86.446389
92.952307 86.041491
92.952307 85.636594
92.952307 84.826800
93.762102 84.421903
94.166999 84.421903
94.571896 84.017006
94.976793 83.612108
95.786587 83.207211
96.191485 82.802314
96.596382 82.802314
97.001279 82.397417
97.406176 81.992520
98.215970 81.587623
98.620867 81.182726
99.025765 80.777828
99.430662 80.777828
100.240456 80.372931
100.645353 79.968034
101.050250 79.563137
101.455148 79.158240
102.264942 78.753343
102.669839 78.753343
103.074736 78.348445
103.479633 77.943548
103.884530 77.538651
104.694325 77.133754
105.099222 77.133754
105.504119 76.728857
105.909016 76.323960
106.718811 75.919063
107.123708 75.514165
107.528605 75.109268
107.933502 75.109268
108.338399 75.109268
108.743296 75.109268
109.148193 75.109268
109.553091 75.514165
109.957988 75.514165
110.362885 75.514165
110.767782 75.919063
111.172679 75.919063
111.577576 75.919063
111.982473 76.323960
