105.406291 74.129538
104.843464 74.692365
104.843464 75.255193
104.280637 75.818020
104.280637 76.380847
104.280637 76.943675
103.717809 77.506502
103.717809 78.069330
103.717809 78.632157
103.154982 79.194984
103.154982 79.757812
103.154982 80.320639
103.154982 80.883467
102.592155 81.446294
102.592155 82.009121
102.592155 82.571949
102.592155 83.134776
102.029327 83.697603
102.029327 84.260431
102.029327 84.823258
102.029327 85.386086
102.029327 85.948913
101.466500 86.511740
101.466500 87.074568
101.466500 87.637395
101.466500 88.200223
101.466500 88.763050
101.466500 89.325877
101.466500 89.888705
100.903672 90.451532
100.903672 91.014359
100.903672 91.577187
100.903672 92.140014
100.903672 92.702842
100.903672 93.265669
100.903672 93.828496
100.903672 94.391324
100.903672 94.954151
100.903672 95.516979
100.903672 96.079806
100.903672 96.642633
100.903672 97.205461
100.903672 97.768288
100.903672 98.331115
100.903672 98.893943
100.903672 99.456770
100.903672 100.019598
100.903672 100.582425
100.903672 101.145252
100.903672 101.708080
100.903672 102.270907
101.466500 102.270907
101.466500 102.833735
101.466500 103.396562
101.466500 103.959389
101.466500 104.522217
101.466500 105.085044
101.466500 105.647871
101.466500 106.210699
102.029327 106.210699
102.029327 106.773526
102.029327 107.336354
102.029327 107.899181
102.029327 108.462008
102.592155 109.024836
102.592155 109.587663
102.592155 110.150491
102.592155 110.713318
103.154982 111.276145
103.154982 111.838973
103.154982 112.401800
103.154982 112.964627
103.717809 113.527455
103.717809 114.090282
103.717809 114.653110
104.280637 115.215937
104.280637 115.778764
104.280637 116.341592
104.843464 116.904419
104.843464 117.467247
105.406291 118.030074
105.406291 118.592901
105.969119 119.155729
105.969119 119.718556
105.969119 120.281383
105.969119 120.844211
106.531946 120.844211
106.531946 121.407038
106.531946 121.969866
107.094774 121.969866
107.094774 122.532693
107.657601 123.095520
108.220428 123.658348
108.220428 124.221175
108.783256 124.784003
108.783256 125.346830
108.783256 125.909657
109.346083 125.909657
109.346083 126.472485
109.908911 126.472485
109.908911 127.035312
110.471738 127.598139
110.471738 128.160967
111.034565 128.160967
111.034565 128.723794
111.034565 129.286622
111.597393 129.286622
111.597393 129.849449
112.160220 129.849449
112.160220 130.412276
112.723047 130.975104
113.285875 131.537931
113.848702 132.100759
113.848702 132.663586
114.411530 132.663586
114.411530 133.226413
114.974357 133.226413
114.974357 133.789241
115.537184 134.352068
115.537184 134.914895
116.100012 134.914895
116.662839 135.477723
117.225667 136.040550
117.788494 136.603378
118.351321 137.166205
118.914149 137.729032
119.476976 138.291860
120.039803 138.291860
120.602631 138.854687
121.165458 139.417515
121.728286 139.980342
122.291113 140.543169
122.853940 141.105997
123.416768 141.105997
123.979595 141.668824
124.542423 142.231651
125.105250 142.231651
125.668077 142.794479
126.230905 143.357306
126.793732 143.357306
127.356559 143.920134
127.919387 144.482961
128.482214 144.482961
129.045042 145.045788
129.607869 145.045788
130.170696 145.608616
130.733524 146.171443
131.296351 146.171443
131.859179 146.734271
132.422006 146.734271
132.984833 147.297098
133.547661 147.297098
134.110488 147.859925
134.673315 147.859925
135.236143 147.859925
135.798970 148.422753
136.361798 148.422753
136.924625 148.985580
137.487452 148.985580
138.050280 149.548407
138.613107 149.548407
139.175935 149.548407
139.738762 150.111235
140.301589 150.111235
140.864417 150.111235
141.427244 150.674062
141.990071 150.674062
142.552899 150.674062
142.552899 151.236890
142.552899 151.799717
142.552899 152.362544
141.990071 152.925372
141.427244 153.488199
140.864417 154.051027
139.738762 154.613854
139.175935 155.176681
138.613107 155.739509
138.050280 156.302336
137.487452 156.865163
136.361798 157.427991
135.798970 157.990818
135.236143 158.553646
134.673315 159.116473
133.547661 159.679300
132.984833 160.242128
132.422006 160.804955
131.859179 161.367783
130.733524 161.930610
130.170696 162.493437
129.607869 163.056265
129.045042 163.619092
128.482214 164.181919
127.919387 164.181919
127.356559 164.181919
126.793732 164.744747
126.230905 164.744747
125.668077 164.744747
125.105250 165.307574
123.979595 165.307574
123.416768 165.307574
122.853940 165.307574
122.291113 165.307574
121.728286 165.307574
120.602631 165.307574
120.039803 165.870402
119.476976 165.870402
118.914149 165.870402
117.788494 165.870402
117.225667 165.870402
116.662839 165.870402
116.100012 165.870402
114.974357 166.433229
114.411530 166.433229
113.848702 166.433229
113.285875 166.433229
112.723047 166.433229
111.597393 166.433229
111.034565 166.996056
110.471738 166.996056
109.908911 166.996056
108.783256 166.996056
108.220428 166.996056
107.657601 166.996056
107.094774 167.558884
106.531946 167.558884
105.406291 167.558884
104.843464 167.558884
104.280637 167.558884
103.717809 167.558884
103.154982 168.121711
102.029327 168.121711
101.466500 168.121711
100.903672 168.121711
100.340845 168.121711
99.215190 168.684539
98.652363 168.684539
98.089535 168.684539
97.526708 168.684539
96.963881 168.684539
95.838226 168.684539
95.275399 169.247366
94.712571 169.247366
94.149744 169.247366
93.586916 169.247366
92.461262 169.247366
91.898434 169.247366
91.335607 169.810193
90.772779 169.810193
90.209952 169.810193
89.084297 169.810193
88.521470 169.810193
87.958643 169.810193
87.395815 169.247366
86.832988 169.247366
86.270160 168.684539
85.707333 168.121711
85.144506 167.558884
84.581678 166.996056
84.018851 166.433229
83.456023 165.870402
82.893196 165.307574
82.330369 164.744747
81.767541 164.744747
81.204714 164.181919
80.641887 163.619092
80.079059 163.056265
79.516232 162.493437
78.953404 161.930610
78.390577 161.367783
77.827750 160.804955
77.264922 160.242128
76.702095 159.679300
76.702095 159.116473
76.702095 158.553646
76.702095 157.990818
77.264922 157.427991
77.264922 156.865163
77.264922 155.739509
77.264922 155.176681
77.264922 154.051027
77.264922 153.488199
77.264922 152.925372
76.702095 151.799717
76.702095 151.236890
76.702095 150.111235
76.702095 149.548407
76.702095 148.422753
76.702095 147.859925
76.702095 146.734271
76.702095 146.171443
76.702095 145.045788
76.702095 144.482961
76.702095 143.357306
76.702095 142.794479
76.702095 141.668824
76.702095 141.105997
76.702095 139.980342
76.702095 139.417515
76.702095 138.291860
76.702095 137.729032
76.702095 137.166205
76.702095 136.040550
76.702095 135.477723
76.702095 134.352068
76.702095 133.789241
76.702095 132.663586
76.702095 132.100759
76.702095 130.975104
76.702095 130.412276
76.702095 129.286622
76.702095 128.723794
76.702095 128.160967
76.702095 127.598139
76.139267 127.035312
76.139267 126.472485
76.139267 125.909657
76.139267 125.346830
76.139267 124.784003
76.139267 124.221175
76.139267 123.658348
76.139267 123.095520
76.139267 122.532693
76.139267 121.969866
76.139267 121.407038
76.139267 120.281383
76.139267 119.718556
76.139267 119.155729
76.139267 118.592901
76.139267 118.030074
76.139267 117.467247
75.576440 116.904419
75.576440 116.341592
75.576440 115.778764
75.576440 115.215937
75.576440 114.653110
75.576440 114.090282
75.576440 113.527455
75.576440 112.964627
75.576440 112.401800
75.576440 111.838973
75.576440 111.276145
75.576440 110.150491
75.576440 109.587663
75.576440 109.024836
75.576440 108.462008
75.576440 107.899181
75.576440 107.336354
75.576440 106.773526
75.576440 106.210699
75.576440 105.647871
76.139267 105.085044
76.139267 104.522217
76.139267 103.959389
76.702095 103.396562
76.702095 102.833735
76.702095 102.270907
76.702095 101.708080
77.264922 101.145252
77.264922 100.019598
77.264922 99.456770
77.827750 98.893943
77.827750 98.331115
77.827750 97.768288
78.390577 97.205461
78.390577 96.642633
78.390577 96.079806
78.390577 95.516979
78.953404 94.954151
78.953404 94.391324
78.953404 93.828496
79.516232 93.265669
79.516232 92.702842
79.516232 92.140014
80.079059 91.577187
80.079059 90.451532
80.079059 89.888705
80.079059 89.325877
80.641887 88.763050
80.641887 88.200223
80.641887 87.637395
81.204714 87.074568
81.204714 86.511740
81.767541 85.948913
82.330369 85.386086
82.893196 84.823258
83.456023 84.260431
84.018851 83.697603
84.581678 83.134776
85.144506 82.571949
85.144506 82.009121
85.707333 81.446294
86.270160 80.883467
86.832988 80.320639
87.395815 79.757812
87.958643 79.194984
88.521470 78.632157
89.084297 78.069330
89.647125 77.506502
90.209952 76.943675
90.772779 76.380847
91.335607 75.818020
91.898434 75.255193
92.461262 74.692365
93.024089 74.129538
93.586916 73.003883
94.149744 72.441056
94.149744 71.878228
94.712571 71.315401
95.275399 70.752574
95.838226 70.752574
96.401053 70.189746
96.963881 70.189746
97.526708 70.189746
98.652363 70.189746
99.215190 69.626919
99.778018 69.626919
100.340845 69.626919
100.903672 69.626919
101.466500 69.064091
102.029327 69.626919
102.592155 70.189746
103.154982 70.752574
103.717809 71.315401
104.280637 71.878228
104.843464 72.441056
105.406291 73.003883
105.406291 73.566711
105.406291 74.129538
