117.931285 70.807030
117.931285 71.422578
117.931285 70.807030
117.931285 71.422578
117.931285 72.038127
117.315736 72.653676
117.315736 73.269225
117.315736 73.884774
117.315736 74.500322
117.315736 75.115871
117.315736 75.731420
117.315736 76.346969
117.315736 76.962517
117.315736 77.578066
117.315736 78.193615
117.315736 78.809164
117.315736 79.424713
116.700187 80.040261
116.700187 80.655810
116.700187 81.271359
116.084639 81.886908
116.084639 82.502456
115.469090 83.118005
115.469090 83.733554
115.469090 84.349103
114.853541 84.964652
114.853541 85.580200
114.853541 86.195749
114.853541 86.811298
114.237992 87.426847
114.237992 88.042395
114.237992 88.657944
114.237992 89.273493
114.237992 89.889042
114.237992 90.504591
113.622443 91.120139
113.622443 91.735688
113.622443 92.351237
113.622443 92.966786
113.622443 93.582335
113.622443 94.197883
113.006895 94.813432
113.006895 95.428981
113.006895 96.044530
113.006895 96.660078
113.006895 97.275627
113.006895 97.891176
113.006895 98.506725
113.006895 99.122274
113.006895 99.737822
113.006895 100.353371
113.006895 100.968920
113.006895 101.584469
113.006895 102.200017
113.006895 102.815566
113.006895 103.431115
113.006895 104.046664
113.006895 104.662213
113.006895 105.277761
113.006895 105.893310
113.006895 106.508859
113.006895 107.124408
113.006895 107.739956
113.006895 108.355505
113.006895 108.971054
113.006895 109.586603
113.006895 110.202152
113.006895 110.817700
113.622443 110.817700
113.622443 111.433249
113.622443 112.048798
113.622443 112.664347
113.622443 113.279895
113.622443 113.895444
113.622443 114.510993
114.237992 114.510993
114.237992 115.126542
114.237992 115.742091
114.237992 116.357639
114.237992 116.973188
114.853541 116.973188
114.853541 117.588737
114.853541 118.204286
114.853541 118.819834
114.853541 119.435383
115.469090 119.435383
115.469090 120.050932
115.469090 120.666481
116.084639 121.282030
116.084639 121.897578
116.084639 122.513127
116.700187 122.513127
116.700187 123.128676
117.315736 123.744225
117.315736 124.359773
117.315736 124.975322
117.931285 125.590871
117.931285 126.206420
118.546834 126.206420
118.546834 126.821969
118.546834 127.437517
119.162382 128.053066
119.777931 128.668615
119.777931 129.284164
119.777931 129.899712
120.393480 129.899712
120.393480 130.515261
121.009029 131.130810
121.624578 131.746359
121.624578 132.361908
122.240126 132.977456
122.855675 133.593005
123.471224 134.208554
124.086773 134.824103
124.702321 135.439651
125.317870 136.055200
125.933419 136.670749
126.548968 137.286298
127.164517 137.901847
127.780065 138.517395
128.395614 139.132944
129.011163 139.748493
129.626712 140.364042
130.242260 140.364042
130.857809 140.979590
131.473358 141.595139
132.088907 141.595139
132.088907 142.826237
132.088907 143.441786
132.088907 144.057334
132.704456 144.672883
132.704456 145.288432
132.704456 145.903981
132.704456 146.519529
132.704456 147.135078
132.704456 148.366176
132.704456 148.981725
132.704456 149.597273
132.704456 150.212822
133.320004 150.828371
133.320004 151.443920
133.320004 152.059468
133.320004 152.675017
133.320004 153.290566
133.320004 153.906115
133.320004 154.521664
133.320004 155.137212
133.320004 155.752761
132.704456 156.983859
132.704456 157.599407
132.704456 158.214956
132.088907 158.830505
132.088907 159.446054
132.088907 160.061603
131.473358 160.677151
131.473358 161.292700
130.857809 161.908249
130.857809 162.523798
130.857809 163.139346
130.242260 163.754895
130.242260 164.370444
129.626712 165.601542
129.626712 166.217090
129.626712 166.832639
129.626712 167.448188
129.626712 168.063737
129.626712 168.679285
129.011163 169.294834
128.395614 169.294834
127.780065 169.910383
127.164517 170.525932
126.548968 170.525932
125.933419 171.141481
125.317870 171.757029
124.702321 171.757029
124.086773 172.372578
123.471224 172.372578
122.855675 172.988127
122.240126 173.603676
121.624578 173.603676
121.009029 174.219224
120.393480 174.834773
119.777931 174.834773
119.162382 174.834773
118.546834 174.834773
117.931285 174.834773
117.315736 175.450322
116.700187 175.450322
116.084639 175.450322
115.469090 175.450322
114.853541 175.450322
113.622443 176.065871
113.006895 176.065871
112.391346 176.065871
111.775797 176.065871
111.160248 176.681420
110.544700 176.681420
109.929151 176.681420
109.313602 176.681420
108.698053 176.681420
108.082504 176.681420
107.466956 176.681420
106.851407 176.681420
106.235858 176.681420
105.004761 176.681420
104.389212 176.681420
103.773663 176.681420
103.158114 176.681420
102.542565 176.681420
101.927017 176.681420
100.695919 176.681420
100.080370 176.681420
99.464822 176.681420
98.849273 176.681420
98.233724 176.065871
97.618175 176.065871
96.387078 176.065871
95.771529 176.065871
95.155980 176.065871
94.540431 176.065871
93.924883 176.065871
93.309334 176.065871
92.078236 176.065871
91.462687 176.065871
90.847139 176.065871
90.231590 176.065871
89.616041 176.065871
89.000492 176.065871
88.384944 176.065871
87.769395 175.450322
87.153846 174.834773
86.538297 174.219224
85.922748 174.219224
85.307200 173.603676
84.691651 172.988127
84.076102 172.372578
83.460553 171.757029
82.845004 171.141481
82.229456 170.525932
81.613907 170.525932
80.382809 169.910383
80.382809 169.294834
79.767261 168.063737
79.767261 167.448188
79.151712 166.832639
78.536163 166.217090
78.536163 165.601542
77.920614 164.985993
77.920614 164.370444
77.305065 163.754895
77.305065 163.139346
76.689517 162.523798
76.689517 161.908249
76.073968 161.292700
76.073968 160.677151
75.458419 159.446054
75.458419 158.830505
74.842870 158.214956
74.227322 157.599407
74.227322 156.983859
73.611773 156.368310
73.611773 155.752761
72.996224 155.137212
72.996224 154.521664
72.380675 153.906115
72.380675 153.290566
71.765126 152.675017
71.765126 152.059468
71.149578 151.443920
71.149578 150.828371
71.149578 149.597273
70.534029 148.981725
70.534029 148.366176
70.534029 147.750627
70.534029 147.135078
70.534029 146.519529
69.918480 145.903981
69.918480 145.288432
69.918480 144.672883
69.918480 144.057334
69.302931 143.441786
69.302931 142.826237
69.302931 142.210688
69.302931 140.979590
69.302931 140.364042
68.687383 139.748493
68.687383 139.132944
68.687383 138.517395
68.687383 137.901847
68.071834 137.286298
68.071834 136.670749
68.687383 136.055200
68.687383 135.439651
68.687383 134.824103
68.687383 134.208554
68.687383 133.593005
69.302931 132.361908
69.302931 131.746359
69.302931 131.130810
69.918480 130.515261
69.918480 129.899712
69.918480 128.668615
69.918480 128.053066
70.534029 127.437517
70.534029 126.821969
70.534029 126.206420
70.534029 124.975322
71.149578 124.359773
71.149578 123.744225
71.149578 123.128676
71.149578 121.897578
71.765126 121.282030
71.765126 120.666481
71.765126 120.050932
72.380675 119.435383
72.380675 118.819834
72.380675 118.204286
72.380675 117.588737
72.380675 116.357639
72.996224 115.742091
72.996224 115.126542
72.996224 114.510993
72.996224 113.895444
72.996224 113.279895
72.996224 112.664347
72.996224 112.048798
72.996224 111.433249
73.611773 110.202152
73.611773 109.586603
73.611773 108.971054
73.611773 108.355505
73.611773 107.739956
73.611773 107.124408
73.611773 106.508859
74.227322 105.893310
74.227322 104.662213
74.227322 104.046664
74.227322 103.431115
74.227322 102.815566
74.227322 102.200017
74.227322 101.584469
74.227322 100.968920
74.227322 100.353371
74.227322 99.737822
74.227322 99.122274
74.227322 98.506725
74.227322 97.275627
74.227322 96.660078
74.227322 96.044530
74.227322 95.428981
74.227322 94.813432
74.227322 94.197883
74.227322 93.582335
73.611773 92.351237
73.611773 91.735688
73.611773 91.120139
73.611773 90.504591
73.611773 89.889042
73.611773 89.273493
73.611773 88.042395
73.611773 87.426847
73.611773 86.811298
73.611773 86.195749
73.611773 85.580200
73.611773 84.964652
73.611773 84.349103
73.611773 83.118005
72.996224 82.502456
72.996224 81.886908
73.611773 81.271359
73.611773 80.655810
74.227322 80.040261
74.842870 78.809164
74.842870 78.193615
75.458419 77.578066
76.073968 76.962517
76.073968 76.346969
76.689517 75.115871
77.305065 74.500322
77.305065 73.884774
77.920614 73.269225
78.536163 72.653676
78.536163 71.422578
79.151712 70.807030
79.767261 70.191481
79.767261 69.575932
80.382809 68.344835
80.998358 67.729286
80.998358 67.113737
81.613907 66.498188
82.229456 65.882639
82.845004 65.267091
83.460553 65.267091
84.076102 64.651542
85.307200 64.651542
85.922748 64.651542
86.538297 64.035993
87.153846 64.035993
87.769395 64.035993
89.000492 63.420444
89.616041 63.420444
90.231590 63.420444
90.847139 63.420444
92.078236 62.804896
92.693785 62.804896
93.309334 62.804896
93.924883 62.189347
94.540431 62.189347
95.771529 62.189347
96.387078 61.573798
97.002626 61.573798
97.618175 61.573798
98.233724 60.958249
99.464822 60.958249
100.080370 61.573798
100.695919 61.573798
101.311468 61.573798
102.542565 61.573798
103.158114 61.573798
103.773663 62.189347
104.389212 62.189347
105.004761 62.189347
106.235858 62.189347
106.851407 62.189347
107.466956 62.189347
108.082504 62.804896
108.698053 62.804896
109.929151 62.804896
110.544700 62.804896
111.160248 62.804896
111.775797 63.420444
112.391346 63.420444
113.622443 63.420444
114.237992 63.420444
114.853541 63.420444
114.853541 64.035993
114.853541 64.651542
115.469090 64.651542
115.469090 65.267091
115.469090 64.651542
115.469090 65.267091
115.469090 65.882639
116.084639 66.498188
116.084639 67.113737
116.700187 67.729286
116.700187 68.344835
117.315736 68.960383
117.315736 69.575932
117.931285 70.191481
117.931285 70.807030
