107.835860 91.063480
107.835860 91.378320
107.835860 91.693161
107.835860 92.008001
107.835860 92.322842
107.835860 92.637682
107.835860 92.952523
107.835860 93.267363
107.835860 93.582204
107.835860 93.897044
107.835860 94.211885
107.835860 94.526725
107.835860 94.841565
107.835860 95.156406
108.150701 95.471246
108.150701 95.786087
108.150701 96.100927
108.150701 96.415768
108.150701 96.730608
108.150701 97.045449
108.150701 97.360289
108.150701 97.675130
108.150701 97.989970
108.465541 98.304811
108.465541 98.619651
108.465541 98.934492
108.465541 99.249332
108.465541 99.564173
108.465541 99.879013
108.780382 99.879013
108.780382 100.193853
108.780382 100.508694
108.780382 100.823534
108.780382 101.138375
109.095222 101.138375
109.095222 101.453215
109.095222 101.768056
109.095222 102.082896
109.410063 102.397737
109.410063 102.712577
109.410063 103.027418
109.724903 103.027418
109.724903 103.342258
109.724903 103.657099
110.039744 103.971939
110.039744 104.286780
110.039744 104.601620
110.354584 104.601620
110.354584 104.916461
110.354584 105.231301
110.669425 105.231301
110.669425 105.546142
110.984265 105.860982
110.984265 106.175822
110.984265 106.490663
110.984265 106.805503
110.984265 107.120344
110.984265 107.435184
110.984265 107.750025
111.299105 107.750025
111.299105 108.064865
111.299105 108.379706
111.299105 108.694546
111.299105 109.009387
111.613946 109.324227
111.613946 109.639068
111.613946 109.953908
111.613946 110.268749
111.928786 110.583589
111.928786 110.898430
111.928786 111.213270
111.928786 111.528110
112.243627 111.842951
112.243627 112.157791
112.243627 112.472632
112.558467 112.472632
112.558467 112.787472
112.558467 113.102313
112.558467 113.417153
112.873308 113.417153
112.873308 113.731994
112.873308 113.417153
112.873308 113.731994
113.188148 114.046834
113.188148 114.361675
113.502989 114.676515
113.502989 114.991356
113.502989 115.306196
113.817829 115.621037
114.132670 115.935877
114.132670 116.250718
114.447510 116.565558
114.762351 116.880398
114.762351 117.195239
115.077191 117.510079
115.077191 117.824920
115.392032 117.824920
115.706872 118.139760
115.706872 118.454601
116.021713 118.769441
116.021713 119.084282
116.336553 119.084282
116.651393 119.399122
116.966234 119.713963
116.966234 120.028803
117.281074 120.028803
117.595915 120.343644
117.910755 120.658484
118.225596 120.973325
118.540436 121.288165
118.855277 121.603006
119.170117 121.917846
119.484958 122.232686
119.799798 122.547527
120.114639 122.547527
120.429479 122.862367
120.744320 123.177208
121.059160 123.492048
121.374001 123.492048
121.688841 123.806889
122.003682 124.121729
122.318522 124.121729
122.633362 124.436570
122.948203 124.436570
123.263043 124.751410
123.577884 124.751410
123.892724 125.066251
124.207565 125.066251
124.522405 125.381091
124.837246 125.381091
125.152086 125.695932
125.466927 125.695932
125.781767 125.695932
126.096608 126.010772
126.411448 126.010772
126.726289 126.325613
127.041129 126.325613
127.355970 126.325613
127.670810 126.325613
127.985650 126.640453
128.300491 126.640453
128.615331 126.640453
128.930172 126.640453
129.245012 126.955294
129.559853 126.955294
129.874693 126.955294
130.189534 127.270134
130.504374 127.584974
130.819215 128.214655
131.134055 128.844336
131.448896 129.159177
131.763736 129.788858
132.078577 130.103698
132.393417 130.733379
132.708258 131.363060
133.023098 131.677901
133.337938 132.307582
133.652779 132.622422
133.967619 133.252103
134.282460 133.881784
134.597300 134.196624
134.912141 134.826305
135.226981 135.141146
135.541822 135.770827
135.856662 136.085667
136.171503 136.715348
136.486343 137.345029
136.486343 137.659870
136.801184 138.289550
137.116024 138.604391
137.430865 139.234072
137.745705 139.863753
138.060546 140.178593
138.375386 140.808274
138.060546 141.123115
137.745705 141.437955
137.430865 141.752796
136.801184 141.752796
136.486343 142.067636
136.171503 142.382477
135.856662 142.697317
135.226981 143.012158
134.912141 143.326998
134.597300 143.641838
134.282460 143.956679
133.967619 143.956679
133.337938 144.271519
133.023098 144.586360
132.708258 144.901200
132.393417 145.216041
131.763736 145.530881
131.448896 145.845722
131.134055 146.160562
130.819215 146.160562
130.189534 146.475403
129.874693 146.475403
129.559853 146.475403
128.930172 146.475403
128.615331 146.475403
127.985650 146.790243
127.670810 146.790243
127.355970 146.790243
126.726289 146.790243
126.411448 147.105084
126.096608 147.105084
125.466927 147.105084
125.152086 147.105084
124.837246 147.105084
124.207565 147.419924
123.892724 147.419924
123.263043 147.419924
122.948203 147.419924
122.633362 147.419924
122.003682 147.734765
121.688841 147.734765
121.374001 147.734765
120.744320 147.734765
120.429479 147.734765
119.799798 148.049605
119.484958 148.049605
119.170117 148.049605
118.540436 148.049605
118.225596 148.364446
117.910755 148.364446
117.281074 148.364446
116.966234 148.364446
116.336553 148.364446
116.021713 148.364446
115.706872 148.049605
115.392032 147.734765
115.077191 147.419924
114.762351 147.105084
114.447510 146.790243
114.132670 146.475403
113.817829 146.160562
113.502989 145.845722
113.188148 145.845722
112.873308 145.530881
112.558467 145.216041
112.243627 144.901200
111.928786 144.586360
111.299105 144.271519
110.984265 143.956679
110.669425 143.641838
110.354584 143.326998
110.039744 143.012158
109.724903 142.697317
109.410063 142.697317
109.095222 142.382477
108.780382 142.067636
108.465541 141.752796
108.150701 141.437955
107.835860 141.123115
107.521020 140.808274
107.521020 140.493434
107.206179 140.178593
106.891339 139.863753
106.576498 139.548912
106.261658 138.919231
105.946817 138.604391
105.631977 138.289550
105.317137 137.974710
105.002296 137.659870
104.687456 137.030189
104.372615 136.715348
104.057775 136.400508
103.742934 136.085667
103.428094 135.770827
103.113253 135.141146
102.798413 134.826305
102.483572 134.511465
102.168732 134.196624
101.853891 133.881784
101.539051 133.252103
101.224210 132.937262
100.909370 132.622422
100.594529 132.307582
100.279689 131.992741
100.279689 131.363060
99.964849 131.048220
99.650008 130.733379
99.335168 130.418539
99.020327 130.103698
98.705487 129.788858
98.705487 129.474017
98.705487 128.844336
98.705487 128.529496
98.705487 128.214655
98.705487 127.899815
98.705487 127.584974
98.705487 127.270134
98.705487 126.955294
98.705487 126.640453
98.705487 126.325613
98.705487 125.695932
98.705487 125.381091
98.705487 125.066251
98.705487 124.751410
98.705487 124.436570
98.705487 124.121729
98.705487 123.806889
98.390646 123.177208
98.390646 122.862367
98.390646 122.547527
98.390646 122.232686
98.390646 121.917846
98.390646 121.603006
98.390646 120.973325
98.390646 120.658484
98.390646 120.343644
98.390646 120.028803
98.390646 119.713963
98.390646 119.399122
98.390646 118.769441
98.390646 118.454601
98.390646 118.139760
98.390646 117.824920
98.390646 117.510079
98.390646 117.195239
98.390646 116.880398
98.390646 116.250718
98.390646 115.935877
98.390646 115.621037
98.390646 115.306196
98.390646 114.991356
98.390646 114.676515
98.390646 114.046834
98.390646 113.731994
98.390646 113.417153
98.075806 113.102313
98.075806 112.787472
98.075806 112.472632
98.075806 111.842951
98.075806 111.528110
98.075806 111.213270
98.075806 110.898430
98.075806 110.583589
98.075806 110.268749
98.075806 109.639068
98.075806 109.324227
98.075806 109.009387
98.075806 108.694546
98.075806 108.379706
98.390646 108.064865
98.390646 107.435184
98.705487 107.120344
98.705487 106.805503
98.705487 106.490663
99.020327 105.860982
99.020327 105.546142
99.335168 105.231301
99.335168 104.916461
99.335168 104.286780
99.650008 103.971939
99.650008 103.657099
99.650008 103.342258
99.964849 103.027418
99.964849 102.397737
100.279689 102.082896
100.279689 101.768056
100.279689 101.453215
100.594529 100.823534
100.594529 100.508694
100.909370 100.193853
100.909370 99.879013
100.909370 99.564173
101.224210 98.934492
101.224210 98.619651
101.539051 98.304811
101.539051 97.989970
101.539051 97.360289
101.853891 97.045449
101.853891 96.730608
101.853891 96.415768
102.168732 95.786087
102.168732 95.471246
102.483572 95.156406
102.483572 94.841565
102.483572 94.526725
102.798413 93.897044
102.798413 93.582204
103.113253 93.267363
103.113253 92.952523
103.113253 92.322842
103.428094 92.008001
103.428094 91.693161
103.428094 91.378320
103.742934 90.748639
103.742934 90.433799
104.057775 90.118958
103.742934 90.118958
104.057775 90.118958
104.372615 90.118958
104.687456 90.433799
105.002296 90.433799
105.317137 90.433799
105.631977 90.748639
105.946817 90.748639
106.261658 90.748639
106.576498 90.748639
106.891339 91.063480
107.206179 91.063480
107.521020 91.063480
107.835860 91.063480
