134.574826 109.569067
134.574826 109.995720
134.574826 110.422373
134.574826 110.849026
134.574826 111.275678
134.574826 111.702331
134.574826 112.128984
134.574826 112.555637
134.574826 112.982289
134.574826 113.408942
134.574826 113.835595
134.574826 114.262248
134.574826 114.688901
134.574826 115.115553
134.148174 115.542206
133.721521 115.968859
133.294868 116.395512
133.294868 116.822164
132.868215 117.248817
132.441562 117.675470
132.441562 118.102123
132.014910 118.528776
131.588257 118.955428
131.588257 119.382081
131.161604 119.808734
131.161604 120.235387
130.734951 120.662039
130.734951 121.088692
130.308299 121.515345
129.881646 121.941998
129.881646 122.368651
129.454993 122.795303
129.454993 123.221956
129.454993 123.648609
129.028340 124.075262
129.028340 124.501914
128.601687 124.928567
128.601687 125.355220
128.175035 125.781873
128.175035 126.208526
128.175035 126.635178
127.748382 127.061831
127.748382 127.488484
127.748382 127.915137
127.321729 128.341790
127.321729 128.768442
127.321729 129.195095
126.895076 129.621748
126.895076 130.048401
126.895076 130.475053
126.895076 130.901706
126.468423 131.328359
126.468423 131.755012
126.468423 132.181665
126.468423 132.608317
126.041771 133.034970
126.041771 133.461623
126.041771 133.888276
126.041771 134.314928
126.041771 134.741581
125.615118 135.168234
125.615118 135.594887
125.615118 136.021540
125.615118 136.448192
125.615118 136.874845
125.615118 136.448192
125.615118 136.874845
125.615118 137.301498
125.615118 137.728151
125.615118 138.154803
125.188465 138.581456
125.188465 139.008109
125.188465 139.434762
125.188465 139.861415
125.188465 139.434762
125.188465 139.861415
125.188465 140.288067
125.188465 140.714720
125.188465 141.141373
125.188465 141.568026
125.188465 141.994678
125.188465 142.421331
125.188465 142.847984
125.188465 143.274637
125.188465 143.701290
125.188465 144.127942
125.188465 144.554595
125.188465 144.127942
125.188465 144.554595
125.188465 144.981248
125.188465 145.407901
125.188465 145.834553
125.615118 146.261206
125.615118 146.687859
125.615118 147.114512
125.615118 147.541165
125.615118 147.967817
125.615118 148.394470
125.615118 148.821123
125.615118 149.247776
125.615118 149.674429
126.041771 149.674429
126.041771 150.101081
126.041771 150.527734
126.041771 150.954387
126.041771 151.381040
126.468423 151.807692
126.468423 152.234345
126.468423 151.807692
126.468423 152.234345
126.468423 152.660998
126.468423 153.087651
126.895076 153.514304
126.895076 153.940956
126.895076 154.367609
126.895076 154.794262
127.321729 155.220915
127.321729 155.647567
127.321729 155.220915
127.321729 155.647567
127.321729 156.074220
127.321729 156.500873
127.748382 156.500873
127.748382 156.927526
127.748382 157.354179
128.175035 157.780831
128.175035 158.207484
128.175035 158.634137
128.601687 159.060790
128.601687 159.487442
129.028340 159.914095
129.028340 160.340748
129.028340 160.767401
129.454993 160.767401
129.454993 161.194054
129.454993 161.620706
129.881646 162.047359
129.881646 162.474012
130.308299 162.900665
130.734951 163.327317
130.734951 163.753970
130.734951 164.180623
130.734951 164.607276
130.734951 165.033929
130.734951 165.460581
130.308299 165.887234
129.881646 166.740540
129.454993 167.167192
129.028340 167.593845
128.601687 168.020498
128.175035 168.447151
127.748382 168.873804
127.321729 169.300456
126.895076 169.727109
126.468423 170.153762
126.041771 170.580415
125.615118 171.007068
124.761812 171.007068
124.335160 171.007068
123.908507 171.007068
123.481854 171.007068
123.055201 171.007068
122.628548 171.007068
122.201896 171.007068
121.775243 171.007068
121.348590 171.007068
120.921937 171.007068
120.068632 171.007068
119.641979 171.007068
119.215326 171.007068
118.788673 171.007068
118.362021 171.007068
117.935368 171.007068
117.082062 171.007068
116.655410 171.007068
116.228757 171.007068
115.802104 171.007068
115.375451 171.007068
114.948798 171.007068
114.095493 171.007068
113.668840 171.007068
113.242187 171.007068
112.815535 170.580415
112.388882 170.580415
111.535576 170.153762
111.108923 170.153762
110.682271 169.727109
110.255618 169.727109
109.828965 169.300456
108.975660 169.300456
108.549007 169.300456
108.122354 168.873804
107.695701 168.873804
106.842396 168.447151
106.415743 168.447151
105.989090 168.020498
105.562437 168.020498
104.709132 167.593845
104.282479 167.593845
103.855826 167.167192
103.429173 167.167192
102.575868 166.740540
102.149215 166.740540
101.722562 166.313887
101.295909 166.313887
100.442604 166.313887
100.015951 166.313887
99.589298 166.313887
99.162646 166.313887
98.735993 166.313887
98.309340 166.313887
97.882687 166.313887
97.456034 166.313887
97.029382 166.313887
96.602729 166.313887
96.176076 166.313887
95.749423 166.313887
95.322771 166.313887
94.896118 166.313887
94.469465 166.313887
94.042812 166.313887
93.616159 166.313887
93.189507 166.313887
92.762854 166.313887
92.336201 166.313887
91.909548 166.313887
91.482896 166.313887
91.056243 166.313887
90.629590 166.313887
90.202937 166.313887
89.776284 166.313887
89.349632 166.313887
88.922979 166.313887
88.496326 166.313887
88.069673 166.313887
87.643021 166.313887
87.216368 166.313887
86.789715 166.313887
86.363062 166.313887
85.936409 165.887234
85.509757 165.887234
84.656451 165.460581
84.229798 165.460581
83.803146 165.033929
83.376493 165.033929
82.949840 164.607276
82.523187 164.607276
81.669882 164.180623
81.243229 164.180623
80.816576 163.753970
80.389923 163.753970
79.963270 163.753970
79.536618 163.327317
78.683312 163.327317
78.256659 162.900665
78.256659 162.474012
77.830007 162.047359
77.830007 161.620706
77.403354 161.194054
77.403354 160.767401
76.976701 159.914095
76.976701 159.487442
76.976701 159.060790
76.550048 158.634137
76.550048 158.207484
76.123395 157.780831
76.123395 157.354179
76.123395 156.927526
76.123395 156.500873
76.123395 156.074220
76.123395 155.647567
76.123395 154.794262
76.123395 154.367609
76.123395 153.940956
76.123395 153.514304
76.123395 153.087651
76.123395 152.660998
76.123395 152.234345
76.123395 151.807692
76.123395 151.381040
76.123395 150.954387
76.123395 150.527734
76.123395 150.101081
76.123395 149.674429
76.123395 149.247776
76.123395 148.821123
76.123395 148.394470
76.123395 147.967817
76.123395 147.541165
76.123395 147.114512
76.123395 146.687859
76.123395 146.261206
76.123395 145.834553
76.550048 145.407901
76.550048 144.981248
76.550048 144.554595
76.550048 144.127942
76.976701 143.701290
76.976701 143.274637
76.976701 142.847984
76.976701 141.994678
76.976701 141.568026
76.976701 141.141373
77.403354 140.714720
77.403354 140.288067
77.403354 139.861415
77.403354 139.434762
77.403354 139.008109
77.830007 138.581456
77.830007 138.154803
77.830007 137.728151
78.256659 137.301498
78.256659 136.874845
78.683312 136.448192
78.683312 136.021540
79.109965 135.168234
79.536618 134.741581
79.963270 134.314928
80.389923 133.888276
80.816576 133.461623
81.243229 133.034970
81.669882 132.608317
82.096534 132.181665
82.523187 131.755012
82.949840 131.328359
83.376493 130.901706
83.803146 130.475053
84.229798 130.048401
84.656451 129.621748
85.083104 129.195095
85.509757 128.768442
85.936409 128.341790
86.363062 127.915137
86.789715 127.488484
87.216368 127.061831
87.216368 126.635178
87.643021 126.208526
88.069673 125.781873
88.496326 125.355220
88.496326 124.928567
88.922979 124.501914
89.349632 124.075262
89.349632 123.648609
89.776284 123.221956
89.776284 122.368651
90.202937 121.941998
90.202937 121.515345
90.629590 121.088692
90.629590 120.662039
91.056243 120.235387
91.056243 119.808734
91.482896 119.382081
91.909548 118.955428
91.909548 118.528776
92.336201 118.102123
92.336201 117.675470
92.762854 117.248817
93.189507 116.822164
93.616159 116.395512
93.616159 115.968859
94.042812 115.542206
94.469465 115.115553
94.896118 114.262248
95.322771 113.835595
95.322771 113.408942
95.749423 112.982289
96.176076 112.555637
96.602729 112.128984
97.029382 111.702331
97.456034 111.275678
97.882687 111.275678
98.309340 111.275678
98.735993 110.849026
99.589298 110.849026
100.015951 110.849026
100.442604 110.422373
100.869257 110.422373
101.295909 110.422373
101.722562 109.995720
102.149215 109.995720
103.002521 109.995720
103.429173 109.569067
103.855826 109.569067
104.282479 109.569067
104.709132 109.142414
105.135784 109.142414
105.562437 109.142414
106.415743 109.142414
106.842396 108.715762
107.269048 108.715762
107.695701 108.715762
108.122354 108.289109
108.549007 108.289109
108.975660 108.289109
109.402312 108.289109
109.828965 108.289109
110.255618 108.289109
110.682271 108.289109
111.108923 108.289109
111.535576 108.289109
112.388882 108.289109
112.815535 108.289109
113.242187 108.289109
113.668840 108.289109
114.095493 108.289109
114.522146 108.289109
114.948798 108.289109
115.375451 108.289109
115.802104 108.289109
116.228757 108.289109
117.082062 108.289109
117.508715 108.289109
117.935368 108.289109
118.362021 108.289109
118.788673 108.289109
119.215326 108.289109
119.641979 108.289109
120.068632 108.289109
120.495285 108.289109
120.921937 108.289109
121.775243 108.289109
122.201896 108.289109
122.628548 108.289109
123.055201 108.289109
123.481854 107.862456
123.908507 107.862456
124.761812 107.862456
125.188465 107.862456
125.615118 107.862456
126.041771 107.862456
126.468423 107.862456
126.895076 107.862456
127.748382 107.862456
128.175035 107.862456
128.601687 107.862456
129.028340 107.862456
129.454993 107.862456
129.881646 107.862456
130.734951 107.862456
130.734951 107.435803
131.161604 107.862456
131.588257 108.289109
132.014910 108.289109
132.441562 108.715762
132.868215 108.715762
133.294868 109.142414
133.721521 109.142414
134.148174 109.142414
134.574826 109.569067
