132.512846 128.033664
132.277044 128.269466
132.041242 128.269466
131.805440 128.505268
131.805440 128.741070
131.805440 128.976872
131.805440 129.212674
131.805440 129.448476
131.805440 129.684278
131.805440 130.155882
131.805440 130.391684
131.805440 130.627485
131.805440 130.863287
131.805440 131.099089
131.805440 131.334891
131.805440 131.570693
131.805440 131.806495
131.805440 132.042297
131.805440 132.278099
131.805440 132.513901
131.805440 132.749703
131.805440 132.985505
131.805440 133.221306
132.041242 133.692910
132.041242 133.928712
132.041242 134.164514
132.277044 134.636118
132.277044 134.871920
132.277044 135.107722
132.277044 135.579326
132.512846 135.815127
132.512846 136.050929
132.512846 136.286731
132.512846 136.758335
132.748648 136.994137
132.748648 137.229939
132.748648 137.701543
132.984450 137.937345
132.984450 138.173147
132.984450 138.408949
132.984450 138.880552
133.220252 139.116354
133.220252 139.352156
133.220252 139.823760
133.456054 140.059562
133.456054 140.295364
133.456054 140.531166
133.456054 141.002770
133.691856 141.238571
133.691856 141.474373
133.691856 141.945977
133.927658 142.181779
133.927658 142.417581
133.927658 142.653383
133.927658 143.124987
134.163460 143.360789
134.163460 143.596591
134.163460 144.068194
134.399261 144.303996
134.399261 144.539798
134.399261 144.775600
134.399261 145.247204
134.635063 145.483006
134.635063 145.718808
134.635063 146.190412
134.635063 146.426214
134.870865 146.662015
134.870865 147.133619
134.870865 147.369421
135.106667 147.605223
135.106667 147.841025
135.106667 148.312629
135.106667 148.548431
135.342469 148.784233
135.342469 149.255837
135.342469 149.491638
135.578271 149.727440
135.578271 149.963242
135.578271 150.434846
135.578271 150.670648
135.814073 150.906450
135.814073 151.378054
135.814073 151.613856
136.049875 151.849658
136.049875 152.085459
136.049875 152.557063
136.049875 152.792865
136.285677 153.028667
136.285677 153.500271
136.285677 153.736073
136.521479 153.971875
136.521479 154.207677
136.521479 154.679281
136.521479 154.915082
136.757281 155.150884
136.757281 155.622488
136.757281 155.858290
136.757281 156.094092
136.993082 156.329894
136.993082 156.801498
136.993082 157.037300
137.228884 157.273102
137.228884 157.744705
137.228884 157.980507
137.228884 158.216309
137.464686 158.687913
137.464686 158.923715
137.464686 159.159517
137.700488 159.395319
137.700488 159.866923
137.700488 160.102724
137.700488 160.338526
137.936290 160.810130
137.936290 161.045932
137.936290 161.281734
138.172092 161.517536
138.172092 161.989140
138.172092 162.224942
138.172092 162.460744
138.407894 162.932347
138.407894 163.168149
138.407894 163.403951
138.172092 163.639753
138.172092 163.875555
137.936290 164.111357
137.700488 164.347159
137.464686 164.582961
137.464686 164.818763
137.228884 165.054565
136.993082 165.290367
136.757281 165.526168
136.521479 165.761970
136.285677 165.761970
136.049875 165.761970
135.814073 165.761970
135.578271 165.997772
135.342469 165.997772
135.106667 165.997772
134.870865 165.997772
134.635063 166.233574
134.399261 166.233574
134.163460 166.233574
133.927658 166.233574
133.456054 166.469376
133.220252 166.469376
132.984450 166.469376
132.748648 166.469376
132.512846 166.705178
132.277044 166.705178
132.041242 166.705178
131.805440 166.705178
131.569638 166.705178
131.333837 166.469376
131.098035 166.469376
130.862233 166.233574
130.626431 165.997772
130.390629 165.997772
130.154827 165.761970
129.683223 165.761970
129.447421 165.526168
129.211619 165.526168
128.975817 165.290367
128.740016 165.054565
128.504214 165.054565
128.268412 164.818763
128.032610 164.818763
127.796808 164.582961
127.561006 164.582961
127.325204 164.347159
127.089402 164.347159
126.853600 164.111357
126.381996 163.875555
126.146194 163.875555
125.910393 163.639753
125.674591 163.639753
125.438789 163.403951
125.202987 163.403951
124.967185 163.168149
124.731383 162.932347
124.495581 162.932347
124.259779 162.696546
124.023977 162.696546
123.788175 162.460744
123.552373 162.460744
123.080770 162.224942
122.844968 162.224942
122.609166 161.989140
122.373364 161.753338
122.137562 161.753338
121.901760 161.517536
121.665958 161.517536
121.430156 161.281734
121.194354 161.281734
120.958552 161.045932
120.722750 160.810130
120.486949 160.810130
120.015345 160.574328
119.779543 160.574328
119.543741 160.338526
119.307939 160.338526
119.072137 160.102724
118.836335 159.866923
118.600533 159.866923
118.364731 159.631121
118.128929 159.395319
117.893128 159.159517
117.657326 158.923715
117.421524 158.923715
117.185722 158.687913
116.949920 158.452111
116.714118 158.216309
116.478316 157.980507
116.242514 157.744705
116.006712 157.508903
115.770910 157.273102
115.299307 157.037300
115.063505 156.801498
114.827703 156.801498
114.591901 156.565696
114.356099 156.329894
114.120297 156.094092
113.884495 155.858290
113.648693 155.622488
113.412891 155.386686
113.177089 155.150884
112.941287 154.915082
112.705485 154.679281
112.469684 154.443479
112.233882 154.207677
111.998080 153.971875
111.762278 153.736073
111.526476 153.500271
111.290674 153.264469
111.290674 153.028667
111.054872 152.792865
110.819070 152.557063
110.583268 152.321261
110.347466 152.085459
110.347466 151.849658
110.111664 151.613856
110.111664 151.378054
109.875863 151.142252
109.875863 150.670648
109.640061 150.434846
109.640061 150.199044
109.404259 149.963242
109.404259 149.727440
109.168457 149.491638
109.168457 149.255837
108.932655 149.020035
108.932655 148.548431
108.932655 148.312629
108.696853 148.076827
108.696853 147.841025
108.461051 147.605223
108.461051 147.369421
108.225249 147.133619
108.225249 146.897817
107.989447 146.426214
107.989447 146.190412
107.753645 145.954610
107.753645 145.718808
107.517843 145.483006
107.517843 145.247204
107.517843 145.011402
107.753645 144.775600
107.753645 144.303996
107.989447 144.068194
107.989447 143.832393
107.989447 143.596591
108.225249 143.360789
108.225249 143.124987
108.461051 142.889185
108.461051 142.653383
108.696853 142.181779
108.696853 141.945977
108.696853 141.710175
108.932655 141.474373
108.932655 141.238571
109.168457 141.002770
109.168457 140.766968
109.404259 140.531166
109.404259 140.059562
109.404259 139.823760
109.640061 139.587958
109.640061 139.352156
109.875863 139.116354
109.875863 138.880552
109.875863 138.644750
110.111664 138.408949
110.111664 137.937345
110.347466 137.701543
110.347466 137.465741
110.583268 137.229939
110.583268 136.994137
110.583268 136.758335
110.819070 136.522533
110.819070 136.286731
111.054872 136.050929
111.290674 135.815127
111.526476 135.579326
111.762278 135.107722
111.762278 134.871920
111.998080 134.636118
112.233882 134.400316
112.469684 134.164514
112.705485 133.928712
112.941287 133.928712
113.177089 133.692910
113.412891 133.457108
113.648693 133.457108
113.884495 133.221306
114.356099 132.985505
114.591901 132.749703
114.827703 132.749703
115.063505 132.513901
115.299307 132.278099
115.535108 132.278099
115.770910 132.042297
116.006712 131.806495
116.478316 131.806495
116.714118 131.570693
116.949920 131.334891
117.185722 131.099089
117.421524 131.099089
117.657326 130.863287
117.893128 130.627485
118.128929 130.627485
118.600533 130.391684
118.836335 130.155882
119.072137 130.155882
119.307939 129.920080
119.543741 129.684278
119.779543 129.448476
120.015345 129.448476
120.251147 129.212674
120.722750 128.976872
120.958552 128.976872
121.194354 128.741070
121.430156 128.505268
121.901760 128.505268
122.137562 128.269466
122.373364 128.269466
122.844968 128.033664
123.080770 128.033664
123.552373 127.797862
123.788175 127.797862
124.259779 127.562061
124.495581 127.562061
124.967185 127.326259
125.202987 127.326259
125.674591 127.090457
125.910393 127.090457
126.381996 126.854655
126.617798 126.854655
127.089402 126.618853
127.325204 126.618853
127.796808 126.383051
128.032610 126.383051
128.504214 126.147249
128.740016 126.147249
129.211619 125.911447
129.447421 125.911447
129.683223 125.675645
130.154827 125.675645
130.390629 125.439843
130.862233 125.439843
131.098035 125.204041
131.569638 125.204041
131.569638 124.968240
131.569638 125.204041
131.805440 125.204041
131.805440 125.439843
131.805440 125.675645
132.041242 125.911447
132.041242 126.147249
132.041242 126.383051
132.041242 126.618853
132.277044 126.618853
132.277044 126.854655
132.512846 127.090457
132.512846 127.326259
132.512846 127.562061
132.748648 127.797862
132.512846 128.033664
