155.733308 88.112649
155.733308 88.719233
155.126724 89.325817
155.126724 89.932401
155.126724 90.538985
154.520140 91.145569
154.520140 91.752153
153.913556 92.358737
153.913556 92.965321
153.306972 93.571905
152.700388 94.178489
152.093804 94.178489
152.093804 94.785073
151.487220 94.785073
150.880636 95.391657
150.274052 95.998241
149.667468 95.998241
149.060884 96.604825
148.454300 96.604825
148.454300 97.211409
147.847716 97.211409
147.241132 97.817993
146.634548 97.817993
146.634548 98.424577
146.027964 98.424577
145.421380 99.031161
144.814796 99.637745
144.208212 100.244329
143.601628 100.850913
142.995044 101.457497
142.388460 102.064081
141.781876 102.670665
141.175292 103.277249
140.568708 103.883833
139.962124 104.490417
139.355540 105.097001
138.748956 105.703585
138.748956 106.310169
138.142372 106.916753
137.535788 107.523337
137.535788 108.129921
136.929204 108.736505
136.322620 109.343089
136.322620 109.949673
135.716036 110.556257
135.109452 111.162841
135.109452 111.769425
134.502868 112.376009
134.502868 112.982593
133.896284 113.589177
133.896284 114.195760
133.289700 114.802344
133.289700 115.408928
133.289700 116.015512
132.683116 116.622096
132.683116 117.228680
132.076532 117.835264
132.076532 118.441848
132.076532 119.048432
131.469948 119.655016
131.469948 120.261600
131.469948 120.868184
131.469948 121.474768
130.863364 122.081352
130.863364 122.687936
130.863364 123.294520
130.863364 123.901104
130.863364 124.507688
130.256780 125.114272
130.256780 125.720856
130.256780 126.327440
130.256780 126.934024
130.256780 127.540608
130.256780 128.147192
130.256780 128.753776
130.256780 129.360360
130.256780 129.966944
129.650196 130.573528
129.650196 131.180112
129.650196 131.786696
129.650196 132.393280
129.650196 132.999864
129.650196 133.606448
129.650196 134.213032
129.650196 134.819616
130.256780 134.819616
130.256780 135.426200
129.650196 136.032784
129.650196 136.639368
129.043612 137.245952
129.043612 137.852536
129.043612 138.459120
128.437028 139.065704
128.437028 139.672288
128.437028 140.278872
128.437028 140.885456
127.830444 141.492040
127.830444 142.098624
127.830444 142.705208
127.830444 143.311792
127.830444 143.918376
127.223860 144.524960
127.223860 145.131544
127.223860 145.738128
127.223860 145.131544
127.223860 145.738128
127.223860 146.344712
127.223860 146.951296
127.223860 146.344712
127.223860 146.951296
127.223860 147.557880
127.223860 148.164464
127.223860 148.771048
127.223860 148.164464
127.223860 148.771048
127.223860 149.377632
127.223860 149.984216
127.223860 150.590800
127.223860 151.197384
127.223860 151.803968
127.223860 152.410552
127.223860 153.017136
127.223860 153.623720
127.223860 154.230304
127.223860 154.836888
127.830444 155.443472
127.830444 156.050056
127.830444 156.656640
127.830444 157.263224
127.223860 157.869808
126.617276 158.476392
126.010692 159.082976
125.404108 159.689560
124.797524 160.296144
124.190940 160.902728
123.584356 161.509312
122.977772 162.115896
122.371188 162.722480
121.764604 163.329064
121.158020 163.935648
120.551436 164.542232
119.944852 165.148816
119.338268 165.148816
118.731684 165.755400
118.125100 165.755400
117.518516 165.755400
116.911932 165.755400
116.305348 165.755400
115.698764 165.755400
115.092180 165.755400
114.485596 165.755400
113.879012 165.755400
113.272428 165.755400
112.665844 165.755400
112.059260 165.755400
111.452676 165.755400
110.846092 165.755400
110.239508 165.755400
109.632924 165.755400
109.026340 165.755400
108.419756 165.755400
107.813172 165.755400
107.206588 165.755400
106.600004 165.755400
105.993420 165.755400
105.386836 165.755400
104.780252 165.755400
104.173669 165.755400
103.567085 165.755400
102.960501 165.755400
102.353917 165.755400
101.747333 165.755400
101.140749 165.755400
100.534165 165.755400
99.927581 165.755400
99.320997 165.755400
98.714413 165.755400
98.107829 165.755400
97.501245 165.755400
96.894661 165.755400
96.288077 165.755400
95.681493 165.755400
95.074909 165.755400
94.468325 165.755400
93.861741 165.755400
93.255157 165.755400
92.648573 165.755400
92.041989 165.755400
91.435405 165.148816
90.828821 164.542232
90.222237 163.935648
89.615653 163.935648
89.009069 163.329064
88.402485 163.329064
87.795901 162.722480
87.189317 162.722480
86.582733 162.115896
85.976149 162.115896
85.369565 161.509312
84.762981 161.509312
84.156397 160.902728
83.549813 160.296144
82.943229 159.689560
82.336645 159.082976
81.730061 158.476392
81.123477 157.869808
81.123477 157.263224
80.516893 156.656640
79.910309 156.050056
79.303725 155.443472
79.303725 154.836888
78.697141 154.230304
78.090557 153.623720
78.090557 153.017136
77.483973 152.410552
76.877389 151.803968
76.877389 151.197384
76.270805 150.590800
76.270805 149.984216
75.664221 149.377632
75.664221 148.771048
75.664221 148.164464
75.057637 147.557880
75.057637 146.951296
74.451053 146.344712
74.451053 145.738128
74.451053 145.131544
73.844469 144.524960
73.844469 143.918376
73.844469 143.311792
73.844469 142.705208
73.237885 142.098624
73.237885 141.492040
73.237885 140.885456
73.237885 140.278872
73.237885 139.672288
72.631301 139.065704
72.631301 138.459120
72.631301 137.852536
72.631301 137.245952
72.631301 136.639368
72.631301 136.032784
72.631301 135.426200
72.631301 134.819616
72.631301 134.213032
72.631301 133.606448
72.631301 132.999864
72.631301 132.393280
72.631301 131.786696
72.631301 131.180112
72.631301 130.573528
72.631301 129.966944
72.631301 129.360360
72.631301 128.753776
72.631301 128.147192
73.237885 127.540608
73.237885 126.934024
73.237885 126.327440
73.237885 125.720856
73.237885 125.114272
73.237885 124.507688
73.844469 123.901104
73.844469 123.294520
73.844469 122.687936
73.844469 122.081352
73.844469 121.474768
74.451053 120.868184
74.451053 120.261600
74.451053 119.655016
74.451053 119.048432
74.451053 118.441848
75.057637 117.835264
75.057637 117.228680
75.057637 116.622096
75.664221 116.015512
75.664221 115.408928
75.664221 114.802344
75.664221 114.195760
76.270805 113.589177
76.270805 112.982593
76.270805 111.769425
76.877389 111.162841
76.877389 110.556257
76.877389 109.949673
77.483973 109.343089
77.483973 108.736505
78.090557 108.129921
78.090557 107.523337
78.090557 106.916753
78.697141 106.310169
78.697141 105.703585
79.303725 105.097001
79.303725 104.490417
79.910309 103.883833
79.910309 103.277249
80.516893 102.670665
80.516893 102.064081
81.123477 101.457497
81.123477 100.850913
81.730061 100.244329
82.336645 99.637745
82.336645 99.031161
82.943229 98.424577
82.943229 97.817993
83.549813 97.211409
84.156397 96.604825
84.762981 95.998241
84.762981 95.391657
85.369565 94.785073
85.976149 94.178489
86.582733 93.571905
86.582733 92.965321
87.189317 92.358737
87.795901 91.752153
88.402485 91.145569
89.009069 90.538985
89.615653 89.932401
90.222237 89.325817
90.828821 88.719233
90.828821 88.112649
91.435405 87.506065
92.041989 86.899481
92.648573 86.292897
93.255157 85.686313
93.861741 85.079729
94.468325 84.473145
95.074909 84.473145
95.681493 83.866561
96.288077 83.259977
96.894661 82.653393
97.501245 82.046809
98.714413 81.440225
99.320997 81.440225
99.927581 80.833641
100.534165 80.227057
101.140749 79.620473
101.747333 79.620473
102.353917 79.013889
102.960501 78.407305
103.567085 78.407305
104.173669 77.800721
104.780252 77.194137
105.386836 77.194137
105.993420 76.587553
106.600004 75.980969
107.206588 75.980969
107.813172 75.374385
108.419756 75.374385
109.026340 74.767801
109.632924 74.161217
110.239508 74.161217
110.846092 73.554633
111.452676 73.554633
112.059260 72.948049
112.665844 72.948049
113.272428 72.341465
113.879012 72.341465
114.485596 72.341465
115.092180 71.734881
115.698764 71.734881
116.305348 71.128297
116.911932 71.128297
117.518516 70.521713
118.125100 70.521713
118.731684 70.521713
119.338268 69.915129
119.944852 69.915129
120.551436 69.915129
121.158020 69.915129
121.764604 69.308545
122.371188 69.308545
122.977772 69.308545
123.584356 68.701961
124.190940 68.701961
124.797524 68.701961
125.404108 68.701961
126.010692 68.701961
126.617276 68.701961
127.223860 68.095377
127.830444 68.095377
128.437028 68.095377
129.043612 68.095377
129.650196 68.095377
130.256780 68.095377
130.863364 68.095377
131.469948 68.095377
132.076532 68.095377
132.683116 68.095377
133.289700 68.095377
133.896284 68.095377
134.502868 68.095377
135.109452 68.095377
135.716036 68.095377
136.322620 68.095377
136.929204 68.095377
137.535788 68.095377
138.142372 68.095377
138.748956 68.095377
139.355540 68.701961
139.962124 68.701961
140.568708 68.701961
141.175292 68.701961
141.781876 68.701961
142.388460 69.308545
142.995044 69.308545
143.601628 69.308545
144.208212 69.915129
144.814796 69.915129
145.421380 69.915129
146.027964 70.521713
146.634548 70.521713
147.241132 70.521713
147.847716 71.128297
148.454300 71.128297
149.060884 71.734881
149.667468 71.734881
150.274052 72.341465
150.880636 72.948049
151.487220 72.948049
152.093804 73.554633
152.700388 74.161217
153.306972 74.767801
153.913556 75.374385
154.520140 75.980969
155.126724 76.587553
155.126724 77.194137
155.733308 77.800721
155.733308 78.407305
156.339892 79.013889
156.339892 79.620473
156.339892 80.227057
156.946476 80.833641
156.946476 81.440225
156.946476 82.046809
156.946476 82.653393
156.946476 83.259977
156.946476 83.866561
156.946476 84.473145
156.946476 85.079729
156.339892 85.686313
156.339892 86.292897
156.339892 86.899481
156.339892 87.506065
155.733308 88.112649
