142.752784 96.426044
142.122587 97.056241
141.492390 97.056241
140.862192 97.686438
140.231995 98.316636
139.601798 98.316636
138.971601 98.316636
138.341403 98.946833
137.711206 99.577030
137.081009 100.207227
136.450812 100.837425
135.820614 101.467622
135.820614 102.097819
135.820614 102.728016
135.190417 103.358214
134.560220 103.988411
133.930023 104.618608
133.299825 105.248805
133.299825 105.879003
132.669628 106.509200
132.669628 107.139397
132.039431 107.769594
131.409234 107.769594
130.779036 108.399791
130.779036 109.029989
130.148839 109.660186
129.518642 110.290383
128.888445 110.920580
128.888445 111.550778
128.258247 112.180975
128.258247 112.811172
127.628050 113.441369
127.628050 114.071567
126.997853 114.701764
126.997853 115.331961
125.737459 115.962158
125.737459 116.592356
125.107261 117.222553
125.107261 117.852750
124.477064 118.482947
124.477064 119.113145
123.846867 119.743342
123.846867 120.373539
123.846867 121.003736
123.216670 121.633934
123.216670 122.264131
123.216670 122.894328
123.216670 123.524525
122.586472 124.154723
122.586472 124.784920
122.586472 125.415117
122.586472 126.045314
122.586472 126.675511
122.586472 127.305709
122.586472 127.935906
122.586472 128.566103
122.586472 129.196300
122.586472 129.826498
122.586472 130.456695
122.586472 131.086892
122.586472 131.717089
122.586472 132.347287
122.586472 132.977484
122.586472 133.607681
122.586472 134.237878
122.586472 134.868076
122.586472 135.498273
121.956275 136.128470
121.956275 136.758667
121.956275 137.388865
121.956275 138.019062
121.956275 138.649259
121.956275 139.279456
121.956275 139.909654
121.326078 140.539851
121.326078 141.170048
121.326078 141.800245
121.326078 142.430443
121.326078 143.060640
120.695881 143.690837
120.695881 144.321034
120.695881 144.951232
120.695881 145.581429
120.695881 146.211626
120.695881 146.841823
120.695881 147.472020
120.695881 148.102218
120.065683 148.732415
120.065683 149.362612
120.065683 149.992809
120.065683 150.623007
120.065683 151.253204
120.065683 151.883401
120.065683 152.513598
120.065683 153.143796
120.065683 153.773993
120.065683 154.404190
120.065683 155.034387
120.065683 155.664585
120.065683 156.294782
120.065683 156.924979
120.065683 157.555176
120.065683 158.185374
120.065683 158.815571
120.065683 159.445768
120.065683 160.075965
120.065683 160.706163
120.065683 161.336360
120.065683 161.966557
119.435486 162.596754
118.805289 163.226952
118.175092 163.857149
117.544894 164.487346
116.914697 165.117543
116.284500 165.747740
115.654303 166.377938
115.024105 167.008135
114.393908 167.638332
113.763711 168.268529
113.133514 168.898727
112.503316 168.898727
111.873119 169.528924
111.242922 169.528924
110.612725 169.528924
109.982527 170.159121
109.352330 170.159121
108.722133 170.159121
108.091936 170.159121
107.461738 170.159121
106.831541 170.159121
106.201344 170.159121
105.571147 170.789318
104.940950 170.789318
104.310752 170.789318
103.680555 170.789318
103.050358 170.789318
102.420161 171.419516
101.789963 171.419516
101.159766 171.419516
100.529569 170.789318
99.899372 170.789318
99.269174 170.789318
98.638977 170.159121
98.008780 170.159121
97.378583 170.159121
96.748385 170.159121
96.118188 169.528924
95.487991 169.528924
94.857794 169.528924
94.227596 169.528924
93.597399 168.898727
92.967202 168.898727
92.337005 168.898727
91.706807 168.898727
91.076610 168.898727
90.446413 168.268529
89.816216 168.268529
89.186018 168.268529
88.555821 168.268529
87.925624 167.638332
87.295427 167.638332
86.665230 167.638332
86.035032 167.638332
85.404835 167.008135
84.774638 167.008135
84.144441 167.008135
83.514243 166.377938
82.884046 166.377938
82.884046 165.747740
82.253849 165.117543
81.623652 164.487346
80.993454 163.857149
80.363257 163.857149
79.733060 163.226952
79.102863 162.596754
78.472665 161.966557
77.842468 161.336360
77.212271 160.706163
76.582074 160.075965
75.951876 159.445768
75.321679 158.815571
74.691482 158.185374
74.061285 157.555176
74.061285 156.924979
74.061285 156.294782
74.061285 155.664585
73.431087 155.034387
73.431087 154.404190
72.800890 153.773993
72.800890 153.143796
72.170693 152.513598
72.170693 151.883401
71.540496 151.253204
71.540496 150.623007
70.910298 149.992809
70.910298 149.362612
70.910298 148.732415
70.280101 148.102218
70.280101 147.472020
69.649904 146.841823
69.649904 146.211626
69.649904 145.581429
69.019707 144.951232
69.019707 144.321034
69.019707 143.690837
68.389509 143.060640
68.389509 142.430443
68.389509 141.800245
68.389509 141.170048
68.389509 140.539851
68.389509 139.909654
68.389509 139.279456
68.389509 138.649259
68.389509 138.019062
68.389509 137.388865
68.389509 136.758667
68.389509 136.128470
68.389509 135.498273
68.389509 134.868076
69.019707 134.237878
69.019707 133.607681
69.019707 132.977484
69.019707 132.347287
69.019707 131.717089
69.019707 131.086892
69.019707 130.456695
69.019707 129.826498
69.019707 129.196300
69.019707 128.566103
69.019707 127.935906
69.019707 127.305709
69.019707 126.675511
69.019707 126.045314
69.019707 125.415117
69.649904 124.784920
69.649904 124.154723
69.649904 123.524525
69.649904 122.894328
70.280101 122.264131
70.280101 121.633934
70.910298 121.003736
70.910298 120.373539
70.910298 119.743342
70.910298 119.113145
71.540496 118.482947
71.540496 117.852750
72.170693 117.222553
72.800890 116.592356
72.800890 115.962158
73.431087 115.331961
73.431087 114.701764
73.431087 114.071567
74.061285 113.441369
74.061285 112.811172
74.691482 112.180975
74.691482 111.550778
75.321679 110.920580
75.321679 110.290383
75.951876 109.660186
75.951876 109.029989
75.951876 108.399791
76.582074 107.769594
76.582074 107.139397
76.582074 106.509200
77.212271 105.879003
77.212271 105.248805
77.842468 104.618608
77.842468 103.988411
78.472665 103.358214
79.102863 102.728016
79.733060 102.097819
80.363257 101.467622
80.993454 100.837425
81.623652 100.207227
82.253849 99.577030
82.884046 98.946833
82.884046 98.316636
82.884046 97.686438
83.514243 97.056241
84.144441 96.426044
84.774638 95.795847
85.404835 95.165649
86.035032 93.905255
86.035032 93.275058
86.665230 92.644860
87.295427 92.014663
87.925624 91.384466
87.925624 90.754269
88.555821 90.124071
88.555821 89.493874
89.186018 88.863677
89.816216 88.233480
90.446413 87.603282
91.076610 86.973085
91.706807 86.973085
92.337005 86.342888
92.967202 85.712691
93.597399 85.082494
94.227596 84.452296
94.857794 84.452296
95.487991 83.822099
96.118188 83.191902
96.748385 83.191902
97.378583 82.561705
98.008780 81.931507
98.638977 81.931507
99.269174 81.301310
99.899372 80.671113
100.529569 80.671113
101.159766 80.040916
101.789963 80.040916
102.420161 80.040916
103.050358 79.410718
103.680555 78.780521
104.310752 78.150324
104.940950 78.150324
105.571147 77.520127
106.201344 76.889929
106.831541 76.889929
107.461738 76.259732
108.091936 76.259732
108.722133 75.629535
109.352330 74.999338
109.982527 74.369140
110.612725 74.369140
111.242922 74.369140
111.873119 73.738943
112.503316 73.108746
113.133514 72.478549
113.763711 71.848351
114.393908 71.848351
115.024105 71.218154
115.654303 71.218154
116.284500 71.218154
116.914697 71.218154
117.544894 71.218154
118.175092 71.218154
118.805289 71.218154
119.435486 71.218154
120.065683 71.218154
120.695881 71.218154
121.326078 71.218154
121.956275 71.218154
122.586472 71.218154
123.216670 71.218154
123.846867 71.218154
124.477064 70.587957
125.107261 70.587957
125.737459 70.587957
125.737459 69.957760
126.997853 69.327562
127.628050 68.697365
127.628050 68.067168
128.258247 68.067168
128.888445 67.436971
129.518642 67.436971
130.148839 66.806774
130.779036 66.806774
131.409234 67.436971
132.039431 67.436971
132.669628 67.436971
133.299825 67.436971
133.930023 67.436971
133.930023 68.067168
134.560220 68.067168
135.190417 68.067168
135.820614 68.697365
136.450812 69.327562
137.081009 69.327562
137.711206 69.957760
138.341403 69.957760
138.971601 69.957760
139.601798 69.957760
140.231995 69.957760
140.862192 70.587957
141.492390 70.587957
142.122587 71.218154
142.752784 71.218154
143.382981 71.848351
144.013179 71.848351
144.013179 72.478549
144.643376 72.478549
145.273573 73.108746
145.903770 73.738943
145.903770 74.369140
146.533967 74.369140
147.164165 74.999338
147.794362 75.629535
148.424559 76.259732
149.054756 76.889929
149.684954 77.520127
150.315151 78.150324
150.945348 78.780521
150.945348 79.410718
150.945348 80.040916
151.575545 80.671113
151.575545 81.301310
151.575545 81.931507
151.575545 82.561705
151.575545 83.191902
151.575545 83.822099
151.575545 84.452296
151.575545 85.082494
150.945348 85.712691
150.945348 86.342888
150.945348 86.973085
150.945348 87.603282
150.945348 88.233480
150.945348 88.863677
150.945348 89.493874
150.945348 90.124071
150.945348 90.754269
150.945348 91.384466
150.945348 92.014663
150.315151 92.014663
149.684954 92.014663
149.054756 92.644860
148.424559 92.644860
147.794362 92.644860
147.164165 93.275058
146.533967 93.275058
145.903770 93.905255
145.273573 95.165649
144.643376 95.165649
144.013179 95.795847
143.382981 95.795847
142.752784 96.426044
