137.342875 101.072986
137.786644 101.072986
137.786644 101.516755
137.786644 101.960523
137.786644 102.404292
137.786644 102.848060
137.786644 103.735597
137.786644 104.179366
137.786644 105.066903
137.342875 105.510672
137.342875 105.954440
136.899107 106.398209
137.342875 106.398209
136.899107 106.841977
136.455338 107.285746
136.011570 107.729514
136.011570 108.173283
135.567801 108.617051
135.124033 109.060820
135.124033 109.504588
134.680264 109.948357
134.680264 110.392126
134.236495 110.835894
133.792727 111.279663
133.792727 111.723431
133.348958 112.167200
133.348958 112.610968
132.905190 113.054737
132.905190 113.498505
132.461421 113.942274
132.461421 114.386042
132.017653 114.829811
132.017653 115.273579
131.573884 115.717348
131.573884 116.161117
131.573884 116.604885
131.130116 117.048654
131.130116 117.492422
130.686347 117.936191
130.686347 118.379959
130.686347 118.823728
130.242579 119.267496
130.242579 119.711265
130.242579 120.155033
129.798810 120.598802
129.798810 121.042570
129.798810 121.486339
129.798810 121.930108
129.355042 122.373876
129.355042 122.817645
129.355042 123.261413
129.355042 123.705182
128.911273 124.148950
128.911273 124.592719
128.911273 125.036487
128.911273 125.480256
128.911273 125.924024
128.467504 126.367793
128.467504 126.811561
128.467504 127.255330
128.467504 127.699099
128.467504 128.142867
128.467504 128.586636
128.467504 129.030404
128.467504 129.474173
128.467504 129.917941
128.023736 130.361710
128.023736 130.805478
128.023736 131.249247
128.023736 131.693015
128.023736 132.136784
128.023736 132.580552
128.023736 133.024321
128.023736 133.468090
128.023736 133.911858
128.023736 134.355627
128.023736 134.799395
128.023736 135.243164
128.023736 134.799395
128.023736 135.243164
128.023736 135.686932
128.023736 136.130701
128.023736 136.574469
128.023736 137.018238
128.467504 137.018238
128.467504 137.462006
128.467504 137.905775
128.467504 138.349543
128.467504 138.793312
128.467504 139.237081
128.467504 139.680849
128.467504 140.124618
128.467504 140.568386
128.911273 141.012155
128.911273 141.455923
128.911273 141.899692
128.911273 142.343460
128.911273 142.787229
128.911273 143.230997
129.355042 143.230997
129.355042 143.674766
129.355042 144.118534
129.355042 144.562303
129.355042 145.006072
129.798810 145.006072
129.798810 145.449840
129.798810 145.893609
129.798810 146.337377
130.242579 146.781146
130.242579 147.224914
130.242579 148.112451
129.798810 148.556220
129.798810 148.999988
129.798810 149.887525
129.798810 150.331294
129.355042 150.775063
129.355042 151.662600
129.355042 152.106368
129.355042 152.550137
128.911273 153.437674
128.911273 153.881442
128.911273 154.325211
128.911273 155.212748
128.467504 155.656516
128.467504 156.100285
128.467504 156.987822
128.467504 157.431591
128.023736 158.319128
128.023736 158.762896
128.023736 159.206665
128.023736 160.094202
128.023736 160.537970
127.579967 160.981739
127.579967 161.869276
127.579967 162.313045
127.579967 162.756813
127.136199 163.200582
126.692430 163.200582
125.804893 163.200582
125.361125 163.200582
124.917356 163.644350
124.473588 163.644350
124.029819 163.644350
123.586051 163.644350
123.142282 164.088119
122.698513 164.088119
122.254745 164.088119
121.810976 164.088119
121.367208 164.531887
120.923439 164.531887
120.479671 164.531887
120.035902 164.531887
119.592134 164.975656
119.148365 164.975656
118.704597 164.975656
118.260828 164.975656
117.817060 165.419424
117.373291 165.419424
116.929522 165.419424
116.041985 165.419424
115.598217 165.863193
115.154448 165.419424
114.710680 165.419424
114.266911 165.419424
113.823143 165.419424
113.379374 164.975656
112.935606 164.975656
112.491837 164.975656
112.048069 164.975656
111.604300 164.975656
111.160531 164.531887
110.716763 164.531887
109.829226 164.531887
109.385457 164.531887
108.941689 164.088119
108.497920 164.088119
108.054152 164.088119
107.610383 164.088119
107.166615 163.644350
106.722846 163.644350
106.279078 163.644350
105.835309 163.644350
105.391540 163.644350
104.947772 163.200582
104.060235 163.200582
103.616466 163.200582
103.172698 163.200582
102.728929 162.756813
102.285161 162.756813
101.841392 162.756813
101.397624 162.756813
100.953855 162.756813
100.510087 162.313045
100.066318 162.313045
99.622549 161.869276
99.178781 161.425507
98.735012 160.981739
98.291244 160.537970
97.403707 160.094202
96.959938 160.094202
96.516170 159.650433
96.072401 159.206665
95.628633 158.762896
95.184864 158.762896
94.741096 158.319128
94.297327 157.875359
93.853558 157.875359
93.409790 157.431591
92.966021 157.431591
92.522253 157.431591
91.634716 157.431591
91.190947 157.431591
90.747179 157.431591
90.303410 157.431591
89.859642 156.987822
89.415873 156.544054
88.972105 156.544054
88.528336 156.100285
87.640799 155.656516
87.197030 155.212748
86.753262 154.768979
86.309493 154.768979
85.865725 154.325211
85.421956 153.881442
84.534419 153.437674
84.090651 152.993905
83.646882 152.550137
83.203114 152.550137
82.759345 152.106368
81.871808 151.662600
81.428039 151.218831
80.984271 150.775063
80.540502 150.775063
80.096734 150.331294
79.652965 149.887525
79.209197 149.443757
78.765428 148.999988
78.321660 148.556220
78.321660 148.112451
77.877891 147.224914
77.877891 146.781146
77.877891 146.337377
77.434123 145.893609
77.434123 145.449840
77.434123 145.006072
76.990354 144.562303
76.990354 144.118534
76.990354 143.674766
76.546585 143.230997
76.546585 142.787229
76.102817 142.343460
76.102817 141.899692
76.102817 141.455923
76.102817 141.012155
75.659048 140.568386
75.659048 140.124618
75.659048 139.680849
75.659048 139.237081
75.215280 138.793312
75.215280 138.349543
75.215280 137.462006
75.215280 137.018238
75.215280 136.574469
75.215280 136.130701
75.215280 135.686932
75.215280 134.799395
75.215280 134.355627
75.215280 133.911858
75.215280 133.468090
75.215280 133.024321
75.215280 132.580552
75.215280 131.693015
75.215280 131.249247
75.215280 130.805478
75.215280 130.361710
75.215280 129.917941
75.215280 129.030404
75.215280 128.586636
75.215280 128.142867
75.659048 127.699099
75.659048 127.255330
75.659048 126.811561
75.659048 126.367793
75.659048 125.924024
76.102817 125.480256
76.102817 125.036487
76.546585 124.592719
76.546585 124.148950
76.990354 123.705182
76.990354 123.261413
77.434123 122.817645
77.434123 122.373876
77.877891 121.486339
77.877891 121.042570
78.321660 120.598802
78.321660 120.155033
78.765428 119.711265
79.209197 119.267496
79.209197 118.823728
79.652965 118.379959
79.652965 117.936191
80.096734 117.492422
80.096734 117.048654
80.540502 116.604885
80.540502 116.161117
80.984271 115.717348
80.984271 115.273579
81.428039 114.829811
81.428039 114.386042
81.871808 113.942274
81.871808 113.498505
82.315576 113.054737
82.315576 112.610968
82.759345 112.167200
82.759345 111.723431
83.203114 111.279663
83.203114 110.835894
83.646882 110.392126
84.090651 109.948357
84.534419 109.504588
85.421956 109.060820
85.865725 108.617051
86.309493 108.617051
86.753262 108.173283
87.197030 107.729514
88.084567 107.285746
88.528336 106.841977
88.972105 106.398209
89.415873 105.954440
89.859642 105.510672
90.747179 105.066903
91.190947 105.066903
91.634716 104.623135
92.078484 104.179366
92.522253 103.735597
92.966021 103.735597
93.409790 103.291829
93.853558 103.291829
94.297327 102.848060
94.741096 102.848060
95.184864 102.404292
96.072401 102.404292
96.516170 101.960523
96.959938 101.960523
97.403707 101.516755
97.847475 101.516755
98.291244 101.072986
98.735012 101.072986
99.178781 100.629218
99.622549 100.185449
100.066318 99.741681
100.510087 99.741681
100.953855 99.297912
101.397624 99.297912
101.841392 99.297912
102.285161 99.297912
102.728929 99.297912
103.172698 99.297912
104.060235 99.297912
104.504003 99.297912
104.947772 98.854144
105.391540 98.854144
105.835309 98.854144
106.279078 98.854144
106.722846 98.854144
107.610383 98.410375
108.054152 98.410375
108.497920 98.410375
108.941689 98.410375
109.385457 98.410375
109.829226 97.966606
110.272994 97.966606
111.160531 97.966606
111.604300 97.966606
112.048069 97.966606
112.491837 97.522838
112.935606 97.522838
113.379374 97.522838
113.823143 97.522838
114.710680 97.522838
115.154448 97.079069
115.598217 97.079069
116.041985 97.079069
116.485754 97.079069
116.929522 97.079069
117.373291 96.635301
117.817060 96.635301
118.260828 96.635301
118.704597 96.635301
119.148365 96.635301
119.592134 96.635301
120.035902 96.191532
120.479671 96.191532
121.367208 96.191532
121.810976 96.191532
122.254745 96.191532
122.698513 96.191532
123.142282 96.191532
123.586051 96.191532
124.029819 96.635301
124.473588 96.635301
124.917356 96.635301
125.361125 97.079069
125.804893 97.079069
126.248662 97.079069
126.692430 97.522838
127.136199 97.522838
127.579967 97.522838
128.023736 97.966606
128.467504 97.966606
128.911273 97.966606
129.355042 98.410375
129.798810 98.410375
130.242579 98.410375
130.686347 98.410375
131.130116 98.854144
131.573884 98.854144
132.017653 99.297912
132.461421 99.297912
132.905190 99.741681
133.348958 99.741681
133.792727 99.741681
134.236495 100.185449
134.680264 100.185449
135.124033 100.185449
135.567801 100.629218
136.011570 100.629218
136.455338 100.629218
136.899107 100.629218
137.342875 101.072986
