129.780836 100.172892
129.335984 100.617744
129.335984 101.062596
128.891132 101.507448
128.891132 101.952300
128.446280 102.397152
128.001428 102.842004
128.001428 103.286856
127.556576 103.731708
127.556576 104.176560
127.111724 104.621412
127.111724 105.066264
127.111724 105.511116
126.666872 105.955968
126.666872 106.400820
126.222020 106.845672
126.222020 107.290524
126.222020 107.735376
125.777168 108.180228
125.777168 108.625080
125.777168 109.069932
125.332316 109.514784
125.332316 109.959636
124.887464 110.404488
124.442612 110.849340
123.997760 110.849340
123.552908 111.294192
123.108056 111.739044
123.108056 112.183896
123.108056 112.628748
122.663204 113.073600
122.663204 113.518452
122.218352 113.963304
122.218352 114.408156
122.218352 114.853008
121.773500 115.297860
121.773500 115.742712
121.773500 116.187564
121.328648 116.632416
121.328648 117.077268
121.328648 117.522120
120.883796 117.966972
120.883796 118.411824
120.883796 118.856676
120.438944 119.301528
120.438944 119.746380
120.438944 120.191232
120.438944 120.636084
120.438944 121.080936
119.994092 121.525788
119.994092 121.970640
119.994092 122.415492
119.994092 122.860344
119.994092 123.305196
119.549240 123.750048
119.549240 124.194900
119.549240 124.639752
119.549240 125.084604
119.549240 125.529456
119.549240 125.974308
119.549240 126.419160
119.104388 126.864012
119.104388 127.308863
119.104388 127.753715
119.104388 128.198567
119.104388 128.643419
119.104388 129.088271
119.104388 129.533123
119.104388 129.977975
119.104388 130.422827
119.104388 130.867679
119.104388 131.312531
119.104388 131.757383
119.104388 132.202235
119.104388 132.647087
119.104388 133.091939
119.104388 133.536791
119.104388 133.981643
119.104388 134.426495
119.104388 134.871347
119.104388 135.316199
118.659536 135.761051
118.659536 136.205903
118.214684 136.205903
118.659536 136.650755
119.104388 136.650755
119.104388 137.095607
119.104388 137.540459
119.104388 137.985311
119.549240 137.985311
119.549240 138.430163
119.549240 138.875015
119.549240 139.319867
119.549240 138.875015
119.549240 139.319867
119.549240 139.764719
119.549240 140.209571
119.549240 140.654423
119.549240 141.099275
119.994092 141.099275
119.994092 141.544127
119.994092 141.099275
119.994092 141.544127
119.994092 141.988979
119.994092 142.433831
119.994092 142.878683
119.994092 143.323535
120.438944 143.323535
120.438944 143.768387
120.438944 143.323535
120.438944 143.768387
120.438944 144.213239
120.438944 144.658091
120.438944 145.102943
120.438944 145.547795
120.883796 145.547795
120.883796 145.992647
120.883796 146.437499
121.328648 146.882351
121.328648 147.327203
121.328648 147.772055
121.328648 147.327203
121.328648 147.772055
121.773500 148.216907
121.773500 148.661759
121.773500 149.106611
121.773500 149.551463
122.218352 149.551463
122.218352 149.996315
122.218352 150.441167
122.663204 150.886019
122.663204 151.330871
122.663204 151.775723
123.108056 151.775723
123.108056 152.220575
123.108056 152.665427
123.108056 153.110279
123.552908 153.110279
123.552908 153.555131
123.997760 153.999983
123.997760 154.444835
124.442612 154.889687
124.442612 155.334539
123.997760 155.779391
123.997760 156.224243
123.552908 156.224243
123.108056 156.669094
122.663204 157.113946
122.663204 157.558798
122.218352 157.558798
121.773500 158.003650
121.328648 158.448502
120.883796 158.893354
120.438944 158.893354
119.994092 159.338206
119.549240 159.338206
119.104388 159.783058
118.659536 159.783058
118.214684 160.227910
117.769832 160.227910
117.324980 160.227910
116.880129 160.672762
116.435277 160.672762
115.990425 160.672762
115.545573 160.672762
115.100721 160.672762
114.655869 160.672762
114.211017 160.672762
113.766165 160.672762
113.321313 160.672762
112.876461 160.672762
112.431609 160.672762
111.986757 160.672762
111.541905 160.672762
111.097053 160.672762
110.652201 160.672762
110.207349 160.672762
109.762497 160.227910
109.317645 160.227910
108.872793 160.227910
108.427941 160.227910
107.983089 160.227910
107.538237 160.227910
107.093385 160.672762
106.648533 160.672762
106.203681 160.672762
105.758829 160.672762
105.313977 160.672762
104.869125 161.117614
104.424273 161.117614
103.979421 161.117614
103.534569 161.117614
103.089717 161.117614
102.644865 161.117614
102.200013 161.117614
101.755161 161.117614
101.310309 161.117614
100.865457 161.117614
100.420605 161.117614
99.975753 161.117614
99.530901 161.117614
99.086049 161.117614
98.641197 161.117614
98.196345 161.117614
97.751493 161.117614
96.861789 161.117614
96.416937 161.117614
95.972085 160.672762
95.527233 160.672762
95.082381 160.672762
94.637529 160.672762
94.192677 160.672762
93.747825 160.672762
93.302973 160.227910
92.858121 160.227910
92.413269 160.227910
91.968417 160.227910
91.523565 159.783058
91.078713 159.783058
90.633861 159.783058
90.189009 159.783058
89.744157 159.338206
89.299305 159.338206
88.409601 158.893354
87.964749 158.893354
87.519897 158.893354
87.075046 158.448502
86.630194 158.448502
86.185342 158.003650
85.740490 158.003650
85.295638 157.558798
84.850786 157.558798
84.405934 157.113946
83.961082 157.113946
83.516230 156.669094
83.071378 156.669094
82.626526 156.224243
82.181674 155.779391
81.736822 155.334539
81.291970 155.334539
80.847118 154.889687
80.402266 154.889687
79.957414 154.889687
79.512562 154.444835
79.067710 154.444835
78.622858 154.444835
78.178006 154.444835
77.733154 154.444835
77.288302 154.444835
77.288302 153.999983
76.843450 153.999983
76.398598 153.999983
75.953746 153.555131
75.508894 153.555131
75.064042 153.555131
75.064042 153.110279
74.619190 153.110279
74.174338 152.665427
73.729486 152.665427
73.729486 152.220575
73.284634 152.220575
72.839782 151.775723
72.394930 151.775723
72.394930 151.330871
71.950078 151.330871
71.950078 150.886019
71.505226 150.441167
71.060374 149.996315
71.060374 149.551463
70.615522 149.106611
70.170670 148.661759
70.170670 148.216907
69.725818 147.772055
69.725818 147.327203
69.280966 146.882351
69.280966 146.437499
69.280966 145.992647
68.836114 145.547795
68.836114 145.102943
68.836114 144.658091
68.836114 144.213239
68.836114 143.768387
68.391262 143.323535
68.391262 142.878683
68.391262 142.433831
68.391262 141.988979
68.391262 141.544127
68.391262 141.099275
68.391262 140.654423
68.391262 140.209571
68.391262 139.764719
68.391262 139.319867
68.391262 138.875015
68.391262 138.430163
68.391262 137.985311
68.391262 137.540459
68.391262 137.095607
68.391262 136.650755
68.391262 136.205903
68.391262 135.761051
68.391262 135.316199
68.391262 134.871347
68.836114 134.426495
68.836114 133.981643
68.836114 133.536791
68.836114 133.091939
68.836114 132.647087
69.280966 132.202235
69.280966 131.757383
69.280966 131.312531
69.280966 130.867679
69.280966 130.422827
69.725818 130.422827
69.725818 129.977975
69.725818 129.533123
69.725818 129.088271
70.170670 129.088271
70.170670 128.643419
70.615522 128.198567
70.615522 127.753715
71.060374 127.308863
71.505226 126.864012
71.505226 126.419160
71.950078 125.974308
71.950078 125.529456
71.950078 125.084604
71.950078 124.639752
72.394930 124.639752
72.394930 124.194900
72.839782 123.750048
72.839782 123.305196
73.284634 122.860344
73.284634 122.415492
73.284634 121.970640
73.284634 121.525788
73.284634 121.080936
73.729486 121.080936
73.729486 120.636084
73.729486 120.191232
73.729486 119.746380
73.729486 119.301528
73.729486 118.856676
74.174338 118.856676
74.174338 118.411824
74.174338 117.966972
74.619190 117.522120
74.619190 117.077268
74.619190 116.632416
75.064042 116.632416
75.064042 116.187564
75.508894 115.742712
75.953746 115.297860
75.953746 114.853008
76.398598 114.408156
76.843450 113.963304
77.288302 113.518452
77.733154 113.073600
78.178006 112.628748
78.622858 112.628748
79.067710 112.183896
79.512562 111.739044
79.512562 111.294192
79.957414 110.849340
79.957414 110.404488
80.402266 109.959636
80.402266 109.514784
80.847118 109.069932
80.847118 108.625080
81.291970 108.180228
81.291970 107.735376
81.736822 107.290524
81.736822 106.845672
81.736822 106.400820
82.181674 106.400820
82.626526 105.955968
82.626526 105.511116
82.626526 105.066264
83.071378 105.066264
83.516230 104.621412
83.961082 104.176560
84.405934 103.731708
84.405934 103.286856
84.850786 102.842004
85.295638 102.397152
85.295638 101.952300
85.740490 101.507448
86.185342 101.062596
86.630194 100.172892
86.630194 99.728040
87.075046 99.283188
87.519897 98.838336
87.964749 98.393484
88.409601 97.948632
88.409601 97.503780
88.854453 97.058929
89.299305 96.614077
89.744157 96.169225
90.189009 95.724373
90.633861 95.279521
91.078713 94.834669
91.523565 94.389817
91.968417 93.944965
92.413269 93.500113
92.413269 93.055261
92.858121 92.610409
92.858121 92.165557
93.302973 91.720705
93.302973 91.275853
93.747825 91.275853
93.747825 90.831001
94.192677 90.386149
94.637529 89.941297
95.082381 89.496445
95.527233 89.051593
95.972085 88.606741
96.416937 88.161889
96.861789 87.717037
97.306641 87.272185
97.751493 87.272185
98.196345 86.827333
98.641197 86.382481
99.086049 86.382481
99.530901 85.937629
99.975753 85.937629
100.420605 85.492777
100.865457 85.047925
101.310309 85.047925
101.755161 84.603073
102.200013 84.158221
102.644865 84.158221
103.089717 83.713369
103.534569 83.713369
103.979421 83.268517
104.424273 83.268517
104.869125 83.268517
105.313977 82.823665
105.758829 82.823665
106.203681 82.823665
105.758829 82.823665
106.203681 82.823665
106.648533 82.378813
107.093385 82.378813
107.538237 82.378813
107.983089 82.378813
108.427941 82.378813
108.872793 82.378813
109.317645 82.378813
109.762497 82.378813
110.207349 82.378813
110.652201 82.378813
111.097053 82.378813
111.541905 82.378813
111.986757 82.378813
112.431609 82.378813
112.876461 82.378813
113.321313 82.378813
113.766165 82.378813
114.211017 82.378813
114.655869 82.378813
115.100721 82.378813
115.545573 82.378813
115.990425 82.378813
116.435277 82.378813
116.880129 82.378813
117.324980 82.378813
117.769832 82.378813
118.214684 82.378813
118.659536 82.378813
119.104388 82.378813
119.549240 82.378813
119.994092 82.378813
120.438944 82.823665
120.883796 82.823665
121.328648 82.823665
121.773500 83.268517
122.218352 83.268517
122.663204 83.268517
123.108056 83.713369
123.552908 83.713369
123.997760 84.158221
124.442612 84.158221
124.887464 84.603073
125.332316 84.603073
125.332316 85.047925
125.777168 85.047925
126.222020 85.492777
126.666872 85.937629
127.111724 86.382481
127.556576 86.827333
128.001428 87.272185
128.446280 87.717037
128.891132 88.161889
129.335984 88.606741
129.335984 89.051593
129.780836 89.496445
130.225688 89.941297
130.225688 90.386149
130.670540 90.831001
130.670540 91.275853
131.115392 91.720705
131.115392 92.165557
131.115392 92.610409
131.560244 93.055261
131.560244 93.500113
131.560244 93.944965
132.005096 94.389817
132.005096 94.834669
132.005096 95.279521
132.005096 95.724373
132.005096 96.169225
132.005096 96.614077
132.005096 97.058929
131.560244 97.503780
131.115392 97.948632
131.115392 98.393484
130.670540 98.393484
130.670540 98.838336
130.225688 99.283188
130.225688 99.728040
129.780836 100.172892
