141.270406 98.735955
141.270406 99.222421
140.783940 100.195352
140.783940 100.681818
140.783940 101.654750
140.297474 102.141215
140.297474 102.627681
140.297474 103.600613
139.811009 104.087079
139.324543 104.573544
139.324543 105.060010
139.324543 105.546476
139.811009 105.546476
139.324543 106.519408
138.838077 106.032942
138.351611 106.519408
137.865145 107.005873
137.378680 107.005873
137.378680 107.492339
136.892214 107.978805
136.405748 108.465271
136.405748 108.951737
135.919282 109.438202
135.432816 109.924668
134.946351 110.411134
134.946351 110.897600
134.459885 111.384066
133.973419 111.870531
133.973419 112.356997
133.486953 112.843463
133.000487 113.329929
133.000487 113.816395
132.514022 114.302860
132.514022 114.789326
132.027556 115.275792
131.541090 115.762258
131.541090 116.248724
131.054624 116.735189
131.054624 117.221655
130.568158 117.708121
130.568158 118.194587
130.081693 118.681053
130.081693 119.167518
129.595227 119.653984
129.595227 120.140450
129.595227 120.626916
129.108761 121.113382
129.108761 121.599847
128.622295 122.086313
128.622295 122.572779
128.622295 123.059245
128.135830 123.545711
128.135830 124.032176
128.135830 124.518642
127.649364 125.005108
127.649364 125.491574
127.649364 125.978039
127.162898 126.464505
127.162898 126.950971
127.162898 127.437437
127.162898 127.923903
126.676432 128.410368
126.676432 128.896834
126.676432 129.383300
126.676432 129.869766
126.189966 130.356232
126.189966 130.842697
126.189966 131.329163
126.189966 131.815629
126.189966 132.302095
126.189966 132.788561
125.703501 133.275026
125.703501 133.761492
125.703501 134.247958
125.703501 134.734424
125.703501 135.220890
125.703501 135.707355
125.703501 136.193821
125.703501 136.680287
125.703501 137.166753
125.703501 137.653219
125.703501 138.139684
125.217035 138.626150
125.217035 139.112616
125.217035 138.626150
125.217035 139.112616
125.217035 139.599082
125.217035 140.085548
125.217035 140.572013
125.217035 141.058479
125.217035 141.544945
125.217035 142.031411
125.217035 142.517877
125.217035 143.004342
125.217035 143.490808
125.217035 143.977274
125.703501 143.977274
125.703501 144.463740
125.703501 144.950206
125.703501 145.436671
125.703501 145.923137
125.703501 146.409603
125.703501 146.896069
125.703501 147.382535
125.703501 147.869000
125.703501 148.355466
125.703501 148.841932
126.189966 149.328398
126.189966 149.814864
126.189966 150.301329
126.189966 150.787795
126.189966 151.274261
126.189966 151.760727
126.676432 152.247193
126.676432 152.733658
126.676432 153.220124
126.676432 153.706590
127.162898 154.193056
127.162898 154.679521
127.162898 155.165987
127.162898 155.652453
127.162898 156.138919
127.162898 157.111850
127.162898 157.598316
126.676432 158.571248
126.676432 159.057714
126.676432 159.544179
126.189966 160.517111
126.189966 161.003577
126.189966 161.976508
125.703501 162.462974
125.703501 163.435906
125.703501 163.922372
125.217035 164.408837
125.217035 165.381769
124.730569 165.868235
124.730569 166.841166
124.730569 167.327632
124.244103 167.327632
123.757637 167.327632
123.271172 167.814098
122.298240 167.814098
121.811774 167.814098
121.325308 167.814098
120.838843 167.814098
120.352377 167.814098
119.865911 168.300564
119.379445 168.300564
118.892979 168.300564
118.406514 168.300564
117.920048 168.300564
117.433582 168.300564
116.947116 168.300564
116.460650 168.300564
115.974185 168.300564
115.487719 168.300564
115.001253 168.300564
114.514787 168.300564
114.028321 168.300564
113.541856 168.300564
112.568924 168.300564
112.082458 168.300564
111.595992 168.300564
111.109527 168.300564
110.623061 168.300564
110.136595 168.300564
109.650129 168.300564
109.163663 168.300564
108.677198 168.300564
108.190732 168.300564
107.704266 168.300564
107.217800 168.300564
106.731334 168.300564
106.244869 168.300564
105.758403 168.300564
105.271937 168.300564
104.785471 168.300564
104.299005 168.300564
103.812540 167.814098
103.326074 167.814098
102.353142 167.814098
101.866677 167.814098
101.380211 167.814098
100.893745 167.814098
100.407279 167.814098
99.920813 167.814098
99.434348 167.327632
98.947882 167.327632
98.461416 167.327632
97.974950 167.327632
97.488484 167.327632
97.002019 167.327632
96.515553 167.327632
96.029087 166.841166
95.542621 166.841166
94.569690 166.841166
94.083224 166.841166
93.596758 166.841166
93.110292 166.354701
92.623826 166.354701
92.137361 166.354701
91.650895 166.354701
91.164429 165.868235
90.677963 165.868235
90.191497 165.868235
89.705032 165.868235
89.218566 165.868235
88.732100 165.381769
88.245634 165.381769
87.759168 165.381769
87.272703 165.381769
86.786237 165.381769
86.299771 165.381769
85.813305 164.895303
85.326839 164.895303
84.840374 164.408837
84.353908 164.408837
83.867442 163.922372
83.380976 163.922372
82.894510 163.435906
82.408045 163.435906
81.921579 162.949440
81.435113 162.949440
80.948647 162.462974
80.462181 162.462974
79.975716 162.462974
79.489250 161.976508
79.002784 161.976508
78.516318 161.490043
78.029852 161.490043
77.543387 161.003577
76.570455 160.517111
76.083989 160.517111
75.597523 160.030645
75.111058 160.030645
74.624592 159.544179
74.138126 159.057714
73.651660 159.057714
73.165195 158.571248
72.678729 158.084782
72.192263 158.084782
71.705797 157.598316
71.219331 157.111850
70.732866 156.625385
70.732866 156.138919
70.246400 155.652453
70.246400 155.165987
69.759934 154.679521
69.759934 154.193056
69.273468 153.706590
69.273468 153.220124
68.787002 152.733658
68.787002 152.247193
68.787002 151.760727
68.300537 151.274261
68.300537 150.787795
68.300537 150.301329
68.300537 149.328398
68.300537 148.841932
67.814071 148.355466
67.814071 147.869000
67.814071 147.382535
67.814071 146.896069
67.814071 146.409603
67.327605 145.436671
67.327605 144.950206
67.327605 144.463740
67.327605 143.977274
67.327605 143.490808
67.327605 143.004342
67.327605 142.517877
67.327605 142.031411
67.327605 141.544945
67.327605 141.058479
67.327605 140.572013
67.327605 140.085548
67.327605 139.599082
67.327605 139.112616
67.327605 138.626150
67.814071 138.139684
67.814071 137.653219
67.814071 137.166753
67.814071 136.680287
67.814071 136.193821
68.300537 135.707355
68.300537 135.220890
68.300537 134.734424
68.300537 134.247958
68.300537 133.761492
68.787002 133.275026
68.787002 132.788561
68.787002 132.302095
68.787002 131.815629
69.273468 130.842697
69.273468 130.356232
69.273468 129.869766
69.759934 129.383300
69.759934 128.896834
70.246400 128.410368
70.246400 127.923903
70.732866 127.437437
70.732866 126.950971
71.219331 126.464505
71.219331 125.978039
71.705797 125.491574
71.705797 125.005108
72.192263 124.518642
72.192263 124.032176
72.678729 123.545711
72.678729 123.059245
73.165195 122.572779
73.651660 122.086313
73.651660 121.599847
74.138126 121.113382
74.624592 120.626916
75.111058 120.140450
75.597523 119.653984
76.083989 119.167518
76.083989 118.681053
76.570455 118.194587
77.056921 117.708121
77.543387 117.221655
78.029852 116.735189
78.516318 116.248724
78.516318 115.762258
79.002784 115.275792
79.489250 114.789326
79.975716 114.302860
80.462181 113.816395
80.948647 113.329929
81.435113 112.843463
81.921579 112.356997
82.408045 111.870531
82.894510 111.384066
83.380976 110.897600
83.867442 110.411134
84.353908 109.924668
84.840374 109.438202
85.326839 108.951737
85.813305 108.465271
86.299771 107.978805
86.786237 107.492339
87.272703 107.005873
87.759168 106.519408
88.245634 106.032942
88.732100 105.546476
89.218566 105.546476
89.705032 105.060010
90.191497 105.060010
90.677963 104.573544
91.164429 104.087079
91.650895 104.087079
92.137361 103.600613
92.623826 103.600613
93.110292 103.114147
93.596758 103.114147
94.083224 102.627681
94.569690 102.627681
95.056155 102.141215
95.542621 102.141215
96.515553 101.654750
97.002019 101.654750
97.488484 101.168284
97.974950 100.681818
98.461416 100.681818
98.947882 100.195352
99.434348 100.195352
99.920813 99.708886
100.407279 99.222421
100.893745 99.222421
101.866677 98.735955
102.353142 98.735955
102.839608 98.249489
103.326074 97.763023
103.812540 97.763023
104.299005 97.276558
104.785471 97.276558
105.271937 96.790092
105.758403 96.790092
106.244869 96.790092
106.731334 96.790092
107.217800 96.790092
107.704266 96.303626
108.190732 96.303626
108.677198 96.303626
109.163663 95.817160
109.650129 95.817160
110.136595 95.817160
111.109527 95.817160
111.595992 95.817160
112.082458 95.817160
112.568924 95.817160
113.055390 95.817160
113.541856 95.817160
114.028321 95.817160
115.001253 95.817160
115.487719 95.817160
115.974185 95.817160
116.460650 95.817160
116.947116 95.817160
117.433582 95.330694
117.920048 95.330694
118.892979 95.330694
119.379445 95.330694
119.865911 95.330694
120.352377 95.330694
120.838843 95.330694
121.325308 95.330694
121.811774 95.330694
122.298240 95.330694
122.784706 95.330694
123.271172 95.330694
123.757637 95.330694
124.244103 95.330694
124.730569 95.330694
125.217035 95.330694
125.703501 95.330694
126.189966 95.330694
126.676432 95.330694
127.162898 95.330694
127.649364 95.330694
128.135830 95.330694
128.622295 95.330694
129.595227 95.330694
130.081693 95.330694
130.568158 95.330694
131.054624 95.817160
131.541090 95.817160
132.027556 95.817160
132.514022 95.817160
133.486953 95.817160
133.973419 95.817160
134.459885 95.817160
134.946351 95.817160
135.432816 95.817160
135.919282 95.817160
136.892214 95.817160
137.378680 95.817160
137.865145 95.817160
138.351611 95.817160
138.838077 95.817160
139.324543 95.817160
139.811009 95.817160
140.297474 95.817160
140.783940 96.303626
140.783940 96.790092
140.783940 97.276558
141.270406 97.763023
141.270406 98.249489
141.270406 98.735955
