134.114309 104.117764
134.481441 104.484896
134.114309 104.852028
133.747177 105.219159
133.380045 105.586291
133.380045 105.953423
133.012913 106.320555
133.012913 106.687686
132.645782 107.054818
132.278650 107.421950
132.278650 107.789082
131.911518 108.156213
131.544386 108.523345
131.544386 108.890477
131.177255 109.257609
131.177255 109.624741
130.810123 109.991872
130.810123 110.359004
130.442991 110.726136
130.442991 111.093268
130.075859 111.460399
130.075859 111.827531
129.708728 112.194663
129.708728 112.561795
129.341596 112.928926
129.341596 113.296058
128.974464 113.663190
128.974464 114.030322
128.607332 114.397453
128.607332 114.764585
128.240200 115.131717
128.240200 115.498849
128.240200 115.865981
127.873069 116.233112
127.873069 116.600244
127.873069 116.967376
127.505937 117.334508
127.505937 117.701639
127.138805 118.068771
127.138805 118.435903
127.138805 118.803035
126.771673 119.170166
126.771673 119.537298
126.771673 119.904430
126.404542 120.271562
126.404542 120.638694
126.404542 121.005825
126.404542 121.372957
126.037410 121.740089
126.037410 122.107221
126.037410 122.474352
126.037410 122.841484
125.670278 123.208616
125.670278 123.575748
125.670278 123.942879
125.670278 124.310011
125.303146 124.677143
125.303146 125.044275
125.303146 125.411407
125.303146 125.778538
125.303146 126.145670
124.936015 126.512802
124.936015 126.879934
124.936015 127.247065
124.936015 127.614197
124.936015 127.981329
124.936015 128.348461
124.936015 128.715592
124.568883 129.082724
124.568883 129.449856
124.568883 129.816988
124.568883 130.184120
124.568883 130.551251
124.568883 130.918383
124.568883 131.285515
124.568883 131.652647
124.568883 132.019778
124.568883 132.386910
124.568883 132.754042
124.201751 133.121174
124.201751 133.488305
124.201751 133.855437
124.201751 134.222569
124.201751 134.589701
124.201751 134.956832
124.201751 135.323964
124.201751 135.691096
124.201751 136.058228
124.201751 136.425360
124.201751 136.792491
124.201751 137.159623
124.201751 137.526755
124.201751 137.893887
124.201751 138.261018
124.201751 138.628150
124.201751 138.995282
124.201751 139.362414
124.201751 139.729545
124.201751 140.096677
124.568883 140.463809
124.568883 140.830941
124.568883 141.198073
124.568883 141.565204
124.568883 141.932336
124.568883 142.299468
124.568883 142.666600
124.568883 143.033731
124.568883 143.400863
124.568883 143.767995
124.568883 144.135127
124.936015 144.502258
124.936015 144.869390
124.936015 145.236522
124.936015 145.603654
124.936015 145.970786
124.936015 146.337917
124.936015 146.705049
124.936015 147.072181
124.936015 147.439313
124.936015 147.806444
124.936015 148.173576
125.303146 148.540708
125.303146 148.907840
125.303146 149.274971
125.303146 149.642103
125.303146 150.009235
125.303146 150.376367
125.303146 151.110630
125.303146 151.477762
124.936015 151.844894
124.936015 152.579157
124.936015 152.946289
124.568883 153.680553
124.568883 154.047684
124.201751 154.781948
124.201751 155.149080
124.201751 155.516212
123.834619 156.250475
123.467487 156.617607
123.100356 156.984739
123.100356 157.351870
122.733224 157.719002
122.366092 158.086134
121.631829 158.086134
121.264697 158.086134
120.897565 158.086134
120.163302 158.086134
119.796170 158.086134
119.429038 158.086134
119.061906 158.086134
118.327643 158.086134
117.960511 158.086134
117.593379 158.086134
116.859116 158.086134
116.491984 158.086134
116.124852 158.086134
115.390589 158.086134
115.023457 158.086134
114.656325 158.086134
113.922062 158.086134
113.554930 158.086134
113.187798 158.086134
112.820666 158.086134
112.086403 158.086134
111.719271 158.453266
111.352139 158.453266
110.617876 158.453266
110.250744 158.453266
109.883612 158.453266
109.149349 158.453266
108.782217 158.453266
108.415085 158.453266
107.680821 158.453266
107.313690 158.453266
106.946558 158.453266
106.212294 158.453266
105.845163 158.453266
105.478031 158.453266
105.110899 158.453266
104.743767 158.453266
104.376636 158.453266
104.009504 158.453266
103.642372 158.453266
103.275240 158.453266
102.908108 158.453266
102.540977 158.453266
102.173845 158.086134
101.806713 158.086134
101.439581 158.086134
101.072450 158.086134
100.338186 157.719002
99.971054 157.351870
99.603923 157.351870
99.236791 156.984739
98.869659 156.984739
98.502527 156.617607
98.135395 156.250475
97.768264 156.250475
97.401132 155.883343
97.034000 155.883343
96.666868 155.516212
96.299737 155.149080
95.932605 155.149080
95.565473 154.781948
95.198341 154.781948
94.831210 154.414816
94.464078 154.414816
94.096946 154.047684
93.729814 153.680553
93.362682 153.680553
92.995551 153.313421
92.628419 153.313421
92.261287 152.946289
91.527024 152.579157
91.159892 152.579157
90.792760 152.212026
90.425628 152.212026
90.058497 151.844894
89.691365 151.477762
89.324233 151.477762
88.957101 151.110630
88.589970 151.110630
88.222838 150.743499
87.855706 150.376367
87.488574 150.009235
87.121442 149.642103
86.754311 149.274971
86.387179 148.907840
86.020047 148.540708
85.652915 148.173576
85.285784 147.806444
85.285784 147.439313
84.918652 147.072181
84.551520 146.705049
84.184388 146.337917
83.817257 145.970786
83.450125 145.236522
83.082993 144.869390
83.082993 144.502258
83.082993 144.135127
83.082993 143.767995
82.715861 143.400863
82.715861 142.666600
82.715861 142.299468
82.715861 141.932336
82.715861 141.565204
82.715861 141.198073
82.348729 140.830941
82.348729 140.096677
82.348729 139.729545
82.348729 139.362414
82.348729 138.995282
81.981598 138.628150
81.981598 137.893887
81.981598 137.526755
81.981598 137.159623
81.981598 136.792491
81.981598 136.425360
81.981598 136.058228
81.981598 135.691096
81.981598 135.323964
81.981598 134.956832
81.981598 134.589701
81.981598 134.222569
81.981598 133.855437
81.981598 133.488305
81.981598 133.121174
81.981598 132.754042
82.348729 132.386910
82.348729 132.019778
82.348729 131.652647
82.348729 131.285515
82.348729 130.551251
82.348729 130.184120
82.715861 129.816988
82.715861 129.449856
82.715861 129.082724
82.715861 128.715592
82.715861 128.348461
83.082993 127.981329
83.082993 127.614197
83.082993 127.247065
83.082993 126.879934
83.082993 126.145670
83.450125 125.778538
83.817257 125.411407
84.184388 125.044275
84.551520 124.677143
84.918652 124.310011
84.918652 123.942879
85.285784 123.575748
85.652915 122.841484
86.020047 122.474352
86.387179 122.107221
86.754311 121.740089
86.754311 121.372957
87.121442 121.005825
87.488574 120.638694
87.855706 120.271562
88.222838 119.537298
88.222838 119.170166
88.589970 118.803035
88.957101 118.435903
89.324233 118.068771
89.691365 117.701639
89.691365 117.334508
90.058497 116.967376
90.425628 116.600244
90.792760 116.233112
91.159892 115.865981
91.527024 115.498849
91.894155 115.131717
92.261287 114.764585
92.628419 114.764585
93.362682 114.397453
93.729814 114.030322
94.096946 113.663190
94.464078 113.296058
94.831210 112.928926
95.198341 112.928926
95.932605 112.561795
96.299737 112.194663
96.666868 111.827531
97.034000 111.460399
97.401132 111.460399
98.135395 111.093268
98.502527 110.726136
98.869659 110.726136
99.236791 110.726136
99.603923 110.359004
99.971054 110.359004
100.338186 109.991872
100.705318 109.991872
101.072450 109.991872
101.439581 109.624741
101.806713 109.624741
102.540977 109.624741
102.908108 109.257609
103.275240 109.257609
103.642372 109.257609
104.009504 108.890477
104.376636 108.890477
104.743767 108.523345
105.110899 108.523345
105.478031 108.523345
105.845163 108.156213
106.212294 108.156213
106.579426 108.156213
107.313690 107.789082
107.680821 107.789082
108.047953 107.789082
108.415085 107.421950
108.782217 107.054818
109.149349 106.687686
109.516480 106.320555
109.883612 105.953423
110.617876 105.953423
110.985007 105.586291
111.352139 105.219159
111.719271 104.852028
112.086403 104.484896
112.453534 104.117764
113.187798 104.117764
113.554930 103.750632
113.922062 103.383500
114.289193 103.016369
114.656325 103.016369
115.023457 103.016369
115.390589 103.016369
115.757720 103.016369
116.491984 103.016369
116.859116 103.016369
117.226247 103.016369
117.593379 103.016369
117.960511 103.016369
118.327643 103.016369
118.694774 103.016369
119.061906 103.016369
119.429038 103.016369
119.796170 103.016369
120.163302 102.649237
120.530433 102.649237
121.264697 102.649237
121.631829 102.649237
121.998960 102.649237
122.366092 102.649237
122.733224 102.649237
123.100356 102.649237
123.467487 102.649237
123.834619 102.649237
124.201751 102.649237
124.568883 102.649237
124.936015 102.649237
125.303146 102.649237
125.670278 102.649237
126.037410 102.649237
126.771673 102.649237
127.138805 102.649237
127.505937 102.649237
127.873069 102.649237
128.240200 102.649237
128.607332 102.649237
128.974464 102.649237
129.341596 102.649237
129.708728 102.649237
130.075859 102.649237
130.442991 102.649237
130.810123 102.649237
131.177255 102.649237
131.544386 102.649237
131.911518 102.649237
132.278650 102.649237
132.645782 102.649237
133.380045 102.649237
133.747177 102.649237
134.114309 102.649237
134.114309 103.016369
134.114309 102.649237
134.114309 103.016369
134.114309 103.383500
134.114309 103.750632
134.114309 104.117764
