131.186112 116.408628
130.851706 116.743035
130.851706 117.077441
130.851706 117.411847
130.851706 118.080660
130.851706 118.415066
130.851706 118.749472
130.851706 119.083879
130.851706 119.752691
130.851706 120.087097
130.517300 120.421504
130.517300 121.090316
130.517300 121.424722
130.517300 121.759129
130.517300 122.093535
130.182893 122.427941
130.182893 122.762348
130.182893 123.096754
130.182893 123.431160
129.848487 123.765566
129.848487 124.099973
129.848487 124.434379
129.514081 124.768785
129.514081 125.103191
129.514081 125.437598
129.179674 125.772004
129.179674 126.106410
129.179674 126.440817
128.845268 126.775223
128.845268 127.109629
128.845268 127.444035
128.845268 127.778442
128.510862 128.112848
128.510862 128.447254
128.510862 128.781661
128.510862 129.116067
128.176456 129.450473
128.176456 129.784879
128.176456 130.119286
128.176456 130.453692
128.176456 130.788098
128.176456 131.122504
127.842049 131.456911
127.842049 131.791317
127.842049 132.125723
127.842049 132.460130
127.842049 132.794536
127.842049 133.128942
127.842049 133.463348
127.842049 133.797755
127.842049 134.132161
127.842049 134.466567
127.842049 134.800973
127.507643 135.135380
127.507643 135.469786
127.507643 135.804192
127.507643 136.138599
127.507643 136.473005
127.507643 136.807411
127.507643 137.141817
127.507643 137.476224
127.507643 137.810630
127.507643 138.145036
127.842049 138.145036
127.842049 138.479442
127.842049 138.813849
127.842049 139.148255
127.842049 139.482661
127.842049 139.817068
127.842049 140.151474
127.842049 140.485880
127.842049 140.820286
127.842049 140.485880
127.842049 140.820286
127.842049 141.154693
127.842049 141.489099
127.842049 141.823505
128.176456 141.823505
128.176456 142.157911
128.176456 142.492318
128.176456 142.826724
128.176456 143.161130
128.176456 143.495537
128.510862 143.829943
128.510862 144.164349
128.510862 143.829943
128.510862 144.164349
128.510862 144.498755
128.510862 144.833162
128.845268 145.167568
128.845268 145.501974
128.845268 145.836380
128.845268 146.170787
128.845268 146.505193
129.179674 146.505193
129.179674 146.839599
129.179674 147.174006
129.179674 147.508412
129.514081 147.508412
129.514081 147.842818
129.514081 148.177224
129.848487 148.511631
129.848487 148.846037
129.848487 149.180443
130.182893 149.514849
130.182893 149.849256
130.182893 150.183662
130.182893 150.852475
130.182893 151.186881
130.182893 151.521287
130.182893 152.190100
130.182893 152.524506
130.182893 152.858912
130.182893 153.193318
130.182893 153.862131
130.182893 154.196537
130.182893 154.530944
130.182893 154.865350
130.182893 155.534162
130.182893 155.868569
130.182893 156.202975
130.182893 156.871787
130.182893 157.206194
130.182893 157.540600
130.182893 157.875006
130.182893 158.543819
130.182893 158.878225
130.182893 159.212631
130.182893 159.547038
130.182893 160.215850
129.848487 160.550256
129.848487 160.884663
129.514081 161.219069
129.179674 161.553475
128.845268 162.222288
128.845268 162.556694
128.510862 162.891100
128.176456 163.225507
128.176456 163.559913
127.842049 163.894319
127.507643 164.228725
127.507643 164.897538
127.173237 165.231944
126.838830 165.566351
126.504424 165.566351
126.170018 165.566351
125.835612 165.566351
125.501205 165.566351
125.166799 165.566351
124.832393 165.566351
124.497987 165.566351
124.163580 165.566351
123.829174 165.566351
123.494768 165.566351
123.160361 165.566351
122.491549 165.566351
122.157143 165.566351
121.822736 165.566351
121.488330 165.566351
121.153924 165.566351
120.819518 165.566351
120.485111 165.566351
120.150705 165.566351
119.816299 165.566351
119.481892 165.566351
118.813080 165.566351
118.478674 165.566351
118.144267 165.566351
117.809861 165.566351
117.141049 165.566351
116.806642 165.566351
116.472236 165.566351
116.137830 165.566351
115.469017 165.566351
115.134611 165.566351
114.800205 165.231944
114.465798 165.231944
113.796986 165.231944
113.462580 165.231944
113.128173 165.231944
112.459361 165.231944
112.124954 165.231944
111.790548 165.231944
111.456142 165.231944
110.787329 165.231944
110.452923 165.231944
110.118517 165.231944
109.784111 165.231944
109.115298 165.231944
108.780892 164.897538
108.446485 164.897538
108.112079 164.563132
107.777673 164.563132
107.108860 164.228725
106.774454 164.228725
106.440048 163.894319
106.105642 163.894319
105.771235 163.894319
105.436829 163.559913
104.768016 163.559913
104.433610 163.225507
104.099204 163.225507
103.764798 162.891100
103.430391 162.891100
102.761579 162.556694
102.427173 162.556694
102.092766 162.222288
101.758360 162.222288
101.423954 161.887882
100.755141 161.887882
100.420735 161.887882
100.086329 161.553475
99.751922 161.553475
99.417516 161.219069
99.083110 161.219069
98.748704 160.884663
98.079891 160.884663
97.745485 160.550256
97.411078 160.550256
97.076672 160.550256
96.742266 160.215850
96.407860 160.215850
96.073453 160.215850
95.739047 160.215850
95.404641 160.215850
95.070235 160.215850
94.735828 160.215850
94.401422 160.215850
94.067016 159.881444
93.732609 159.547038
93.398203 159.547038
93.063797 159.212631
92.729391 158.878225
92.060578 158.543819
91.726172 158.543819
91.391766 158.209413
91.057359 157.875006
90.722953 157.540600
90.388547 157.540600
90.054140 157.206194
90.054140 156.871787
89.719734 156.537381
89.385328 155.868569
89.050922 155.534162
88.716515 155.199756
88.716515 154.865350
88.716515 154.530944
88.382109 154.196537
88.382109 153.862131
88.382109 153.527725
88.382109 153.193318
88.047703 152.524506
88.047703 152.190100
88.047703 151.855693
88.047703 151.521287
88.047703 151.186881
87.713297 150.852475
87.713297 150.183662
87.713297 149.849256
87.713297 149.514849
87.713297 149.180443
87.713297 148.846037
87.713297 148.511631
87.713297 148.177224
87.713297 147.842818
87.713297 147.508412
87.713297 147.174006
87.713297 146.839599
87.713297 146.505193
87.713297 146.170787
87.713297 145.501974
87.713297 145.167568
87.713297 144.833162
87.713297 144.498755
87.713297 144.164349
87.713297 143.829943
87.713297 143.495537
87.713297 143.161130
87.713297 142.826724
87.713297 142.492318
87.713297 142.157911
87.713297 141.823505
87.713297 141.489099
87.713297 141.154693
87.713297 140.820286
87.713297 140.485880
87.713297 140.151474
87.713297 139.817068
87.713297 139.148255
87.713297 138.813849
87.713297 138.479442
88.047703 138.145036
88.047703 137.810630
88.382109 137.476224
88.716515 137.141817
88.716515 136.807411
89.050922 136.473005
89.050922 136.138599
89.385328 135.804192
89.385328 135.469786
89.719734 135.135380
89.719734 134.800973
90.054140 134.466567
90.388547 134.132161
90.388547 133.463348
90.722953 133.128942
90.722953 132.794536
91.057359 132.460130
91.391766 132.125723
91.391766 131.791317
92.060578 131.456911
92.394984 131.122504
92.729391 130.788098
93.063797 130.453692
93.398203 130.119286
93.732609 129.784879
94.067016 129.450473
94.401422 129.116067
94.735828 128.781661
95.070235 128.447254
95.404641 127.778442
95.739047 127.444035
96.073453 127.109629
96.407860 126.775223
96.742266 126.440817
96.742266 126.106410
97.076672 125.772004
97.411078 125.437598
97.745485 125.103191
98.079891 124.768785
98.414297 124.768785
98.748704 124.434379
99.083110 124.099973
99.417516 124.099973
99.751922 123.765566
100.086329 123.431160
100.420735 123.431160
101.089547 123.096754
101.423954 122.762348
101.758360 122.427941
102.092766 122.427941
102.427173 122.093535
102.761579 122.093535
103.095985 121.759129
103.430391 121.759129
103.764798 121.759129
104.099204 121.759129
104.433610 121.759129
104.768016 121.424722
105.102423 121.424722
105.771235 121.424722
106.105642 121.424722
106.440048 121.090316
106.774454 120.755910
107.108860 120.755910
107.443267 120.421504
107.777673 120.087097
108.112079 120.087097
108.446485 119.752691
108.780892 119.418285
109.115298 119.418285
109.449704 119.083879
109.784111 118.749472
110.118517 118.749472
110.452923 118.415066
110.787329 118.415066
111.456142 118.080660
111.790548 118.080660
112.124954 117.746253
112.459361 117.746253
112.793767 117.411847
113.128173 117.411847
113.462580 117.077441
113.796986 117.077441
114.131392 116.743035
114.465798 116.743035
114.800205 116.408628
115.469017 116.408628
115.803423 116.074222
116.137830 116.074222
116.472236 115.739816
116.806642 115.739816
117.141049 115.739816
117.475455 115.405410
117.809861 115.405410
118.144267 115.405410
118.478674 115.071003
118.813080 115.071003
119.147486 115.071003
119.816299 114.736597
120.150705 114.736597
120.485111 114.736597
120.819518 114.402191
121.153924 114.402191
121.488330 114.402191
121.822736 114.067784
122.157143 114.067784
122.491549 114.067784
122.825955 113.733378
123.160361 113.733378
123.494768 113.733378
123.829174 113.733378
124.163580 113.398972
124.832393 113.398972
125.166799 113.398972
125.501205 113.398972
125.835612 113.398972
126.170018 113.064566
126.504424 113.064566
126.838830 113.064566
127.173237 113.064566
127.842049 113.064566
128.176456 113.064566
128.176456 113.398972
128.510862 113.398972
128.510862 113.733378
128.845268 113.733378
128.845268 114.067784
129.179674 114.067784
129.514081 114.402191
129.514081 114.736597
129.848487 114.736597
129.848487 115.071003
130.182893 115.405410
130.182893 115.739816
130.517300 115.739816
130.851706 116.074222
131.186112 116.408628
