141.339814 97.404636
140.855695 97.404636
140.371576 97.888755
140.371576 98.372874
139.887457 98.856993
139.403338 99.341112
138.919219 99.825231
138.435100 100.309350
138.435100 100.793469
137.950981 101.277588
137.466862 101.761707
136.982743 102.245826
136.498624 102.729945
136.498624 103.214064
136.014505 103.698182
135.530386 104.182301
135.046267 105.150539
134.562148 105.634658
134.562148 106.118777
134.078029 106.602896
134.078029 107.087015
133.593910 107.571134
133.109791 108.055253
133.109791 108.539372
132.625672 109.023491
132.625672 109.507610
132.141553 109.991729
132.141553 110.475848
131.657434 110.959967
131.657434 111.444086
131.173315 111.928205
131.173315 112.412324
131.173315 112.896443
130.689196 113.380562
130.689196 113.864681
130.689196 114.348800
130.205077 114.832919
130.205077 115.317038
130.205077 115.801157
130.205077 116.285276
130.205077 116.769395
129.720958 117.253514
129.720958 117.737633
129.720958 118.221752
129.720958 118.705871
129.720958 119.189990
129.236839 119.674109
129.236839 120.158228
129.236839 120.642347
129.236839 121.126466
129.236839 121.610585
129.236839 122.094704
129.236839 122.578823
128.752720 123.062942
128.752720 123.547061
128.752720 124.031180
128.752720 124.515299
128.752720 124.999418
128.752720 125.483537
128.268601 125.967656
128.268601 126.451775
128.268601 126.935894
128.268601 127.420013
128.268601 128.388251
128.268601 128.872370
128.268601 129.356489
127.784482 129.840607
127.784482 130.324726
127.784482 130.808845
127.784482 131.292964
127.784482 131.777083
127.784482 132.261202
127.300363 132.745321
127.300363 133.229440
127.300363 133.713559
127.300363 134.197678
127.300363 134.681797
127.300363 135.165916
126.816244 135.650035
126.816244 136.134154
126.816244 136.618273
126.816244 137.102392
126.816244 137.586511
126.816244 138.070630
126.816244 138.554749
126.816244 139.038868
126.332125 139.522987
126.332125 140.007106
126.332125 140.491225
126.332125 140.975344
126.332125 141.459463
126.332125 141.943582
126.332125 142.427701
126.332125 142.911820
126.332125 143.395939
126.332125 143.880058
125.848006 144.364177
125.848006 144.848296
125.848006 145.332415
125.848006 145.816534
125.848006 146.784772
125.848006 147.268891
125.848006 147.753010
125.848006 148.237129
125.363887 148.721248
125.363887 149.205367
125.363887 149.689486
125.363887 150.173605
125.363887 150.657724
124.879768 151.141843
124.879768 151.625962
124.879768 152.110081
124.879768 152.594200
124.395650 153.078319
124.395650 153.562438
123.911531 154.046557
123.911531 154.530676
123.427412 155.014795
123.427412 155.498914
122.943293 155.983033
122.459174 156.467151
121.975055 156.951270
121.490936 157.435389
121.490936 157.919508
121.006817 158.403627
120.522698 158.887746
120.038579 158.887746
119.070341 159.371865
118.586222 159.855984
118.102103 159.855984
117.617984 160.340103
117.133865 160.340103
116.649746 160.824222
116.165627 160.824222
115.681508 161.308341
115.197389 161.308341
114.713270 161.308341
114.229151 161.792460
113.745032 161.792460
113.260913 161.792460
112.776794 161.792460
112.292675 162.276579
111.808556 162.276579
111.324437 162.276579
110.840318 162.276579
110.356199 162.276579
109.872080 162.276579
109.387961 162.276579
108.903842 162.760698
108.419723 162.760698
107.935604 162.760698
107.451485 162.760698
106.967366 162.760698
106.483247 162.760698
105.515009 162.760698
105.030890 162.276579
104.546771 162.276579
104.062652 162.276579
103.578533 162.276579
103.094414 162.276579
102.610295 162.276579
102.126176 162.276579
101.642057 161.792460
101.157938 161.792460
100.673819 161.792460
100.189700 161.792460
99.705581 161.308341
99.221462 161.308341
98.737343 161.308341
98.253225 160.824222
97.769106 160.824222
97.284987 160.824222
96.800868 160.340103
96.316749 160.340103
95.832630 159.855984
95.348511 159.855984
94.864392 159.371865
94.380273 159.371865
93.896154 158.887746
93.412035 158.887746
92.927916 158.403627
92.443797 157.919508
91.959678 157.919508
91.475559 157.435389
90.991440 156.951270
90.507321 156.951270
89.539083 156.467151
89.054964 155.983033
88.570845 155.498914
88.086726 155.014795
87.602607 154.530676
87.118488 154.046557
86.634369 153.562438
86.150250 153.078319
85.666131 152.594200
85.182012 152.110081
85.182012 151.625962
84.697893 151.141843
84.213774 150.657724
83.729655 150.173605
83.245536 149.689486
83.245536 149.205367
82.761417 148.721248
82.761417 148.237129
82.277298 147.753010
81.793179 147.268891
81.793179 146.300653
81.309060 145.816534
81.309060 145.332415
80.824941 144.848296
80.824941 144.364177
80.340822 143.880058
80.340822 143.395939
79.856703 142.911820
79.856703 142.427701
79.856703 141.943582
79.372584 141.459463
79.372584 140.975344
79.372584 140.491225
78.888465 140.007106
78.888465 139.522987
78.888465 139.038868
78.888465 138.554749
78.888465 138.070630
78.888465 137.586511
78.404346 137.102392
78.404346 136.618273
78.404346 136.134154
78.404346 135.650035
78.404346 135.165916
78.404346 134.681797
78.404346 134.197678
78.404346 133.713559
78.404346 133.229440
78.404346 132.745321
78.404346 132.261202
78.404346 131.777083
78.404346 130.808845
78.404346 130.324726
78.404346 129.840607
78.888465 129.356489
78.888465 128.872370
78.888465 128.388251
78.888465 127.904132
78.888465 127.420013
79.372584 126.935894
79.372584 126.451775
79.372584 125.967656
79.372584 125.483537
79.372584 124.999418
79.856703 124.515299
79.856703 124.031180
79.856703 123.547061
79.856703 123.062942
80.340822 122.578823
80.340822 122.094704
80.340822 121.610585
80.824941 121.126466
80.824941 120.642347
80.824941 120.158228
80.824941 119.674109
81.309060 119.189990
81.309060 118.705871
81.309060 118.221752
81.793179 117.737633
81.793179 117.253514
81.793179 116.769395
82.277298 116.285276
82.277298 115.801157
82.277298 115.317038
82.761417 114.832919
82.761417 114.348800
83.245536 113.864681
83.245536 113.380562
83.245536 112.896443
83.729655 112.412324
83.729655 111.928205
84.213774 110.959967
84.213774 110.475848
84.213774 109.991729
84.697893 109.507610
84.697893 109.023491
85.182012 108.539372
85.182012 108.055253
85.666131 107.571134
85.666131 107.087015
86.150250 106.602896
86.150250 106.118777
86.634369 105.634658
87.118488 105.150539
87.118488 104.666420
87.602607 104.182301
87.602607 103.698182
88.086726 103.214064
88.570845 102.729945
88.570845 102.245826
89.054964 101.761707
89.539083 100.793469
89.539083 100.309350
90.023202 99.825231
90.507321 99.341112
90.507321 98.856993
90.991440 98.372874
91.475559 97.888755
91.959678 97.404636
92.443797 96.920517
92.927916 96.436398
92.927916 95.952279
93.412035 95.468160
93.896154 94.984041
94.380273 94.499922
94.864392 94.015803
95.348511 93.531684
95.832630 93.047565
96.316749 92.563446
96.800868 92.079327
97.284987 91.595208
97.769106 91.111089
98.253225 90.626970
98.737343 90.142851
99.221462 89.658732
99.705581 89.658732
100.189700 89.174613
100.673819 88.690494
101.642057 88.206375
102.126176 87.722256
102.610295 87.722256
103.094414 87.238137
103.578533 86.754018
104.062652 86.754018
104.546771 86.269899
105.030890 85.785780
105.515009 85.785780
105.999128 85.301661
106.483247 84.817542
106.967366 84.817542
107.451485 84.333423
107.935604 84.333423
108.419723 83.849304
108.903842 83.365185
109.387961 83.365185
109.872080 82.881066
110.356199 82.881066
110.840318 82.396947
111.324437 82.396947
112.292675 81.912828
112.776794 81.912828
113.260913 81.428709
113.745032 81.428709
114.229151 80.944590
114.713270 80.944590
115.197389 80.460471
115.681508 80.460471
116.165627 79.976352
116.649746 79.976352
117.133865 79.492233
117.617984 79.492233
118.102103 79.008114
118.586222 79.008114
119.070341 78.523995
119.554460 78.523995
120.038579 78.523995
120.522698 78.039876
121.006817 78.039876
121.490936 78.039876
121.975055 77.555757
122.459174 77.555757
122.943293 77.071639
123.427412 77.071639
123.911531 77.071639
124.395650 76.587520
124.879768 76.587520
125.363887 76.587520
125.848006 76.587520
126.332125 76.103401
126.816244 76.103401
127.300363 76.103401
127.784482 75.619282
128.268601 75.619282
128.752720 75.135163
129.236839 75.135163
129.720958 74.651044
130.205077 74.651044
130.689196 74.651044
131.173315 74.166925
131.657434 74.166925
132.141553 74.166925
132.625672 74.166925
133.109791 74.166925
133.593910 74.166925
134.078029 74.166925
134.562148 74.166925
135.046267 74.166925
135.530386 74.166925
136.014505 74.166925
136.498624 74.166925
136.982743 74.166925
137.466862 74.651044
137.950981 74.651044
138.435100 74.651044
138.919219 75.135163
139.403338 75.135163
139.887457 75.619282
140.371576 75.619282
140.855695 75.619282
141.339814 75.619282
141.823933 75.619282
142.308052 75.619282
142.792171 75.619282
143.276290 75.619282
143.760409 76.103401
144.244528 76.103401
144.728647 76.103401
145.212766 76.587520
145.696885 76.587520
146.181004 76.587520
146.181004 77.071639
146.665123 77.071639
147.149242 77.071639
147.149242 77.555757
147.633361 78.039876
148.117480 78.523995
148.601599 78.523995
148.601599 79.008114
149.085718 79.492233
149.569837 79.976352
149.569837 80.460471
150.053956 80.944590
150.053956 81.428709
150.538075 81.912828
150.538075 82.396947
150.538075 82.881066
151.022194 83.365185
151.022194 83.849304
151.022194 84.333423
151.022194 84.817542
151.022194 85.301661
151.022194 85.785780
151.022194 86.269899
151.022194 86.754018
151.022194 87.238137
151.022194 87.722256
151.022194 88.206375
150.538075 88.690494
150.538075 89.174613
150.538075 89.658732
150.053956 90.142851
150.053956 90.626970
150.053956 91.111089
149.569837 91.111089
149.569837 91.595208
149.085718 92.079327
149.085718 92.563446
149.085718 93.047565
148.601599 93.047565
148.117480 93.531684
147.633361 94.015803
147.149242 94.499922
146.665123 94.984041
146.181004 95.468160
145.696885 95.468160
145.212766 95.952279
144.728647 95.952279
144.244528 96.436398
143.760409 96.436398
143.276290 96.920517
142.792171 96.920517
142.308052 96.920517
141.823933 97.404636
141.339814 97.404636
