132.397553 98.912149
132.397553 99.463216
131.846486 100.014282
131.846486 100.565349
131.846486 101.116416
131.846486 101.667483
131.846486 102.218550
131.295419 102.769617
131.295419 103.320684
130.744352 103.871751
130.744352 104.422818
130.744352 104.973885
130.193285 105.524952
130.193285 106.076019
130.193285 106.627085
129.642218 107.178152
129.642218 107.729219
129.642218 108.280286
129.091152 108.831353
129.091152 109.382420
129.091152 109.933487
128.540085 110.484554
128.540085 111.035621
127.989018 111.586688
127.989018 112.137755
127.989018 112.688822
127.989018 113.239888
127.989018 113.790955
127.437951 114.342022
127.437951 114.893089
126.886884 115.444156
126.886884 115.995223
126.886884 116.546290
126.335817 117.097357
126.335817 117.648424
126.335817 118.199491
126.335817 118.750558
126.335817 119.301625
126.335817 119.852691
126.335817 120.403758
126.335817 120.954825
126.335817 121.505892
126.335817 122.056959
126.335817 122.608026
126.335817 123.159093
126.335817 123.710160
126.335817 124.261227
125.784750 124.812294
125.784750 125.363361
125.233683 125.914428
125.233683 126.465494
125.233683 127.016561
124.682616 127.567628
124.682616 128.118695
124.682616 128.669762
124.131549 129.220829
124.131549 129.771896
124.131549 130.322963
124.131549 129.771896
124.131549 130.322963
124.131549 130.874030
123.580482 131.425097
123.580482 131.976164
123.580482 132.527231
123.580482 133.078297
123.580482 133.629364
123.580482 134.180431
123.580482 134.731498
123.029415 135.282565
123.029415 135.833632
123.029415 136.384699
123.029415 136.935766
123.029415 137.486833
123.029415 138.037900
123.029415 138.588967
123.029415 139.140034
123.029415 139.691100
123.029415 140.242167
123.029415 140.793234
123.029415 141.344301
123.029415 141.895368
123.029415 142.446435
123.029415 142.997502
123.029415 143.548569
123.029415 144.099636
123.580482 144.099636
123.580482 144.650703
123.580482 145.201770
123.580482 145.752837
123.580482 146.303903
123.580482 146.854970
123.580482 147.406037
124.131549 147.957104
124.131549 148.508171
124.131549 149.059238
124.131549 149.610305
124.682616 150.161372
124.682616 150.712439
124.682616 151.263506
124.682616 151.814573
125.233683 151.814573
125.233683 152.365640
125.233683 152.916706
125.233683 153.467773
124.682616 154.018840
124.682616 154.569907
124.131549 155.120974
124.131549 155.672041
123.580482 155.672041
123.029415 156.223108
122.478349 156.223108
121.927282 156.774175
121.376215 157.325242
120.825148 157.325242
120.274081 157.325242
119.723014 157.876309
119.171947 157.876309
118.620880 157.876309
118.069813 158.427376
117.518746 158.427376
116.967679 158.427376
116.416612 158.427376
115.865546 158.427376
115.314479 158.427376
114.763412 158.427376
113.661278 158.427376
113.110211 158.427376
112.559144 158.427376
112.008077 158.427376
111.457010 158.427376
110.905943 158.427376
110.354876 158.427376
109.803809 158.427376
109.252743 158.427376
108.701676 158.427376
108.150609 158.427376
107.599542 158.427376
107.048475 158.427376
106.497408 158.427376
105.946341 158.427376
105.395274 157.876309
104.844207 157.876309
104.293140 157.876309
103.742073 157.876309
103.191006 157.325242
102.639940 157.325242
102.088873 157.325242
101.537806 156.774175
100.986739 156.223108
100.435672 156.223108
99.884605 156.223108
99.333538 156.223108
98.782471 155.672041
98.231404 155.672041
97.680337 155.672041
97.129270 155.120974
96.578203 155.120974
96.027137 154.569907
95.476070 154.569907
94.925003 154.018840
94.373936 154.018840
93.822869 154.018840
93.271802 153.467773
92.720735 153.467773
92.169668 153.467773
91.618601 152.916706
91.067534 152.916706
90.516467 152.365640
89.965400 152.365640
89.414334 151.814573
88.863267 151.814573
88.312200 151.263506
87.761133 150.712439
87.210066 150.161372
86.658999 149.610305
86.107932 149.610305
85.556865 149.059238
85.556865 148.508171
85.005798 147.957104
84.454731 147.406037
84.454731 146.854970
83.903664 146.303903
83.352597 145.752837
83.352597 145.201770
82.801531 144.650703
82.250464 144.099636
82.250464 143.548569
82.250464 142.997502
82.250464 142.446435
82.250464 141.895368
82.250464 141.344301
82.250464 140.793234
81.699397 140.242167
81.699397 139.691100
81.699397 139.140034
81.699397 138.588967
81.699397 138.037900
81.699397 137.486833
81.148330 136.935766
81.148330 136.384699
81.148330 135.833632
81.148330 135.282565
81.148330 134.731498
80.597263 134.180431
80.597263 133.629364
80.597263 133.078297
80.597263 132.527231
80.046196 131.976164
80.046196 131.425097
80.046196 130.874030
80.046196 130.322963
79.495129 129.771896
79.495129 129.220829
79.495129 128.669762
80.046196 128.118695
80.046196 127.567628
80.046196 127.016561
80.046196 126.465494
80.046196 125.914428
80.597263 125.363361
80.597263 124.812294
80.597263 124.261227
80.597263 123.710160
80.597263 123.159093
81.148330 122.608026
81.148330 122.056959
81.148330 121.505892
81.148330 120.954825
81.148330 120.403758
81.148330 119.852691
81.699397 119.301625
81.699397 118.750558
81.699397 118.199491
81.699397 117.648424
81.699397 117.097357
81.699397 116.546290
81.699397 115.995223
81.699397 115.444156
81.699397 114.893089
82.250464 114.342022
82.250464 113.790955
82.250464 113.239888
82.250464 112.688822
82.250464 112.137755
82.250464 111.586688
82.801531 111.035621
82.801531 110.484554
82.801531 109.933487
82.801531 109.382420
82.801531 108.831353
82.801531 108.280286
82.801531 107.729219
82.801531 107.178152
83.352597 106.627085
83.352597 106.076019
83.352597 105.524952
83.903664 104.973885
84.454731 104.422818
84.454731 103.871751
84.454731 103.320684
85.005798 102.769617
85.556865 102.218550
85.556865 101.667483
86.107932 101.116416
86.658999 100.565349
87.210066 100.014282
87.761133 99.463216
87.761133 98.912149
88.312200 98.361082
88.312200 97.810015
88.863267 97.258948
89.414334 96.707881
89.414334 96.156814
89.965400 95.605747
90.516467 95.054680
91.067534 94.503613
91.618601 94.503613
92.169668 94.503613
92.169668 93.952546
92.720735 93.952546
92.720735 93.401479
93.271802 93.401479
93.822869 93.401479
93.822869 92.850413
94.373936 92.299346
94.925003 92.299346
95.476070 92.299346
95.476070 91.748279
96.027137 91.197212
96.578203 91.197212
97.129270 90.646145
97.680337 90.646145
97.680337 90.095078
98.231404 90.095078
98.231404 89.544011
98.782471 88.992944
99.333538 88.992944
99.333538 88.441877
99.884605 87.890810
100.435672 87.890810
100.435672 87.339743
100.986739 87.339743
100.986739 86.788676
101.537806 86.237610
102.088873 85.686543
102.639940 85.135476
103.191006 85.135476
103.742073 85.135476
103.742073 84.584409
104.293140 84.584409
104.844207 84.033342
105.395274 84.033342
105.946341 83.482275
106.497408 83.482275
107.048475 82.931208
107.599542 82.931208
107.599542 82.380141
108.150609 82.380141
108.701676 82.380141
108.701676 81.829074
109.252743 81.829074
109.803809 81.278007
110.354876 80.726940
110.905943 80.726940
111.457010 80.726940
111.457010 80.175873
112.008077 80.175873
112.559144 79.624807
113.110211 79.624807
112.559144 79.624807
113.110211 79.624807
113.661278 79.624807
114.212345 79.624807
114.212345 79.073740
114.763412 79.073740
115.314479 79.073740
115.865546 79.073740
115.314479 79.073740
115.865546 79.073740
116.416612 78.522673
116.967679 78.522673
117.518746 78.522673
118.069813 77.971606
118.620880 77.971606
119.171947 77.420539
119.723014 77.420539
120.274081 77.420539
120.825148 76.869472
121.376215 76.869472
121.927282 76.869472
121.927282 76.318405
122.478349 76.318405
123.029415 75.767338
123.580482 75.767338
124.131549 75.216271
124.682616 75.216271
125.233683 75.216271
125.784750 75.216271
126.335817 75.216271
126.886884 75.216271
127.437951 75.216271
127.989018 75.216271
127.437951 75.216271
127.989018 75.216271
128.540085 75.216271
129.091152 75.216271
129.642218 75.216271
130.193285 75.216271
130.744352 75.216271
131.295419 74.665204
131.846486 74.665204
132.397553 74.665204
132.948620 74.665204
133.499687 74.665204
134.050754 74.114137
134.601821 74.114137
135.152888 74.114137
135.703954 74.114137
136.255021 74.114137
136.806088 74.114137
137.357155 74.665204
137.908222 75.216271
138.459289 75.767338
139.010356 76.318405
139.561423 76.869472
140.112490 76.869472
140.663557 77.420539
141.214624 77.971606
141.214624 78.522673
141.765691 78.522673
142.316757 79.073740
142.867824 79.624807
143.418891 80.175873
143.969958 80.726940
143.969958 81.278007
144.521025 81.829074
144.521025 82.380141
145.072092 82.931208
145.072092 83.482275
145.623159 84.033342
145.623159 84.584409
145.623159 85.135476
145.623159 85.686543
145.623159 86.237610
145.623159 86.788676
145.623159 87.339743
145.623159 87.890810
145.623159 88.441877
145.623159 88.992944
145.072092 89.544011
145.072092 90.095078
145.072092 90.646145
144.521025 91.197212
143.969958 91.748279
143.969958 92.299346
143.418891 92.850413
142.867824 93.401479
142.316757 93.952546
141.765691 94.503613
141.214624 95.054680
140.663557 95.054680
140.112490 95.605747
139.561423 95.605747
139.010356 96.156814
138.459289 96.156814
137.908222 96.156814
137.357155 96.156814
136.806088 96.156814
136.255021 96.156814
135.703954 96.707881
135.152888 97.258948
134.601821 97.258948
134.050754 97.258948
133.499687 97.810015
132.948620 97.810015
132.397553 98.361082
132.397553 98.912149
