154.386818 84.567412
154.386818 85.200532
154.386818 85.833652
154.386818 86.466772
154.386818 87.099892
154.386818 87.733012
154.386818 88.366132
154.386818 88.999252
154.386818 89.632372
153.753698 90.265492
153.120578 90.265492
153.120578 90.898612
152.487458 90.898612
151.854338 90.898612
151.854338 91.531732
151.221218 92.164852
150.588098 92.797972
149.954978 92.797972
149.954978 93.431093
149.321858 94.064213
148.688738 94.064213
148.688738 94.697333
148.055617 95.330453
147.422497 95.963573
146.789377 95.963573
146.789377 96.596693
146.156257 97.229813
145.523137 97.862933
144.890017 98.496053
144.256897 99.129173
143.623777 99.762293
143.623777 100.395413
142.990657 101.028533
142.357537 101.661653
141.724417 102.294773
141.091297 102.927893
141.091297 103.561013
140.458177 104.194133
139.825057 104.827253
139.825057 105.460373
139.191937 106.093493
138.558817 106.726613
138.558817 107.359733
137.925697 107.992853
137.292577 108.625973
137.292577 109.259093
136.659457 109.892214
136.659457 110.525334
136.026337 111.158454
136.026337 111.791574
135.393217 112.424694
134.760097 113.057814
134.760097 113.690934
134.760097 114.324054
134.126977 114.957174
134.126977 115.590294
133.493857 116.223414
133.493857 116.856534
132.860737 117.489654
132.860737 118.122774
132.227617 118.755894
132.227617 119.389014
132.227617 120.022134
131.594497 120.655254
131.594497 121.288374
131.594497 121.921494
130.961376 122.554614
130.961376 123.187734
130.961376 123.820854
130.328256 124.453974
130.328256 125.087094
130.328256 125.720214
129.695136 126.353334
129.695136 126.986455
129.695136 127.619575
129.695136 128.252695
129.695136 128.885815
129.062016 129.518935
129.062016 130.152055
129.062016 130.785175
129.062016 131.418295
128.428896 132.051415
128.428896 132.684535
128.428896 133.317655
128.428896 133.950775
128.428896 134.583895
128.428896 135.217015
128.428896 135.850135
127.795776 136.483255
127.795776 137.116375
127.795776 137.749495
127.795776 138.382615
127.795776 139.015735
127.795776 139.648855
127.795776 140.281975
127.795776 140.915095
127.795776 141.548215
127.795776 142.181335
127.795776 142.814455
127.795776 143.447576
127.795776 144.080696
127.795776 144.713816
127.795776 145.346936
127.795776 145.980056
127.795776 146.613176
127.795776 147.246296
127.795776 147.879416
127.795776 148.512536
127.795776 149.145656
127.795776 149.778776
127.795776 150.411896
127.795776 151.045016
127.795776 151.678136
127.795776 152.311256
127.795776 152.944376
127.795776 153.577496
127.795776 154.210616
127.795776 154.843736
127.795776 155.476856
127.795776 156.109976
127.795776 156.743096
127.795776 157.376216
127.795776 158.009336
127.162656 158.642456
127.162656 159.275576
126.529536 159.908696
126.529536 160.541817
125.896416 161.174937
125.263296 161.808057
124.630176 162.441177
124.630176 163.074297
123.997056 163.707417
123.363936 164.340537
122.730816 164.973657
122.097696 165.606777
121.464576 165.606777
120.831456 166.239897
120.198336 166.873017
119.565216 166.873017
118.932096 167.506137
118.298976 167.506137
117.665856 168.139257
117.032736 168.139257
116.399616 168.139257
115.766496 168.772377
115.133376 168.772377
114.500255 168.772377
113.867135 169.405497
113.234015 169.405497
112.600895 169.405497
111.967775 169.405497
111.334655 169.405497
110.701535 169.405497
110.068415 169.405497
109.435295 170.038617
108.802175 170.038617
108.169055 170.038617
107.535935 170.038617
106.269695 170.038617
105.636575 170.038617
105.003455 170.038617
104.370335 170.038617
103.737215 169.405497
103.104095 169.405497
102.470975 169.405497
101.837855 169.405497
101.204735 169.405497
100.571615 169.405497
99.938495 169.405497
99.305375 169.405497
98.672255 168.772377
98.039135 168.772377
97.406014 168.772377
96.772894 168.772377
96.139774 168.139257
95.506654 168.139257
94.873534 168.139257
94.240414 168.139257
93.607294 167.506137
92.974174 167.506137
92.341054 167.506137
91.707934 166.873017
91.074814 166.873017
90.441694 166.873017
89.808574 166.239897
89.175454 166.239897
88.542334 165.606777
87.909214 165.606777
87.276094 165.606777
86.642974 164.973657
86.009854 164.973657
85.376734 164.340537
84.743614 164.340537
84.110494 163.707417
83.477374 163.707417
82.844254 163.074297
82.211134 163.074297
81.578014 162.441177
80.944893 161.808057
80.311773 161.808057
79.678653 161.174937
79.045533 160.541817
78.412413 160.541817
77.779293 159.908696
77.146173 159.275576
76.513053 159.275576
75.879933 158.642456
75.246813 158.009336
74.613693 157.376216
73.980573 156.743096
73.347453 156.109976
72.714333 155.476856
72.081213 154.843736
72.081213 154.210616
71.448093 153.577496
70.814973 152.944376
70.181853 152.311256
70.181853 151.678136
69.548733 151.045016
68.915613 150.411896
68.915613 149.778776
68.282493 149.145656
68.282493 148.512536
67.649373 147.879416
67.649373 147.246296
67.649373 146.613176
67.016253 145.980056
67.016253 145.346936
66.383133 144.713816
66.383133 144.080696
66.383133 143.447576
66.383133 142.814455
65.750013 142.181335
65.750013 141.548215
65.750013 140.915095
65.750013 140.281975
65.750013 139.648855
65.116893 139.015735
65.116893 138.382615
65.116893 137.749495
65.116893 137.116375
65.116893 136.483255
65.116893 135.850135
65.116893 135.217015
65.116893 134.583895
65.116893 133.950775
65.116893 133.317655
65.116893 132.684535
65.116893 132.051415
65.116893 131.418295
65.116893 130.785175
65.116893 130.152055
65.116893 129.518935
65.116893 128.885815
65.116893 128.252695
65.116893 127.619575
65.116893 126.986455
65.116893 126.353334
65.116893 125.720214
65.116893 125.087094
65.116893 124.453974
65.750013 123.820854
65.750013 123.187734
65.750013 122.554614
65.750013 121.921494
65.750013 121.288374
65.750013 120.655254
66.383133 120.022134
66.383133 119.389014
66.383133 118.755894
66.383133 118.122774
67.016253 117.489654
67.016253 116.856534
67.016253 116.223414
67.016253 115.590294
67.649373 114.957174
67.649373 114.324054
67.649373 113.690934
68.282493 113.057814
68.282493 112.424694
68.282493 111.791574
68.915613 111.158454
68.915613 110.525334
68.915613 109.892214
69.548733 109.259093
69.548733 108.625973
70.181853 107.992853
70.181853 107.359733
70.181853 106.726613
70.814973 106.093493
70.814973 105.460373
71.448093 104.827253
71.448093 104.194133
72.081213 103.561013
72.081213 102.927893
72.714333 102.294773
72.714333 101.661653
73.347453 101.028533
73.347453 100.395413
73.980573 99.762293
74.613693 99.129173
74.613693 98.496053
75.246813 97.862933
75.246813 97.229813
75.879933 96.596693
76.513053 95.963573
76.513053 95.330453
77.146173 94.697333
77.779293 94.064213
77.779293 93.431093
78.412413 92.797972
79.045533 92.164852
79.678653 91.531732
79.678653 90.898612
80.311773 90.265492
80.944893 89.632372
81.578014 88.999252
82.211134 88.366132
82.844254 87.733012
82.844254 87.099892
83.477374 86.466772
84.110494 85.833652
84.743614 85.200532
85.376734 84.567412
86.009854 83.301172
86.642974 82.668052
87.276094 82.034932
87.909214 82.034932
88.542334 81.401812
89.175454 80.768692
89.808574 80.135572
90.441694 79.502452
91.074814 78.869332
91.707934 78.236212
92.341054 77.603092
92.974174 77.603092
93.607294 76.969972
94.240414 76.336852
94.873534 75.703731
95.506654 75.703731
96.139774 75.070611
96.772894 74.437491
97.406014 73.804371
98.039135 73.804371
98.672255 73.171251
99.305375 72.538131
99.938495 72.538131
100.571615 71.905011
101.204735 71.905011
101.837855 71.271891
102.470975 71.271891
103.104095 70.638771
103.737215 70.638771
104.370335 70.005651
105.003455 70.005651
105.636575 69.372531
106.269695 69.372531
106.902815 68.739411
107.535935 68.739411
108.169055 68.106291
108.802175 68.106291
109.435295 68.106291
110.068415 67.473171
110.701535 67.473171
111.334655 67.473171
111.967775 66.840051
112.600895 66.840051
113.234015 66.840051
113.867135 66.206931
114.500255 66.206931
115.133376 66.206931
115.766496 66.206931
116.399616 65.573811
117.032736 65.573811
117.665856 65.573811
118.298976 65.573811
118.932096 65.573811
119.565216 65.573811
120.198336 64.940691
120.831456 64.940691
121.464576 64.940691
122.097696 64.940691
122.730816 64.940691
123.363936 64.940691
123.997056 64.940691
124.630176 64.940691
125.263296 64.940691
125.896416 64.940691
126.529536 64.940691
127.162656 64.307571
127.795776 64.307571
128.428896 64.307571
129.062016 64.307571
129.695136 64.307571
130.328256 64.307571
130.961376 64.940691
131.594497 64.940691
132.227617 64.940691
132.860737 64.940691
133.493857 64.940691
134.126977 64.940691
134.760097 65.573811
135.393217 65.573811
135.393217 66.206931
136.026337 66.206931
136.659457 66.206931
137.292577 66.840051
137.925697 66.840051
138.558817 66.840051
139.191937 67.473171
139.825057 67.473171
140.458177 67.473171
141.091297 68.106291
141.724417 68.106291
142.357537 68.106291
142.990657 68.106291
143.623777 68.739411
143.623777 69.372531
144.256897 69.372531
144.890017 69.372531
144.890017 70.005651
145.523137 70.638771
145.523137 71.271891
146.156257 71.271891
146.156257 71.905011
146.789377 72.538131
146.789377 73.171251
147.422497 73.171251
147.422497 73.804371
148.055617 73.804371
148.688738 74.437491
148.688738 75.070611
149.321858 75.703731
149.954978 76.336852
150.588098 76.969972
150.588098 77.603092
151.221218 77.603092
151.221218 78.236212
151.854338 78.236212
152.487458 78.869332
152.487458 79.502452
153.120578 80.135572
153.753698 80.768692
153.753698 81.401812
154.386818 82.034932
154.386818 82.668052
154.386818 83.301172
154.386818 83.934292
154.386818 84.567412
