128.602026 122.904140
128.311645 123.194521
128.311645 123.484902
128.021263 123.775284
128.021263 124.065665
127.730882 124.356046
127.730882 124.646428
127.440501 124.936809
127.440501 125.227190
127.150120 125.517572
127.150120 125.807953
126.859738 126.098334
126.859738 126.388716
126.569357 126.679097
126.569357 126.969478
126.569357 127.259859
126.278976 127.550241
126.278976 127.840622
126.278976 128.131003
125.988594 128.421385
125.988594 128.711766
125.988594 129.002147
125.698213 129.292529
125.698213 129.582910
125.698213 129.873291
125.698213 130.163673
125.407832 130.454054
125.407832 130.744435
125.407832 131.034816
125.407832 131.325198
125.117450 131.325198
125.407832 131.325198
125.117450 131.615579
125.117450 131.905960
125.117450 132.196342
125.117450 132.486723
125.117450 132.777104
124.827069 133.067486
124.827069 133.357867
124.827069 133.648248
124.827069 133.938629
124.827069 134.229011
124.827069 134.519392
124.827069 134.809773
124.827069 135.100155
124.536688 135.390536
124.536688 135.680917
124.536688 135.971299
124.536688 136.261680
124.536688 136.552061
124.536688 136.842443
124.536688 137.132824
124.536688 137.423205
124.536688 137.713586
124.536688 138.003968
124.536688 138.294349
124.536688 138.584730
124.536688 138.875112
124.536688 139.165493
124.536688 139.455874
124.536688 139.746256
124.536688 140.036637
124.536688 140.327018
124.536688 140.617399
124.536688 140.907781
124.536688 141.198162
124.536688 141.488543
124.536688 141.778925
124.536688 142.069306
124.827069 142.069306
124.827069 142.359687
124.827069 142.650069
124.827069 142.940450
124.827069 143.230831
124.827069 143.521213
124.827069 143.811594
124.827069 144.101975
125.117450 144.392356
125.117450 144.682738
125.117450 144.973119
125.117450 144.682738
125.117450 144.973119
125.117450 145.263500
125.117450 145.553882
125.117450 145.844263
125.407832 145.844263
125.407832 146.134644
125.407832 146.425026
125.407832 146.715407
125.407832 147.005788
125.698213 147.005788
125.698213 147.296169
125.698213 147.005788
125.698213 147.296169
125.698213 147.586551
125.698213 147.876932
125.698213 148.167313
125.988594 148.167313
125.988594 148.457695
125.988594 148.748076
125.988594 149.038457
126.278976 149.038457
126.278976 149.328839
126.278976 149.619220
126.569357 149.909601
126.569357 150.199983
126.569357 150.490364
126.569357 150.780745
126.859738 150.780745
126.859738 151.071126
126.859738 151.361508
127.150120 151.361508
127.150120 151.651889
127.150120 151.942270
127.440501 151.942270
127.440501 152.232652
127.440501 152.523033
127.730882 152.523033
127.730882 152.813414
128.021263 153.103796
128.021263 153.394177
128.311645 153.684558
128.311645 154.265321
128.311645 154.555702
128.311645 154.846083
128.311645 155.136465
128.021263 155.426846
128.021263 155.717227
128.021263 156.007609
128.021263 156.297990
128.021263 156.588371
128.021263 156.878753
127.730882 157.169134
127.730882 157.459515
127.730882 158.040278
127.730882 158.330659
127.730882 158.621040
127.730882 158.911422
127.440501 159.201803
127.440501 159.492184
127.440501 159.782566
127.440501 160.072947
127.150120 160.363328
126.859738 160.363328
126.278976 160.653709
125.988594 160.653709
125.698213 160.944091
125.407832 160.944091
125.117450 161.234472
124.827069 161.234472
124.536688 161.234472
123.955925 161.524853
123.665544 161.524853
123.375163 161.815235
123.084781 161.815235
122.794400 162.105616
122.504019 162.105616
122.213637 162.395997
121.632875 162.395997
121.342493 162.686379
121.052112 162.686379
120.761731 162.976760
120.471350 162.686379
120.180968 162.686379
119.890587 162.686379
119.600206 162.686379
119.309824 162.686379
119.019443 162.395997
118.729062 162.395997
118.438680 162.395997
118.148299 162.395997
117.567537 162.105616
117.277155 162.105616
116.986774 162.105616
116.406011 162.105616
116.115630 161.815235
115.825249 161.815235
115.244486 161.815235
114.954105 161.524853
114.663723 161.524853
114.373342 161.524853
113.792580 161.234472
113.502198 161.234472
113.211817 161.234472
112.631054 161.234472
112.340673 160.944091
112.050292 160.944091
111.469529 160.944091
111.179148 160.653709
110.888767 160.653709
110.598385 160.653709
110.017623 160.363328
109.727241 160.363328
109.436860 160.363328
108.856097 160.072947
108.565716 160.072947
108.275335 160.072947
107.984953 160.072947
107.404191 159.782566
107.113810 159.782566
106.823428 159.782566
106.242666 159.492184
105.952284 159.492184
105.661903 159.492184
105.081140 159.201803
104.790759 159.201803
104.500378 159.201803
104.209996 159.201803
103.629234 158.911422
103.338853 158.911422
103.048471 158.911422
102.467709 158.621040
102.177327 158.621040
101.886946 158.621040
101.596565 158.330659
101.015802 158.330659
100.725421 158.330659
100.435040 158.040278
99.854277 158.040278
99.563896 158.040278
99.273514 158.040278
98.983133 157.459515
98.692752 157.169134
98.402370 156.878753
98.111989 156.588371
97.821608 156.007609
97.531226 155.717227
97.240845 155.426846
96.950464 155.136465
96.660083 154.555702
96.369701 154.265321
96.079320 153.974939
95.788939 153.684558
95.498557 153.103796
95.208176 152.813414
94.917795 152.523033
94.917795 152.232652
94.627413 151.942270
94.337032 151.361508
94.046651 151.071126
93.756270 150.780745
93.756270 150.490364
93.756270 150.199983
93.465888 149.909601
93.465888 149.619220
93.465888 149.038457
93.465888 148.748076
93.465888 148.457695
93.465888 148.167313
93.465888 147.876932
93.465888 147.586551
93.465888 147.296169
93.465888 147.005788
93.465888 146.715407
93.465888 146.425026
93.465888 146.134644
93.465888 145.844263
93.175507 145.553882
93.175507 145.263500
93.175507 144.973119
93.175507 144.392356
93.175507 144.101975
93.175507 143.811594
93.175507 143.521213
93.175507 143.230831
93.175507 142.940450
93.175507 142.650069
93.175507 142.359687
93.175507 142.069306
93.175507 141.778925
93.175507 141.488543
93.175507 141.198162
93.175507 140.907781
93.175507 140.617399
93.175507 140.327018
93.465888 139.746256
93.756270 139.455874
94.046651 139.165493
94.337032 138.875112
94.917795 138.584730
95.208176 138.003968
95.498557 137.713586
95.788939 137.423205
96.079320 137.132824
96.369701 136.842443
96.660083 136.261680
97.240845 135.971299
97.531226 135.680917
97.821608 135.390536
98.111989 135.100155
98.402370 134.519392
98.692752 134.229011
98.983133 133.938629
99.563896 133.648248
99.854277 133.357867
100.144658 132.777104
100.435040 132.486723
100.725421 132.196342
101.015802 131.905960
101.306183 131.615579
101.886946 131.034816
102.177327 130.744435
102.467709 130.454054
102.758090 130.163673
103.048471 129.873291
103.338853 129.292529
103.629234 129.002147
104.209996 128.711766
104.500378 128.421385
104.790759 128.131003
105.081140 128.131003
105.371522 127.840622
105.661903 127.550241
105.952284 127.259859
106.242666 126.969478
106.533047 126.969478
106.823428 126.679097
107.113810 126.388716
107.404191 126.098334
107.694572 125.807953
107.984953 125.807953
108.275335 125.517572
108.565716 125.227190
108.856097 124.936809
109.146479 124.646428
109.436860 124.646428
109.727241 124.356046
110.017623 124.065665
110.308004 123.775284
110.598385 123.484902
110.888767 123.484902
111.179148 123.194521
111.469529 122.904140
111.759910 122.613759
112.050292 122.323377
112.340673 122.323377
112.631054 122.032996
112.921436 121.742615
113.211817 121.452233
113.502198 121.161852
113.792580 121.161852
114.373342 120.871471
114.663723 120.871471
114.954105 120.871471
115.244486 120.871471
115.534867 120.871471
115.825249 120.871471
116.115630 120.871471
116.406011 120.871471
116.696393 120.871471
116.986774 120.871471
117.277155 120.871471
117.567537 120.871471
117.857918 120.871471
118.148299 120.871471
118.438680 120.871471
118.729062 120.871471
119.019443 120.871471
119.309824 120.871471
119.890587 120.871471
120.180968 120.871471
120.471350 120.871471
120.761731 120.871471
121.052112 120.871471
121.342493 120.581089
121.632875 120.581089
121.923256 120.581089
122.213637 120.290708
122.794400 120.290708
123.084781 120.000327
123.375163 120.000327
123.665544 120.000327
123.955925 119.709946
124.246307 119.709946
124.536688 119.419564
124.827069 119.419564
125.407832 119.419564
125.698213 119.129183
125.988594 119.129183
126.278976 119.129183
126.278976 119.419564
126.278976 119.709946
126.569357 119.709946
126.859738 120.000327
127.150120 120.290708
127.440501 120.581089
127.730882 120.871471
128.021263 121.161852
128.311645 121.452233
128.602026 121.742615
128.892407 122.032996
128.892407 122.323377
128.602026 122.613759
128.602026 122.904140
