127.891656 91.803717
128.278542 91.803717
128.665427 91.803717
129.052312 92.190602
129.439197 92.190602
129.826082 92.577487
130.212967 92.577487
130.599852 92.964372
130.599852 93.351257
130.599852 93.738142
130.599852 94.125027
130.599852 94.511912
130.599852 94.125027
130.599852 94.511912
130.599852 94.898797
130.599852 95.285683
130.599852 94.898797
130.599852 95.285683
130.599852 95.672568
130.599852 96.059453
130.599852 96.446338
130.986737 96.446338
130.986737 96.833223
130.986737 97.220108
130.986737 97.606993
130.986737 97.993878
131.373623 97.993878
131.373623 98.380764
131.373623 98.767649
131.760508 99.154534
131.760508 99.541419
131.760508 99.928304
131.760508 100.315189
131.760508 100.702074
131.373623 101.088959
130.986737 101.475845
130.986737 101.862730
130.599852 102.249615
130.212967 102.636500
130.212967 103.023385
129.826082 103.410270
129.439197 103.797155
129.439197 104.184040
129.052312 104.570926
129.052312 104.957811
128.665427 105.344696
128.665427 105.731581
128.278542 106.118466
127.891656 106.505351
127.891656 106.892236
127.504771 107.279121
127.504771 107.666007
127.117886 108.052892
127.117886 108.439777
126.731001 108.826662
126.731001 109.213547
126.731001 109.600432
126.344116 109.987317
126.344116 110.374202
125.957231 110.761088
125.957231 111.147973
125.570346 111.534858
125.570346 111.921743
125.570346 112.308628
125.183461 112.695513
125.183461 113.082398
125.183461 113.469283
124.796575 113.856169
124.796575 114.243054
124.409690 114.629939
124.409690 115.016824
124.409690 115.403709
124.409690 115.790594
124.022805 116.177479
124.022805 116.564364
124.022805 116.951250
123.635920 117.338135
123.635920 117.725020
123.635920 118.111905
123.635920 118.498790
123.249035 118.885675
123.249035 119.272560
123.249035 119.659445
123.249035 120.046331
122.862150 120.433216
122.862150 120.820101
122.862150 121.206986
122.862150 121.593871
122.862150 121.980756
122.475265 122.367641
122.475265 122.754526
122.475265 123.141412
122.475265 123.528297
122.475265 123.915182
122.475265 124.302067
122.475265 124.688952
122.088380 125.075837
122.088380 125.462722
122.088380 125.849607
122.088380 126.236493
122.088380 126.623378
122.088380 127.010263
122.088380 127.397148
122.088380 127.784033
122.088380 128.170918
122.088380 128.557803
122.088380 128.944688
122.088380 129.331574
122.088380 129.718459
122.088380 130.105344
122.088380 130.492229
122.088380 130.879114
122.088380 131.265999
122.088380 131.652884
122.088380 132.039769
122.088380 132.426655
122.088380 132.813540
122.088380 133.200425
122.088380 133.587310
122.088380 133.974195
122.088380 134.361080
122.088380 134.747965
122.088380 135.134850
122.088380 135.521736
122.088380 135.908621
122.088380 136.295506
122.088380 136.682391
122.088380 137.069276
122.088380 137.456161
122.475265 137.843046
122.475265 138.229931
122.475265 138.616817
122.475265 139.003702
122.475265 139.390587
122.475265 139.777472
122.475265 140.164357
122.862150 140.551242
122.862150 140.938127
122.862150 141.325012
122.862150 141.711898
122.862150 142.098783
122.862150 142.485668
123.249035 142.485668
123.249035 142.872553
123.249035 143.259438
123.249035 143.646323
123.249035 144.033208
123.635920 144.033208
123.635920 144.420093
123.635920 144.806979
123.635920 145.193864
123.635920 145.580749
124.022805 145.580749
124.022805 145.967634
124.022805 146.354519
124.022805 146.741404
124.022805 147.128289
124.022805 147.515174
124.022805 147.902060
124.022805 148.288945
124.022805 148.675830
123.635920 148.675830
123.635920 149.062715
123.635920 149.449600
123.635920 149.836485
123.635920 150.223370
123.249035 150.223370
123.249035 150.610255
123.249035 150.997141
123.249035 151.384026
122.862150 151.384026
122.862150 151.770911
122.862150 152.157796
122.475265 152.157796
122.475265 152.544681
122.088380 152.931566
122.088380 153.318451
121.701494 153.705336
121.701494 154.092222
121.314609 154.479107
121.314609 154.865992
120.927724 154.865992
120.927724 155.252877
120.540839 155.639762
120.153954 156.026647
120.153954 156.413532
119.767069 156.413532
119.767069 156.800417
119.380184 157.187302
118.993299 157.574188
118.606413 157.961073
118.219528 158.347958
117.832643 158.734843
117.445758 159.121728
117.058873 159.121728
116.671988 159.508613
116.285103 159.895498
115.898218 160.282383
115.511332 160.282383
115.124447 160.669269
114.737562 161.056154
114.350677 161.056154
113.963792 161.443039
113.576907 161.443039
113.190022 161.829924
112.803137 161.829924
112.416252 162.216809
112.029366 162.216809
111.642481 162.603694
111.255596 162.603694
110.868711 162.603694
110.481826 162.990579
110.094941 162.990579
109.708056 162.990579
109.321171 162.990579
108.934285 163.377464
108.547400 163.377464
108.160515 163.377464
107.773630 163.377464
107.386745 163.377464
106.999860 163.377464
106.612975 163.764350
106.226090 163.764350
105.839204 163.764350
105.452319 163.764350
105.065434 163.764350
104.678549 163.764350
104.291664 163.764350
103.904779 163.764350
103.517894 163.764350
103.131009 163.764350
102.744123 163.764350
102.357238 163.377464
101.970353 163.377464
101.583468 163.377464
101.196583 163.377464
100.809698 163.377464
100.422813 163.377464
100.035928 162.990579
99.649042 162.990579
99.262157 162.990579
98.875272 162.990579
98.488387 162.603694
98.101502 162.603694
97.714617 162.603694
97.327732 162.603694
97.327732 162.216809
96.940847 162.216809
96.553961 162.216809
96.553961 161.829924
96.167076 161.829924
96.553961 161.829924
96.167076 161.829924
95.780191 161.443039
95.393306 161.443039
95.006421 161.443039
95.006421 161.056154
94.619536 161.056154
95.006421 161.056154
94.619536 161.056154
94.232651 160.669269
93.845766 160.669269
93.845766 160.282383
93.458880 160.282383
93.845766 160.282383
93.458880 160.282383
93.071995 159.895498
92.685110 159.508613
92.298225 159.508613
92.298225 159.121728
91.911340 159.121728
92.298225 159.121728
91.911340 159.121728
91.524455 158.734843
91.137570 158.734843
91.137570 158.347958
90.750685 157.961073
90.363799 157.574188
89.976914 157.187302
89.590029 156.800417
89.590029 156.413532
89.203144 156.026647
88.816259 156.026647
88.816259 155.639762
88.429374 155.252877
88.429374 154.865992
88.042489 154.865992
87.655604 154.865992
87.268718 154.479107
86.881833 154.479107
86.494948 154.479107
86.108063 154.479107
85.721178 154.092222
85.334293 153.705336
84.560523 153.705336
84.173637 153.318451
83.786752 153.318451
83.399867 152.931566
83.012982 152.544681
82.626097 152.544681
82.239212 152.157796
81.852327 151.770911
81.465442 151.384026
81.078556 150.997141
80.691671 150.610255
80.304786 149.836485
79.917901 149.449600
79.917901 149.062715
79.531016 148.675830
79.144131 148.288945
79.144131 147.902060
78.757246 147.515174
78.757246 147.128289
78.370361 146.741404
78.370361 146.354519
77.983475 145.967634
77.983475 145.580749
77.983475 145.193864
77.596590 144.806979
77.596590 144.420093
77.596590 144.033208
77.596590 143.646323
77.209705 143.259438
77.209705 142.872553
77.209705 142.485668
77.209705 142.098783
77.209705 141.325012
77.209705 140.938127
76.822820 140.551242
76.822820 140.164357
76.822820 139.777472
76.822820 139.390587
76.822820 139.003702
76.822820 138.616817
76.822820 138.229931
76.822820 137.843046
76.822820 137.456161
76.822820 137.069276
76.822820 136.682391
77.209705 136.295506
77.209705 135.908621
77.209705 135.521736
77.209705 135.134850
77.209705 134.747965
77.209705 134.361080
77.209705 133.974195
77.596590 133.587310
77.596590 133.200425
77.596590 132.813540
77.596590 132.426655
77.596590 132.039769
77.983475 131.652884
77.983475 131.265999
77.983475 130.879114
77.983475 130.492229
77.983475 130.105344
78.370361 129.718459
78.370361 129.331574
78.370361 128.944688
78.757246 128.557803
78.757246 128.170918
78.757246 127.784033
78.757246 127.397148
79.144131 127.010263
79.144131 126.623378
79.144131 126.236493
79.531016 125.849607
79.531016 125.462722
79.531016 125.075837
79.917901 124.688952
79.917901 124.302067
80.304786 123.915182
80.304786 123.528297
80.304786 123.141412
80.691671 122.754526
80.691671 122.367641
81.078556 121.593871
81.078556 121.206986
81.078556 120.820101
81.465442 120.433216
81.465442 120.046331
81.852327 119.659445
81.852327 119.272560
82.239212 118.885675
82.239212 118.498790
82.626097 118.111905
83.012982 117.725020
83.012982 117.338135
83.399867 116.564364
83.399867 116.177479
83.786752 115.790594
83.786752 115.403709
84.173637 115.016824
84.560523 114.629939
84.560523 114.243054
84.947408 113.856169
85.334293 113.469283
85.334293 113.082398
85.721178 112.695513
86.108063 112.308628
86.494948 111.921743
86.494948 111.534858
86.881833 111.147973
87.268718 110.761088
87.655604 110.374202
88.042489 109.987317
88.042489 109.600432
88.429374 109.213547
88.816259 108.826662
88.816259 108.439777
89.203144 108.052892
89.203144 107.666007
89.590029 107.279121
89.590029 106.892236
89.590029 106.505351
89.976914 106.505351
89.976914 106.118466
90.363799 105.731581
90.363799 105.344696
90.750685 104.957811
90.750685 104.570926
91.137570 104.570926
91.137570 104.184040
91.524455 103.797155
91.911340 103.410270
91.911340 103.023385
92.298225 103.023385
92.298225 102.636500
92.685110 102.249615
93.071995 101.862730
93.458880 101.475845
93.845766 101.088959
94.232651 100.702074
94.619536 100.315189
95.006421 99.928304
95.393306 99.541419
95.780191 99.154534
96.167076 98.767649
96.553961 98.380764
96.940847 97.993878
97.327732 97.993878
97.714617 97.606993
98.101502 97.220108
98.488387 96.833223
98.875272 96.833223
99.262157 96.446338
99.649042 96.059453
100.035928 96.059453
100.422813 95.672568
100.809698 95.672568
101.196583 95.285683
101.583468 95.285683
101.970353 94.898797
102.357238 94.898797
102.744123 94.511912
103.131009 94.511912
103.517894 94.511912
103.904779 94.125027
104.291664 94.125027
104.678549 94.125027
105.065434 94.125027
105.452319 93.738142
105.839204 93.738142
106.226090 93.738142
106.612975 93.738142
106.999860 93.738142
107.386745 93.738142
107.773630 93.351257
108.160515 93.351257
108.547400 93.351257
108.934285 93.351257
109.321171 93.351257
109.708056 93.351257
110.094941 93.351257
110.481826 93.351257
110.868711 93.351257
111.255596 93.351257
111.642481 93.351257
112.029366 92.964372
112.416252 92.964372
112.803137 92.577487
113.190022 92.577487
113.576907 92.190602
113.963792 92.190602
114.350677 92.190602
114.737562 92.190602
115.124447 91.803717
115.511332 91.803717
115.898218 91.803717
116.285103 91.803717
116.671988 91.416831
117.058873 91.416831
117.445758 91.416831
117.832643 91.416831
118.219528 91.416831
118.606413 91.416831
118.993299 91.416831
119.380184 91.029946
119.767069 91.029946
120.153954 91.029946
120.540839 91.029946
120.927724 91.029946
121.314609 91.029946
121.701494 91.029946
122.088380 90.643061
122.475265 90.643061
122.862150 90.643061
123.249035 90.643061
123.635920 90.643061
124.022805 90.643061
124.409690 90.643061
124.796575 90.643061
125.183461 90.643061
125.957231 90.643061
126.344116 90.643061
126.731001 91.029946
127.117886 91.029946
127.504771 91.416831
127.504771 91.803717
127.891656 91.803717
