137.901623 93.213641
137.901623 93.708094
137.407170 94.202547
137.407170 94.697000
136.912717 95.191453
136.912717 95.685906
136.418264 96.180359
136.418264 96.674812
135.923811 97.169265
135.923811 97.663718
135.429358 98.158171
135.429358 98.652624
135.429358 99.147077
134.934905 99.641530
134.934905 100.135983
134.934905 100.630436
134.440452 101.124889
134.440452 101.619342
134.440452 102.113795
133.945999 102.608248
133.945999 103.102701
133.945999 103.597154
133.945999 104.091608
133.451546 104.586061
133.451546 105.080514
133.451546 105.574967
132.957093 106.069420
132.957093 105.574967
132.957093 106.069420
133.451546 105.574967
132.957093 106.069420
132.957093 106.563873
132.957093 106.069420
133.451546 105.574967
132.957093 106.069420
132.957093 106.563873
132.957093 106.069420
132.957093 106.563873
132.462640 107.058326
132.462640 107.552779
131.968187 107.552779
131.968187 108.047232
131.968187 108.541685
131.473734 109.036138
131.473734 109.530591
131.473734 109.036138
131.968187 108.541685
131.968187 108.047232
132.462640 107.552779
131.968187 108.047232
131.968187 108.541685
131.473734 108.047232
131.968187 108.541685
131.473734 109.036138
131.473734 109.530591
130.979281 110.025044
130.979281 110.519497
130.484828 111.013950
130.484828 111.508403
129.990375 112.002856
129.495922 112.497309
129.495922 112.991762
129.001469 113.486215
129.001469 113.980668
128.507016 114.475121
128.507016 114.969574
128.012563 115.464027
128.012563 115.958480
127.518110 116.452933
127.518110 116.947386
127.518110 117.441839
127.023657 117.936292
127.023657 118.430745
126.529204 118.925198
126.529204 119.419651
126.529204 119.914104
126.034751 120.408557
126.034751 120.903010
126.034751 121.397463
125.540298 121.891916
125.540298 122.386369
125.540298 122.880822
125.045845 123.375275
125.045845 123.869728
125.045845 124.364181
124.551392 124.858634
124.551392 125.353087
124.551392 125.847540
124.551392 126.341993
125.045845 126.836446
125.540298 127.330899
125.540298 127.825352
126.034751 128.319805
126.034751 128.814258
126.529204 129.308712
126.529204 129.803165
126.529204 130.297618
126.529204 130.792071
126.529204 131.286524
126.529204 131.780977
126.529204 132.275430
126.034751 132.769883
126.034751 133.264336
126.034751 133.758789
126.034751 133.264336
126.034751 133.758789
126.034751 134.253242
126.034751 134.747695
126.034751 135.242148
126.034751 135.736601
126.034751 135.242148
126.034751 135.736601
126.034751 136.231054
126.034751 136.725507
126.034751 137.219960
126.034751 137.714413
126.034751 138.208866
126.034751 138.703319
126.034751 138.208866
126.034751 138.703319
126.034751 138.208866
126.034751 138.703319
126.034751 139.197772
126.034751 139.692225
126.034751 140.186678
126.034751 140.681131
126.034751 141.175584
126.034751 141.670037
126.034751 142.164490
126.034751 142.658943
126.034751 143.153396
126.034751 143.647849
126.034751 143.153396
126.034751 143.647849
126.034751 144.142302
126.034751 144.636755
126.034751 145.131208
126.034751 145.625661
126.034751 146.120114
126.034751 146.614567
126.034751 147.109020
126.034751 147.603473
126.034751 148.097926
126.034751 148.592379
126.034751 149.086832
126.034751 149.581285
126.034751 150.075738
126.034751 150.570191
126.034751 151.064644
126.034751 151.559097
126.034751 152.053550
126.529204 152.548003
126.529204 153.042456
126.529204 153.536909
126.529204 154.031362
126.034751 154.525816
126.034751 155.020269
125.540298 155.020269
125.540298 155.514722
125.045845 156.009175
124.551392 156.503628
124.056939 156.503628
124.056939 156.998081
123.562486 157.492534
123.068033 157.986987
123.068033 158.481440
122.573580 158.975893
122.079127 159.470346
121.584674 159.470346
121.584674 159.964799
121.584674 160.459252
121.090221 160.953705
120.595768 161.448158
120.595768 161.942611
120.101314 162.437064
120.101314 162.931517
119.606861 163.425970
119.606861 163.920423
119.112408 164.414876
119.112408 164.909329
118.617955 165.403782
118.617955 165.898235
118.123502 166.392688
118.123502 166.887141
117.629049 166.887141
117.134596 167.381594
116.640143 167.381594
116.640143 167.876047
116.145690 167.876047
115.651237 168.370500
115.156784 168.370500
115.156784 168.864953
114.662331 168.864953
114.662331 169.359406
114.167878 169.853859
113.673425 169.853859
113.673425 170.348312
113.178972 170.842765
112.684519 171.337218
112.190066 171.831671
111.695613 172.326124
111.201160 172.326124
110.706707 172.820577
110.212254 172.820577
109.717801 172.820577
109.223348 172.820577
108.728895 172.820577
108.234442 173.315030
107.739989 173.315030
107.245536 173.315030
106.751083 173.315030
106.256630 173.315030
105.762177 173.315030
105.267724 173.315030
104.773271 173.315030
104.278818 173.315030
103.784365 173.315030
103.289912 173.315030
102.795459 173.315030
102.301006 173.315030
101.806553 173.315030
101.312100 172.820577
100.817647 172.820577
100.323194 172.820577
99.828741 172.820577
99.334288 172.820577
98.839835 172.326124
98.345382 172.326124
97.850929 172.326124
97.356476 172.326124
96.862023 172.326124
96.862023 171.831671
96.367570 171.831671
95.873117 171.831671
95.378664 171.831671
95.378664 171.337218
94.884210 171.337218
94.389757 171.337218
93.895304 171.337218
93.895304 170.842765
93.400851 170.842765
92.906398 170.348312
92.411945 170.348312
91.917492 170.348312
91.423039 169.853859
90.928586 169.853859
90.434133 169.359406
89.939680 169.359406
89.445227 168.864953
88.950774 168.864953
88.950774 168.370500
88.456321 168.370500
87.961868 167.876047
87.467415 167.381594
86.972962 167.381594
86.478509 166.887141
85.984056 166.887141
85.984056 166.392688
85.489603 165.898235
84.995150 165.403782
84.500697 164.909329
84.006244 164.909329
83.511791 164.414876
83.017338 164.414876
83.017338 163.920423
82.522885 163.920423
82.028432 163.425970
81.533979 162.931517
81.039526 162.931517
81.039526 162.437064
80.545073 161.942611
80.050620 161.448158
79.556167 161.448158
79.556167 160.953705
79.061714 160.459252
78.567261 159.964799
78.072808 159.470346
77.578355 158.975893
77.578355 158.481440
77.083902 157.986987
76.589449 157.492534
76.589449 156.998081
76.094996 156.503628
75.600543 156.009175
75.600543 155.514722
75.106090 155.020269
75.106090 154.525816
74.611637 154.031362
74.611637 153.536909
74.611637 153.042456
74.117184 152.548003
74.117184 152.053550
73.622731 151.559097
73.622731 151.064644
73.622731 150.570191
73.622731 150.075738
73.128278 149.581285
73.128278 149.086832
73.128278 148.592379
73.128278 148.097926
73.128278 147.603473
72.633825 147.109020
72.633825 146.614567
72.633825 146.120114
72.633825 145.625661
72.633825 145.131208
72.633825 144.636755
72.633825 144.142302
72.633825 143.647849
72.633825 143.153396
72.139372 142.658943
72.139372 142.164490
72.139372 141.670037
72.139372 141.175584
72.139372 140.681131
72.139372 140.186678
72.139372 139.692225
72.139372 139.197772
72.139372 138.703319
72.139372 138.208866
72.139372 137.714413
72.139372 137.219960
72.139372 136.725507
72.139372 136.231054
72.139372 135.242148
71.644919 134.747695
71.644919 134.253242
71.644919 133.758789
71.644919 133.264336
71.644919 132.769883
71.644919 132.275430
71.644919 131.780977
71.644919 131.286524
71.644919 130.792071
71.644919 130.297618
71.644919 129.803165
71.644919 128.814258
71.644919 128.319805
72.139372 127.825352
72.139372 127.330899
72.139372 126.341993
72.139372 125.847540
72.139372 125.353087
72.633825 124.858634
72.633825 123.869728
72.633825 123.375275
72.633825 122.880822
73.128278 122.386369
73.128278 121.891916
73.128278 120.903010
73.128278 120.408557
73.128278 119.914104
73.622731 119.419651
73.622731 118.430745
73.622731 117.936292
73.622731 117.441839
74.117184 116.947386
74.611637 116.452933
74.611637 115.958480
75.106090 115.464027
75.600543 114.969574
75.600543 114.475121
76.094996 113.486215
76.094996 112.991762
76.589449 112.497309
77.083902 112.002856
77.083902 111.508403
77.578355 111.013950
78.072808 110.519497
78.072808 110.025044
78.567261 109.530591
78.567261 109.036138
79.061714 108.541685
79.556167 108.047232
79.556167 107.552779
80.050620 106.563873
80.545073 106.069420
80.545073 105.574967
81.039526 105.080514
81.039526 104.586061
81.533979 104.091608
82.028432 103.597154
82.522885 103.102701
82.522885 102.608248
83.017338 102.113795
83.511791 101.619342
84.006244 101.124889
84.500697 100.630436
84.995150 100.135983
85.489603 99.641530
85.984056 99.147077
85.984056 98.652624
86.478509 98.158171
86.972962 97.663718
87.467415 97.169265
87.961868 96.674812
88.456321 96.180359
88.950774 96.180359
89.445227 95.685906
89.939680 95.191453
90.434133 94.697000
91.423039 94.202547
91.917492 93.708094
92.411945 93.213641
92.906398 92.224735
93.400851 91.730282
93.895304 91.235829
94.389757 90.741376
94.884210 90.741376
95.378664 90.741376
95.873117 90.741376
96.367570 90.741376
96.862023 90.246923
97.356476 90.246923
97.850929 90.246923
98.345382 90.246923
98.839835 89.752470
99.334288 89.752470
99.828741 89.752470
100.323194 89.752470
100.817647 89.752470
101.312100 89.258017
101.806553 89.258017
102.301006 89.258017
102.795459 89.258017
103.289912 88.763564
103.784365 88.763564
104.278818 88.763564
104.773271 88.763564
105.267724 88.763564
106.256630 88.763564
106.751083 88.763564
107.245536 88.763564
107.739989 88.763564
108.234442 88.763564
108.728895 88.763564
109.223348 88.763564
110.212254 88.763564
110.706707 88.763564
111.201160 88.763564
111.695613 88.763564
112.190066 88.763564
112.684519 88.763564
113.178972 88.763564
114.167878 88.763564
114.662331 88.763564
115.156784 88.763564
115.651237 88.763564
116.145690 88.269111
116.640143 88.269111
117.134596 88.269111
117.629049 88.269111
118.123502 88.269111
118.617955 88.269111
119.112408 88.269111
119.606861 87.774658
120.595768 87.774658
121.090221 87.774658
121.584674 87.774658
122.079127 87.774658
122.573580 87.774658
123.068033 87.774658
123.562486 87.774658
124.056939 87.280205
124.551392 87.280205
125.045845 87.280205
125.540298 87.280205
126.034751 87.280205
126.529204 87.280205
127.023657 87.280205
127.518110 87.280205
128.012563 87.280205
128.507016 87.280205
129.001469 87.280205
129.495922 87.280205
129.990375 87.280205
130.484828 87.280205
130.979281 87.774658
131.473734 87.774658
131.968187 87.774658
132.957093 87.774658
133.451546 87.774658
133.945999 87.774658
134.440452 87.774658
134.934905 87.774658
135.429358 88.269111
135.923811 88.269111
136.418264 88.269111
136.912717 88.269111
136.912717 88.763564
136.912717 89.258017
137.407170 89.752470
137.407170 90.246923
137.407170 90.741376
137.407170 91.235829
137.901623 91.730282
137.901623 92.224735
137.901623 92.719188
137.901623 93.213641
