133.353447 121.407450
133.353447 121.718712
133.353447 122.027092
133.353447 122.335472
133.353447 122.646735
133.353447 122.957997
133.353447 123.266377
133.353447 123.574758
133.353447 123.886020
133.353447 124.194400
133.353447 124.502781
133.353447 124.814043
133.353447 125.122423
133.353447 125.430804
133.353447 125.739184
133.353447 126.047564
133.353447 126.358827
133.353447 126.667207
133.353447 126.975587
133.353447 127.286850
133.353447 127.595230
133.197816 127.903610
132.889436 128.036185
132.756861 128.344565
132.448481 128.652945
132.140100 128.961326
131.831720 129.269706
131.624212 129.578086
131.503165 129.886467
131.194785 130.194847
130.886405 130.503227
130.759594 130.811607
130.557850 131.119988
130.249470 131.428368
130.183183 131.736748
129.920915 132.045129
129.894977 132.353509
129.606771 132.661889
129.572186 132.970270
129.318565 133.278650
129.243631 133.587030
129.030359 133.895410
128.915077 134.203791
128.742153 134.512171
128.586522 134.820551
128.453947 135.128932
128.453947 135.437312
128.237793 135.745692
128.165741 136.054072
128.165741 136.362453
127.889064 136.670833
127.877535 136.979213
127.877535 137.287594
127.828540 137.595974
127.589330 137.904354
127.589330 138.212735
127.589330 138.521115
127.589330 138.829495
127.589330 139.137875
127.419288 139.446256
127.301124 139.754636
127.301124 140.063016
127.301124 140.371397
127.301124 140.679777
127.301124 140.988157
127.301124 141.296537
127.301124 141.604918
127.301124 141.913298
127.301124 142.221678
127.301124 142.530059
127.301124 142.838439
127.301124 143.146819
127.301124 143.455200
127.301124 143.763580
127.301124 144.071960
127.301124 144.380340
127.589330 144.688721
127.589330 144.997101
127.589330 145.305481
127.589330 145.613862
127.589330 145.922242
127.877535 146.230622
127.877535 146.539002
127.877535 146.847383
127.975525 147.155763
128.165741 147.464143
128.165741 147.772524
128.324255 148.080904
128.453947 148.389284
128.453947 148.697665
128.453947 149.006045
128.742153 149.314425
128.742153 149.622805
129.030359 149.931186
129.318565 150.239566
129.350268 150.547946
129.606771 150.856327
129.678822 151.164707
129.894977 151.473087
130.007377 151.781467
130.183183 152.089848
130.335932 152.398228
130.471388 152.706608
130.759594 153.014989
130.972867 153.323369
131.281247 153.631749
131.336006 153.940130
131.624212 154.248510
131.912418 154.556890
131.938356 154.865270
132.200624 155.173651
132.200624 155.484913
132.200624 155.796175
132.200624 156.104556
132.200624 156.412936
132.200624 156.724198
132.200624 157.032579
132.200624 157.340959
132.200624 157.652221
132.200624 157.960602
132.070931 158.268982
131.915300 158.580244
131.912418 158.891507
131.912418 159.202769
131.912418 159.511149
131.912418 159.819530
131.912418 160.130792
131.912418 160.442054
131.912418 160.750435
131.912418 161.058815
131.912418 161.370077
131.912418 161.678457
131.912418 161.986838
131.912418 162.298100
131.912418 162.606480
131.912418 162.914861
131.912418 163.223241
131.912418 163.531621
131.912418 163.842884
131.601155 164.061920
131.289893 164.061920
130.981513 164.061920
130.673133 164.148382
130.364752 164.350126
130.056372 164.350126
129.747992 164.350126
129.439611 164.350126
129.128349 164.350126
128.819969 164.350126
128.511588 164.580691
128.203208 164.638332
127.894828 164.638332
127.586448 164.638332
127.278067 164.649860
126.966805 164.805491
126.658425 164.926538
126.350044 164.926538
126.041664 164.926538
125.733284 164.926538
125.424903 165.073523
125.116523 165.214744
124.805261 165.119636
124.493998 164.964005
124.185618 164.926538
123.877238 164.926538
123.568858 164.926538
123.260477 164.926538
122.949215 164.926538
122.637953 164.926538
122.329572 164.926538
122.021192 164.926538
121.712812 164.926538
121.404431 164.926538
121.096051 164.926538
120.787671 164.926538
120.476408 164.926538
120.165146 164.926538
119.856766 164.926538
119.548385 164.926538
119.240005 164.926538
118.931625 164.915010
118.623245 164.638332
118.314864 164.638332
118.003602 164.638332
117.695222 164.638332
117.386841 164.638332
117.078461 164.638332
116.770081 164.638332
116.461700 164.638332
116.153320 164.638332
115.842058 164.638332
115.533678 164.638332
115.225297 164.638332
114.916917 164.638332
114.608537 164.638332
114.300156 164.606629
113.991776 164.350126
113.680514 164.350126
113.372133 164.255018
113.063753 163.946638
112.755373 163.773714
112.446993 163.618083
112.138612 163.485508
111.830232 163.289528
111.521852 162.981148
111.213471 162.909097
110.905091 162.652593
110.596711 162.344213
110.288330 162.324039
109.979950 162.044479
109.668688 162.044479
109.360308 161.972427
109.051927 161.664047
108.743547 161.468067
108.435167 161.335492
108.126786 161.179861
107.818406 161.006938
107.510026 160.698557
107.201645 160.603450
106.893265 160.370003
106.584885 160.061622
106.276505 159.753242
105.968124 159.444862
105.659744 159.136482
105.397477 158.828101
105.331189 158.519721
105.022809 158.211341
104.714429 157.902960
104.406048 157.594580
104.094786 157.358251
103.783524 157.202620
103.475143 156.951881
103.166763 156.643501
102.858383 156.335120
102.550003 156.026740
102.241622 155.718360
101.933242 155.409980
101.621980 155.098717
101.313599 154.790337
101.005219 154.481957
100.696839 154.173576
100.388458 153.865196
100.080078 153.556816
99.771698 153.323369
99.460435 153.167738
99.152055 152.916999
99.056947 152.608618
98.823500 152.300238
98.515120 151.991858
98.480535 151.683477
98.186565 151.375097
97.904124 151.066717
97.904124 150.758337
97.904124 150.449956
97.904124 150.141576
97.904124 149.833196
97.904124 149.524815
97.904124 149.216435
97.904124 148.908055
97.904124 148.599675
97.904124 148.291294
97.904124 147.982914
98.151981 147.674534
98.192330 147.366153
98.192330 147.057773
98.192330 146.749393
98.192330 146.441012
98.252853 146.132632
98.480535 145.824252
98.480535 145.515872
98.480535 145.207491
98.480535 144.899111
98.480535 144.590731
98.662105 144.282350
98.768741 143.973970
98.768741 143.665590
98.768741 143.357210
98.768741 143.048829
98.768741 142.740449
99.056947 142.432069
99.056947 142.123688
99.056947 141.815308
99.056947 141.506928
99.056947 141.198547
99.056947 140.890167
99.056947 140.581787
99.056947 140.273407
99.056947 139.965026
99.056947 139.656646
99.056947 139.348266
99.056947 139.039885
99.056947 138.731505
99.056947 138.423125
99.345153 138.114745
99.345153 137.806364
99.345153 137.497984
99.345153 137.189604
99.434497 136.881223
99.633359 136.572843
99.633359 136.264463
99.921565 135.956082
99.921565 135.647702
100.111781 135.339322
100.420161 135.030942
100.728541 134.953126
100.806357 134.644746
101.114737 134.336365
101.362594 134.027985
101.443292 133.719605
101.751672 133.411225
102.060053 133.102844
102.227212 132.794464
102.388607 132.486084
102.515418 132.177703
102.803624 131.869323
103.025542 131.560943
103.333923 131.252562
103.380035 130.944182
103.662477 130.635802
103.956447 130.327422
103.991032 130.019041
104.244653 129.710661
104.319587 129.402281
104.627967 129.093900
104.821065 128.785520
104.956522 128.477140
105.109271 128.168760
105.285076 127.860379
105.397477 127.551999
105.613631 127.243619
105.685683 126.935238
105.685683 126.626858
105.962360 126.318478
105.982535 126.010097
106.262094 125.701717
106.262094 125.393337
106.573357 125.142598
106.884619 124.986967
107.192999 124.865920
107.501380 124.779458
107.809760 124.577714
108.118140 124.450904
108.426520 124.142523
108.734901 124.001302
109.043281 123.813969
109.351661 123.713097
109.660042 123.485414
109.968422 123.424891
110.276802 123.156859
110.585183 122.848479
110.893563 122.848479
111.201943 122.808130
111.510323 122.560273
111.818704 122.560273
112.127084 122.459401
112.435464 122.272067
112.746727 122.272067
113.055107 122.107790
113.363487 121.983861
113.674750 121.983861
113.986012 121.983861
114.294392 121.983861
114.602773 121.712948
114.914035 121.695655
115.222415 121.695655
115.530795 121.672599
115.842058 121.516968
116.150438 121.407450
116.458818 121.407450
116.770081 121.341162
117.081343 121.185531
117.389723 121.119244
117.698104 121.119244
118.009366 121.119244
118.317746 121.119244
118.626127 120.859858
118.937389 120.831038
119.245769 120.831038
119.554150 120.796453
119.865412 120.542832
120.176674 120.542832
120.485055 120.542832
120.793435 120.482309
121.104697 120.326677
121.413078 120.254626
121.721458 120.254626
122.032720 120.150872
122.343983 119.995241
122.652363 119.966420
122.960743 119.966420
123.272005 119.966420
123.580386 119.940482
123.888766 119.678214
124.200028 119.678214
124.508409 119.678214
124.816789 119.568696
125.128051 119.390008
125.439314 119.390008
125.747694 119.390008
126.056074 119.292018
126.367337 119.136387
126.675717 119.101802
126.984097 119.101802
127.295360 118.960582
127.603740 118.813597
127.912120 118.813597
128.223383 118.813597
128.534645 118.813597
128.843025 118.712725
129.151405 118.525391
129.462668 118.525391
129.771048 118.525391
130.079428 118.340939
130.390691 118.237185
130.701953 118.237185
131.010333 118.237185
131.318714 118.237185
131.627094 118.240067
131.935474 118.525391
132.243855 118.525391
132.552235 118.588796
132.863497 118.813597
133.174760 118.813597
133.483140 118.943289
133.791520 119.101802
133.929859 119.410183
133.929859 119.718563
133.869336 120.026943
133.641653 120.335324
133.641653 120.646586
133.641653 120.957848
133.641653 121.266229
133.353447 121.407450
