146.060842 91.883839
145.472821 92.471860
144.884800 93.059881
144.296779 93.647902
143.708758 93.647902
143.120737 94.235923
142.532716 94.823944
141.944695 94.823944
141.944695 95.411965
141.356674 95.411965
141.356674 95.999986
140.768652 96.588007
140.180631 96.588007
139.592610 97.176028
139.004589 97.764049
138.416568 98.352070
137.828547 98.940091
137.240526 99.528112
136.652505 100.116133
136.652505 100.704154
136.064484 101.292175
135.476463 101.880196
134.888442 102.468218
134.300421 103.056239
133.712400 103.644260
133.712400 104.232281
133.124379 104.820302
132.536358 105.408323
132.536358 105.996344
131.948337 106.584365
131.360316 107.172386
131.360316 107.760407
130.772295 108.348428
130.772295 108.936449
130.184274 109.524470
130.184274 110.112491
129.596253 110.700512
129.596253 111.288533
129.008232 111.876554
129.008232 112.464575
128.420211 113.052596
128.420211 113.640617
127.832190 114.228638
127.832190 114.816659
127.832190 115.404680
127.244169 115.992701
127.244169 116.580722
127.244169 117.168743
126.656148 117.756764
126.656148 118.344785
126.656148 118.932806
126.656148 119.520827
126.068127 120.108849
126.068127 120.696870
126.068127 121.284891
126.068127 121.872912
126.068127 122.460933
125.480106 123.048954
125.480106 123.636975
125.480106 124.224996
125.480106 124.813017
125.480106 125.401038
125.480106 125.989059
125.480106 126.577080
125.480106 127.165101
125.480106 127.753122
124.892085 128.341143
124.892085 128.929164
124.892085 129.517185
124.892085 130.105206
124.892085 130.693227
124.892085 131.281248
124.892085 131.869269
124.892085 132.457290
124.892085 133.045311
124.892085 133.633332
124.892085 134.221353
124.892085 134.809374
124.892085 135.397395
124.892085 135.985416
124.892085 136.573437
125.480106 137.161458
125.480106 137.749480
125.480106 138.337501
125.480106 138.925522
125.480106 139.513543
125.480106 140.101564
125.480106 140.689585
125.480106 141.277606
125.480106 141.865627
125.480106 142.453648
126.068127 142.453648
126.068127 143.041669
126.068127 143.629690
126.068127 144.217711
126.068127 144.805732
126.068127 145.393753
126.656148 145.393753
126.656148 145.981774
126.656148 146.569795
126.656148 147.157816
127.244169 147.745837
126.656148 148.333858
126.656148 148.921879
126.656148 149.509900
126.068127 150.097921
126.068127 150.685942
126.068127 151.273963
125.480106 151.861984
125.480106 152.450005
124.892085 153.626047
124.892085 154.214068
124.892085 154.802089
124.304064 155.390111
124.304064 155.978132
124.304064 156.566153
123.716043 157.154174
123.716043 157.742195
123.716043 158.330216
122.540000 158.918237
121.951979 158.918237
121.363958 159.506258
120.775937 159.506258
119.599895 159.506258
119.011874 160.094279
118.423853 160.094279
117.247811 160.682300
116.659790 160.682300
116.071769 161.270321
115.483748 161.270321
114.307706 161.858342
113.719685 161.858342
113.131664 162.446363
112.543643 162.446363
111.367601 162.446363
110.779580 163.034384
110.191559 163.034384
109.015517 163.622405
108.427496 163.622405
107.839475 164.210426
107.251454 164.210426
106.075412 164.798447
105.487390 164.798447
104.899369 165.386468
104.311348 164.798447
103.135306 164.798447
102.547285 164.798447
101.959264 164.798447
101.371243 164.798447
100.783222 164.798447
99.607180 164.798447
99.019159 164.798447
98.431138 164.798447
97.843117 164.798447
97.255096 164.210426
96.667075 164.210426
95.491033 164.210426
94.903012 164.210426
94.314991 164.210426
93.726970 164.210426
93.138949 164.210426
92.550928 164.210426
91.374886 164.210426
90.786865 164.210426
90.198844 163.622405
89.610823 163.034384
89.022802 163.034384
88.434781 162.446363
87.846759 161.858342
87.258738 161.858342
86.670717 161.270321
86.082696 160.682300
85.494675 160.094279
84.906654 160.094279
84.318633 159.506258
83.730612 158.918237
83.142591 158.330216
82.554570 158.330216
81.966549 157.742195
81.378528 156.566153
80.790507 155.978132
80.202486 155.390111
79.614465 154.802089
79.026444 154.214068
79.026444 153.626047
78.438423 153.038026
77.850402 152.450005
77.262381 151.861984
76.674360 151.273963
76.086339 150.685942
76.086339 150.097921
75.498318 149.509900
74.910297 148.333858
74.910297 147.745837
74.322276 147.157816
74.322276 146.569795
73.734255 145.981774
73.734255 145.393753
73.146234 144.805732
73.146234 144.217711
72.558213 143.629690
71.970192 143.041669
71.970192 142.453648
71.382171 141.277606
71.382171 140.689585
71.382171 140.101564
71.382171 139.513543
71.382171 138.925522
71.382171 138.337501
71.382171 137.749480
71.382171 137.161458
71.382171 136.573437
71.382171 135.985416
71.382171 135.397395
71.382171 134.809374
71.382171 134.221353
71.382171 133.633332
71.382171 133.045311
71.382171 132.457290
71.382171 131.869269
71.382171 131.281248
71.382171 130.693227
71.382171 130.105206
70.794150 129.517185
70.794150 128.929164
70.794150 128.341143
70.794150 127.753122
70.794150 127.165101
70.794150 126.577080
70.794150 125.989059
70.794150 125.401038
70.794150 124.813017
70.794150 123.636975
70.794150 123.048954
70.794150 122.460933
70.794150 121.872912
70.794150 121.284891
70.794150 120.108849
70.794150 119.520827
70.794150 118.932806
70.794150 118.344785
70.794150 117.756764
70.794150 117.168743
70.794150 115.992701
70.794150 115.404680
70.794150 114.816659
70.794150 114.228638
71.382171 113.640617
71.970192 112.464575
71.970192 111.876554
72.558213 111.288533
72.558213 110.700512
73.146234 110.112491
73.146234 109.524470
73.734255 108.348428
73.734255 107.760407
74.322276 107.172386
74.322276 106.584365
74.910297 105.996344
74.910297 105.408323
75.498318 104.232281
75.498318 103.644260
76.086339 103.056239
76.086339 102.468218
76.674360 101.880196
76.674360 101.292175
77.262381 100.116133
77.850402 99.528112
77.850402 98.940091
78.438423 98.352070
78.438423 97.764049
79.026444 97.176028
79.614465 96.588007
80.202486 95.999986
80.790507 95.411965
81.378528 94.823944
81.966549 94.235923
82.554570 93.647902
83.142591 93.647902
83.730612 93.059881
84.318633 92.471860
85.494675 91.883839
86.082696 91.883839
86.670717 91.295818
87.258738 90.707797
87.846759 90.119776
88.434781 90.119776
89.022802 89.531755
89.610823 88.943734
90.786865 88.355713
91.374886 88.355713
91.962907 87.767692
92.550928 87.179671
93.138949 86.591650
93.726970 86.003629
94.314991 86.003629
94.903012 85.415608
95.491033 84.827587
95.491033 84.239565
96.667075 83.063523
97.255096 82.475502
97.843117 81.887481
98.431138 81.299460
99.019159 80.711439
99.607180 80.123418
100.195201 79.535397
101.371243 78.947376
101.959264 78.359355
102.547285 77.771334
103.135306 77.183313
103.723327 76.595292
104.311348 76.007271
104.899369 75.419250
105.487390 74.831229
106.663433 74.243208
107.251454 73.655187
107.839475 73.655187
108.427496 73.067166
109.015517 73.067166
109.603538 73.067166
110.191559 72.479145
110.779580 71.891124
111.367601 71.891124
111.955622 71.303103
112.543643 70.715082
113.131664 70.127061
113.719685 69.539040
114.307706 69.539040
115.483748 68.951019
116.071769 68.362998
116.659790 67.774977
117.247811 67.774977
117.835832 67.774977
118.423853 67.774977
119.011874 67.186956
119.599895 67.186956
120.187916 67.186956
120.775937 67.186956
121.363958 67.186956
121.951979 67.186956
123.128021 67.186956
123.716043 67.186956
124.304064 67.186956
124.892085 67.186956
125.480106 67.186956
126.068127 67.186956
126.656148 67.186956
127.244169 67.186956
128.420211 66.598934
129.008232 66.598934
129.596253 66.598934
130.184274 66.598934
130.772295 66.598934
131.360316 66.598934
131.948337 66.598934
132.536358 66.598934
133.124379 66.598934
134.300421 66.598934
134.888442 66.598934
135.476463 66.598934
136.064484 66.598934
136.652505 66.598934
137.240526 66.598934
137.828547 66.598934
138.416568 66.598934
139.004589 66.598934
139.592610 66.598934
140.768652 66.598934
141.356674 66.598934
141.944695 66.598934
142.532716 66.598934
143.120737 66.598934
143.708758 66.598934
144.296779 66.598934
144.884800 67.186956
145.472821 67.186956
146.060842 67.186956
146.648863 67.186956
147.824905 67.774977
148.412926 67.774977
149.000947 67.774977
149.588968 67.774977
150.176989 68.362998
150.765010 68.362998
151.353031 68.362998
151.941052 68.362998
152.529073 68.951019
153.117094 69.539040
153.117094 70.127061
153.705115 70.715082
153.705115 71.303103
154.293136 71.891124
154.293136 72.479145
154.293136 73.067166
154.881157 73.655187
154.881157 74.243208
154.881157 74.831229
155.469178 75.419250
155.469178 76.007271
155.469178 76.595292
155.469178 77.183313
155.469178 77.771334
155.469178 78.359355
155.469178 78.947376
155.469178 79.535397
155.469178 80.123418
155.469178 80.711439
154.881157 81.299460
154.293136 82.475502
153.705115 83.063523
153.117094 83.651544
153.117094 84.239565
152.529073 84.827587
151.941052 85.415608
151.353031 86.003629
150.765010 87.179671
150.176989 87.767692
150.176989 88.355713
149.588968 88.943734
149.000947 89.531755
148.412926 90.119776
147.824905 90.707797
147.236884 91.295818
146.648863 91.883839
146.060842 92.471860
146.060842 91.883839
