138.521142 95.890872
138.521142 96.970678
137.981239 97.510582
137.981239 98.050485
137.981239 99.130292
137.981239 99.670195
137.441335 100.750002
137.441335 101.289905
137.441335 101.829808
136.901432 102.909615
136.901432 103.449518
136.901432 104.529325
136.901432 105.069228
136.361529 105.609132
135.821625 106.149035
135.281722 106.149035
135.281722 106.688938
134.741819 107.228842
134.201915 107.768745
133.662012 108.308648
133.122109 108.848552
132.582205 109.388455
132.042302 109.928358
132.042302 110.468262
131.502399 111.008165
130.962495 111.548069
130.422592 112.087972
130.422592 112.627875
129.882689 113.167779
129.342785 113.707682
129.342785 114.247585
128.802882 114.787489
128.262979 115.327392
128.262979 115.867295
127.723075 116.407199
127.723075 116.947102
127.183172 117.487005
127.183172 118.026909
126.643269 118.566812
126.643269 119.106715
126.103365 119.646619
126.103365 120.186522
125.563462 120.726425
125.563462 121.266329
125.023558 121.806232
125.023558 122.346135
125.023558 122.886039
124.483655 123.425942
124.483655 123.965845
124.483655 124.505749
123.943752 125.045652
123.943752 125.585555
123.943752 126.125459
123.943752 126.665362
123.403848 127.205265
123.403848 127.745169
123.403848 128.285072
123.403848 128.824975
122.863945 129.364879
122.863945 129.904782
122.863945 130.444685
122.863945 130.984589
122.863945 131.524492
122.863945 132.064395
122.324042 132.604299
122.324042 133.144202
122.324042 133.684105
122.324042 134.224009
122.324042 134.763912
122.324042 135.303816
122.324042 135.843719
122.324042 136.383622
122.324042 136.923526
122.324042 137.463429
122.324042 138.003332
122.324042 138.543236
122.324042 139.083139
122.324042 139.623042
122.324042 140.162946
122.324042 140.702849
122.324042 141.242752
122.324042 141.782656
122.324042 142.322559
122.324042 142.862462
122.863945 142.862462
122.863945 143.402366
122.863945 143.942269
122.863945 144.482172
122.863945 145.022076
122.863945 145.561979
123.403848 146.101882
123.403848 146.641786
123.403848 147.181689
123.403848 147.721592
123.943752 148.261496
123.943752 148.801399
123.943752 149.341302
123.943752 149.881206
123.943752 150.421109
124.483655 150.421109
124.483655 150.961012
124.483655 151.500916
125.023558 152.040819
125.023558 152.580722
125.023558 153.120626
125.023558 153.660529
125.563462 153.660529
125.563462 154.200432
126.103365 154.740336
126.103365 155.280239
126.643269 155.820142
126.643269 156.360046
126.643269 156.899949
126.643269 157.439853
126.643269 157.979756
126.643269 159.059563
126.643269 159.599466
126.103365 160.139369
126.103365 161.219176
126.103365 161.759079
125.563462 162.838886
125.563462 163.378789
125.563462 163.918693
125.563462 164.998499
125.023558 165.538403
125.023558 166.618209
125.023558 167.158113
125.023558 167.698016
124.483655 168.777823
124.483655 169.317726
124.483655 170.397533
124.483655 170.937436
123.943752 171.477339
123.403848 172.017243
122.863945 172.557146
122.324042 173.097049
121.784138 173.636953
121.244235 173.636953
120.704332 173.636953
120.164428 173.636953
119.624525 173.636953
119.084622 173.636953
118.004815 173.636953
117.464912 173.636953
116.925008 173.636953
116.385105 173.636953
115.845202 173.636953
115.305298 173.636953
114.765395 173.636953
114.225492 173.636953
113.145685 173.636953
112.605782 173.636953
112.065878 173.636953
111.525975 173.636953
110.986072 173.636953
110.446168 174.176856
109.906265 174.176856
109.366362 174.176856
108.826458 174.176856
108.286555 174.176856
107.746652 174.176856
107.206748 174.716759
106.126942 174.176856
105.587038 174.176856
105.047135 174.176856
104.507232 174.176856
103.967328 174.176856
103.427425 173.636953
102.347618 173.636953
101.807715 173.636953
101.267811 173.636953
100.727908 173.636953
100.188005 173.636953
99.648101 173.097049
98.568295 173.097049
98.028391 173.097049
97.488488 173.097049
96.948585 173.097049
96.408681 172.557146
95.868778 172.557146
94.788971 172.557146
94.249068 172.557146
93.709165 172.557146
93.169261 172.557146
92.629358 172.017243
91.549551 172.017243
91.009648 172.017243
90.469745 172.017243
89.929841 172.017243
89.389938 171.477339
88.850035 171.477339
87.770228 171.477339
87.230325 171.477339
86.690421 171.477339
86.150518 171.477339
85.610615 170.937436
85.070711 170.937436
83.990905 170.397533
83.451001 170.397533
82.911098 169.857629
82.371195 169.857629
81.291388 169.857629
80.751485 169.317726
80.211581 169.317726
79.671678 168.777823
78.591871 168.777823
78.051968 168.237919
77.512064 168.237919
76.432258 167.698016
75.892354 167.698016
75.352451 167.158113
74.812548 167.158113
73.732741 167.158113
73.192838 166.618209
72.652934 166.618209
72.113031 166.078306
71.033224 166.078306
70.493321 165.538403
69.953418 165.538403
68.873611 164.998499
68.333708 164.998499
68.333708 163.918693
67.793804 163.378789
67.253901 162.838886
66.713998 162.298983
66.174094 161.759079
66.174094 161.219176
65.634191 160.679273
65.094288 160.139369
64.554384 159.599466
64.554384 159.059563
64.014481 158.519659
63.474578 157.979756
62.934674 157.439853
62.934674 156.899949
62.934674 156.360046
62.934674 155.820142
62.934674 154.740336
62.934674 154.200432
62.934674 153.660529
62.934674 153.120626
62.394771 152.580722
62.394771 152.040819
62.394771 151.500916
62.394771 150.961012
62.394771 149.881206
62.394771 149.341302
62.394771 148.801399
62.394771 148.261496
62.394771 147.721592
62.394771 147.181689
62.394771 146.101882
62.394771 145.561979
62.394771 145.022076
62.394771 144.482172
62.394771 143.942269
62.394771 142.862462
62.394771 142.322559
62.394771 141.782656
62.394771 141.242752
62.394771 140.702849
62.394771 139.623042
62.934674 139.083139
62.934674 138.543236
63.474578 138.003332
63.474578 137.463429
64.014481 136.923526
64.014481 135.843719
64.014481 135.303816
64.554384 134.763912
64.554384 134.224009
65.094288 133.684105
65.094288 132.604299
65.094288 132.064395
65.634191 131.524492
65.634191 130.984589
66.174094 130.444685
66.174094 129.364879
66.174094 128.824975
66.713998 128.285072
66.713998 127.745169
67.253901 127.205265
67.253901 126.665362
67.793804 125.585555
67.793804 125.045652
68.333708 124.505749
68.333708 123.965845
68.873611 123.425942
69.413514 122.886039
69.953418 122.346135
69.953418 121.806232
70.493321 121.266329
71.033224 120.726425
71.033224 120.186522
71.573128 119.646619
72.113031 119.106715
72.113031 118.566812
72.652934 118.026909
73.192838 117.487005
73.192838 116.947102
73.732741 116.407199
74.272644 115.867295
74.272644 115.327392
74.812548 114.787489
75.352451 114.247585
75.352451 113.707682
75.892354 113.167779
76.432258 112.627875
76.432258 112.087972
76.972161 111.008165
76.972161 110.468262
77.512064 109.928358
78.051968 109.388455
78.051968 108.848552
78.591871 108.308648
78.591871 107.228842
79.131774 106.688938
79.131774 106.149035
79.671678 105.609132
80.211581 105.069228
80.211581 104.529325
80.751485 103.449518
80.751485 102.909615
81.291388 102.369712
81.291388 101.829808
81.831291 101.289905
81.831291 100.210098
82.371195 99.670195
82.911098 99.130292
83.451001 98.590388
83.451001 98.050485
83.990905 97.510582
84.530808 96.970678
85.070711 95.890872
85.610615 95.350968
86.150518 94.811065
86.690421 94.271162
87.230325 93.731258
87.770228 93.191355
88.310131 92.651452
88.850035 91.571645
89.389938 91.031742
89.929841 90.491838
90.469745 90.491838
91.009648 89.951935
91.549551 89.951935
92.089455 89.951935
92.629358 89.412032
93.169261 89.412032
93.709165 89.412032
94.249068 89.412032
94.788971 88.872128
95.328875 88.872128
95.868778 88.872128
96.948585 88.872128
97.488488 88.872128
98.028391 88.332225
98.568295 88.332225
99.108198 88.332225
99.648101 88.332225
100.188005 88.332225
100.727908 87.792321
101.267811 87.792321
102.347618 87.792321
102.887522 87.792321
103.427425 87.792321
103.967328 87.792321
104.507232 87.792321
105.047135 87.792321
105.587038 87.792321
106.126942 87.792321
107.206748 87.792321
107.746652 87.792321
108.286555 87.792321
108.826458 87.792321
109.366362 87.792321
109.906265 87.792321
110.446168 87.792321
111.525975 87.792321
112.065878 87.792321
112.605782 87.792321
113.145685 87.792321
113.685588 87.792321
114.225492 87.792321
114.765395 87.792321
115.305298 87.792321
115.845202 87.792321
116.385105 87.792321
116.925008 87.792321
117.464912 87.792321
118.004815 87.792321
118.544718 88.332225
119.084622 88.332225
119.624525 88.332225
120.164428 88.332225
120.704332 88.872128
121.244235 88.872128
122.324042 88.872128
122.863945 88.872128
123.403848 89.412032
123.943752 89.412032
124.483655 89.412032
125.023558 89.412032
125.563462 89.412032
126.103365 89.951935
126.643269 89.951935
127.183172 89.951935
127.723075 89.951935
128.262979 90.491838
128.802882 90.491838
129.342785 90.491838
129.882689 90.491838
130.422592 91.031742
130.962495 91.031742
131.502399 91.031742
132.582205 91.031742
133.122109 91.031742
133.662012 91.571645
134.201915 91.571645
134.741819 92.111548
135.281722 92.111548
135.821625 92.651452
136.361529 93.191355
136.901432 93.191355
137.441335 93.731258
137.441335 94.271162
137.981239 94.811065
137.981239 95.350968
138.521142 95.890872
