133.625212 90.059377
134.158559 90.592724
134.158559 91.126071
134.158559 91.659418
134.691906 92.192764
134.691906 92.726111
134.691906 93.259458
134.691906 94.326152
134.691906 94.859499
134.158559 95.392846
134.158559 96.459539
134.158559 96.992886
134.158559 98.059580
134.158559 98.592927
134.158559 99.126274
133.625212 100.192968
133.625212 100.726315
133.625212 101.259661
133.625212 102.326355
133.625212 102.859702
133.625212 103.393049
133.091865 104.459743
132.558518 104.993090
132.025171 105.526436
132.025171 106.059783
131.491824 106.593130
130.958477 107.126477
130.425131 107.659824
130.425131 108.193171
129.891784 108.726518
129.358437 109.259865
129.358437 109.793212
128.825090 110.326558
128.825090 110.859905
128.291743 111.393252
127.758396 111.926599
127.758396 112.459946
127.225049 112.993293
127.225049 113.526640
126.691702 114.059987
126.691702 114.593333
126.691702 115.126680
126.158356 115.660027
126.158356 116.193374
125.625009 116.726721
125.625009 117.260068
125.625009 117.793415
125.091662 118.326762
125.091662 118.860109
125.091662 119.393455
124.558315 119.926802
124.558315 120.460149
124.558315 120.993496
124.558315 121.526843
124.024968 122.060190
124.024968 122.593537
124.024968 123.126884
124.024968 123.660231
123.491621 124.193577
123.491621 124.726924
123.491621 125.260271
123.491621 125.793618
123.491621 126.326965
123.491621 126.860312
123.491621 127.393659
122.958274 127.927006
122.958274 128.460352
122.958274 128.993699
122.958274 129.527046
122.958274 130.060393
122.958274 130.593740
122.958274 131.127087
122.958274 131.660434
122.958274 132.193781
122.958274 132.727128
122.958274 133.260474
122.958274 133.793821
122.958274 134.327168
122.958274 134.860515
122.958274 135.393862
122.958274 135.927209
122.958274 136.460556
122.958274 136.993903
123.491621 136.993903
123.491621 137.527249
123.491621 138.060596
123.491621 138.593943
123.491621 139.127290
123.491621 139.660637
123.491621 140.193984
124.024968 140.727331
124.024968 141.260678
124.024968 141.794025
124.024968 142.327371
124.024968 142.860718
124.558315 142.860718
124.558315 143.394065
124.558315 143.927412
124.558315 144.460759
125.091662 144.994106
125.091662 145.527453
125.091662 146.060800
125.625009 146.594147
125.625009 147.127493
125.625009 147.660840
125.625009 148.194187
126.158356 148.194187
126.158356 148.727534
126.158356 149.260881
126.691702 149.260881
126.691702 149.794228
126.691702 150.327575
127.225049 150.860922
127.225049 151.927615
127.225049 152.460962
126.691702 152.994309
126.691702 154.061003
126.691702 154.594350
126.691702 155.127697
126.691702 156.194390
126.158356 156.727737
126.158356 157.261084
126.158356 158.327778
126.158356 158.861125
126.158356 159.394472
126.158356 160.461165
125.625009 160.994512
125.625009 161.527859
125.091662 162.061206
124.558315 162.594553
124.024968 162.594553
123.491621 163.127900
122.958274 163.661247
122.424927 163.661247
121.891580 164.194594
121.358234 164.727941
120.824887 164.727941
119.758193 165.261287
119.224846 165.794634
118.691499 165.794634
118.158152 166.327981
117.624805 166.327981
117.091459 166.327981
116.024765 166.327981
115.491418 166.327981
114.958071 166.327981
114.424724 166.327981
113.358030 166.327981
112.824683 166.327981
112.291337 166.861328
111.757990 166.861328
110.691296 166.861328
110.157949 166.861328
109.624602 166.861328
109.091255 166.861328
108.024561 166.861328
107.491215 166.861328
106.957868 166.861328
106.424521 166.861328
105.357827 166.861328
104.824480 166.861328
104.291133 167.394675
103.757786 167.394675
103.224440 167.394675
102.157746 167.394675
101.624399 167.394675
101.091052 166.861328
100.557705 166.861328
100.024358 166.861328
98.957664 166.861328
98.424318 166.327981
97.890971 166.327981
97.357624 166.327981
96.824277 166.327981
95.757583 165.794634
95.224236 165.794634
94.690889 165.794634
94.157543 165.794634
93.624196 165.261287
92.557502 165.261287
92.024155 165.261287
91.490808 165.261287
90.957461 164.727941
90.424114 164.727941
89.890767 164.727941
89.357421 164.727941
88.290727 164.194594
87.757380 163.661247
87.224033 163.661247
86.690686 163.127900
86.157339 163.127900
85.623992 162.594553
85.090646 162.594553
84.557299 162.061206
84.023952 162.061206
83.490605 161.527859
82.957258 161.527859
82.423911 160.994512
81.890564 160.994512
81.357217 160.461165
80.823870 160.461165
80.290524 160.461165
79.757177 159.927819
79.223830 159.927819
78.690483 159.394472
78.157136 159.394472
77.623789 158.861125
77.090442 158.861125
76.557095 158.327778
76.023748 158.327778
75.490402 158.327778
74.957055 157.794431
74.423708 157.794431
73.890361 157.261084
73.357014 157.261084
72.823667 156.727737
72.290320 156.194390
71.756973 155.661044
71.223627 155.661044
70.156933 155.127697
69.623586 154.594350
69.090239 154.061003
68.556892 154.061003
68.023545 153.527656
67.490198 152.994309
66.956851 152.460962
66.423505 151.927615
65.890158 151.394268
65.356811 150.860922
65.356811 150.327575
65.356811 149.794228
65.356811 149.260881
65.356811 148.727534
64.823464 148.194187
64.823464 147.127493
64.823464 146.594147
64.823464 146.060800
64.823464 145.527453
64.823464 144.994106
64.823464 144.460759
64.290117 143.927412
64.290117 143.394065
64.290117 142.860718
64.290117 142.327371
64.290117 141.794025
64.290117 140.727331
63.756770 140.193984
63.756770 139.660637
63.756770 139.127290
63.756770 138.593943
63.756770 138.060596
63.756770 137.527249
63.756770 136.993903
63.756770 136.460556
63.756770 135.927209
63.756770 135.393862
64.290117 134.327168
64.290117 133.793821
64.290117 133.260474
64.290117 132.727128
64.290117 132.193781
64.290117 131.660434
64.290117 131.127087
64.290117 130.593740
64.290117 130.060393
64.290117 129.527046
64.290117 128.993699
64.290117 128.460352
64.290117 127.393659
64.290117 126.860312
64.823464 126.326965
64.823464 125.793618
65.356811 125.260271
65.356811 124.726924
65.890158 124.193577
65.890158 123.660231
65.890158 123.126884
66.423505 122.060190
66.423505 121.526843
66.956851 120.993496
66.956851 120.460149
66.956851 119.926802
67.490198 119.393455
67.490198 118.326762
68.023545 117.793415
68.023545 117.260068
68.556892 116.726721
68.556892 116.193374
68.556892 115.126680
69.090239 114.593333
69.090239 114.059987
69.623586 113.526640
69.623586 112.993293
69.623586 111.926599
70.156933 111.393252
70.690280 110.859905
71.223627 110.326558
71.223627 109.793212
71.756973 109.259865
72.290320 108.726518
72.823667 108.193171
73.357014 107.659824
73.890361 107.126477
73.890361 106.593130
74.423708 106.059783
74.957055 105.526436
75.490402 104.993090
76.023748 104.459743
76.557095 103.926396
76.557095 103.393049
77.090442 102.859702
77.623789 102.326355
78.157136 101.793008
78.690483 101.259661
79.223830 100.726315
79.223830 100.192968
79.757177 99.659621
80.290524 98.592927
80.823870 98.059580
80.823870 97.526233
80.823870 96.992886
81.357217 96.459539
81.357217 95.926193
81.890564 95.392846
82.423911 94.859499
82.957258 94.326152
84.023952 93.792805
84.557299 93.259458
85.090646 92.726111
85.623992 92.192764
86.157339 91.659418
86.690686 91.126071
87.224033 90.592724
87.757380 90.059377
88.290727 89.526030
88.824074 88.992683
89.357421 88.459336
89.357421 87.925989
89.890767 87.392642
90.424114 86.859296
90.957461 86.325949
90.957461 85.792602
91.490808 85.259255
92.024155 84.725908
92.557502 84.192561
92.557502 83.659214
93.090849 83.125867
93.624196 82.592520
94.157543 82.059174
94.690889 82.059174
95.224236 81.525827
95.757583 81.525827
96.290930 81.525827
96.824277 80.992480
97.357624 80.992480
97.890971 80.459133
98.424318 80.459133
99.491011 80.459133
100.024358 79.925786
100.557705 79.925786
101.091052 79.925786
101.624399 79.392439
102.157746 79.392439
102.691093 79.392439
103.224440 79.392439
103.757786 78.859092
104.291133 78.859092
104.824480 78.859092
105.357827 78.859092
105.891174 78.859092
106.424521 78.859092
107.491215 78.859092
108.024561 78.859092
108.557908 78.859092
109.091255 78.859092
109.624602 78.859092
110.157949 78.859092
110.691296 78.859092
111.757990 78.859092
112.291337 78.859092
112.824683 78.859092
113.358030 78.859092
113.891377 78.859092
114.424724 78.859092
114.958071 78.859092
116.024765 78.859092
116.558112 78.859092
117.091459 78.859092
117.624805 78.859092
118.158152 78.859092
118.691499 78.859092
119.224846 78.859092
119.758193 79.392439
120.291540 79.392439
120.824887 79.392439
121.358234 79.392439
121.891580 79.392439
122.424927 79.392439
122.958274 79.392439
124.024968 79.392439
124.558315 79.925786
125.091662 79.925786
125.625009 79.925786
126.158356 79.925786
126.691702 79.925786
127.225049 80.459133
127.758396 80.459133
128.291743 80.992480
128.825090 80.992480
129.358437 81.525827
129.358437 82.059174
129.358437 82.592520
129.891784 82.592520
129.891784 83.125867
129.891784 83.659214
130.425131 84.192561
130.425131 84.725908
130.425131 85.259255
130.958477 85.259255
130.958477 85.792602
131.491824 86.325949
131.491824 86.859296
131.491824 87.392642
132.025171 87.392642
132.025171 87.925989
132.025171 88.459336
132.558518 88.459336
132.558518 88.992683
133.091865 88.992683
133.091865 89.526030
133.625212 90.059377
