142.278601 84.855606
142.278601 85.367422
142.790417 85.879238
142.790417 86.391054
143.302233 86.391054
143.302233 86.902869
143.814049 87.414685
143.302233 88.438317
143.302233 88.950133
143.302233 89.973764
142.790417 90.485580
142.790417 91.509212
142.278601 92.021028
142.278601 93.044659
142.278601 93.556475
141.766786 94.580107
141.766786 95.091923
141.766786 96.115554
141.254970 96.627370
141.254970 97.651002
141.254970 98.162818
140.743154 98.674634
140.231338 99.186449
140.231338 99.698265
139.719522 100.210081
139.207706 100.721897
138.695891 101.233713
138.184075 101.745529
138.184075 102.257344
137.672259 102.769160
137.160443 103.280976
136.648627 103.792792
136.648627 104.304608
136.136811 104.816424
135.624996 105.328239
135.624996 105.840055
135.113180 106.351871
134.601364 106.863687
134.601364 107.375503
134.089548 107.887319
134.089548 108.399134
133.577732 108.910950
133.577732 109.422766
133.065916 109.934582
133.065916 110.446398
132.554101 110.958214
132.554101 111.470029
132.042285 111.981845
132.042285 112.493661
131.530469 113.005477
131.530469 113.517293
131.018653 114.029109
131.018653 114.540924
131.018653 115.052740
130.506837 115.564556
130.506837 116.076372
130.506837 116.588188
129.995021 117.100004
129.995021 117.611819
129.995021 118.123635
129.483206 118.635451
129.483206 119.147267
129.483206 119.659083
129.483206 120.170899
128.971390 120.682714
128.971390 121.194530
128.971390 121.706346
128.971390 122.218162
128.459574 122.729978
128.459574 123.241794
128.459574 123.753609
128.459574 124.265425
128.459574 124.777241
127.947758 125.289057
127.947758 125.800873
127.947758 126.312689
127.947758 126.824504
127.947758 127.336320
127.947758 127.848136
127.947758 128.359952
127.947758 128.871768
127.947758 129.383584
127.435942 129.895399
127.435942 130.407215
127.435942 130.919031
127.435942 131.430847
127.435942 131.942663
127.435942 132.454479
127.435942 132.966294
127.435942 133.478110
127.435942 133.989926
127.435942 134.501742
127.435942 135.013558
127.435942 135.525374
127.435942 136.037190
127.947758 136.549005
127.947758 137.060821
127.947758 137.572637
127.947758 138.084453
127.947758 138.596269
127.947758 139.108085
127.947758 139.619900
127.947758 140.131716
127.947758 140.643532
128.459574 141.155348
128.459574 141.667164
128.459574 142.178980
128.459574 142.690795
128.459574 143.202611
128.459574 143.714427
128.971390 143.714427
128.971390 144.226243
128.971390 144.738059
128.971390 145.249875
128.971390 145.761690
129.483206 145.761690
129.483206 146.273506
129.483206 147.297138
128.971390 147.808954
128.971390 148.832585
128.971390 149.344401
128.459574 150.368033
128.459574 150.879849
128.459574 151.903480
127.947758 152.415296
127.947758 152.927112
127.947758 153.950744
127.435942 154.462560
127.435942 155.486191
127.435942 155.998007
126.924126 157.021639
126.924126 157.533455
126.412311 158.557086
126.412311 159.068902
126.412311 160.092534
125.900495 160.604350
125.900495 161.627981
125.900495 162.139797
125.388679 162.651613
124.365047 162.651613
123.853231 162.651613
123.341416 162.651613
122.829600 162.651613
122.317784 162.651613
121.805968 163.163429
120.782336 163.163429
120.270520 163.163429
119.758705 163.163429
119.246889 163.163429
118.735073 163.163429
118.223257 163.675245
117.199625 163.675245
116.687810 163.675245
116.175994 163.675245
115.664178 163.675245
115.152362 163.675245
114.640546 164.187060
113.616915 164.187060
113.105099 164.187060
112.593283 164.187060
112.081467 164.187060
111.569651 164.698876
111.057835 164.698876
110.546020 164.187060
109.522388 164.187060
109.010572 164.187060
108.498756 164.187060
107.986940 164.187060
107.475125 163.675245
106.963309 163.675245
106.451493 163.675245
105.939677 163.163429
105.427861 163.163429
104.916045 163.163429
104.404230 162.651613
103.892414 162.651613
103.380598 162.651613
102.868782 162.139797
102.356966 162.139797
101.845150 162.139797
101.333335 161.627981
100.821519 161.627981
100.309703 161.627981
99.797887 161.116165
99.286071 161.116165
98.774255 161.116165
98.262440 161.116165
97.750624 161.116165
97.238808 160.604350
96.726992 160.604350
96.215176 160.604350
95.191545 160.092534
94.679729 160.092534
94.167913 159.580718
93.656097 159.580718
93.144281 159.068902
92.632465 159.068902
92.120650 158.557086
91.608834 158.045270
91.097018 158.045270
90.585202 157.533455
90.073386 157.533455
89.561570 157.021639
89.049755 157.021639
88.537939 156.509823
88.026123 155.998007
87.514307 155.486191
87.002491 154.974375
86.490675 154.462560
85.978860 153.950744
84.955228 153.438928
84.443412 152.927112
83.931596 152.415296
83.931596 151.903480
83.419780 151.391665
82.907965 150.879849
82.396149 150.368033
81.884333 149.344401
81.372517 148.832585
80.860701 148.320770
80.348885 147.808954
79.837070 147.297138
79.325254 146.785322
78.813438 146.273506
78.301622 145.761690
77.789806 145.249875
77.277990 144.738059
76.766175 144.226243
76.254359 143.714427
75.742543 143.202611
75.230727 142.690795
75.230727 142.178980
75.230727 141.667164
74.718911 140.643532
74.718911 140.131716
74.718911 139.619900
74.207095 139.108085
74.207095 138.596269
74.207095 138.084453
73.695280 137.572637
73.695280 137.060821
73.695280 136.549005
73.695280 136.037190
73.183464 135.525374
73.183464 135.013558
73.183464 134.501742
73.183464 133.989926
73.183464 133.478110
73.183464 132.454479
73.183464 131.942663
73.183464 131.430847
73.183464 130.919031
73.183464 130.407215
73.183464 129.895399
73.183464 129.383584
73.183464 128.871768
73.183464 127.848136
73.183464 127.336320
73.183464 126.824504
73.183464 126.312689
73.183464 125.800873
73.183464 125.289057
73.183464 124.777241
73.183464 124.265425
73.183464 123.753609
73.183464 123.241794
73.183464 122.729978
73.695280 122.218162
73.695280 121.706346
73.695280 120.682714
73.695280 120.170899
74.207095 119.659083
74.207095 119.147267
74.207095 118.635451
74.207095 118.123635
74.718911 117.611819
74.718911 116.588188
74.718911 116.076372
74.718911 115.564556
74.718911 115.052740
75.230727 114.540924
75.230727 114.029109
75.230727 113.517293
75.742543 113.005477
75.742543 112.493661
76.254359 111.981845
76.254359 111.470029
76.254359 110.958214
76.766175 110.446398
76.766175 109.934582
77.277990 109.422766
77.277990 108.910950
77.789806 108.399134
77.789806 107.887319
77.789806 107.375503
78.301622 106.863687
78.301622 106.351871
78.813438 105.328239
78.813438 104.816424
79.325254 104.304608
79.325254 103.792792
79.325254 103.280976
79.837070 102.769160
79.837070 102.257344
80.348885 101.745529
80.860701 101.233713
81.372517 100.721897
81.372517 100.210081
81.884333 99.698265
82.396149 99.186449
82.907965 98.674634
82.907965 98.162818
83.419780 97.651002
83.931596 96.627370
84.443412 96.115554
84.955228 95.603739
85.467044 95.091923
85.978860 94.580107
86.490675 94.068291
87.002491 93.556475
87.514307 93.044659
88.026123 92.021028
88.537939 91.509212
88.537939 90.997396
89.049755 90.485580
89.561570 89.973764
90.073386 89.461949
90.585202 88.950133
91.097018 88.438317
91.608834 87.926501
91.608834 87.414685
92.120650 86.902869
92.632465 86.391054
93.144281 85.367422
93.656097 84.855606
94.167913 84.855606
94.679729 84.343790
95.191545 83.831974
95.703360 83.320159
96.215176 82.808343
96.726992 82.808343
97.238808 82.296527
97.750624 81.784711
98.262440 81.272895
98.774255 81.272895
99.286071 80.761079
99.797887 80.249264
100.309703 80.249264
100.821519 80.249264
101.333335 80.249264
101.845150 80.249264
102.356966 79.737448
103.380598 79.737448
103.892414 79.737448
104.404230 79.737448
104.916045 79.737448
105.427861 79.737448
105.939677 79.737448
106.451493 79.737448
106.963309 79.737448
107.475125 79.737448
107.986940 79.737448
108.498756 79.737448
109.010572 79.737448
109.522388 79.737448
110.034204 79.737448
110.546020 79.737448
111.057835 79.737448
111.569651 79.737448
112.593283 79.737448
113.105099 79.737448
113.616915 79.737448
114.128730 79.737448
114.640546 79.737448
115.152362 79.737448
115.664178 79.737448
116.175994 79.737448
116.687810 79.737448
117.199625 79.737448
118.223257 79.737448
118.735073 79.737448
119.246889 79.737448
119.758705 79.737448
120.270520 79.737448
120.782336 79.737448
121.294152 79.737448
122.317784 79.737448
122.829600 79.737448
123.341416 79.737448
123.853231 79.737448
124.876863 79.737448
125.388679 79.737448
125.900495 79.737448
126.412311 79.737448
126.924126 79.737448
127.947758 79.737448
128.459574 79.737448
128.971390 79.737448
129.483206 79.737448
130.506837 79.737448
131.018653 79.737448
131.530469 79.737448
132.042285 79.737448
132.554101 80.249264
133.577732 80.249264
134.089548 80.249264
134.601364 80.249264
135.113180 80.761079
135.624996 80.761079
136.136811 80.761079
136.648627 81.272895
137.160443 81.272895
137.672259 81.272895
138.184075 81.272895
138.695891 81.784711
139.207706 81.784711
139.719522 81.784711
140.231338 81.784711
140.743154 82.296527
141.254970 82.296527
141.254970 82.808343
141.254970 83.320159
141.254970 83.831974
141.766786 83.831974
141.766786 84.343790
142.278601 84.855606
