137.357451 98.748380
131.828294 108.700864
130.169546 110.912527
123.534557 125.841253
122.428726 128.605832
121.322894 138.005400
121.322894 140.769978
121.875810 145.746220
121.875810 148.510799
122.981641 154.592873
122.981641 157.357451
122.981641 159.569114
122.981641 163.992441
113.029158 165.098272
110.264579 164.545356
101.970842 161.780778
99.206263 161.780778
96.994600 161.780778
91.465443 161.227862
88.700864 161.227862
86.489201 161.227862
74.877970 159.016199
70.454644 147.957883
71.007559 145.193305
75.430886 137.452484
77.089633 134.687905
78.748380 133.029158
82.618790 126.394168
84.277538 123.629590
84.830454 121.970842
86.489201 116.994600
87.595032 114.230022
92.571274 109.806695
94.782937 108.147948
96.441685 106.489201
98.653348 105.383369
104.735421 102.618790
107.500000 102.618790
114.687905 99.854212
117.452484 98.748380
119.664147 98.748380
121.875810 98.748380
124.087473 98.748380
130.169546 98.748380
132.934125 99.301296
137.357451 98.748380
