151.417771 83.763114
151.417771 84.322840
151.417771 84.882566
151.417771 85.442292
151.417771 86.002018
151.417771 86.561743
151.417771 87.681195
151.417771 88.240921
151.417771 88.800647
150.858045 88.800647
150.298319 89.360372
149.738593 89.360372
149.178867 89.360372
149.178867 89.920098
148.619142 89.920098
148.059416 90.479824
147.499690 90.479824
147.499690 91.039550
146.939964 91.039550
146.380238 91.039550
146.380238 91.599276
145.820512 92.159002
145.260787 92.718727
144.701061 92.718727
144.701061 93.278453
144.141335 93.278453
143.581609 93.838179
143.021883 94.397905
142.462157 94.957631
141.902432 94.957631
141.902432 95.517357
141.342706 96.077082
140.782980 96.636808
140.223254 97.196534
139.663528 97.756260
139.103802 98.315986
139.103802 98.875712
138.544077 99.435437
137.984351 99.995163
137.424625 100.554889
136.864899 101.114615
136.864899 101.674341
136.305173 102.234066
135.745448 102.793792
135.745448 103.353518
135.185722 103.913244
135.185722 104.472970
134.625996 105.032696
134.625996 105.592421
134.066270 106.152147
134.066270 106.711873
133.506544 107.271599
133.506544 107.831325
132.946818 108.391051
132.946818 108.950776
132.387093 109.510502
132.387093 110.070228
132.387093 110.629954
131.827367 111.189680
131.827367 111.749405
131.827367 112.309131
131.267641 112.868857
131.267641 113.428583
131.267641 113.988309
131.267641 114.548035
130.707915 115.107760
130.707915 115.667486
130.707915 116.227212
130.707915 116.786938
130.148189 117.346664
130.148189 117.906390
130.148189 118.466115
130.148189 119.025841
130.148189 119.585567
130.148189 120.145293
130.148189 120.705019
130.148189 121.264745
130.148189 121.824470
130.148189 122.384196
129.588463 122.943922
129.588463 123.503648
129.588463 124.063374
129.588463 124.623099
129.588463 125.182825
129.588463 125.742551
129.588463 126.302277
129.588463 126.862003
129.588463 127.421729
129.588463 127.981454
129.588463 128.541180
129.588463 129.100906
129.588463 129.660632
129.588463 130.220358
129.588463 130.780084
130.148189 131.339809
130.148189 131.899535
130.148189 132.459261
130.148189 133.018987
130.148189 133.578713
130.148189 134.138439
130.148189 134.698164
130.148189 135.257890
130.148189 135.817616
130.148189 136.377342
130.707915 136.937068
130.707915 137.496793
130.707915 138.056519
130.707915 138.616245
131.267641 139.175971
131.267641 139.735697
131.267641 140.295423
131.267641 140.855148
130.707915 141.414874
130.707915 141.974600
130.707915 142.534326
130.148189 143.094052
130.148189 143.653778
130.148189 144.213503
130.148189 144.773229
130.148189 145.332955
129.588463 145.892681
129.588463 146.452407
129.588463 147.012132
129.588463 147.571858
129.588463 148.131584
129.588463 148.691310
129.588463 149.251036
129.588463 149.810762
129.588463 150.370487
129.028738 150.930213
129.028738 151.489939
129.028738 152.049665
129.028738 152.609391
129.028738 153.169117
129.028738 153.728842
129.028738 154.288568
129.028738 154.848294
129.028738 155.408020
129.028738 155.967746
129.028738 156.527472
129.028738 157.646923
128.469012 158.206649
128.469012 158.766375
127.909286 159.885826
127.909286 160.445552
127.349560 161.005278
127.349560 162.124730
127.349560 162.684456
126.789834 163.244181
126.230109 163.803907
125.670383 164.363633
125.110657 164.363633
124.550931 164.923359
123.991205 165.483085
123.431479 165.483085
122.871754 165.483085
122.312028 165.483085
121.752302 165.483085
120.632850 166.042811
120.073124 166.042811
119.513399 166.042811
118.953673 166.042811
118.393947 166.042811
117.834221 166.042811
117.274495 166.042811
116.714769 166.042811
115.595318 166.042811
115.035592 166.042811
114.475866 166.042811
113.916140 166.042811
113.356415 166.042811
112.796689 166.042811
112.236963 166.042811
111.677237 166.042811
111.117511 166.042811
110.557785 166.042811
109.998060 166.042811
109.438334 166.042811
108.878608 165.483085
108.318882 165.483085
107.759156 165.483085
107.199430 164.923359
106.639705 164.923359
106.079979 164.923359
104.960527 164.363633
104.400801 164.363633
103.841075 163.803907
103.281350 163.803907
102.721624 163.803907
102.161898 163.244181
101.602172 163.244181
101.042446 163.244181
100.482721 162.684456
99.922995 162.684456
99.363269 162.684456
98.803543 162.124730
98.243817 162.124730
97.684091 162.124730
97.124366 161.565004
96.564640 161.565004
96.004914 161.005278
95.445188 161.005278
94.885462 160.445552
94.325736 159.885826
93.766011 159.885826
93.206285 159.326101
92.646559 158.766375
92.086833 158.206649
91.527107 157.646923
90.967382 157.646923
90.407656 157.087197
89.847930 157.087197
89.288204 156.527472
88.728478 156.527472
88.168752 155.967746
87.609027 155.408020
87.049301 154.848294
86.489575 154.848294
85.929849 154.288568
84.810397 153.728842
84.250672 153.728842
83.690946 153.169117
83.131220 152.609391
82.571494 152.049665
82.011768 152.049665
81.452042 151.489939
80.892317 150.930213
80.332591 150.930213
79.772865 150.370487
79.772865 149.810762
79.213139 149.251036
78.653413 148.691310
78.653413 148.131584
78.093688 147.571858
77.533962 147.012132
77.533962 146.452407
76.974236 145.892681
76.414510 145.332955
76.414510 144.213503
75.854784 143.653778
75.295058 143.094052
75.295058 142.534326
74.735333 141.974600
74.735333 141.414874
74.175607 140.855148
74.175607 140.295423
73.615881 139.735697
73.615881 139.175971
73.056155 138.616245
73.056155 138.056519
73.056155 137.496793
73.056155 136.937068
73.056155 135.817616
73.056155 135.257890
73.056155 134.698164
73.056155 134.138439
73.056155 133.578713
73.056155 132.459261
73.056155 131.899535
73.056155 131.339809
73.056155 130.780084
73.056155 129.660632
73.056155 129.100906
73.056155 128.541180
73.056155 127.981454
73.056155 126.862003
73.056155 126.302277
73.056155 125.742551
73.056155 125.182825
73.056155 124.623099
73.056155 124.063374
73.056155 123.503648
73.056155 122.943922
73.056155 122.384196
73.056155 121.824470
73.615881 121.264745
73.615881 120.705019
73.615881 120.145293
73.615881 119.585567
74.175607 119.025841
74.175607 117.906390
74.175607 117.346664
74.175607 116.786938
74.175607 116.227212
74.175607 115.667486
74.735333 115.107760
74.735333 114.548035
74.735333 113.988309
74.735333 113.428583
74.735333 112.868857
75.295058 112.309131
75.295058 111.749405
75.295058 111.189680
75.295058 110.629954
75.295058 110.070228
75.854784 108.950776
75.854784 108.391051
75.854784 107.831325
76.414510 107.271599
76.414510 106.711873
76.974236 106.152147
77.533962 105.592421
77.533962 105.032696
78.093688 104.472970
78.093688 103.913244
78.653413 103.353518
78.653413 102.793792
79.213139 102.234066
79.213139 101.674341
79.772865 101.114615
79.772865 100.554889
80.332591 99.995163
80.332591 99.435437
80.892317 98.875712
81.452042 98.315986
81.452042 97.756260
82.011768 97.196534
82.011768 96.636808
82.571494 95.517357
82.571494 94.957631
83.690946 94.397905
84.250672 93.838179
84.810397 93.278453
85.370123 92.718727
85.929849 92.159002
86.489575 91.599276
87.049301 91.039550
87.609027 90.479824
88.168752 89.920098
88.728478 89.360372
89.288204 88.240921
89.847930 87.681195
90.407656 87.121469
90.967382 86.561743
91.527107 86.002018
92.086833 85.442292
92.646559 84.882566
93.766011 84.322840
94.325736 83.203388
94.885462 82.643663
94.885462 82.083937
94.885462 81.524211
94.885462 80.964485
95.445188 80.404759
95.445188 79.845033
96.004914 79.285308
96.564640 79.285308
97.124366 78.725582
98.243817 78.165856
98.803543 78.165856
99.363269 77.606130
99.922995 77.046404
100.482721 77.046404
101.042446 76.486678
101.602172 75.926953
102.721624 75.367227
103.281350 75.367227
103.841075 74.807501
104.400801 74.247775
104.960527 74.247775
105.520253 73.688049
106.079979 73.128324
106.639705 73.128324
107.759156 72.568598
108.318882 72.008872
108.878608 72.008872
109.438334 71.449146
109.998060 71.449146
110.557785 71.449146
111.117511 70.889420
111.677237 70.889420
112.236963 70.889420
112.796689 70.889420
113.356415 70.889420
113.916140 70.889420
114.475866 70.889420
115.595318 70.329694
116.155044 70.329694
116.714769 70.329694
117.274495 70.329694
117.834221 70.329694
118.393947 70.329694
118.953673 70.329694
119.513399 69.769969
120.073124 69.769969
121.192576 69.769969
121.752302 69.769969
122.312028 69.769969
122.871754 69.769969
123.431479 69.769969
123.991205 69.769969
124.550931 69.769969
125.110657 69.769969
126.230109 69.769969
126.789834 69.769969
127.349560 69.769969
127.909286 69.769969
128.469012 69.769969
129.028738 69.769969
129.588463 69.769969
130.148189 69.769969
130.707915 69.769969
131.267641 69.769969
131.827367 69.769969
132.387093 69.769969
133.506544 70.329694
134.066270 70.329694
134.625996 70.329694
135.185722 70.329694
135.745448 70.889420
136.305173 70.889420
136.864899 70.889420
137.424625 70.889420
137.984351 70.889420
138.544077 71.449146
139.103802 71.449146
139.663528 71.449146
140.223254 71.449146
140.782980 72.008872
141.342706 72.008872
141.902432 72.008872
142.462157 72.008872
143.021883 72.568598
143.581609 72.568598
144.141335 73.128324
144.701061 73.128324
145.260787 73.688049
145.820512 74.247775
146.380238 74.807501
146.939964 75.367227
147.499690 75.926953
148.059416 76.486678
148.619142 77.046404
149.178867 77.606130
150.298319 78.165856
150.298319 78.725582
150.298319 79.285308
150.298319 79.845033
150.858045 80.404759
150.858045 80.964485
150.858045 81.524211
151.417771 82.083937
151.417771 82.643663
151.417771 83.203388
151.417771 83.763114
