154.289234 90.590514
153.611223 91.268525
152.933212 91.946536
152.933212 92.624547
152.255201 93.302558
151.577190 93.980569
151.577190 94.658580
150.899179 95.336591
150.221168 96.014602
149.543157 96.692613
148.865146 96.692613
148.187135 97.370624
147.509124 97.370624
146.831113 98.048635
146.153102 98.048635
145.475091 98.726646
144.797080 99.404657
144.119069 99.404657
143.441058 100.082668
142.763047 100.760679
142.085036 100.760679
141.407025 101.438690
141.407025 102.116701
140.729014 102.794712
140.051003 103.472723
139.372992 104.150734
138.694981 104.828744
138.016970 105.506755
137.338959 106.184766
136.660948 106.862777
135.982937 107.540788
135.304926 108.218799
134.626915 108.896810
133.948904 109.574821
133.948904 110.252832
133.270893 110.930843
132.592882 111.608854
132.592882 112.286865
131.914871 112.964876
131.914871 113.642887
131.236860 114.320898
131.236860 114.998909
130.558849 115.676920
130.558849 116.354931
129.880838 117.032942
129.202827 117.710953
129.202827 118.388964
129.202827 119.066975
128.524816 119.744986
128.524816 120.422997
128.524816 121.101008
127.846805 121.779019
127.846805 122.457030
127.846805 123.135041
127.168794 123.813052
127.168794 124.491063
127.168794 125.169074
127.168794 125.847085
127.168794 126.525096
126.490783 127.203107
126.490783 127.881118
126.490783 128.559129
126.490783 129.237140
126.490783 129.915151
126.490783 130.593162
126.490783 131.271173
126.490783 131.949184
126.490783 132.627195
126.490783 133.305206
126.490783 133.983217
126.490783 134.661228
126.490783 135.339238
126.490783 136.017249
126.490783 136.695260
125.812772 137.373271
125.812772 138.051282
125.812772 138.729293
125.812772 139.407304
125.134761 140.085315
125.134761 140.763326
125.134761 141.441337
125.134761 142.119348
125.134761 142.797359
125.134761 143.475370
125.134761 144.153381
124.456750 144.831392
124.456750 145.509403
124.456750 146.187414
124.456750 146.865425
123.778739 147.543436
123.778739 148.221447
123.778739 148.899458
123.778739 149.577469
123.778739 150.255480
123.778739 150.933491
123.778739 151.611502
123.778739 152.289513
123.778739 152.967524
123.778739 153.645535
123.778739 154.323546
123.778739 155.001557
123.778739 155.679568
123.778739 156.357579
123.778739 157.035590
123.778739 157.713601
123.778739 158.391612
123.100729 159.069623
123.100729 159.747634
122.422718 160.425645
122.422718 161.103656
121.744707 161.781667
121.744707 162.459678
121.744707 163.137689
121.744707 163.815700
121.744707 164.493711
121.744707 165.171722
121.066696 165.171722
121.066696 165.849733
121.066696 166.527743
120.388685 166.527743
120.388685 167.205754
119.710674 167.883765
119.710674 168.561776
119.032663 168.561776
118.354652 169.239787
117.676641 169.917798
117.676641 170.595809
116.998630 170.595809
116.320619 171.273820
115.642608 171.951831
114.964597 171.951831
114.286586 172.629842
113.608575 172.629842
112.930564 173.307853
112.252553 173.307853
111.574542 173.307853
110.896531 173.307853
110.218520 173.307853
109.540509 173.985864
108.862498 174.663875
108.184487 175.341886
107.506476 176.019897
106.828465 176.019897
106.150454 176.019897
105.472443 176.019897
104.794432 175.341886
104.116421 175.341886
103.438410 175.341886
102.760399 175.341886
102.082388 175.341886
101.404377 175.341886
100.726366 175.341886
100.048355 175.341886
99.370344 175.341886
98.692333 175.341886
98.014322 175.341886
97.336311 175.341886
96.658300 175.341886
95.980289 175.341886
95.302278 175.341886
94.624267 175.341886
93.946256 175.341886
93.268245 175.341886
92.590235 175.341886
91.912224 175.341886
91.234213 175.341886
90.556202 175.341886
89.878191 175.341886
89.200180 175.341886
88.522169 175.341886
87.844158 175.341886
87.166147 175.341886
86.488136 175.341886
85.810125 174.663875
85.132114 173.985864
84.454103 173.985864
83.776092 173.307853
83.098081 173.307853
82.420070 172.629842
81.742059 171.951831
81.064048 171.273820
80.386037 171.273820
79.708026 170.595809
79.030015 169.917798
78.352004 169.239787
77.673993 168.561776
76.995982 168.561776
76.317971 168.561776
75.639960 167.883765
74.961949 167.205754
74.283938 166.527743
73.605927 166.527743
72.927916 165.849733
72.249905 165.171722
71.571894 164.493711
71.571894 163.815700
70.893883 163.137689
70.215872 162.459678
70.215872 161.781667
69.537861 161.103656
69.537861 160.425645
68.859850 159.747634
68.181839 159.069623
68.181839 158.391612
67.503828 157.713601
67.503828 157.035590
67.503828 156.357579
66.825817 155.679568
66.147806 155.001557
66.147806 154.323546
65.469795 153.645535
65.469795 152.967524
64.791784 152.289513
64.113773 151.611502
64.113773 150.933491
63.435762 150.255480
62.757751 149.577469
62.757751 148.899458
62.079740 148.221447
62.079740 147.543436
62.079740 146.865425
62.079740 146.187414
61.401730 145.509403
61.401730 144.831392
61.401730 144.153381
61.401730 143.475370
61.401730 142.797359
61.401730 142.119348
61.401730 141.441337
61.401730 140.763326
61.401730 140.085315
61.401730 139.407304
61.401730 138.729293
60.723719 138.051282
60.723719 137.373271
60.723719 136.695260
60.723719 136.017249
60.723719 135.339238
60.723719 134.661228
60.723719 133.983217
60.723719 133.305206
60.723719 132.627195
60.045708 131.949184
60.045708 131.271173
60.045708 130.593162
60.045708 129.915151
60.045708 129.237140
60.045708 128.559129
60.045708 127.881118
60.723719 127.203107
60.723719 126.525096
60.723719 125.847085
61.401730 125.169074
61.401730 124.491063
62.079740 123.813052
62.079740 123.135041
62.757751 122.457030
62.757751 121.779019
63.435762 121.101008
64.113773 120.422997
64.113773 119.744986
64.113773 119.066975
64.791784 118.388964
64.791784 117.710953
65.469795 117.032942
65.469795 116.354931
66.147806 115.676920
66.147806 114.998909
66.147806 114.320898
66.825817 113.642887
66.825817 112.964876
67.503828 112.286865
67.503828 111.608854
68.181839 110.930843
68.181839 110.252832
68.181839 108.896810
68.859850 108.218799
68.859850 107.540788
68.859850 106.862777
68.859850 106.184766
69.537861 105.506755
69.537861 104.828744
70.215872 104.150734
70.893883 103.472723
71.571894 102.794712
71.571894 102.116701
71.571894 101.438690
72.249905 100.760679
72.927916 100.082668
73.605927 99.404657
74.283938 98.726646
74.961949 98.048635
75.639960 97.370624
75.639960 96.692613
76.317971 96.014602
76.317971 95.336591
76.995982 94.658580
77.673993 93.980569
78.352004 93.302558
79.030015 92.624547
79.708026 91.946536
79.708026 91.268525
80.386037 90.590514
81.064048 89.912503
81.064048 89.234492
81.742059 88.556481
82.420070 87.878470
83.098081 87.200459
83.776092 86.522448
83.776092 85.844437
83.776092 85.166426
84.454103 84.488415
84.454103 83.810404
85.132114 83.810404
85.810125 83.132393
86.488136 82.454382
87.166147 81.776371
87.844158 81.098360
88.522169 80.420349
89.200180 79.742338
89.878191 79.064327
90.556202 79.064327
91.234213 79.064327
91.912224 78.386316
92.590235 77.708305
93.268245 77.030294
93.946256 77.030294
94.624267 76.352283
95.302278 75.674272
95.980289 74.996261
96.658300 74.318250
97.336311 74.318250
98.014322 73.640239
98.692333 72.962229
99.370344 72.284218
100.048355 72.284218
100.726366 71.606207
101.404377 70.928196
102.082388 70.928196
102.760399 70.250185
103.438410 70.250185
104.116421 69.572174
104.794432 69.572174
105.472443 69.572174
106.150454 68.894163
106.828465 68.894163
107.506476 68.894163
108.184487 68.216152
108.862498 68.216152
109.540509 67.538141
110.218520 67.538141
110.896531 67.538141
111.574542 67.538141
112.252553 66.860130
112.930564 66.860130
113.608575 66.860130
114.286586 66.182119
114.964597 66.182119
115.642608 66.182119
116.320619 65.504108
116.998630 65.504108
117.676641 64.826097
118.354652 64.826097
119.032663 64.826097
119.710674 64.826097
120.388685 64.826097
121.066696 64.826097
121.744707 64.826097
122.422718 64.826097
123.100729 64.826097
123.778739 64.826097
124.456750 64.826097
125.134761 64.826097
125.812772 64.826097
126.490783 64.826097
127.168794 64.826097
127.846805 64.826097
128.524816 64.826097
129.202827 64.826097
129.880838 64.826097
130.558849 64.826097
131.236860 64.826097
131.914871 64.826097
132.592882 64.826097
133.270893 64.826097
133.948904 64.826097
134.626915 64.826097
135.304926 64.826097
135.982937 64.826097
136.660948 64.826097
137.338959 64.826097
138.016970 65.504108
138.694981 65.504108
139.372992 65.504108
140.051003 66.182119
140.729014 66.182119
141.407025 66.182119
142.085036 66.860130
142.763047 66.860130
143.441058 67.538141
144.119069 67.538141
145.475091 68.216152
146.153102 68.216152
146.831113 68.216152
147.509124 68.216152
148.187135 68.894163
148.865146 68.894163
149.543157 69.572174
150.221168 70.250185
150.899179 70.928196
151.577190 71.606207
152.255201 72.284218
152.933212 72.962229
153.611223 73.640239
154.289234 74.318250
154.967244 74.996261
154.967244 75.674272
155.645255 76.352283
155.645255 77.030294
155.645255 77.708305
155.645255 78.386316
155.645255 79.064327
155.645255 79.742338
155.645255 80.420349
155.645255 81.098360
155.645255 81.776371
155.645255 82.454382
155.645255 83.132393
155.645255 83.810404
155.645255 84.488415
155.645255 85.166426
155.645255 85.844437
155.645255 86.522448
155.645255 87.200459
155.645255 87.878470
155.645255 88.556481
155.645255 89.234492
155.645255 89.912503
155.645255 90.590514
154.967244 91.268525
154.289234 91.946536
153.611223 91.946536
153.611223 91.268525
154.289234 90.590514
