155.317983 87.752077
154.679881 88.390178
154.041780 88.390178
153.403678 89.028280
152.765576 89.666382
152.765576 90.304484
152.127474 90.942586
151.489372 92.218790
150.851270 92.856891
150.851270 94.133095
150.213168 94.133095
149.575067 94.133095
149.575067 94.771197
148.936965 94.771197
148.298863 94.771197
148.298863 95.409299
147.660761 96.047401
147.022659 96.047401
146.384557 96.047401
146.384557 96.685502
145.746456 97.323604
145.108354 97.323604
145.108354 97.961706
144.470252 98.599808
143.832150 98.599808
143.194048 99.237910
142.555946 99.237910
142.555946 99.876012
141.917845 99.876012
141.917845 100.514113
141.279743 101.152215
140.641641 101.790317
140.641641 102.428419
140.003539 103.066521
139.365437 103.066521
139.365437 103.704623
138.727335 104.342724
138.089234 104.980826
138.089234 105.618928
137.451132 105.618928
137.451132 106.257030
136.813030 106.257030
136.813030 106.895132
136.813030 107.533234
136.174928 108.171335
136.174928 108.809437
135.536826 109.447539
135.536826 110.085641
134.898724 110.723743
134.898724 111.361845
134.260623 111.999947
134.260623 112.638048
133.622521 113.276150
133.622521 113.914252
133.622521 114.552354
132.984419 115.190456
132.346317 115.828558
132.346317 116.466659
131.708215 117.104761
131.708215 117.742863
131.070113 118.380965
131.070113 119.019067
130.432012 119.657169
130.432012 120.295270
129.793910 120.933372
129.793910 121.571474
129.793910 122.209576
129.155808 122.847678
129.155808 123.485780
129.155808 124.123881
128.517706 124.761983
128.517706 125.400085
128.517706 126.038187
127.879604 126.676289
127.879604 127.314391
127.879604 127.952492
127.879604 128.590594
127.879604 129.228696
127.241502 129.866798
127.241502 130.504900
127.241502 131.143002
127.241502 131.781103
127.241502 132.419205
127.241502 133.057307
127.241502 133.695409
127.241502 134.333511
127.241502 134.971613
126.603400 135.609715
126.603400 136.247816
126.603400 136.885918
125.965299 137.524020
125.965299 138.162122
125.965299 138.800224
125.327197 139.438326
125.327197 140.076427
125.327197 140.714529
125.327197 141.352631
125.327197 141.990733
124.689095 142.628835
124.689095 143.266937
124.689095 143.905038
124.689095 144.543140
124.689095 145.181242
124.689095 145.819344
124.689095 146.457446
124.689095 147.095548
124.689095 147.733649
124.689095 148.371751
124.689095 149.009853
124.689095 149.647955
124.689095 150.286057
124.689095 150.924159
124.689095 151.562260
124.689095 152.200362
124.689095 152.838464
124.689095 153.476566
124.689095 154.114668
124.689095 154.752770
124.689095 155.390872
124.689095 156.028973
124.689095 156.667075
125.327197 156.667075
125.327197 157.305177
125.327197 157.943279
124.689095 159.219483
124.689095 159.857584
124.050993 160.495686
124.050993 161.133788
123.412891 161.771890
123.412891 163.048094
122.774789 163.686195
122.774789 164.324297
122.136688 164.962399
122.136688 165.600501
121.498586 166.876705
121.498586 167.514806
120.860484 168.152908
120.860484 168.791010
120.222382 169.429112
119.584280 169.429112
118.308077 169.429112
117.669975 169.429112
117.031873 170.067214
116.393771 170.067214
115.755669 170.067214
115.117567 170.067214
114.479466 170.705316
113.203262 170.705316
112.565160 170.705316
111.927058 170.705316
111.288956 171.343417
110.650855 171.343417
110.012753 171.343417
109.374651 171.343417
108.736549 171.981519
107.460345 171.981519
106.822243 171.981519
106.184142 171.981519
105.546040 171.981519
104.907938 171.343417
103.631734 171.343417
102.993632 171.343417
102.355531 171.343417
101.717429 171.343417
100.441225 171.343417
99.803123 171.343417
99.165021 170.705316
97.888818 170.705316
97.250716 170.705316
96.612614 170.705316
95.336410 170.705316
94.698309 170.705316
94.060207 170.705316
92.784003 170.067214
92.145901 170.067214
91.507799 170.067214
90.231596 170.067214
89.593494 170.067214
88.955392 170.067214
87.679188 170.067214
87.041086 170.067214
86.402985 169.429112
85.764883 169.429112
84.488679 169.429112
83.850577 169.429112
83.212475 168.791010
82.574374 168.152908
81.936272 168.152908
81.298170 167.514806
80.660068 167.514806
80.021966 166.876705
79.383864 166.876705
78.745763 166.238603
77.469559 166.238603
76.831457 165.600501
76.193355 165.600501
75.555253 164.962399
74.917152 164.324297
74.279050 164.324297
73.640948 163.686195
73.002846 163.048094
72.364744 162.409992
71.726642 161.771890
70.450439 161.133788
69.812337 161.133788
69.174235 160.495686
68.536133 159.857584
67.898031 159.219483
67.259930 158.581381
66.621828 157.943279
65.983726 157.305177
65.983726 156.667075
65.345624 156.028973
65.345624 155.390872
65.345624 154.752770
64.707522 154.114668
64.707522 153.476566
64.707522 152.838464
64.707522 152.200362
64.069420 151.562260
64.069420 150.924159
64.069420 150.286057
64.069420 149.647955
64.069420 149.009853
64.069420 148.371751
63.431318 147.733649
63.431318 147.095548
63.431318 145.819344
63.431318 145.181242
63.431318 144.543140
62.793217 143.905038
62.793217 143.266937
62.793217 142.628835
62.793217 141.990733
62.793217 141.352631
62.793217 140.714529
62.155115 140.076427
62.155115 139.438326
62.155115 138.800224
62.155115 138.162122
62.155115 137.524020
62.155115 136.885918
62.155115 136.247816
62.155115 135.609715
62.155115 134.971613
62.155115 134.333511
62.155115 133.695409
62.155115 133.057307
62.155115 132.419205
62.155115 131.781103
62.155115 131.143002
62.155115 130.504900
62.155115 129.866798
62.155115 129.228696
62.155115 128.590594
62.155115 127.952492
62.155115 127.314391
62.793217 126.676289
62.793217 126.038187
63.431318 124.761983
63.431318 124.123881
64.069420 123.485780
64.707522 122.847678
64.707522 122.209576
65.345624 121.571474
65.983726 120.295270
65.983726 119.657169
66.621828 119.019067
67.259930 118.380965
67.259930 117.742863
67.898031 117.104761
68.536133 116.466659
68.536133 115.190456
69.174235 114.552354
69.174235 113.914252
69.812337 113.276150
69.812337 112.638048
69.812337 111.999947
70.450439 111.361845
70.450439 110.723743
70.450439 110.085641
71.088541 109.447539
71.088541 108.809437
71.088541 108.171335
71.088541 107.533234
71.726642 106.895132
71.726642 106.257030
71.726642 105.618928
72.364744 104.980826
72.364744 104.342724
72.364744 103.704623
73.002846 103.066521
73.002846 102.428419
73.640948 101.790317
74.279050 101.152215
74.279050 100.514113
74.917152 99.876012
75.555253 99.237910
76.193355 98.599808
76.831457 97.961706
77.469559 97.323604
78.107661 96.685502
78.745763 96.047401
79.383864 94.771197
80.021966 94.133095
80.660068 93.494993
81.298170 92.856891
81.298170 92.218790
81.298170 91.580688
81.936272 90.942586
81.936272 90.304484
82.574374 89.666382
83.212475 89.028280
83.850577 88.390178
83.850577 87.752077
84.488679 87.113975
85.126781 86.475873
85.764883 85.837771
86.402985 85.199669
86.402985 84.561567
87.041086 83.923466
87.679188 83.285364
88.317290 82.647262
88.955392 82.009160
89.593494 81.371058
90.231596 81.371058
90.869698 80.732956
91.507799 80.094855
92.145901 79.456753
92.784003 78.818651
93.422105 78.180549
94.060207 78.180549
94.698309 77.542447
95.336410 76.904345
95.974512 76.266244
96.612614 75.628142
97.250716 74.990040
97.888818 74.990040
98.526920 74.351938
99.165021 73.713836
99.803123 73.075734
100.441225 72.437633
101.079327 71.799531
101.717429 71.799531
102.355531 71.799531
102.993632 71.161429
104.269836 71.161429
104.907938 70.523327
105.546040 70.523327
106.184142 69.885225
106.822243 69.247123
107.460345 69.247123
108.098447 68.609021
108.736549 68.609021
109.374651 67.970920
110.012753 67.970920
110.650855 67.332818
111.288956 67.332818
111.927058 67.332818
112.565160 67.332818
113.203262 67.332818
113.841364 67.332818
114.479466 67.332818
115.117567 66.694716
115.755669 66.694716
116.393771 66.056614
117.031873 66.056614
117.669975 66.056614
118.308077 65.418512
118.946178 65.418512
119.584280 64.780410
120.222382 64.780410
120.860484 64.142309
121.498586 64.142309
122.136688 64.142309
122.774789 63.504207
123.412891 63.504207
124.050993 63.504207
124.689095 63.504207
125.327197 63.504207
125.965299 63.504207
126.603400 63.504207
127.879604 63.504207
128.517706 63.504207
129.155808 63.504207
129.793910 63.504207
130.432012 63.504207
131.070113 63.504207
131.708215 64.142309
132.346317 64.142309
132.984419 64.142309
133.622521 64.142309
134.260623 64.142309
134.898724 64.780410
135.536826 64.780410
136.174928 64.780410
136.813030 65.418512
138.089234 65.418512
138.727335 65.418512
139.365437 66.056614
140.003539 66.056614
140.641641 66.056614
141.279743 66.694716
141.917845 66.694716
142.555946 67.332818
143.194048 67.332818
144.470252 67.970920
145.108354 67.970920
145.746456 68.609021
146.384557 69.247123
147.022659 69.247123
147.660761 69.885225
148.298863 69.885225
148.936965 70.523327
149.575067 70.523327
150.851270 71.161429
150.851270 71.799531
151.489372 72.437633
152.127474 73.075734
152.127474 73.713836
152.765576 74.351938
153.403678 74.990040
153.403678 75.628142
154.041780 76.266244
154.679881 76.904345
154.679881 77.542447
155.317983 78.180549
155.317983 78.818651
155.956085 79.456753
155.956085 80.094855
155.956085 81.371058
156.594187 82.009160
156.594187 82.647262
157.232289 83.285364
157.232289 83.923466
156.594187 84.561567
156.594187 85.199669
156.594187 85.837771
155.956085 86.475873
155.956085 87.113975
155.317983 87.752077
