143.810359 94.203440
143.254899 94.758900
142.699440 95.314360
142.143980 95.869820
141.588520 96.425280
141.033060 96.980739
140.477600 97.536199
139.922140 97.536199
139.366680 98.091659
138.811221 98.647119
138.255761 99.202579
137.700301 99.758039
137.144841 100.313499
136.589381 100.868958
136.033921 101.424418
135.478461 101.979878
134.923001 102.535338
134.367542 103.090798
133.812082 104.201718
133.256622 104.757177
132.701162 105.312637
132.701162 105.868097
132.145702 106.423557
131.590242 106.979017
131.590242 107.534477
131.034782 108.089937
130.479323 108.645397
130.479323 109.200856
129.923863 109.756316
129.923863 110.311776
129.368403 110.867236
129.368403 111.422696
128.812943 111.978156
128.812943 112.533616
128.257483 113.089075
128.257483 113.644535
127.702023 114.199995
127.702023 114.755455
127.146563 115.310915
127.146563 115.866375
127.146563 116.421835
126.591104 116.977294
126.591104 117.532754
126.591104 118.088214
126.035644 118.643674
126.035644 119.199134
126.035644 119.754594
125.480184 120.310054
125.480184 120.865513
125.480184 121.420973
125.480184 121.976433
125.480184 122.531893
124.924724 123.087353
124.924724 124.198273
124.924724 124.753733
124.924724 125.309192
124.924724 125.864652
124.369264 126.420112
124.369264 126.975572
123.813804 127.531032
123.813804 128.086492
123.813804 128.641952
123.258344 129.197411
123.258344 129.752871
123.258344 130.308331
122.702884 130.863791
122.702884 131.419251
122.702884 131.974711
122.147425 132.530171
122.147425 133.085630
122.147425 133.641090
122.147425 134.196550
121.591965 134.752010
121.591965 135.307470
121.591965 135.862930
121.591965 136.418390
121.591965 136.973850
121.591965 137.529309
121.036505 138.084769
121.036505 138.640229
121.036505 139.195689
121.036505 139.751149
121.036505 140.306609
121.036505 140.862069
121.036505 141.417528
121.036505 141.972988
121.036505 141.417528
121.036505 141.972988
121.036505 142.528448
121.036505 143.083908
121.036505 143.639368
121.036505 144.194828
121.036505 144.750288
121.036505 145.305747
121.036505 145.861207
121.036505 145.305747
121.036505 145.861207
121.036505 145.305747
121.036505 145.861207
121.036505 146.416667
121.036505 146.972127
121.036505 147.527587
121.036505 148.083047
121.036505 148.638507
121.036505 149.193966
121.036505 149.749426
121.036505 150.304886
121.591965 150.860346
121.591965 151.415806
121.591965 151.971266
121.591965 152.526726
121.591965 153.082186
121.591965 153.637645
122.147425 154.193105
122.147425 154.748565
122.147425 155.304025
122.147425 155.859485
122.702884 156.414945
122.702884 156.970405
122.702884 157.525864
122.702884 158.081324
123.258344 158.081324
123.258344 158.636784
123.258344 159.192244
123.258344 159.747704
123.813804 159.747704
123.813804 160.303164
123.813804 160.858624
123.258344 161.414083
122.702884 161.969543
122.147425 162.525003
121.591965 163.080463
121.036505 163.635923
120.481045 164.191383
119.925585 164.746843
119.370125 164.746843
118.814665 165.302303
118.259206 165.302303
117.703746 165.857762
117.148286 165.857762
116.592826 165.857762
116.037366 166.413222
115.481906 166.413222
114.926446 166.413222
114.370987 166.968682
113.815527 166.968682
113.260067 166.968682
112.704607 166.968682
112.149147 166.968682
111.593687 166.968682
111.038227 167.524142
110.482768 167.524142
109.927308 167.524142
109.371848 167.524142
108.816388 167.524142
108.260928 167.524142
107.705468 167.524142
107.150008 167.524142
106.039089 167.524142
105.483629 167.524142
104.928169 167.524142
104.372709 167.524142
103.817249 166.968682
103.261789 166.968682
102.706329 166.968682
102.150870 166.968682
101.595410 166.968682
101.039950 166.968682
100.484490 166.968682
99.929030 166.968682
99.373570 166.413222
98.818110 166.413222
98.262651 166.413222
97.707191 166.413222
97.151731 165.857762
96.596271 165.857762
96.040811 165.857762
95.485351 165.857762
94.929891 165.302303
94.374432 165.302303
93.818972 164.746843
93.263512 164.746843
92.708052 164.746843
92.152592 164.746843
91.597132 164.746843
91.041672 164.746843
90.486212 164.746843
89.930753 164.746843
89.375293 164.746843
88.819833 164.746843
88.264373 164.746843
87.708913 164.746843
87.153453 164.746843
86.597993 164.191383
86.042534 164.191383
85.487074 164.191383
84.931614 164.191383
84.376154 164.191383
84.376154 163.635923
83.820694 163.635923
83.265234 163.635923
83.265234 163.080463
82.709774 163.080463
82.154315 163.080463
82.154315 162.525003
81.598855 162.525003
81.043395 162.525003
81.043395 161.969543
80.487935 161.969543
79.932475 161.414083
79.377015 161.414083
79.377015 160.858624
78.821555 160.303164
78.266095 160.303164
78.266095 159.747704
77.710636 159.192244
77.155176 158.636784
76.599716 158.081324
76.044256 157.525864
75.488796 156.970405
74.933336 156.414945
74.377876 155.859485
73.822417 155.304025
73.266957 154.748565
73.266957 154.193105
72.711497 153.637645
72.711497 153.082186
72.156037 152.526726
72.156037 151.971266
71.600577 151.415806
71.600577 150.860346
71.045117 150.304886
71.045117 149.749426
70.489657 149.193966
70.489657 148.638507
70.489657 148.083047
70.489657 147.527587
69.934198 146.972127
69.934198 146.416667
69.934198 145.861207
69.934198 145.305747
69.934198 144.750288
69.934198 144.194828
69.934198 143.639368
69.934198 143.083908
69.934198 142.528448
69.934198 141.972988
69.934198 141.417528
69.934198 140.862069
69.934198 140.306609
69.934198 139.751149
69.934198 139.195689
69.934198 138.640229
69.934198 138.084769
69.934198 137.529309
69.934198 136.973850
69.934198 136.418390
69.934198 135.862930
69.934198 135.307470
69.934198 134.752010
70.489657 134.752010
70.489657 134.196550
70.489657 133.641090
70.489657 133.085630
70.489657 132.530171
71.045117 132.530171
71.045117 131.974711
71.045117 131.419251
71.045117 130.863791
71.600577 130.863791
71.600577 130.308331
71.600577 129.752871
71.600577 129.197411
71.600577 128.641952
71.600577 128.086492
72.156037 127.531032
72.156037 126.975572
72.156037 126.420112
72.156037 125.864652
72.711497 125.309192
72.711497 124.753733
72.711497 124.198273
72.711497 123.642813
73.266957 123.087353
73.266957 122.531893
73.266957 121.976433
73.266957 121.420973
73.822417 121.420973
73.822417 120.865513
73.822417 120.310054
73.822417 119.754594
74.377876 119.199134
74.377876 118.643674
74.377876 118.088214
74.377876 117.532754
74.377876 116.977294
74.377876 116.421835
74.377876 115.866375
74.377876 115.310915
74.933336 115.310915
74.933336 114.755455
74.933336 114.199995
74.933336 113.644535
75.488796 113.089075
75.488796 112.533616
76.044256 111.978156
76.044256 111.422696
76.044256 110.867236
76.599716 110.311776
76.599716 109.756316
77.155176 109.200856
77.155176 108.645397
77.710636 108.089937
77.710636 107.534477
78.266095 106.979017
78.266095 106.423557
78.821555 105.868097
79.377015 105.312637
79.377015 104.757177
79.377015 104.201718
79.932475 104.201718
79.932475 103.646258
80.487935 103.090798
81.043395 102.535338
81.043395 101.979878
81.598855 101.424418
82.154315 100.868958
82.154315 100.313499
82.709774 100.313499
83.265234 99.758039
83.820694 99.202579
84.376154 98.647119
84.931614 98.091659
85.487074 97.536199
86.042534 96.980739
86.597993 96.425280
87.153453 95.869820
87.708913 95.314360
88.264373 94.758900
88.819833 94.203440
89.375293 93.647980
89.930753 93.092520
90.486212 92.537060
91.041672 91.426141
91.597132 90.870681
92.152592 90.315221
92.708052 89.759761
93.263512 89.204301
93.818972 88.648841
94.374432 88.093382
94.929891 87.537922
95.485351 86.982462
96.040811 86.427002
96.596271 85.871542
97.151731 85.316082
97.707191 84.760622
98.262651 84.205163
98.818110 84.205163
99.373570 83.649703
99.929030 83.094243
100.484490 82.538783
101.039950 81.983323
101.595410 81.427863
102.150870 81.427863
102.706329 80.872403
103.261789 80.316944
103.817249 79.761484
104.372709 79.206024
104.928169 79.206024
105.483629 78.650564
106.039089 78.095104
106.594548 78.095104
107.150008 77.539644
107.705468 76.984184
108.260928 76.984184
108.816388 76.428724
109.371848 76.428724
109.927308 75.873265
111.038227 75.317805
111.593687 75.317805
112.149147 74.762345
112.704607 74.762345
113.260067 74.206885
113.815527 74.206885
114.370987 73.651425
114.926446 73.651425
115.481906 73.095965
116.037366 73.095965
116.592826 72.540505
117.148286 72.540505
117.703746 71.985046
118.259206 71.985046
118.814665 71.429586
119.370125 71.429586
119.925585 70.874126
120.481045 70.874126
121.036505 70.318666
121.591965 70.318666
122.147425 70.318666
122.702884 69.763206
123.258344 69.763206
123.813804 69.763206
124.369264 69.207746
124.924724 69.207746
125.480184 69.207746
126.035644 69.207746
126.591104 68.652286
127.146563 68.652286
127.702023 68.652286
128.257483 68.652286
128.812943 68.096827
129.368403 68.096827
129.923863 68.096827
130.479323 68.096827
131.034782 68.096827
131.590242 68.096827
132.145702 68.096827
132.701162 68.096827
133.256622 68.096827
133.812082 68.652286
134.367542 68.652286
135.478461 68.652286
136.033921 68.652286
136.589381 68.652286
137.144841 69.207746
137.700301 69.207746
138.255761 69.207746
138.811221 69.763206
139.366680 69.763206
139.922140 69.763206
140.477600 70.318666
141.033060 70.318666
141.588520 70.874126
142.143980 71.429586
142.699440 71.429586
143.254899 71.985046
143.810359 72.540505
144.365819 72.540505
144.921279 73.095965
145.476739 73.651425
146.032199 74.206885
146.587659 74.762345
147.143118 75.317805
147.143118 75.873265
147.698578 76.428724
148.254038 76.984184
148.809498 77.539644
148.809498 78.095104
149.364958 78.650564
149.364958 79.206024
149.364958 79.761484
149.920418 80.316944
149.920418 80.872403
149.920418 81.427863
149.920418 81.983323
149.920418 82.538783
150.475878 83.094243
150.475878 83.649703
149.920418 84.205163
149.920418 84.760622
149.920418 85.316082
149.920418 85.871542
149.364958 86.982462
149.364958 87.537922
149.364958 88.093382
148.809498 88.648841
148.809498 89.204301
148.254038 89.759761
147.698578 90.315221
147.143118 90.870681
146.587659 91.426141
146.587659 91.981601
146.032199 92.537060
145.476739 93.092520
144.921279 93.647980
144.365819 94.203440
143.810359 94.203440
