150.831174 91.392121
150.831174 92.049427
150.173868 92.049427
149.516562 92.049427
149.516562 92.706733
148.859256 93.364039
148.201950 94.021345
147.544644 94.021345
146.887338 94.678650
146.230032 94.678650
146.230032 95.335956
145.572726 95.993262
144.915420 96.650568
144.258114 96.650568
144.258114 97.307874
143.600808 97.307874
142.943502 97.307874
142.943502 97.965180
142.286196 98.622486
141.628891 99.279792
140.971585 99.937098
140.314279 100.594404
139.656973 101.251710
138.999667 101.909016
138.342361 102.566322
137.685055 103.223628
137.027749 103.880934
136.370443 104.538239
136.370443 105.195545
135.713137 105.852851
135.055831 106.510157
134.398525 107.167463
134.398525 107.824769
133.741219 108.482075
133.741219 109.139381
133.083913 109.796687
132.426607 110.453993
132.426607 111.111299
132.426607 111.768605
131.769302 112.425911
131.769302 113.083217
131.111996 113.740522
131.111996 114.397828
131.111996 115.055134
130.454690 115.712440
130.454690 116.369746
130.454690 117.027052
130.454690 117.684358
129.797384 118.341664
129.797384 118.998970
129.797384 119.656276
129.797384 120.313582
129.797384 120.970888
129.797384 121.628194
129.140078 122.285500
129.140078 122.942806
129.140078 123.600111
129.140078 124.257417
129.140078 124.914723
129.140078 125.572029
129.140078 126.229335
129.140078 126.886641
129.140078 127.543947
129.140078 128.201253
129.140078 128.858559
129.140078 129.515865
129.140078 130.173171
129.140078 130.830477
129.140078 131.487783
129.140078 132.145089
129.140078 132.802395
129.797384 133.459700
129.797384 134.117006
129.797384 134.774312
129.797384 135.431618
129.797384 136.088924
129.797384 136.746230
129.797384 137.403536
130.454690 137.403536
130.454690 138.060842
130.454690 138.718148
130.454690 139.375454
131.111996 140.032760
131.111996 140.690066
131.111996 141.347372
130.454690 142.004678
130.454690 142.661983
130.454690 143.319289
129.797384 144.633901
129.797384 145.291207
129.140078 145.948513
129.140078 146.605819
129.140078 147.263125
128.482772 147.920431
128.482772 148.577737
128.482772 149.235043
127.825466 149.892349
127.825466 150.549655
127.168160 151.206961
127.168160 151.864267
127.168160 152.521572
126.510854 153.178878
126.510854 153.836184
126.510854 154.493490
125.853548 155.150796
125.853548 155.808102
125.853548 156.465408
125.196242 157.122714
125.196242 157.780020
124.538936 158.437326
124.538936 159.094632
124.538936 159.751938
123.881630 160.409244
123.881630 161.066550
123.881630 161.723855
123.224324 162.381161
123.224324 163.038467
122.567018 163.695773
122.567018 164.353079
122.567018 165.010385
121.909713 165.667691
121.909713 166.324997
121.252407 166.324997
120.595101 166.982303
119.937795 167.639609
119.280489 167.639609
118.623183 168.296915
117.965877 168.296915
117.308571 168.296915
116.651265 168.296915
115.993959 168.296915
115.336653 168.954221
114.679347 168.954221
114.022041 168.954221
113.364735 168.954221
112.707430 169.611527
112.050124 169.611527
111.392818 169.611527
110.735512 169.611527
110.078206 170.268833
109.420900 170.268833
108.763594 170.268833
108.106288 170.268833
107.448982 170.268833
106.791676 170.268833
106.134370 169.611527
104.819758 169.611527
104.162452 169.611527
103.505146 168.954221
102.847841 168.954221
102.190535 168.954221
101.533229 168.954221
100.218617 168.296915
99.561311 168.296915
98.904005 168.296915
98.246699 167.639609
97.589393 167.639609
96.274781 167.639609
95.617475 166.982303
94.960169 166.982303
94.302863 166.982303
93.645558 166.982303
92.988252 166.324997
91.673640 166.324997
91.016334 166.324997
90.359028 165.667691
89.701722 165.667691
89.044416 165.010385
88.387110 165.010385
87.729804 164.353079
87.072498 164.353079
86.415192 163.695773
85.757886 163.038467
85.100580 163.038467
84.443274 162.381161
83.785969 161.723855
83.128663 161.723855
81.814051 161.066550
81.156745 160.409244
81.156745 159.751938
80.499439 159.094632
79.842133 158.437326
79.184827 157.780020
78.527521 157.122714
77.870215 156.465408
77.212909 155.808102
76.555603 155.150796
75.898297 153.836184
75.240991 153.178878
74.583685 152.521572
73.926380 151.864267
73.269074 151.206961
72.611768 150.549655
71.954462 149.892349
71.297156 149.235043
70.639850 148.577737
69.982544 147.263125
69.982544 146.605819
69.982544 145.948513
69.325238 145.291207
69.325238 144.633901
69.325238 143.976595
68.667932 143.319289
68.667932 142.661983
68.010626 142.004678
68.010626 141.347372
68.010626 140.032760
67.353320 139.375454
67.353320 138.718148
67.353320 138.060842
66.696014 137.403536
66.696014 136.746230
66.038708 136.088924
66.038708 135.431618
66.038708 134.774312
65.381402 134.117006
65.381402 133.459700
65.381402 132.802395
65.381402 132.145089
65.381402 131.487783
65.381402 130.173171
65.381402 129.515865
65.381402 128.858559
65.381402 128.201253
65.381402 127.543947
65.381402 126.886641
65.381402 126.229335
65.381402 125.572029
65.381402 124.914723
65.381402 124.257417
65.381402 123.600111
65.381402 122.942806
65.381402 122.285500
65.381402 121.628194
65.381402 120.970888
65.381402 120.313582
65.381402 119.656276
65.381402 118.998970
65.381402 118.341664
65.381402 117.684358
65.381402 117.027052
65.381402 116.369746
66.038708 115.712440
66.038708 115.055134
66.038708 114.397828
66.038708 113.740522
66.038708 113.083217
66.696014 112.425911
66.696014 111.768605
66.696014 111.111299
66.696014 110.453993
67.353320 109.796687
67.353320 109.139381
67.353320 107.824769
67.353320 107.167463
68.010626 106.510157
68.010626 105.852851
68.010626 105.195545
68.010626 104.538239
68.010626 103.880934
68.010626 103.223628
68.667932 102.566322
69.325238 101.909016
69.982544 101.251710
70.639850 100.594404
71.297156 99.937098
71.954462 99.279792
72.611768 98.622486
73.269074 97.965180
73.269074 96.650568
73.926380 95.993262
74.583685 95.335956
75.240991 94.678650
75.898297 94.021345
76.555603 93.364039
77.212909 92.706733
77.870215 92.049427
78.527521 91.392121
79.184827 90.077509
79.842133 89.420203
80.499439 88.762897
81.156745 88.105591
81.814051 87.448285
82.471357 86.790979
83.128663 86.133673
83.785969 85.476367
84.443274 84.819062
85.100580 84.161756
85.757886 83.504450
86.415192 82.847144
87.072498 82.189838
87.729804 81.532532
88.387110 80.875226
89.044416 80.217920
89.701722 79.560614
90.359028 78.903308
91.016334 78.246002
91.673640 77.588696
92.330946 76.931390
92.988252 76.274084
93.645558 75.616778
94.302863 74.959473
94.960169 74.959473
95.617475 74.302167
96.274781 73.644861
96.932087 72.987555
97.589393 72.330249
98.246699 71.672943
98.904005 71.672943
99.561311 71.015637
100.218617 70.358331
100.875923 69.701025
101.533229 69.043719
102.190535 69.043719
103.505146 68.386413
104.162452 67.729107
104.819758 67.071801
105.477064 66.414495
106.134370 66.414495
106.791676 66.414495
107.448982 65.757189
108.106288 65.757189
108.763594 65.099884
109.420900 65.099884
110.078206 65.099884
110.735512 64.442578
111.392818 64.442578
112.050124 63.785272
112.707430 63.785272
113.364735 63.785272
114.022041 63.127966
115.336653 63.127966
115.993959 62.470660
116.651265 62.470660
117.308571 62.470660
117.965877 62.470660
118.623183 62.470660
119.280489 62.470660
119.937795 62.470660
120.595101 62.470660
121.252407 62.470660
121.909713 62.470660
122.567018 61.813354
123.224324 61.813354
123.881630 61.813354
124.538936 61.813354
125.196242 61.813354
125.853548 61.813354
126.510854 61.813354
127.168160 61.813354
127.825466 61.813354
128.482772 61.813354
129.140078 61.813354
129.797384 61.813354
130.454690 61.813354
131.111996 61.813354
131.769302 61.813354
132.426607 61.813354
133.083913 61.813354
134.398525 61.813354
135.055831 61.813354
135.713137 61.813354
136.370443 61.813354
137.027749 61.813354
137.685055 61.813354
138.342361 61.813354
138.999667 61.813354
139.656973 61.813354
140.971585 61.813354
141.628891 61.813354
142.286196 61.813354
142.943502 61.813354
143.600808 62.470660
144.258114 62.470660
144.915420 62.470660
145.572726 62.470660
146.230032 63.127966
146.887338 63.127966
147.544644 63.127966
148.201950 63.127966
148.859256 63.785272
149.516562 63.785272
150.173868 63.785272
150.831174 63.785272
151.488479 64.442578
152.145785 64.442578
152.803091 64.442578
154.117703 64.442578
154.775009 65.099884
155.432315 65.099884
156.089621 65.757189
156.746927 65.757189
157.404233 66.414495
158.061539 67.071801
158.718845 67.729107
159.376151 67.729107
160.033457 68.386413
160.033457 69.043719
160.033457 69.701025
160.033457 70.358331
160.033457 71.672943
160.033457 72.330249
160.033457 72.987555
160.033457 73.644861
160.033457 74.302167
160.033457 74.959473
160.033457 75.616778
160.033457 76.274084
160.033457 76.931390
160.033457 77.588696
160.033457 78.246002
160.033457 78.903308
160.033457 79.560614
160.033457 80.217920
160.033457 80.875226
159.376151 81.532532
159.376151 82.189838
159.376151 83.504450
159.376151 84.161756
158.718845 84.819062
158.718845 85.476367
158.718845 86.133673
158.718845 86.790979
158.718845 87.448285
158.061539 88.105591
157.404233 88.762897
156.746927 88.762897
156.089621 88.762897
156.089621 89.420203
155.432315 89.420203
154.775009 90.077509
154.117703 90.077509
153.460397 90.077509
152.803091 90.734815
152.145785 91.392121
151.488479 91.392121
150.831174 91.392121
