133.543981 100.749029
133.543981 101.230403
134.025356 101.230403
134.025356 101.711778
134.025356 102.193152
133.543981 102.674527
133.062607 102.674527
132.581232 103.155902
132.099858 103.155902
132.099858 103.637276
131.618483 104.118651
131.137108 104.118651
131.137108 104.600025
130.655734 105.081400
130.174359 105.562775
129.692985 106.044149
129.211610 106.525524
129.211610 107.006898
128.730235 107.488273
128.248861 107.969648
127.767486 107.969648
127.767486 108.451022
127.286112 108.932397
127.286112 109.413771
126.804737 109.895146
126.323362 110.376521
126.323362 110.857895
125.841988 111.339270
125.360613 111.820644
125.360613 112.302019
124.879239 112.783393
124.879239 113.264768
124.397864 113.746143
124.397864 114.227517
123.916489 114.708892
123.916489 115.190266
123.435115 115.671641
123.435115 116.153016
122.953740 116.634390
122.953740 117.115765
122.472366 117.597139
122.472366 118.078514
122.472366 118.559889
121.990991 119.041263
121.990991 119.522638
121.990991 120.004012
121.509616 120.485387
121.509616 120.966762
121.509616 121.448136
121.509616 121.929511
121.028242 122.410885
121.028242 122.892260
121.028242 123.373635
121.028242 123.855009
121.028242 124.336384
120.546867 124.817758
120.546867 125.299133
120.546867 125.780508
120.546867 126.261882
120.065493 126.743257
120.065493 127.224631
120.065493 127.706006
120.065493 128.187381
120.065493 128.668755
119.584118 129.150130
119.584118 129.631504
119.584118 130.112879
119.584118 130.594254
119.584118 131.075628
119.584118 131.557003
119.584118 132.038377
119.584118 132.519752
119.102743 133.001127
119.102743 133.482501
119.102743 133.963876
119.102743 134.445250
119.102743 134.926625
119.102743 135.408000
119.102743 135.889374
119.102743 136.370749
119.102743 136.852123
119.102743 137.333498
119.102743 137.814873
119.102743 138.296247
119.102743 138.777622
119.102743 139.258996
119.102743 139.740371
119.102743 140.221746
119.102743 140.703120
119.102743 141.184495
119.102743 141.665869
119.102743 142.147244
119.102743 142.628618
119.102743 143.109993
119.584118 143.109993
119.584118 143.591368
119.584118 144.072742
119.584118 144.554117
119.584118 145.035491
119.584118 145.516866
119.584118 145.998241
119.584118 146.479615
119.584118 146.960990
120.065493 146.960990
120.065493 147.442364
120.065493 147.923739
120.065493 148.405114
120.065493 148.886488
120.065493 149.367863
120.546867 149.367863
120.546867 149.849237
120.546867 150.330612
120.546867 150.811987
120.546867 151.293361
121.028242 151.293361
121.028242 151.774736
121.028242 152.256110
121.509616 152.737485
121.509616 153.218860
121.509616 153.700234
121.990991 154.181609
121.990991 154.662983
122.472366 155.144358
122.472366 155.625733
122.953740 156.107107
122.953740 157.069856
122.953740 157.551231
122.472366 158.032606
122.472366 158.995355
122.472366 159.476729
121.990991 160.439479
121.990991 160.920853
121.990991 161.402228
121.509616 162.364977
121.509616 162.846352
121.509616 163.327726
121.028242 164.290475
121.028242 164.771850
121.028242 165.734599
120.546867 166.215974
120.065493 166.215974
119.584118 166.215974
119.102743 166.697348
118.621369 166.697348
118.139994 166.697348
117.658620 166.697348
117.177245 167.178723
116.695870 167.178723
116.214496 167.178723
115.733121 167.178723
115.251747 167.660098
114.770372 167.660098
114.288997 167.660098
113.807623 167.660098
113.326248 167.660098
112.844874 168.141472
112.363499 168.141472
111.882125 168.141472
111.400750 168.141472
110.919375 168.622847
110.438001 168.141472
109.956626 168.141472
109.475252 168.141472
108.993877 168.141472
108.512502 168.141472
107.549753 167.660098
107.068379 167.660098
106.587004 167.660098
106.105629 167.660098
105.624255 167.660098
105.142880 167.660098
104.661506 167.660098
103.698756 167.660098
103.217382 167.660098
102.736007 167.660098
102.254633 167.660098
101.773258 167.660098
101.291883 167.660098
100.810509 167.660098
99.847760 167.660098
99.366385 167.660098
98.885010 167.660098
98.403636 167.660098
97.922261 167.660098
97.440887 167.660098
96.478137 167.660098
95.996763 167.660098
95.515388 167.660098
95.034014 167.660098
94.552639 167.660098
94.071264 167.660098
93.589890 167.660098
93.108515 167.660098
92.627141 167.660098
92.145766 167.660098
91.664391 167.660098
91.183017 167.660098
90.220268 167.660098
89.738893 167.660098
89.257518 167.178723
88.776144 167.178723
88.294769 167.178723
87.332020 166.697348
86.850645 166.697348
86.369271 166.697348
85.887896 166.697348
85.406522 166.215974
84.443772 166.215974
83.962398 166.215974
83.481023 165.734599
82.999649 165.734599
82.518274 165.734599
81.555525 165.734599
81.074150 165.253225
80.592776 165.253225
80.111401 165.253225
79.630027 164.771850
78.667277 164.771850
78.185903 164.290475
77.704528 164.290475
77.223154 163.809101
76.741779 163.809101
76.260404 163.327726
75.779030 163.327726
74.816281 162.846352
74.334906 162.846352
73.853531 162.364977
73.372157 162.364977
72.890782 161.883602
72.409408 161.883602
71.446658 161.402228
70.965284 161.402228
70.483909 160.920853
70.002535 160.439479
69.521160 160.439479
69.039785 159.958104
68.558411 159.476729
68.077036 158.995355
68.077036 158.513980
67.595662 158.032606
67.595662 157.551231
67.114287 157.069856
67.114287 156.588482
66.632912 156.107107
66.151538 155.625733
66.151538 155.144358
66.151538 154.662983
65.670163 154.181609
65.670163 153.700234
65.670163 153.218860
65.670163 152.737485
65.670163 152.256110
65.670163 151.774736
65.670163 151.293361
65.670163 150.811987
65.670163 149.849237
65.670163 149.367863
65.670163 148.886488
65.670163 148.405114
65.670163 147.923739
65.670163 147.442364
65.670163 146.960990
65.670163 146.479615
65.670163 145.516866
65.670163 145.035491
65.670163 144.554117
65.670163 144.072742
65.670163 143.591368
65.670163 143.109993
65.670163 142.628618
66.151538 142.147244
66.151538 141.665869
66.632912 141.184495
67.114287 140.703120
67.595662 140.221746
67.595662 139.740371
68.077036 139.258996
68.558411 138.777622
69.039785 138.296247
69.521160 137.814873
70.002535 137.333498
70.002535 136.852123
70.483909 136.370749
70.965284 135.889374
71.446658 134.926625
71.928033 134.445250
72.409408 133.963876
72.409408 133.482501
72.890782 133.001127
72.890782 132.519752
73.372157 132.038377
73.372157 131.557003
73.853531 131.075628
73.853531 130.594254
74.334906 130.112879
74.816281 129.631504
75.297655 129.150130
75.779030 128.668755
76.260404 128.187381
76.260404 127.224631
76.741779 126.743257
77.223154 126.261882
77.704528 125.780508
78.185903 125.299133
78.667277 124.817758
79.148652 124.336384
79.630027 123.855009
79.630027 122.892260
80.111401 122.410885
80.111401 121.929511
80.592776 121.448136
80.592776 120.966762
81.074150 120.485387
81.074150 120.004012
81.074150 119.522638
81.555525 119.041263
81.555525 118.559889
82.036900 118.078514
82.036900 117.597139
82.518274 117.115765
82.518274 116.634390
82.999649 116.153016
82.999649 115.671641
83.481023 115.190266
83.481023 114.708892
83.962398 114.227517
83.962398 113.746143
84.443772 113.264768
84.443772 112.783393
84.925147 112.302019
84.925147 111.820644
85.406522 111.339270
85.887896 110.857895
86.369271 110.376521
86.369271 109.413771
86.850645 108.932397
87.332020 108.451022
87.332020 107.969648
87.813395 107.488273
88.294769 107.006898
88.294769 106.044149
88.776144 105.562775
88.776144 105.081400
89.257518 104.600025
89.738893 104.118651
89.738893 103.637276
90.220268 102.674527
90.701642 102.193152
90.701642 101.711778
91.183017 101.230403
91.183017 100.749029
91.664391 100.267654
92.145766 99.304905
92.145766 98.823530
92.627141 98.342156
93.108515 97.860781
93.108515 97.379406
93.589890 96.898032
94.071264 96.416657
94.071264 95.935283
94.552639 95.453908
94.552639 94.972533
95.034014 94.491159
95.515388 94.009784
95.515388 93.528410
95.996763 93.047035
96.478137 93.047035
97.440887 92.565660
97.922261 92.565660
98.403636 92.084286
98.885010 92.084286
99.366385 92.084286
99.847760 92.084286
100.329134 91.602911
100.810509 91.602911
101.291883 91.602911
101.773258 91.602911
102.254633 91.121537
102.736007 91.121537
103.217382 91.121537
103.698756 91.121537
104.180131 91.121537
104.661506 91.121537
105.142880 91.121537
105.624255 91.121537
106.105629 91.121537
106.587004 91.121537
107.068379 91.121537
107.549753 91.121537
108.031128 91.121537
108.512502 91.602911
108.993877 91.602911
109.475252 91.602911
109.956626 91.602911
110.438001 91.602911
110.919375 92.084286
111.882125 92.084286
112.363499 92.084286
112.844874 92.084286
113.326248 92.084286
113.807623 92.565660
114.288997 92.565660
114.770372 92.565660
115.251747 92.565660
115.733121 93.047035
116.214496 93.047035
116.695870 93.047035
117.177245 93.047035
117.658620 93.047035
118.139994 93.528410
118.621369 93.528410
119.102743 93.528410
119.584118 93.528410
120.065493 94.009784
120.546867 94.009784
121.028242 94.009784
121.509616 94.009784
121.990991 94.491159
122.472366 94.491159
122.953740 94.491159
123.435115 94.972533
123.916489 94.972533
124.397864 94.972533
124.879239 95.453908
125.841988 95.453908
126.323362 95.453908
126.804737 95.453908
127.286112 95.935283
127.767486 95.935283
128.248861 95.935283
128.730235 95.935283
129.211610 95.935283
129.692985 96.416657
130.174359 96.416657
130.655734 96.416657
131.137108 96.898032
131.618483 96.898032
132.099858 97.379406
132.581232 97.379406
133.062607 97.860781
133.543981 97.860781
133.543981 98.342156
133.543981 98.823530
133.543981 98.342156
133.543981 98.823530
133.543981 99.304905
133.543981 99.786279
133.543981 100.267654
133.543981 100.749029
