131.409915 111.617347
131.409915 111.993586
131.409915 112.369825
131.409915 112.746063
131.409915 113.122302
131.409915 113.498540
131.409915 113.874779
131.033677 114.251018
130.657438 114.627256
130.657438 115.003495
130.281200 115.379734
129.904961 115.755972
129.528722 116.132211
129.152484 116.132211
129.152484 116.508449
128.776245 116.884688
128.776245 117.260927
128.400007 117.637165
128.023768 117.637165
128.023768 118.013404
128.023768 118.389642
127.647529 118.765881
127.271291 119.142120
127.271291 119.518358
126.895052 119.894597
126.518813 120.270836
126.518813 120.647074
126.142575 121.023313
126.142575 121.399551
125.766336 121.775790
125.766336 122.152029
125.390098 122.528267
125.390098 122.904506
125.013859 123.280744
125.013859 123.656983
124.637620 124.033222
124.637620 124.409460
124.261382 124.785699
124.261382 125.161937
124.261382 125.538176
123.885143 125.914415
123.885143 126.290653
123.508905 126.666892
123.508905 127.043131
123.508905 127.419369
123.132666 127.795608
123.132666 128.171846
123.132666 128.548085
122.756427 128.924324
122.756427 129.300562
122.756427 129.676801
122.756427 130.053039
122.380189 130.429278
122.380189 130.805517
122.380189 131.181755
122.380189 131.557994
122.380189 131.934233
122.003950 132.310471
122.003950 132.686710
122.003950 133.062948
122.003950 133.439187
122.003950 133.815426
122.003950 134.191664
122.003950 134.567903
121.627711 134.944141
121.627711 135.320380
121.627711 135.696619
121.627711 136.072857
121.627711 136.449096
121.627711 136.825334
121.627711 137.201573
121.627711 137.577812
121.627711 137.954050
121.627711 138.330289
121.627711 137.954050
121.627711 138.330289
121.627711 138.706528
121.627711 139.082766
121.627711 139.459005
121.627711 139.835243
121.627711 140.211482
121.627711 140.587721
121.627711 140.963959
121.627711 141.340198
121.627711 141.716436
121.627711 142.092675
121.627711 142.468914
121.627711 142.845152
121.627711 143.221391
121.627711 143.597630
121.627711 143.973868
121.627711 144.350107
121.627711 144.726345
121.627711 145.102584
122.003950 145.478823
122.003950 145.855061
122.003950 146.231300
122.003950 146.607538
122.003950 146.983777
122.003950 147.360016
122.003950 147.736254
122.003950 148.112493
122.380189 148.112493
122.380189 148.488731
122.380189 148.864970
122.380189 149.241209
122.380189 149.617447
122.380189 149.993686
122.756427 149.993686
122.756427 150.369925
122.756427 150.746163
122.756427 151.122402
123.132666 151.498640
122.756427 151.874879
123.132666 152.251118
123.132666 152.627356
123.508905 152.627356
123.508905 153.003595
123.508905 153.379833
123.508905 153.756072
123.885143 153.756072
123.885143 154.132311
124.261382 154.508549
124.261382 154.884788
124.261382 155.261027
124.261382 155.637265
124.637620 155.637265
124.637620 156.013504
124.637620 156.389742
125.013859 156.389742
125.013859 156.765981
125.013859 157.142220
125.390098 157.142220
125.390098 157.518458
125.390098 157.894697
125.766336 157.894697
125.766336 158.270935
125.766336 158.647174
126.142575 158.647174
126.142575 159.023413
126.142575 159.399651
126.518813 159.399651
126.518813 159.775890
126.895052 160.152128
126.895052 160.904606
126.895052 161.280844
126.895052 161.657083
126.895052 162.033322
126.895052 162.409560
126.895052 163.162037
126.895052 163.538276
126.518813 163.538276
126.142575 163.914515
125.766336 163.914515
125.390098 163.914515
125.013859 164.290753
124.637620 164.290753
124.261382 164.666992
123.885143 164.666992
123.508905 164.666992
123.132666 165.043230
122.756427 165.043230
122.380189 165.419469
122.003950 165.419469
121.251473 165.419469
120.875234 165.795708
120.498996 165.419469
120.122757 165.419469
119.746518 165.419469
119.370280 165.419469
118.994041 165.419469
118.617803 165.419469
117.865325 165.419469
117.489087 165.419469
117.112848 165.419469
116.736610 165.419469
116.360371 165.419469
115.984132 165.043230
115.607894 165.043230
114.855416 165.043230
114.479178 165.043230
114.102939 165.043230
113.726701 165.043230
113.350462 165.043230
112.974223 165.043230
112.597985 165.043230
112.221746 165.043230
111.845508 165.043230
111.469269 165.043230
111.093030 165.043230
110.716792 165.043230
110.340553 164.666992
109.964314 164.666992
109.211837 164.666992
108.835599 164.666992
108.459360 164.290753
108.083121 164.290753
107.706883 164.290753
107.330644 164.290753
106.954406 163.914515
106.578167 163.914515
106.201928 163.914515
105.825690 163.538276
105.449451 163.538276
105.073213 163.538276
104.696974 163.538276
104.320735 163.162037
103.944497 163.162037
103.568258 163.162037
103.192019 163.162037
102.439542 162.785799
102.063304 162.785799
101.687065 162.785799
101.310826 162.785799
100.934588 162.409560
100.558349 162.409560
100.182111 162.409560
99.805872 162.033322
99.429633 162.033322
99.053395 162.033322
98.677156 162.033322
98.300917 161.657083
97.924679 161.657083
97.548440 161.657083
97.172202 161.657083
96.419724 161.657083
96.043486 161.657083
95.667247 161.657083
95.291009 161.657083
94.914770 161.657083
94.538531 161.657083
94.162293 161.657083
93.786054 161.657083
93.409816 161.657083
93.033577 161.657083
92.281100 161.657083
91.904861 161.657083
91.528622 161.657083
91.152384 161.657083
90.776145 161.657083
90.399907 161.657083
90.023668 161.657083
89.647429 161.657083
89.271191 161.657083
88.894952 161.657083
88.518714 161.657083
88.142475 161.657083
87.766236 161.657083
87.389998 161.657083
87.013759 161.657083
86.637520 161.657083
85.885043 161.657083
85.508805 161.657083
85.132566 161.657083
84.756327 161.657083
84.380089 161.657083
84.003850 161.657083
83.627612 161.657083
83.251373 161.657083
82.875134 161.280844
82.498896 161.280844
82.122657 161.280844
81.746419 160.904606
81.746419 160.528367
81.370180 160.152128
81.370180 159.775890
80.993941 159.399651
80.993941 159.023413
80.617703 158.270935
80.617703 157.894697
80.241464 157.518458
80.241464 157.142220
79.865225 156.765981
79.865225 156.389742
79.865225 156.013504
79.865225 155.637265
79.865225 155.261027
79.865225 154.884788
79.865225 154.508549
79.865225 154.132311
79.865225 153.756072
79.865225 153.379833
79.865225 153.003595
80.241464 152.251118
80.241464 151.874879
80.241464 151.498640
80.241464 151.122402
80.241464 150.746163
80.617703 149.993686
80.617703 149.617447
80.617703 149.241209
80.617703 148.864970
80.617703 148.488731
80.617703 148.112493
80.993941 147.360016
80.993941 146.983777
80.993941 146.607538
80.993941 146.231300
80.993941 145.855061
80.993941 145.478823
81.370180 144.726345
81.370180 144.350107
81.370180 143.973868
81.370180 143.597630
81.370180 143.221391
81.746419 142.845152
81.746419 142.468914
81.746419 142.092675
81.746419 141.716436
81.746419 141.340198
82.122657 140.587721
82.122657 140.211482
82.122657 139.835243
82.498896 139.459005
82.498896 139.082766
82.875134 138.706528
83.251373 138.330289
83.251373 137.954050
83.627612 137.577812
83.627612 136.825334
84.003850 136.449096
84.380089 136.072857
84.380089 135.696619
84.756327 135.320380
85.132566 134.944141
85.132566 134.567903
85.508805 133.815426
85.508805 133.439187
85.885043 133.062948
86.261282 132.686710
86.637520 132.310471
86.637520 131.934233
87.013759 131.557994
87.389998 131.181755
87.766236 130.805517
87.766236 130.429278
87.766236 130.053039
88.142475 129.676801
88.142475 129.300562
88.518714 128.924324
88.894952 128.548085
89.271191 127.795608
89.647429 127.419369
90.023668 127.043131
90.023668 126.666892
90.399907 126.290653
90.776145 125.914415
91.152384 125.538176
91.528622 124.785699
91.904861 124.409460
92.281100 124.033222
92.657338 123.656983
93.033577 123.280744
93.409816 122.904506
93.786054 122.528267
94.162293 122.152029
94.538531 121.775790
94.914770 121.399551
95.291009 121.023313
95.667247 120.647074
96.043486 120.270836
96.419724 120.270836
96.795963 119.894597
97.172202 119.518358
97.548440 119.142120
97.924679 118.765881
98.300917 118.765881
98.677156 118.389642
99.053395 118.013404
99.805872 117.637165
100.182111 117.260927
100.558349 117.260927
100.934588 116.884688
101.310826 116.508449
101.687065 116.132211
102.063304 115.755972
102.439542 115.755972
102.815781 115.379734
103.192019 115.003495
103.568258 115.003495
103.944497 114.627256
104.320735 114.627256
104.696974 114.251018
105.073213 113.874779
105.449451 113.874779
105.825690 113.498540
106.201928 113.122302
106.578167 113.122302
106.954406 112.746063
107.330644 112.746063
107.706883 112.746063
108.459360 112.369825
108.835599 112.369825
109.211837 112.369825
109.588076 111.993586
109.964314 111.993586
110.340553 111.617347
110.716792 111.617347
111.093030 111.617347
111.469269 111.241109
112.221746 111.241109
112.597985 111.241109
112.974223 110.864870
113.350462 110.864870
113.726701 110.864870
114.102939 110.488632
114.479178 110.488632
114.855416 110.488632
115.231655 110.488632
115.607894 110.488632
115.984132 110.488632
116.360371 110.488632
116.736610 110.488632
117.112848 110.488632
117.489087 110.488632
118.241564 110.488632
118.617803 110.488632
118.994041 110.488632
119.370280 110.488632
119.746518 110.488632
120.122757 110.488632
120.875234 110.488632
121.251473 110.488632
121.627711 110.488632
122.003950 110.488632
122.380189 110.488632
122.756427 110.864870
123.508905 110.864870
123.885143 110.864870
124.261382 110.864870
124.637620 110.864870
125.013859 110.864870
125.766336 110.864870
126.142575 110.864870
126.518813 110.864870
126.895052 110.864870
127.271291 110.864870
127.647529 110.864870
128.023768 111.241109
128.400007 111.241109
128.776245 111.241109
129.152484 111.241109
129.528722 111.241109
129.904961 111.241109
130.281200 111.241109
130.657438 111.241109
131.033677 111.241109
131.409915 111.617347
131.033677 111.617347
130.657438 111.617347
130.281200 111.617347
130.281200 111.993586
130.281200 112.369825
130.657438 112.746063
130.657438 113.122302
131.033677 112.746063
131.033677 112.369825
131.033677 111.993586
131.409915 111.617347
