140.346611 91.577306
140.346611 92.035065
140.346611 92.492825
140.346611 92.950584
139.888852 93.408344
139.888852 93.866103
139.888852 94.323863
139.888852 94.781622
139.888852 95.239382
139.431092 95.239382
139.431092 95.697141
138.973333 96.154901
138.973333 96.612660
138.515573 96.612660
138.057814 97.070420
137.600054 97.528179
137.142295 97.985939
136.684535 98.443698
136.226776 98.443698
135.769016 98.901458
135.311257 98.901458
134.853497 99.359217
134.853497 99.816977
134.395738 100.274736
134.395738 100.732496
133.937978 101.190256
133.937978 101.648015
133.480219 102.105775
133.480219 102.563534
133.480219 103.021294
133.022459 103.479053
132.564700 103.936813
132.564700 104.394572
132.106940 104.852332
132.106940 105.310091
131.649181 105.767851
131.649181 106.225610
131.191421 106.683370
130.733662 107.141129
130.733662 107.598889
130.275902 108.056648
130.275902 108.514408
129.818142 108.972167
129.818142 109.429927
129.360383 109.887686
129.360383 110.345446
128.902623 110.803205
128.902623 111.260965
128.444864 111.718724
128.444864 112.176484
127.987104 112.634243
127.987104 113.092003
127.987104 113.549763
127.529345 114.007522
127.529345 114.465282
127.071585 114.923041
127.071585 115.380801
127.071585 115.838560
126.613826 116.296320
126.613826 116.754079
126.613826 117.211839
126.613826 117.669598
126.156066 118.127358
126.156066 118.585117
126.156066 119.042877
126.156066 119.500636
125.698307 119.958396
125.698307 120.416155
125.698307 120.873915
125.698307 121.331674
125.240547 121.789434
125.240547 122.247193
125.240547 122.704953
125.240547 123.162712
125.240547 123.620472
125.240547 124.078231
124.782788 124.535991
124.782788 124.993751
124.782788 125.451510
124.782788 125.909270
124.782788 126.367029
124.782788 126.824789
124.782788 127.282548
124.782788 127.740308
124.782788 128.198067
124.782788 128.655827
124.782788 129.113586
124.782788 129.571346
124.782788 130.029105
124.782788 130.486865
124.782788 130.944624
124.782788 131.402384
124.782788 131.860143
124.782788 132.317903
124.782788 132.775662
124.782788 133.233422
124.782788 133.691181
124.782788 134.148941
124.782788 134.606700
124.782788 135.064460
124.782788 135.522219
124.782788 135.979979
124.782788 136.437739
124.782788 136.895498
124.782788 137.353258
124.782788 137.811017
124.782788 138.268777
124.782788 138.726536
124.782788 139.184296
124.782788 139.642055
125.240547 140.099815
125.240547 140.557574
125.240547 141.015334
125.240547 141.473093
125.240547 141.930853
125.240547 142.388612
125.698307 142.846372
125.698307 143.304131
125.698307 143.761891
125.698307 144.219650
125.698307 145.135169
125.240547 145.592929
125.240547 146.508448
125.240547 146.966207
124.782788 147.423967
124.782788 148.339486
124.325028 148.797246
124.325028 149.712765
124.325028 150.170524
123.867269 151.086043
123.867269 151.543803
123.409509 152.459322
123.409509 152.917081
123.409509 153.374841
122.951750 154.290360
122.951750 154.748119
122.493990 155.663638
122.493990 156.121398
122.036231 156.579157
121.578471 156.579157
121.120712 157.036917
120.662952 157.036917
119.747433 157.036917
119.289674 157.494676
118.831914 157.494676
118.374154 157.952436
117.916395 157.952436
117.458635 158.410195
117.000876 158.410195
116.543116 158.410195
116.085357 158.410195
115.627597 158.410195
115.169838 158.410195
114.712078 158.410195
114.254319 158.410195
113.338800 158.410195
112.881040 158.410195
112.423281 157.952436
111.965521 157.952436
111.050002 157.952436
110.592243 157.952436
110.134483 157.494676
109.676724 157.494676
108.761205 157.494676
108.303445 157.494676
107.845686 157.036917
107.387926 157.036917
106.472407 157.036917
106.014647 157.036917
105.556888 156.579157
105.099128 156.579157
104.183609 156.579157
103.725850 156.579157
103.268090 156.579157
102.810331 156.121398
101.894812 156.121398
101.437052 156.121398
100.979293 156.121398
100.521533 155.663638
99.606014 155.663638
99.148255 155.205879
98.690495 155.205879
98.232736 154.748119
97.774976 154.748119
97.317217 154.290360
96.401698 153.832600
95.943938 153.832600
95.486178 153.374841
95.028419 153.374841
94.570659 152.917081
94.112900 152.459322
93.655140 152.459322
92.739621 152.001562
92.281862 152.001562
91.824102 151.543803
91.366343 151.086043
90.908583 151.086043
90.450824 150.628284
89.993064 150.628284
89.077545 150.170524
88.619786 149.712765
88.162026 149.255005
87.704267 149.255005
87.246507 148.797246
86.788748 148.339486
86.330988 147.881727
86.330988 147.423967
85.873229 146.966207
85.415469 146.508448
84.957710 146.050688
84.499950 145.592929
84.042191 145.135169
84.042191 144.677410
83.584431 144.219650
83.126671 143.761891
82.668912 143.304131
82.211152 142.846372
81.753393 142.388612
81.295633 141.930853
81.295633 141.473093
80.837874 141.015334
80.380114 140.557574
79.922355 140.099815
79.922355 139.642055
79.922355 139.184296
79.464595 138.726536
79.464595 138.268777
79.464595 137.811017
79.464595 136.895498
79.464595 136.437739
79.006836 135.979979
79.006836 135.522219
79.006836 135.064460
79.006836 134.606700
79.006836 134.148941
78.549076 133.691181
78.549076 133.233422
78.549076 132.775662
78.549076 132.317903
78.549076 131.860143
78.549076 131.402384
78.549076 130.944624
78.549076 130.486865
78.549076 130.029105
78.549076 129.571346
78.549076 129.113586
78.549076 128.655827
78.549076 128.198067
78.549076 127.740308
78.549076 126.824789
78.549076 126.367029
78.549076 125.909270
78.549076 125.451510
78.549076 124.993751
78.549076 124.535991
78.549076 124.078231
78.549076 123.620472
78.549076 123.162712
78.549076 122.704953
78.549076 122.247193
78.549076 121.789434
79.006836 121.331674
79.006836 120.873915
79.006836 120.416155
79.464595 119.958396
79.464595 119.500636
79.464595 119.042877
79.922355 118.585117
79.922355 118.127358
80.380114 117.211839
80.380114 116.754079
80.837874 116.296320
80.837874 115.838560
80.837874 115.380801
81.295633 114.923041
81.295633 114.465282
81.753393 114.007522
81.753393 113.549763
82.211152 113.092003
82.211152 112.634243
82.211152 112.176484
82.668912 111.260965
83.126671 110.803205
83.126671 110.345446
83.584431 109.887686
84.042191 109.429927
84.499950 108.972167
84.499950 108.514408
84.499950 108.056648
84.499950 107.598889
84.957710 107.141129
84.957710 106.683370
85.415469 106.225610
85.873229 105.767851
86.330988 105.310091
86.788748 104.852332
87.246507 104.394572
87.704267 103.936813
88.162026 103.479053
88.619786 103.021294
88.619786 102.563534
88.619786 102.105775
89.077545 101.648015
89.077545 101.190256
89.077545 100.732496
89.077545 100.274736
89.535305 99.816977
89.993064 99.359217
90.450824 98.443698
90.908583 97.985939
91.366343 97.528179
91.824102 97.070420
92.281862 96.612660
92.739621 96.154901
93.197381 95.697141
93.655140 95.239382
94.112900 94.781622
94.570659 94.323863
95.028419 93.408344
95.486178 92.950584
95.943938 92.492825
96.401698 92.492825
96.859457 92.035065
97.317217 91.577306
97.774976 91.119546
98.232736 91.119546
98.690495 90.661787
99.148255 90.204027
99.606014 90.204027
100.063774 89.746268
100.521533 89.288508
100.521533 88.372989
100.979293 87.915229
101.437052 87.457470
101.894812 87.457470
102.352571 86.999710
102.810331 86.541951
103.268090 86.541951
103.725850 86.084191
104.183609 86.084191
104.641369 86.084191
105.099128 85.626432
105.556888 85.626432
106.014647 85.626432
106.472407 85.168672
106.930166 85.168672
107.387926 85.168672
107.845686 85.168672
108.303445 85.168672
108.761205 85.168672
109.218964 84.710913
109.676724 84.710913
110.134483 84.710913
110.592243 84.710913
111.507762 84.710913
111.965521 84.710913
112.423281 84.253153
112.881040 84.253153
113.338800 84.253153
113.796559 84.253153
114.254319 84.253153
114.712078 84.253153
115.169838 84.253153
115.627597 84.253153
116.085357 84.253153
116.543116 84.253153
117.000876 84.253153
117.458635 84.253153
118.374154 84.253153
118.831914 84.253153
119.289674 84.253153
119.747433 84.253153
120.205193 84.253153
120.662952 84.253153
121.578471 84.253153
122.036231 84.253153
122.493990 84.253153
122.951750 84.253153
123.409509 84.253153
123.867269 84.253153
124.325028 84.253153
125.240547 84.253153
125.698307 84.253153
126.156066 84.253153
126.613826 84.253153
127.071585 84.253153
127.529345 84.253153
127.987104 84.253153
128.902623 84.253153
129.360383 84.253153
129.818142 84.253153
130.275902 84.253153
130.733662 84.253153
131.191421 84.253153
131.649181 84.253153
132.106940 84.710913
132.106940 85.168672
132.564700 85.168672
133.022459 84.710913
133.480219 84.710913
133.937978 84.710913
134.395738 85.168672
134.853497 85.168672
135.311257 85.168672
134.853497 85.168672
134.395738 85.168672
134.853497 85.168672
135.311257 85.168672
135.769016 85.168672
136.226776 85.168672
136.226776 85.626432
136.684535 85.626432
137.142295 85.626432
137.142295 86.084191
137.600054 86.541951
138.057814 86.999710
138.515573 87.457470
138.973333 87.915229
139.431092 88.372989
139.431092 88.830748
139.888852 89.288508
139.888852 89.746268
139.888852 90.204027
139.888852 90.661787
140.346611 91.119546
140.346611 91.577306
