139.493508 91.793258
138.905802 92.380963
138.318097 92.380963
137.730391 92.968669
137.142686 93.556374
136.554981 94.144079
135.967275 94.731785
135.379570 95.319490
135.379570 95.907196
134.791864 96.494901
134.204159 97.082607
133.616454 97.670312
133.028748 98.258017
133.028748 98.845723
132.441043 99.433428
131.853337 100.021134
131.265632 100.608839
131.265632 101.196545
130.677926 101.784250
130.090221 102.371955
130.090221 102.959661
129.502516 103.547366
128.914810 104.135072
128.914810 104.722777
128.327105 105.310482
128.327105 105.898188
127.739399 106.485893
127.739399 107.073599
127.739399 107.661304
127.151694 108.249010
127.151694 108.836715
126.563989 109.424420
125.976283 110.012126
125.976283 110.599831
125.388578 111.187537
125.388578 111.775242
125.388578 112.362947
124.800872 112.950653
124.800872 113.538358
124.800872 114.126064
124.800872 114.713769
124.213167 115.301475
124.213167 115.889180
124.213167 116.476885
124.213167 117.064591
123.625461 117.652296
123.625461 118.240002
123.625461 118.827707
123.625461 119.415413
123.037756 120.003118
123.037756 120.590823
123.037756 121.178529
123.037756 121.766234
122.450051 122.353940
122.450051 122.941645
121.862345 123.529350
121.862345 124.117056
121.274640 124.704761
121.274640 125.292467
121.274640 125.880172
120.686934 126.467878
120.686934 127.055583
120.099229 127.643288
120.099229 128.230994
120.099229 128.818699
119.511523 129.406405
119.511523 129.994110
119.511523 130.581816
119.511523 131.169521
118.923818 131.757226
118.923818 132.344932
118.923818 132.932637
118.923818 133.520343
118.336113 134.108048
118.336113 134.695753
118.336113 135.283459
118.336113 135.871164
118.336113 136.458870
118.336113 137.046575
118.336113 137.634281
118.336113 138.221986
118.336113 138.809691
118.336113 139.397397
118.336113 139.985102
118.336113 140.572808
118.336113 141.160513
118.336113 141.748218
118.336113 142.335924
118.336113 142.923629
118.336113 143.511335
118.336113 144.099040
118.336113 144.686746
118.336113 145.274451
118.336113 145.862156
118.336113 146.449862
118.336113 147.037567
118.336113 147.625273
118.336113 148.212978
118.923818 148.800684
118.923818 149.388389
118.923818 149.976094
118.923818 150.563800
118.336113 151.151505
117.748407 151.739211
117.748407 152.326916
117.748407 152.914621
117.748407 153.502327
117.748407 154.090032
117.748407 154.677738
117.748407 155.265443
117.160702 155.853149
117.160702 156.440854
116.572996 157.028559
116.572996 157.616265
116.572996 158.203970
116.572996 158.791676
115.985291 159.379381
115.397586 159.967086
114.809880 160.554792
114.222175 161.142497
113.634469 161.730203
113.046764 162.317908
112.459058 162.317908
111.871353 162.905614
111.283648 162.905614
110.695942 163.493319
110.108237 163.493319
109.520531 164.081024
108.932826 164.081024
108.345120 164.668730
107.757415 164.668730
107.169710 164.668730
106.582004 164.668730
105.994299 164.668730
105.406593 164.668730
104.818888 164.668730
104.231183 164.668730
103.643477 164.668730
103.055772 164.668730
102.468066 164.668730
101.880361 164.668730
101.292655 164.668730
100.704950 164.668730
100.117245 164.668730
99.529539 164.668730
98.941834 164.668730
98.354128 164.668730
97.766423 164.668730
97.178718 164.668730
96.591012 164.081024
96.003307 164.081024
95.415601 164.081024
94.827896 164.081024
94.240190 164.081024
93.652485 163.493319
93.064780 163.493319
92.477074 163.493319
91.889369 162.905614
91.301663 162.905614
90.713958 162.317908
90.126252 162.317908
89.538547 162.317908
88.950842 161.730203
88.363136 161.142497
87.775431 161.142497
87.187725 161.142497
87.187725 160.554792
86.600020 159.967086
86.012315 159.967086
85.424609 159.379381
84.836904 158.791676
84.249198 158.791676
83.661493 158.203970
83.073787 158.203970
82.486082 157.616265
81.898377 157.616265
81.310671 157.028559
80.722966 156.440854
80.135260 156.440854
79.547555 155.853149
78.959850 155.265443
78.372144 154.677738
77.784439 154.090032
77.196733 153.502327
76.609028 152.914621
76.021322 152.326916
75.433617 151.739211
74.845912 151.151505
74.845912 150.563800
74.258206 149.976094
73.670501 149.388389
73.082795 149.388389
72.495090 148.800684
71.907384 148.212978
71.319679 147.625273
70.731974 147.037567
70.731974 146.449862
70.144268 145.862156
69.556563 145.274451
69.556563 144.686746
69.556563 144.099040
68.968857 143.511335
68.968857 142.923629
68.381152 142.335924
68.381152 141.748218
68.381152 141.160513
67.793447 140.572808
67.793447 139.985102
67.793447 139.397397
67.205741 138.809691
67.205741 138.221986
67.205741 137.634281
67.205741 137.046575
67.205741 136.458870
67.205741 135.871164
67.205741 135.283459
67.205741 134.695753
67.205741 134.108048
67.205741 133.520343
67.205741 132.932637
67.205741 132.344932
67.205741 131.757226
67.205741 131.169521
67.205741 130.581816
67.205741 129.994110
67.205741 129.406405
67.205741 128.818699
67.205741 128.230994
67.205741 127.643288
67.205741 127.055583
67.205741 126.467878
67.205741 125.880172
67.205741 125.292467
67.205741 124.704761
67.793447 124.117056
67.793447 123.529350
67.793447 122.941645
67.793447 122.353940
68.381152 121.766234
68.381152 121.178529
68.968857 120.590823
68.968857 120.003118
68.968857 119.415413
69.556563 118.827707
69.556563 118.240002
69.556563 117.652296
69.556563 117.064591
69.556563 116.476885
70.144268 115.889180
70.144268 115.301475
70.144268 114.713769
70.731974 114.126064
71.319679 113.538358
71.319679 112.950653
71.907384 112.362947
72.495090 111.775242
72.495090 111.187537
73.082795 110.599831
73.082795 110.012126
73.670501 109.424420
74.258206 108.836715
74.845912 108.836715
75.433617 108.249010
75.433617 107.661304
75.433617 107.073599
76.021322 106.485893
76.609028 105.898188
77.196733 105.310482
77.196733 104.722777
77.784439 104.722777
78.372144 104.135072
78.959850 104.135072
78.959850 103.547366
79.547555 102.959661
80.135260 102.371955
80.722966 101.784250
81.310671 101.196545
81.310671 100.608839
81.898377 100.021134
82.486082 99.433428
83.073787 98.845723
83.073787 98.258017
83.661493 97.082607
84.249198 97.082607
84.836904 96.494901
85.424609 95.907196
85.424609 95.319490
86.012315 94.731785
86.012315 94.144079
86.600020 93.556374
86.600020 92.968669
87.187725 92.380963
87.775431 91.793258
88.363136 91.205552
88.363136 90.617847
88.950842 90.030142
89.538547 89.442436
89.538547 88.854731
90.126252 88.267025
90.126252 87.679320
90.713958 87.679320
91.301663 87.091614
91.889369 86.503909
92.477074 85.916204
93.064780 85.328498
93.652485 84.740793
94.240190 84.740793
94.827896 84.153087
95.415601 84.153087
96.003307 83.565382
96.591012 83.565382
97.178718 82.977677
97.766423 82.389971
98.354128 82.389971
98.941834 81.802266
99.529539 81.802266
100.117245 81.802266
100.704950 81.214560
101.292655 81.214560
101.880361 80.626855
102.468066 80.039149
103.055772 79.451444
103.643477 79.451444
104.231183 78.863739
104.818888 78.863739
105.406593 78.276033
105.994299 78.276033
106.582004 78.276033
107.169710 77.688328
107.757415 77.688328
108.345120 77.100622
108.932826 77.100622
109.520531 77.100622
110.108237 76.512917
110.695942 76.512917
111.283648 76.512917
111.871353 75.925211
112.459058 75.337506
113.046764 75.337506
113.634469 75.337506
114.222175 75.337506
114.809880 74.749801
115.397586 74.749801
115.985291 74.162095
116.572996 74.162095
117.160702 73.574390
117.748407 73.574390
118.336113 73.574390
118.923818 73.574390
119.511523 72.986684
120.099229 72.986684
120.686934 72.398979
121.274640 72.398979
121.862345 72.398979
122.450051 72.398979
123.037756 71.811274
123.625461 71.811274
124.213167 71.811274
124.800872 71.223568
125.388578 71.223568
125.976283 71.223568
126.563989 71.223568
127.151694 71.223568
127.739399 71.223568
128.327105 71.223568
128.914810 71.223568
129.502516 71.223568
130.090221 70.635863
130.677926 70.635863
131.265632 71.223568
131.853337 71.223568
132.441043 71.223568
133.028748 71.223568
133.616454 71.223568
134.791864 71.223568
135.379570 71.223568
135.967275 71.811274
136.554981 71.811274
137.142686 71.811274
137.730391 72.398979
138.318097 72.398979
138.905802 72.398979
139.493508 72.986684
140.081213 72.986684
140.668919 73.574390
141.256624 73.574390
141.844329 74.162095
142.432035 74.162095
143.019740 74.749801
143.607446 75.337506
143.607446 75.925211
144.195151 76.512917
144.782857 77.100622
145.370562 77.688328
145.370562 78.276033
145.370562 78.863739
145.958267 79.451444
145.958267 80.039149
146.545973 80.626855
146.545973 81.214560
146.545973 81.802266
146.545973 82.389971
146.545973 82.977677
146.545973 83.565382
146.545973 84.153087
146.545973 84.740793
146.545973 85.328498
145.958267 85.916204
145.958267 86.503909
145.958267 87.091614
145.370562 87.679320
144.782857 87.679320
144.195151 88.267025
143.607446 88.267025
143.019740 88.854731
142.432035 89.442436
141.844329 90.030142
141.256624 90.030142
140.668919 90.617847
140.081213 90.617847
139.493508 91.205552
139.493508 91.793258
