151.121339 83.120784
150.508316 83.733807
150.508316 84.346829
150.508316 84.959852
150.508316 85.572875
150.508316 86.185898
150.508316 86.798921
149.895293 86.798921
150.508316 86.798921
149.895293 86.798921
149.282271 87.411944
148.669248 87.411944
148.669248 88.024967
148.056225 88.024967
147.443202 88.637990
146.830179 88.637990
146.830179 89.251013
146.217156 89.864036
145.604133 89.864036
144.991110 90.477059
144.378087 91.090082
143.765064 91.703104
143.152041 91.703104
143.152041 92.316127
142.539018 92.929150
141.925996 92.929150
141.312973 93.542173
140.699950 93.542173
140.699950 94.155196
140.086927 94.155196
140.086927 94.768219
139.473904 94.768219
139.473904 95.381242
138.860881 95.994265
138.860881 96.607288
138.247858 97.220311
137.634835 97.833334
137.021812 98.446357
136.408789 99.059379
135.795766 99.672402
135.795766 100.285425
135.182743 100.898448
134.569721 101.511471
133.956698 102.124494
133.956698 102.737517
133.343675 103.350540
132.730652 103.963563
132.730652 104.576586
132.117629 105.189609
132.117629 105.802632
131.504606 106.415654
131.504606 107.028677
130.891583 107.641700
130.891583 108.254723
130.278560 108.867746
130.278560 109.480769
129.665537 110.093792
129.665537 110.706815
129.052514 111.319838
129.052514 111.932861
129.052514 112.545884
128.439491 113.158907
128.439491 113.771929
127.826468 114.384952
127.826468 114.997975
127.213446 115.610998
127.213446 116.224021
126.600423 116.837044
126.600423 117.450067
126.600423 118.063090
125.987400 118.676113
125.987400 119.289136
125.374377 119.902159
125.374377 120.515182
125.374377 121.128204
124.761354 121.741227
124.761354 122.354250
124.761354 122.967273
124.761354 123.580296
124.148331 124.193319
124.148331 124.806342
124.148331 125.419365
124.148331 126.032388
124.148331 126.645411
123.535308 127.258434
123.535308 127.871457
123.535308 128.484479
123.535308 129.097502
123.535308 129.710525
123.535308 130.323548
122.922285 130.936571
122.922285 131.549594
122.922285 132.162617
122.922285 132.775640
122.922285 133.388663
122.922285 134.001686
122.922285 134.614709
122.922285 135.227732
122.922285 135.840754
122.922285 136.453777
122.922285 137.066800
122.922285 137.679823
122.922285 138.292846
122.922285 138.905869
122.922285 139.518892
122.922285 140.131915
122.922285 140.744938
122.922285 141.357961
122.922285 141.970984
122.922285 142.584007
122.922285 143.197029
123.535308 143.810052
123.535308 144.423075
123.535308 145.036098
123.535308 145.649121
123.535308 146.262144
123.535308 146.875167
123.535308 147.488190
123.535308 148.101213
123.535308 148.714236
123.535308 149.327259
123.535308 149.940282
123.535308 150.553304
123.535308 151.166327
123.535308 151.779350
123.535308 152.392373
123.535308 153.005396
123.535308 153.618419
123.535308 154.231442
123.535308 154.844465
123.535308 155.457488
123.535308 156.070511
123.535308 156.683534
123.535308 157.296557
123.535308 158.522602
122.922285 159.135625
122.922285 159.748648
122.309262 160.361671
122.309262 161.587717
121.696239 162.200740
121.696239 162.813763
121.083216 163.426786
121.083216 164.039809
120.470193 165.265854
119.857171 165.265854
119.244148 165.878877
118.631125 165.878877
118.018102 165.878877
117.405079 166.491900
116.792056 166.491900
116.179033 167.104923
114.952987 167.104923
114.339964 167.717946
113.726941 167.717946
113.113918 168.330969
112.500896 168.330969
111.887873 168.330969
111.274850 168.943992
110.661827 168.943992
110.048804 168.943992
108.822758 168.943992
108.209735 168.943992
107.596712 168.943992
106.983689 168.943992
106.370666 168.943992
105.757643 168.943992
105.144621 168.943992
104.531598 168.943992
103.918575 168.943992
102.692529 168.943992
102.079506 168.943992
101.466483 168.943992
100.853460 168.943992
100.240437 168.943992
99.627414 168.943992
99.014391 168.943992
98.401368 168.943992
97.175323 168.943992
96.562300 168.943992
95.949277 168.943992
95.336254 168.330969
94.723231 168.330969
94.110208 167.717946
93.497185 167.104923
92.884162 167.104923
92.271139 166.491900
91.658116 166.491900
91.045093 166.491900
90.432071 165.878877
89.819048 165.878877
89.206025 165.265854
88.593002 165.265854
87.366956 164.652832
86.753933 164.652832
86.140910 164.039809
85.527887 164.039809
84.914864 164.039809
84.301841 163.426786
83.688818 163.426786
83.075796 162.813763
82.462773 162.813763
81.849750 162.200740
81.236727 162.200740
80.623704 162.200740
80.010681 161.587717
79.397658 161.587717
78.784635 160.974694
78.171612 160.974694
77.558589 160.361671
76.945566 159.748648
76.332543 159.748648
75.719521 159.135625
75.106498 158.522602
73.880452 158.522602
73.267429 157.909579
72.654406 157.296557
72.041383 157.296557
71.428360 156.683534
70.815337 156.070511
70.202314 155.457488
69.589291 154.844465
68.976268 154.231442
68.976268 153.618419
68.363246 153.005396
67.750223 152.392373
67.137200 151.779350
66.524177 151.166327
65.911154 150.553304
65.298131 149.940282
64.685108 149.327259
64.685108 148.714236
64.072085 148.101213
63.459062 147.488190
62.846039 146.875167
62.846039 146.262144
62.846039 145.649121
62.846039 145.036098
62.846039 144.423075
62.846039 143.810052
62.233016 143.197029
62.233016 142.584007
62.233016 141.970984
62.233016 140.744938
61.619993 140.131915
61.619993 139.518892
61.619993 138.905869
61.006971 138.292846
61.006971 137.679823
61.006971 137.066800
60.393948 136.453777
60.393948 135.840754
60.393948 135.227732
60.393948 134.614709
60.393948 134.001686
60.393948 133.388663
61.006971 132.775640
61.006971 131.549594
61.006971 130.936571
61.619993 130.323548
61.619993 129.710525
61.619993 129.097502
62.233016 127.871457
62.233016 127.258434
62.233016 126.645411
62.233016 126.032388
62.846039 124.806342
62.846039 124.193319
62.846039 123.580296
63.459062 122.967273
63.459062 122.354250
63.459062 121.128204
64.072085 120.515182
64.072085 119.902159
64.072085 119.289136
64.685108 118.676113
64.685108 118.063090
64.685108 117.450067
64.685108 116.837044
64.685108 116.224021
65.298131 114.997975
65.298131 114.384952
65.911154 113.771929
65.911154 113.158907
66.524177 112.545884
66.524177 111.932861
66.524177 111.319838
67.137200 110.706815
67.137200 110.093792
67.750223 109.480769
67.750223 108.867746
68.363246 108.254723
68.363246 107.641700
68.363246 107.028677
68.976268 106.415654
68.976268 105.802632
69.589291 105.189609
69.589291 104.576586
70.202314 103.963563
70.202314 103.350540
70.202314 102.124494
70.815337 101.511471
70.815337 100.898448
71.428360 100.285425
71.428360 99.672402
72.041383 99.059379
72.041383 98.446357
72.041383 97.833334
72.654406 97.220311
73.267429 96.607288
73.880452 95.994265
73.880452 95.381242
74.493475 94.768219
75.106498 93.542173
75.719521 92.929150
76.332543 92.316127
76.945566 91.703104
77.558589 91.090082
78.171612 90.477059
78.784635 89.864036
79.397658 89.251013
80.010681 88.024967
80.623704 87.411944
81.236727 86.798921
81.236727 86.185898
81.849750 85.572875
82.462773 84.959852
83.075796 84.346829
83.688818 83.733807
84.301841 83.120784
84.914864 82.507761
85.527887 81.894738
86.140910 81.281715
86.753933 81.281715
87.366956 80.668692
87.979979 80.055669
88.593002 79.442646
89.206025 79.442646
89.819048 78.829623
90.432071 78.216600
91.045093 77.603577
91.658116 77.603577
92.271139 76.990554
92.884162 76.377532
93.497185 75.764509
94.110208 75.764509
94.723231 75.151486
95.336254 74.538463
95.949277 73.925440
96.562300 73.925440
97.175323 73.925440
97.788346 73.925440
99.014391 73.925440
99.627414 73.925440
100.240437 73.312417
100.853460 73.312417
101.466483 72.699394
102.079506 72.699394
102.692529 72.086371
103.305552 72.086371
103.918575 71.473348
104.531598 71.473348
105.144621 70.860325
105.757643 70.860325
106.370666 70.247302
106.983689 70.247302
107.596712 69.634279
108.209735 69.634279
108.822758 69.021257
109.435781 69.021257
110.048804 68.408234
110.661827 68.408234
111.274850 67.795211
111.887873 67.795211
113.113918 67.795211
113.726941 67.795211
114.339964 67.182188
114.952987 67.182188
115.566010 67.182188
116.179033 67.182188
116.792056 67.182188
117.405079 66.569165
118.631125 66.569165
119.244148 66.569165
119.857171 66.569165
120.470193 66.569165
121.083216 65.956142
121.696239 65.956142
122.309262 65.956142
122.922285 65.956142
124.148331 65.956142
124.761354 65.956142
125.374377 66.569165
125.987400 66.569165
126.600423 66.569165
127.213446 66.569165
127.826468 66.569165
128.439491 66.569165
129.052514 66.569165
129.665537 66.569165
130.278560 66.569165
130.891583 66.569165
132.117629 66.569165
132.730652 66.569165
133.343675 66.569165
133.956698 66.569165
134.569721 67.182188
135.182743 67.182188
135.795766 67.182188
136.408789 67.182188
137.021812 67.795211
137.634835 67.795211
138.247858 67.795211
138.860881 67.795211
139.473904 67.795211
140.086927 68.408234
140.699950 68.408234
141.312973 68.408234
141.925996 68.408234
142.539018 68.408234
143.152041 69.021257
143.765064 69.634279
144.378087 70.247302
144.991110 70.860325
144.991110 71.473348
145.604133 72.086371
146.217156 72.699394
146.830179 73.312417
147.443202 73.925440
147.443202 74.538463
148.056225 75.764509
148.669248 76.377532
149.282271 76.990554
149.282271 77.603577
149.895293 78.216600
150.508316 78.829623
151.121339 79.442646
151.734362 80.055669
151.734362 80.668692
151.121339 81.281715
151.121339 81.894738
151.121339 82.507761
151.121339 83.120784
