142.741665 95.501243
142.260158 95.982750
141.778652 95.982750
141.778652 96.464257
141.297145 96.945764
140.815638 97.427271
140.334131 97.908778
139.852624 97.908778
139.852624 98.390284
139.371118 98.871791
138.889611 99.353298
138.408104 99.834805
137.926597 100.316312
137.926597 100.797818
137.445090 101.279325
136.963583 101.760832
136.482077 102.242339
136.000570 102.723846
136.000570 103.205353
135.519063 103.686859
135.037556 104.168366
135.037556 104.649873
134.556049 105.131380
134.074542 105.612887
134.074542 106.094393
133.593036 106.575900
133.111529 107.057407
133.111529 107.538914
132.630022 108.020421
132.630022 108.501928
132.148515 108.983434
132.148515 109.464941
131.667008 109.946448
131.185502 110.427955
131.185502 110.909462
130.703995 111.390968
130.703995 111.872475
130.222488 112.353982
130.222488 112.835489
130.222488 113.316996
129.740981 113.798503
129.740981 114.280009
129.259474 114.761516
129.259474 115.243023
128.777967 115.724530
128.777967 116.206037
128.777967 116.687543
128.296461 117.169050
128.296461 117.650557
128.296461 118.132064
127.814954 118.613571
127.814954 119.095078
127.333447 119.576584
127.333447 120.058091
127.333447 120.539598
127.333447 121.021105
126.851940 121.502612
126.851940 121.984118
126.851940 122.465625
126.370433 122.947132
126.370433 123.428639
126.370433 123.910146
126.370433 124.391653
126.370433 124.873159
125.888927 125.354666
125.888927 125.836173
125.888927 126.317680
125.888927 126.799187
125.888927 127.280693
125.407420 127.762200
125.407420 128.243707
125.407420 128.725214
125.407420 129.206721
125.407420 129.688228
125.407420 130.169734
125.407420 130.651241
124.925913 131.132748
124.925913 131.614255
124.925913 132.095762
124.925913 132.577268
124.925913 133.058775
124.925913 133.540282
124.925913 134.021789
124.925913 134.503296
124.925913 134.984803
124.925913 135.466309
124.925913 135.947816
124.925913 136.429323
124.925913 136.910830
124.925913 137.392337
124.925913 137.873843
124.925913 138.355350
124.925913 138.836857
124.925913 139.318364
124.925913 139.799871
124.925913 140.281378
124.925913 140.762884
124.925913 141.244391
124.925913 141.725898
124.925913 142.207405
124.925913 142.688912
124.925913 143.170418
124.925913 143.651925
124.925913 144.133432
124.925913 144.614939
124.925913 145.096446
124.925913 145.577953
124.925913 146.059459
125.407420 146.540966
125.407420 147.022473
125.407420 147.503980
125.407420 147.985487
125.407420 148.466993
125.407420 148.948500
125.407420 149.430007
125.888927 149.911514
125.888927 150.393021
125.407420 150.874528
125.407420 151.356034
125.407420 150.874528
125.407420 151.356034
125.407420 151.837541
125.407420 152.319048
124.925913 152.319048
124.925913 152.800555
124.925913 153.282062
124.444406 153.763568
124.444406 154.245075
124.444406 154.726582
124.444406 155.208089
123.962899 155.208089
123.962899 155.689596
123.481392 156.171103
123.481392 156.652609
123.481392 157.134116
122.999886 157.134116
122.999886 157.615623
122.518379 157.615623
122.518379 158.097130
122.036872 158.578637
122.036872 159.060143
121.555365 159.060143
121.555365 159.541650
121.073858 160.023157
120.592352 160.504664
120.110845 160.986171
120.110845 161.467678
119.629338 161.467678
119.147831 161.949184
118.666324 162.430691
118.184817 162.430691
117.703311 162.912198
117.221804 163.393705
116.740297 163.393705
116.258790 163.875212
115.777283 164.356719
115.295777 164.356719
114.814270 164.838225
114.332763 164.838225
113.851256 164.838225
113.369749 165.319732
112.888242 165.319732
112.406736 165.319732
111.925229 165.801239
111.443722 165.801239
110.962215 165.801239
110.480708 165.801239
109.999202 165.801239
109.517695 166.282746
109.036188 166.282746
108.554681 166.282746
108.073174 166.282746
107.591667 166.282746
107.110161 166.282746
106.628654 166.282746
106.147147 166.282746
105.665640 166.282746
105.184133 166.282746
104.702627 166.282746
104.221120 165.801239
103.739613 165.801239
103.258106 165.801239
102.776599 165.801239
102.295092 165.801239
101.813586 165.801239
101.332079 165.801239
100.850572 165.319732
100.369065 165.319732
99.887558 165.319732
99.406052 165.319732
98.924545 165.319732
98.443038 164.838225
97.961531 164.838225
97.480024 164.838225
96.998517 164.356719
96.517011 164.356719
96.035504 164.356719
95.553997 164.356719
95.553997 163.875212
95.072490 163.875212
94.590983 163.875212
94.109477 163.875212
94.109477 163.393705
93.627970 163.393705
93.146463 163.393705
92.664956 163.393705
92.664956 162.912198
92.183449 162.912198
91.701942 162.430691
91.220436 162.430691
91.220436 161.949184
90.738929 161.949184
90.257422 161.949184
90.257422 161.467678
89.775915 161.467678
89.775915 160.986171
89.294408 160.986171
88.812902 160.504664
88.331395 160.504664
88.331395 160.023157
87.849888 160.023157
87.849888 159.541650
87.368381 159.541650
86.886874 159.060143
86.405367 158.578637
85.923861 158.578637
85.923861 158.097130
85.442354 158.097130
85.442354 157.615623
84.960847 157.615623
84.960847 157.134116
84.479340 156.652609
84.479340 156.171103
83.997833 155.689596
83.516327 155.689596
83.034820 155.689596
83.034820 155.208089
82.553313 154.726582
82.071806 154.245075
81.590299 153.763568
81.108792 153.282062
80.627286 152.800555
80.145779 152.800555
80.145779 152.319048
79.664272 151.837541
79.182765 151.356034
78.701258 150.874528
78.701258 150.393021
78.219752 149.911514
77.738245 149.430007
77.738245 148.948500
77.256738 148.466993
76.775231 147.985487
76.775231 147.503980
76.293724 147.022473
76.293724 146.540966
76.293724 146.059459
75.812217 145.577953
75.812217 145.096446
75.812217 144.614939
75.330711 144.133432
75.330711 143.651925
75.330711 143.170418
75.330711 142.688912
75.330711 142.207405
74.849204 141.725898
74.849204 141.244391
74.849204 140.762884
74.849204 140.281378
74.849204 139.799871
74.849204 139.318364
74.849204 138.836857
74.849204 138.355350
74.367697 137.873843
74.367697 137.392337
73.886190 136.910830
73.886190 136.429323
73.404683 135.947816
73.404683 135.466309
72.923177 134.984803
72.923177 134.503296
72.923177 134.021789
72.441670 133.540282
72.441670 133.058775
72.441670 132.577268
71.960163 132.095762
71.960163 131.614255
71.960163 131.132748
71.960163 130.651241
71.960163 130.169734
71.478656 129.688228
71.478656 129.206721
71.478656 128.243707
71.478656 127.762200
71.478656 127.280693
71.478656 126.799187
71.478656 126.317680
71.478656 125.836173
71.478656 125.354666
71.478656 124.873159
71.478656 124.391653
71.960163 123.910146
71.960163 123.428639
71.960163 122.947132
71.960163 122.465625
71.960163 121.984118
71.960163 121.502612
71.960163 121.021105
72.441670 120.539598
72.441670 120.058091
72.441670 119.576584
72.441670 119.095078
72.923177 118.613571
72.923177 118.132064
72.923177 117.650557
72.923177 117.169050
73.404683 116.687543
73.404683 116.206037
73.404683 115.724530
73.886190 115.243023
73.886190 114.761516
73.886190 114.280009
73.886190 113.798503
74.367697 113.316996
74.367697 112.835489
74.849204 112.353982
74.849204 111.872475
74.849204 111.390968
75.330711 110.909462
75.330711 110.427955
75.330711 109.946448
75.812217 109.464941
75.812217 108.983434
75.812217 108.501928
75.812217 108.020421
76.293724 107.538914
76.775231 107.057407
76.775231 106.575900
77.256738 106.094393
77.256738 105.612887
77.738245 105.131380
78.219752 104.649873
78.219752 104.168366
78.701258 103.686859
78.701258 103.205353
79.182765 102.723846
79.182765 102.242339
79.664272 101.760832
80.145779 101.279325
80.145779 100.797818
80.627286 100.316312
80.627286 99.834805
81.108792 99.353298
81.590299 98.871791
82.071806 98.390284
82.071806 97.908778
82.553313 97.427271
83.034820 96.945764
83.034820 96.464257
83.516327 95.982750
83.997833 95.501243
84.479340 95.019737
84.479340 94.538230
84.960847 94.056723
85.442354 93.575216
85.923861 93.093709
86.405367 92.130696
86.405367 91.649189
86.886874 91.167682
87.368381 90.686175
87.849888 90.204668
88.331395 89.723162
88.812902 89.241655
89.294408 88.760148
89.775915 88.278641
90.257422 87.797134
90.738929 87.315628
91.220436 86.834121
91.701942 86.352614
92.183449 85.871107
92.664956 85.389600
93.146463 84.908093
93.627970 84.908093
94.109477 84.426587
94.590983 83.945080
95.072490 83.463573
95.553997 82.982066
96.035504 82.500559
96.517011 82.500559
96.998517 82.019053
97.480024 81.537546
97.961531 81.537546
98.443038 81.056039
98.924545 80.574532
99.406052 80.574532
99.887558 80.093025
100.369065 80.093025
100.850572 79.611518
101.332079 79.611518
101.813586 79.130012
102.295092 79.130012
102.776599 79.130012
103.258106 78.648505
104.221120 78.648505
104.702627 78.648505
105.184133 78.166998
105.665640 78.166998
106.147147 78.166998
106.628654 77.685491
107.110161 77.685491
107.591667 77.685491
108.073174 77.203984
108.554681 76.722478
109.036188 76.240971
109.517695 75.759464
109.999202 75.759464
110.480708 75.277957
110.962215 74.796450
111.443722 74.796450
111.925229 74.314943
112.406736 73.833437
112.888242 73.833437
113.369749 73.351930
113.851256 73.351930
114.332763 72.870423
114.814270 72.870423
115.295777 72.870423
115.777283 72.388916
116.258790 72.388916
116.740297 72.388916
117.221804 71.907409
117.703311 71.907409
118.184817 71.907409
118.666324 71.907409
119.147831 71.907409
119.629338 71.425903
120.110845 71.425903
120.592352 71.425903
121.073858 71.425903
121.555365 71.425903
122.036872 70.944396
122.518379 70.944396
122.999886 70.944396
123.481392 70.944396
123.962899 70.944396
124.444406 70.462889
124.925913 70.462889
125.407420 70.462889
125.888927 70.462889
126.370433 70.462889
126.851940 70.462889
127.333447 70.462889
127.814954 70.462889
128.296461 70.462889
128.777967 70.462889
129.259474 70.462889
129.740981 70.462889
130.222488 70.462889
130.703995 70.462889
131.185502 70.462889
131.667008 70.462889
132.148515 70.462889
132.630022 70.462889
133.111529 70.462889
133.593036 70.462889
134.074542 70.462889
134.556049 70.944396
135.037556 70.944396
135.519063 70.944396
136.000570 70.944396
136.482077 70.944396
136.963583 71.425903
137.445090 71.425903
137.926597 71.425903
138.408104 71.907409
138.889611 71.907409
139.371118 71.907409
139.852624 72.388916
140.334131 72.388916
140.815638 72.870423
141.297145 72.870423
141.297145 73.351930
141.778652 73.351930
142.260158 73.833437
142.741665 74.314943
143.223172 74.314943
143.704679 74.796450
144.186186 75.277957
144.667693 75.277957
144.667693 75.759464
145.149199 76.240971
145.630706 76.722478
146.112213 77.203984
146.112213 77.685491
146.593720 78.166998
147.075227 78.648505
147.075227 79.130012
147.556733 79.611518
148.038240 80.093025
148.038240 80.574532
148.519747 81.056039
148.519747 81.537546
148.519747 82.019053
149.001254 82.500559
149.001254 82.982066
149.001254 83.463573
149.482761 83.945080
149.482761 84.426587
149.482761 84.908093
149.482761 85.389600
149.482761 85.871107
149.964268 86.352614
149.964268 86.834121
149.964268 87.315628
149.964268 87.797134
149.964268 88.278641
149.964268 88.760148
149.964268 89.241655
149.482761 89.723162
149.001254 90.204668
148.519747 90.204668
148.038240 90.204668
148.038240 90.686175
147.556733 91.167682
147.075227 91.649189
146.593720 91.649189
146.593720 92.130696
146.112213 92.130696
145.630706 92.612203
145.149199 92.612203
145.149199 93.093709
144.667693 93.093709
144.667693 93.575216
144.186186 94.056723
143.704679 94.056723
143.704679 94.538230
143.223172 94.538230
143.223172 95.019737
142.741665 95.501243
