100.492357 83.026399
100.492357 83.495536
100.961495 83.964674
100.961495 84.433811
100.961495 84.902949
100.961495 85.372086
100.492357 85.841224
100.492357 86.310361
100.492357 86.779498
100.023220 87.248636
100.023220 87.717773
100.023220 88.186911
99.554082 88.656048
99.554082 89.125186
99.554082 89.594323
99.554082 90.063461
99.084945 90.532598
99.084945 91.001736
99.084945 91.470873
99.084945 91.940011
99.084945 92.409148
98.615807 92.878286
98.615807 93.347423
98.615807 93.816561
98.615807 94.285698
98.615807 94.754836
98.615807 95.223973
98.615807 95.693111
98.146670 96.162248
98.146670 96.631386
98.146670 97.100523
98.146670 97.569661
98.146670 98.038798
98.146670 98.507936
98.146670 98.977073
98.146670 99.446211
98.146670 99.915348
98.146670 100.384486
98.146670 100.853623
98.146670 101.322761
98.146670 101.791898
98.146670 102.261036
98.146670 102.730173
98.146670 103.199311
98.146670 103.668448
98.146670 104.137586
98.146670 104.606723
98.146670 105.075861
98.146670 105.544998
98.146670 106.014136
98.146670 106.483273
98.146670 106.014136
98.146670 106.483273
98.615807 106.952411
98.615807 107.421548
98.615807 107.890686
98.615807 108.359823
98.615807 108.828961
98.615807 109.298098
98.615807 109.767236
98.615807 110.236373
99.084945 110.236373
99.084945 110.705511
99.084945 111.174648
99.084945 111.643786
99.084945 112.112923
99.554082 112.582061
99.554082 113.051198
99.554082 113.520336
99.554082 113.989473
100.023220 114.458611
100.023220 114.927748
100.023220 115.396886
100.492357 115.866023
100.492357 116.335161
100.492357 116.804298
100.492357 117.273436
100.961495 117.273436
100.961495 117.742573
100.961495 118.211711
100.961495 118.680848
101.430632 118.680848
101.430632 119.149986
101.430632 119.619123
101.899770 119.619123
101.899770 120.088261
102.368907 120.557398
102.368907 121.026536
102.368907 121.495673
102.838045 121.495673
102.838045 121.964810
102.838045 122.433948
103.307182 122.433948
103.307182 122.903085
103.776320 123.372223
103.776320 123.841360
104.245457 124.310498
104.245457 124.779635
104.714595 125.248773
104.714595 125.717910
105.183732 126.187048
105.183732 126.656185
105.652870 126.656185
105.652870 127.125323
106.122007 127.125323
106.122007 127.594460
106.122007 128.063598
106.591145 128.063598
107.060282 128.532735
107.060282 129.001873
107.529420 129.001873
107.529420 129.471010
107.998557 129.940148
108.467694 130.409285
108.467694 130.878423
108.936832 130.878423
109.405969 131.347560
109.405969 131.816698
109.875107 131.816698
110.344244 132.285835
110.813382 132.754973
110.813382 133.224110
111.282519 133.224110
111.751657 133.693248
112.220794 134.162385
112.689932 134.631523
113.159069 135.100660
113.628207 135.569798
114.097344 136.038935
114.566482 136.508073
115.035619 136.508073
115.504757 136.977210
115.973894 137.446348
116.443032 137.915485
116.912169 137.915485
117.381307 138.384623
117.850444 138.853760
118.319582 138.853760
118.788719 139.322898
119.257857 139.792035
119.726994 139.792035
120.196132 140.261173
120.665269 140.261173
121.134407 140.730310
121.603544 140.730310
122.072682 141.199448
122.541819 141.199448
123.010957 141.668585
123.480094 141.668585
123.949232 142.137723
124.418369 142.137723
124.887507 142.606860
125.356644 142.606860
125.825782 143.075998
126.294919 143.075998
126.764057 143.075998
127.233194 143.545135
127.702332 143.545135
128.171469 143.545135
128.640607 144.014273
129.109744 144.014273
129.578882 144.483410
129.109744 144.952548
128.640607 145.421685
128.171469 146.359960
127.702332 146.829098
127.233194 147.298235
126.764057 147.767373
126.294919 148.236510
125.825782 148.705648
125.356644 149.174785
124.418369 149.643923
123.949232 150.113060
123.480094 150.582198
123.010957 150.582198
122.541819 151.051335
122.072682 151.520473
121.603544 151.989610
121.134407 152.458748
120.665269 152.927885
120.196132 153.397023
119.726994 153.397023
119.257857 153.866160
118.319582 154.335298
117.850444 154.804435
117.381307 155.273573
116.912169 155.742710
116.443032 156.211848
115.973894 156.211848
115.504757 156.680985
115.035619 157.150122
114.566482 157.619260
114.097344 158.088397
113.628207 158.557535
113.159069 158.557535
112.220794 159.026672
111.751657 159.495810
111.282519 159.964947
110.813382 159.964947
110.344244 160.434085
109.405969 160.903222
108.936832 160.903222
108.467694 161.372360
107.998557 161.372360
107.060282 161.841497
106.591145 161.841497
106.122007 162.310635
105.652870 162.779772
105.183732 162.779772
104.245457 163.248910
103.776320 163.248910
103.307182 163.718047
102.838045 164.187185
101.899770 164.187185
101.430632 164.656322
100.961495 164.656322
100.492357 165.125460
99.554082 165.125460
99.084945 165.125460
98.615807 165.594597
98.146670 165.594597
97.677532 165.594597
97.208395 165.594597
96.739257 165.594597
96.270120 166.063735
95.331845 166.063735
94.862707 166.063735
94.393570 166.063735
93.924432 166.063735
93.455295 166.532872
92.986157 166.532872
92.517020 166.532872
92.047882 166.532872
91.109607 166.532872
90.640470 166.063735
90.171332 165.594597
89.702195 165.125460
89.233057 164.656322
88.763920 164.656322
88.294782 164.187185
87.825645 163.718047
86.887370 163.248910
86.418232 162.779772
85.949095 162.310635
85.479957 161.841497
85.010820 161.372360
84.541682 160.903222
84.072545 160.434085
84.072545 159.964947
83.603407 159.495810
83.134270 159.026672
83.134270 158.557535
82.665132 158.088397
82.665132 157.619260
82.195995 157.150122
81.726857 156.680985
81.726857 156.211848
81.257720 155.742710
80.788582 154.804435
80.788582 154.335298
80.788582 153.866160
80.788582 153.397023
80.788582 152.927885
80.788582 152.458748
80.788582 151.989610
80.788582 151.520473
80.788582 151.051335
80.788582 150.582198
80.788582 150.113060
80.788582 149.643923
80.788582 149.174785
80.319445 148.705648
80.319445 147.767373
80.319445 147.298235
79.850307 146.829098
79.850307 146.359960
79.850307 145.890823
79.850307 145.421685
79.381170 144.483410
79.381170 144.014273
79.381170 143.545135
78.912032 143.075998
78.912032 142.606860
78.912032 142.137723
78.442895 141.199448
78.442895 140.730310
78.442895 140.261173
77.973757 139.792035
77.973757 139.322898
77.973757 138.853760
77.504620 137.915485
77.504620 137.446348
77.504620 136.977210
77.035482 136.508073
77.035482 136.038935
77.035482 135.569798
76.566345 134.631523
76.566345 134.162385
76.566345 133.693248
76.566345 133.224110
76.097207 132.754973
76.097207 132.285835
76.097207 131.347560
75.628070 130.878423
75.628070 130.409285
75.628070 129.471010
75.628070 129.001873
75.628070 128.532735
75.628070 128.063598
75.158932 127.594460
75.158932 126.656185
75.158932 126.187048
75.158932 125.717910
75.158932 125.248773
75.158932 124.779635
74.689795 123.841360
74.689795 123.372223
74.689795 122.903085
74.689795 122.433948
74.689795 121.964810
74.689795 121.026536
74.220657 120.557398
74.220657 120.088261
74.220657 119.619123
74.220657 119.149986
74.220657 118.211711
74.220657 117.742573
73.751520 117.273436
73.751520 116.804298
73.751520 116.335161
73.751520 115.396886
73.751520 114.927748
73.751520 114.458611
73.282382 113.989473
73.282382 113.520336
73.282382 112.582061
73.282382 112.112923
73.282382 111.643786
73.282382 111.174648
72.813245 110.705511
72.813245 109.767236
72.813245 109.298098
72.813245 108.828961
72.813245 108.359823
72.813245 107.890686
72.344108 106.952411
72.344108 106.483273
72.344108 106.014136
72.344108 105.544998
72.344108 105.075861
72.344108 104.137586
72.344108 103.668448
72.813245 103.199311
73.282382 102.261036
73.751520 101.791898
74.220657 100.853623
74.689795 100.384486
75.158932 99.446211
75.628070 98.977073
76.097207 98.507936
76.566345 97.569661
77.035482 97.100523
77.504620 96.162248
77.973757 95.693111
78.442895 94.754836
78.912032 94.285698
79.381170 93.347423
79.850307 92.878286
80.319445 91.940011
80.788582 91.470873
81.257720 91.001736
81.726857 90.063461
82.195995 89.594323
82.665132 88.656048
83.134270 88.186911
83.603407 87.248636
84.072545 86.779498
84.541682 85.841224
85.010820 85.372086
85.479957 84.902949
85.949095 83.964674
86.418232 83.495536
86.887370 82.557261
87.356507 82.088124
87.825645 81.149849
88.294782 81.149849
88.763920 81.149849
89.702195 80.680711
90.171332 80.680711
90.640470 80.680711
91.109607 80.680711
91.578745 80.680711
92.047882 80.211574
92.517020 80.211574
92.986157 80.211574
93.455295 80.211574
94.393570 80.211574
94.862707 79.742436
95.331845 79.742436
95.800982 79.742436
96.270120 79.742436
97.208395 79.742436
97.677532 79.742436
98.146670 79.273299
98.615807 79.273299
98.615807 79.742436
98.615807 80.211574
99.084945 80.211574
99.084945 80.680711
99.554082 81.149849
99.554082 81.618986
100.023220 82.088124
100.492357 83.026399
