100.393768 75.541152
100.393768 76.046766
99.888154 76.552379
99.888154 77.057993
99.382540 77.563607
99.382540 78.069221
99.382540 78.574835
98.876926 79.080449
98.876926 79.586063
98.371312 80.091677
98.371312 80.597291
97.865698 81.102905
97.865698 81.608519
97.865698 82.114133
97.360084 82.619747
97.360084 83.125361
97.360084 83.630975
96.854470 84.136589
96.854470 84.642203
96.854470 85.147816
96.348857 85.653430
96.348857 86.159044
96.348857 86.664658
96.348857 87.170272
96.348857 87.675886
95.843243 88.181500
95.843243 88.687114
95.843243 89.192728
95.843243 89.698342
95.843243 90.203956
95.337629 90.709570
95.337629 91.215184
95.337629 91.720798
95.337629 92.226412
95.337629 92.732026
95.337629 93.237639
95.337629 93.743253
95.337629 94.248867
95.337629 94.754481
94.832015 95.260095
94.832015 95.765709
94.832015 96.271323
94.832015 96.776937
94.832015 97.282551
94.832015 97.788165
94.832015 98.293779
94.832015 98.799393
94.832015 99.305007
94.832015 99.810621
94.832015 100.316235
94.832015 100.821849
94.832015 101.327463
95.337629 101.327463
95.337629 101.833076
95.337629 102.338690
95.337629 102.844304
95.337629 103.349918
95.337629 103.855532
95.337629 104.361146
95.337629 104.866760
95.337629 105.372374
95.337629 105.877988
95.843243 105.877988
95.843243 106.383602
95.843243 106.889216
95.843243 107.394830
95.843243 107.900444
96.348857 108.406058
96.348857 108.911672
96.348857 109.417286
96.348857 109.922900
96.348857 110.428513
96.348857 110.934127
96.854470 110.934127
96.854470 111.439741
96.854470 111.945355
96.854470 112.450969
97.360084 112.450969
97.360084 112.956583
97.360084 113.462197
97.360084 113.967811
97.865698 113.967811
97.865698 114.473425
97.865698 114.979039
98.371312 115.484653
98.371312 115.990267
98.371312 116.495881
98.876926 116.495881
98.876926 117.001495
99.382540 117.507109
99.382540 118.012723
99.382540 118.518337
99.382540 118.012723
99.382540 118.518337
99.382540 119.023950
99.888154 119.023950
99.888154 119.529564
99.888154 120.035178
100.393768 120.035178
100.393768 120.540792
100.899382 121.046406
101.404996 121.552020
101.404996 122.057634
101.404996 122.563248
101.910610 122.563248
101.910610 123.068862
101.910610 123.574476
102.416224 123.574476
102.921838 124.080090
102.921838 124.585704
102.921838 125.091318
103.427452 125.091318
103.933066 125.596932
103.933066 126.102546
104.438680 126.102546
104.438680 126.608160
104.944294 127.113774
105.449907 127.619387
105.449907 128.125001
105.955521 128.125001
106.461135 128.630615
106.461135 129.136229
106.966749 129.641843
106.966749 130.147457
107.472363 130.147457
107.977977 130.653071
108.483591 131.158685
108.989205 131.664299
109.494819 132.169913
110.000433 132.675527
110.506047 133.181141
111.011661 133.686755
111.517275 133.686755
112.022889 134.192369
112.528503 134.697983
113.034117 135.203597
113.539731 135.709211
114.045344 135.709211
114.550958 136.214824
115.056572 136.720438
115.562186 137.226052
116.067800 137.226052
116.573414 137.731666
117.079028 138.237280
117.584642 138.237280
118.090256 138.742894
118.595870 138.742894
119.101484 139.248508
119.607098 139.754122
120.112712 139.754122
120.618326 140.259736
121.123940 140.259736
121.629554 140.765350
122.135167 140.765350
122.640781 140.765350
123.146395 141.270964
123.652009 141.270964
124.157623 141.776578
124.663237 141.776578
125.168851 142.282192
125.674465 142.282192
126.180079 142.282192
126.685693 142.787806
127.191307 142.787806
127.696921 142.787806
128.202535 143.293420
128.708149 143.293420
129.213763 143.293420
129.719377 143.799034
130.224991 143.799034
130.730604 143.799034
131.236218 143.799034
130.730604 144.304648
130.730604 144.810261
130.224991 145.315875
130.224991 145.821489
130.224991 146.327103
129.719377 146.832717
129.719377 147.338331
129.213763 147.843945
129.213763 148.855173
129.213763 149.360787
128.708149 149.866401
128.708149 150.372015
128.202535 150.877629
127.696921 151.383243
127.191307 151.888857
126.685693 151.888857
126.180079 152.394471
125.674465 152.900085
125.168851 153.405698
124.663237 153.405698
124.157623 153.911312
123.652009 154.416926
122.640781 154.922540
122.135167 155.428154
121.629554 155.428154
121.123940 155.933768
120.618326 156.439382
120.112712 156.944996
119.607098 157.450610
119.101484 157.450610
118.595870 157.956224
118.090256 158.461838
117.584642 158.967452
117.079028 158.967452
116.067800 159.473066
115.562186 159.978680
115.056572 160.484294
114.550958 160.989908
114.045344 160.989908
113.539731 161.495522
113.034117 162.001135
112.528503 162.506749
112.022889 163.012363
111.517275 163.012363
111.011661 163.517977
110.506047 164.023591
109.494819 164.023591
108.989205 164.529205
108.483591 164.529205
107.977977 165.034819
107.472363 165.034819
106.966749 165.034819
106.461135 165.540433
105.955521 165.540433
105.449907 165.540433
104.944294 166.046047
103.933066 166.046047
103.427452 166.551661
102.921838 166.551661
102.416224 166.551661
101.910610 167.057275
101.404996 167.057275
100.899382 167.562889
100.393768 167.562889
99.888154 167.562889
99.382540 168.068503
98.876926 168.068503
97.865698 168.574117
97.360084 168.574117
96.854470 168.574117
96.348857 169.079731
95.843243 169.079731
95.337629 169.079731
94.832015 169.079731
94.326401 169.079731
93.820787 169.079731
93.315173 169.079731
92.809559 169.585345
91.798331 169.585345
91.292717 169.585345
90.787103 169.585345
90.281489 169.585345
89.775875 169.585345
89.270261 169.585345
88.764647 169.585345
88.259033 169.585345
87.753420 170.090959
87.247806 170.090959
86.236578 170.090959
85.730964 170.090959
85.225350 170.090959
85.225350 169.585345
84.719736 169.079731
84.214122 168.574117
83.708508 167.562889
83.202894 167.057275
83.202894 166.551661
82.697280 166.046047
82.191666 165.540433
81.686052 165.034819
81.686052 164.023591
81.180438 163.517977
80.674824 163.012363
80.169210 162.506749
80.169210 162.001135
79.663596 161.495522
79.157983 160.989908
78.652369 159.978680
78.652369 159.473066
78.146755 158.967452
77.641141 158.461838
77.641141 157.956224
77.641141 157.450610
77.641141 156.944996
77.641141 156.439382
77.641141 155.933768
77.641141 155.428154
77.641141 154.922540
77.641141 153.911312
77.135527 152.900085
77.135527 152.394471
77.135527 151.383243
76.629913 150.877629
76.629913 149.866401
76.629913 148.855173
76.124299 148.349559
76.124299 147.338331
76.124299 146.327103
75.618685 145.821489
75.618685 144.810261
75.618685 144.304648
75.618685 143.293420
75.113071 142.282192
75.113071 141.776578
75.113071 140.765350
74.607457 140.259736
74.607457 139.248508
74.607457 138.237280
74.101843 137.731666
74.101843 136.720438
74.101843 135.709211
74.101843 135.203597
73.596229 134.192369
73.596229 133.686755
73.596229 132.675527
73.090615 131.664299
73.090615 131.158685
73.090615 130.147457
72.585001 129.136229
72.585001 128.630615
72.585001 127.619387
72.079387 127.113774
72.079387 126.102546
72.079387 125.091318
72.079387 124.585704
71.573773 123.574476
71.573773 123.068862
71.573773 122.057634
71.068159 121.046406
71.068159 120.540792
71.068159 119.529564
70.562546 118.518337
70.562546 118.012723
70.562546 117.001495
70.056932 116.495881
70.056932 115.484653
70.056932 114.473425
70.056932 113.967811
70.056932 113.462197
70.056932 112.450969
70.056932 111.945355
70.056932 110.934127
70.562546 110.428513
70.562546 109.922900
70.562546 108.911672
70.562546 108.406058
70.562546 107.394830
70.562546 106.889216
71.068159 106.383602
71.068159 105.372374
71.068159 104.866760
71.068159 103.855532
71.068159 103.349918
71.068159 102.338690
71.573773 101.833076
71.573773 101.327463
71.573773 100.316235
71.573773 99.810621
71.573773 98.799393
71.573773 98.293779
72.079387 97.788165
72.079387 96.776937
72.079387 96.271323
72.079387 95.260095
72.079387 94.754481
72.079387 94.248867
72.585001 93.237639
72.585001 92.732026
72.585001 91.720798
72.585001 91.215184
72.585001 90.203956
73.090615 89.698342
73.596229 89.192728
74.101843 88.687114
74.607457 88.181500
75.113071 87.170272
75.618685 86.664658
76.629913 86.159044
77.135527 85.653430
77.641141 84.642203
78.146755 84.136589
78.652369 83.630975
79.157983 83.125361
79.663596 82.619747
80.169210 81.608519
80.674824 81.102905
81.180438 80.597291
81.686052 80.091677
82.191666 79.080449
82.697280 78.574835
83.202894 78.069221
83.708508 77.563607
84.214122 77.057993
84.719736 76.046766
85.225350 75.541152
85.730964 75.035538
86.236578 75.035538
87.247806 74.529924
87.753420 74.529924
88.259033 74.529924
88.764647 74.529924
89.270261 74.024310
89.775875 74.024310
90.281489 74.024310
90.787103 74.024310
91.292717 73.518696
91.798331 73.518696
92.809559 73.518696
93.315173 73.013082
93.820787 73.013082
94.326401 73.013082
94.832015 73.013082
95.337629 72.507468
95.843243 72.507468
96.348857 72.507468
96.854470 73.013082
97.360084 73.518696
97.865698 73.518696
98.371312 74.024310
98.876926 74.529924
99.382540 75.035538
99.888154 75.035538
100.393768 75.541152
