92.320727 103.154792
92.663241 103.497306
92.663241 103.839819
92.663241 104.182333
92.663241 104.524846
93.005754 104.867360
93.005754 105.209873
93.005754 105.552387
93.005754 105.894900
93.005754 106.237414
93.348268 106.237414
93.348268 106.579927
93.348268 106.922441
93.690781 107.264954
93.690781 107.607468
93.690781 107.949982
93.690781 108.292495
93.690781 108.635009
93.690781 108.977522
93.690781 109.320036
93.690781 109.662549
93.690781 110.005063
93.690781 110.347576
93.690781 110.690090
93.690781 111.032603
93.690781 111.375117
93.690781 111.717630
93.690781 112.060144
93.690781 112.402657
93.690781 112.745171
94.033295 113.087684
94.033295 113.430198
94.033295 113.772711
94.033295 114.115225
94.033295 114.457738
94.033295 114.800252
94.375808 115.142765
94.375808 115.485279
94.375808 115.827792
94.375808 116.170306
94.375808 116.512819
94.375808 117.197846
94.718322 117.540360
94.718322 117.882873
94.718322 118.225387
94.718322 118.567900
95.060835 118.910414
95.060835 119.252927
95.403349 119.595441
95.403349 119.937954
95.403349 120.280468
95.745862 120.622981
95.745862 120.965495
96.088376 121.308008
96.088376 121.650522
96.430889 121.993035
96.430889 122.335549
96.773403 122.678062
96.773403 123.020576
97.115916 123.363090
97.115916 123.705603
97.458430 124.048117
97.800943 124.390630
97.800943 124.733144
97.800943 125.075657
98.143457 125.418171
98.485970 125.760684
98.485970 126.103198
98.828484 126.445711
99.170997 126.788225
99.170997 127.130738
99.513511 127.473252
99.856024 127.815765
100.198538 128.158279
100.541051 128.500792
100.883565 128.843306
100.883565 129.185819
101.226078 129.185819
101.568592 129.528333
101.568592 129.870846
101.911105 129.870846
102.253619 130.213360
102.596132 130.555873
102.938646 130.898387
103.281159 131.240900
103.623673 131.583414
103.966186 131.925927
104.308700 132.268441
104.651213 132.610954
104.993727 132.953468
105.336240 133.295981
105.678754 133.638495
106.021267 133.981008
106.363781 134.323522
106.706294 134.666035
107.048808 134.666035
107.391322 135.008549
107.733835 135.351062
108.076349 135.351062
108.418862 135.693576
108.761376 136.036089
109.103889 136.036089
109.446403 136.378603
109.788916 136.378603
110.131430 136.721116
110.473943 136.721116
110.816457 137.063630
111.501484 137.063630
111.843997 137.406143
112.186511 137.406143
112.529024 137.748657
112.871538 137.748657
113.214051 137.748657
113.556565 138.091170
113.899078 138.433684
114.241592 138.433684
114.584105 138.433684
114.926619 138.776197
115.269132 138.776197
115.611646 138.776197
115.954159 139.118711
116.296673 139.118711
116.639186 139.118711
116.981700 139.461225
117.324213 139.461225
117.666727 139.461225
118.009240 139.461225
118.351754 139.803738
118.694267 139.803738
119.036781 139.803738
119.379294 140.146252
119.721808 140.146252
120.064321 140.146252
120.406835 140.146252
120.749348 140.146252
120.749348 140.488765
120.749348 140.831279
121.091862 141.173792
121.434375 141.516306
121.776889 141.858819
121.776889 142.201333
121.434375 142.543846
121.434375 142.886360
121.091862 143.228873
121.091862 143.571387
120.749348 143.913900
120.749348 144.256414
120.406835 144.598927
120.406835 144.941441
120.064321 145.283954
119.721808 145.626468
119.721808 145.968981
119.379294 146.311495
119.379294 146.654008
119.036781 146.996522
119.036781 147.339035
118.694267 147.681549
118.351754 148.024062
118.351754 148.366576
118.351754 148.709089
118.009240 149.051603
117.666727 149.394116
117.666727 149.736630
117.324213 150.079143
117.324213 150.421657
116.981700 150.764170
116.639186 151.106684
116.639186 151.449197
116.639186 151.791711
116.296673 151.791711
115.954159 151.791711
115.611646 151.791711
115.269132 151.791711
114.926619 151.791711
114.584105 151.791711
114.241592 151.791711
113.899078 152.134224
113.556565 152.134224
113.214051 152.134224
112.871538 152.134224
112.529024 152.134224
112.186511 152.134224
111.843997 152.134224
111.501484 152.134224
111.158970 152.134224
110.816457 152.134224
110.473943 152.134224
110.131430 152.476738
109.788916 152.476738
109.446403 152.476738
109.103889 152.476738
108.761376 152.476738
108.418862 152.476738
108.076349 152.476738
107.733835 152.476738
107.391322 152.476738
107.048808 152.476738
106.706294 152.476738
106.363781 152.819251
106.021267 152.819251
105.678754 152.819251
105.336240 152.819251
104.993727 152.819251
104.651213 152.819251
104.308700 152.819251
103.966186 152.819251
103.623673 152.819251
103.281159 152.819251
102.938646 153.161765
102.596132 153.161765
102.253619 153.504278
101.911105 153.504278
101.568592 153.504278
101.226078 153.846792
100.883565 153.846792
100.541051 154.189305
100.198538 154.189305
99.856024 154.189305
99.513511 154.531819
99.170997 154.531819
98.828484 154.531819
98.485970 154.531819
98.143457 154.874333
97.800943 154.874333
97.458430 154.874333
97.115916 155.216846
96.773403 155.216846
96.430889 155.559360
96.088376 155.559360
95.745862 155.216846
95.403349 154.874333
95.060835 154.531819
95.060835 154.189305
94.718322 153.846792
94.375808 153.504278
94.375808 153.161765
94.033295 152.819251
93.690781 152.476738
93.690781 152.134224
93.348268 151.791711
93.005754 151.449197
93.005754 151.106684
92.663241 150.764170
92.663241 150.421657
92.320727 150.079143
91.978214 149.736630
91.635700 149.394116
91.635700 149.051603
91.293186 148.709089
90.950673 148.366576
90.608159 148.024062
90.608159 147.681549
90.608159 147.339035
90.265646 146.996522
89.923132 146.654008
89.923132 146.311495
89.580619 145.968981
89.238105 145.626468
89.238105 145.283954
88.895592 144.941441
88.553078 144.598927
88.210565 144.256414
88.210565 143.913900
87.868051 143.571387
87.525538 143.228873
87.183024 142.886360
87.183024 142.543846
86.840511 142.201333
86.497997 141.858819
86.497997 141.516306
86.155484 141.173792
85.812970 140.831279
85.812970 140.488765
85.470457 140.146252
85.470457 139.803738
85.127943 139.461225
84.785430 139.118711
84.442916 138.776197
84.442916 138.433684
84.100403 138.091170
83.757889 137.748657
83.415376 137.406143
83.415376 137.063630
83.415376 136.721116
83.072862 136.378603
82.730349 136.036089
82.730349 135.693576
82.387835 135.351062
82.045322 135.008549
81.702808 134.666035
81.360295 134.323522
81.360295 133.981008
81.360295 133.638495
81.360295 133.295981
81.360295 132.953468
81.017781 132.610954
81.017781 132.268441
81.017781 131.925927
81.017781 131.583414
81.017781 131.240900
81.017781 130.898387
81.017781 130.555873
80.675268 130.213360
80.675268 129.870846
80.675268 129.528333
80.675268 129.185819
80.675268 128.843306
80.675268 128.500792
80.675268 128.158279
80.675268 127.815765
80.675268 127.473252
80.675268 127.130738
80.675268 126.788225
80.675268 126.445711
80.675268 126.103198
80.675268 125.418171
80.675268 125.075657
80.675268 124.733144
80.675268 124.390630
80.675268 124.048117
80.675268 123.705603
80.675268 123.363090
80.675268 123.020576
80.675268 122.678062
80.675268 122.335549
80.675268 121.993035
80.675268 121.650522
80.675268 121.308008
80.675268 120.965495
80.675268 120.622981
80.675268 120.280468
80.675268 119.937954
80.675268 119.595441
80.675268 119.252927
80.332754 118.910414
80.332754 118.567900
80.332754 118.225387
80.332754 117.882873
80.332754 117.540360
80.332754 117.197846
80.332754 116.855333
80.332754 116.512819
80.332754 116.170306
80.332754 115.827792
80.332754 115.485279
80.332754 115.142765
80.332754 114.800252
80.332754 114.457738
80.332754 114.115225
80.332754 113.772711
80.332754 113.430198
80.332754 113.087684
80.332754 112.745171
80.332754 112.402657
80.332754 112.060144
80.675268 111.717630
81.017781 111.717630
81.360295 111.375117
81.360295 111.032603
81.702808 110.690090
82.045322 110.347576
82.045322 110.005063
82.387835 109.662549
82.730349 109.320036
83.072862 108.977522
83.415376 108.635009
83.757889 108.292495
84.100403 107.949982
84.442916 107.607468
84.442916 107.264954
84.785430 106.922441
85.127943 106.579927
85.470457 106.579927
85.470457 106.237414
85.812970 105.894900
86.155484 105.552387
86.155484 105.209873
86.497997 104.867360
86.840511 104.867360
87.183024 104.524846
87.525538 104.182333
87.868051 103.839819
88.210565 103.497306
88.553078 103.154792
88.895592 103.154792
89.238105 103.154792
89.580619 102.812279
89.923132 102.812279
90.265646 102.812279
90.608159 102.812279
90.950673 102.812279
90.608159 102.812279
90.950673 102.812279
91.293186 102.469765
91.635700 102.469765
91.293186 102.469765
91.635700 102.469765
91.978214 102.469765
92.320727 102.469765
92.320727 102.127252
92.663241 102.127252
92.320727 102.469765
92.320727 102.812279
92.320727 103.154792
