99.206911 100.416489
99.206911 100.703285
99.206911 100.990081
99.206911 101.276877
99.206911 101.563672
99.206911 101.850468
99.206911 102.137264
99.206911 102.424060
99.206911 102.710855
99.493707 102.997651
99.493707 103.284447
99.493707 103.571243
99.493707 103.858039
99.493707 104.144834
99.493707 104.431630
99.493707 104.718426
99.780502 104.718426
99.780502 105.005222
99.780502 105.292017
99.780502 105.578813
99.780502 105.292017
99.780502 105.578813
99.780502 105.865609
100.067298 106.152405
100.067298 106.439200
100.067298 106.725996
100.067298 107.012792
100.067298 107.299588
100.354094 107.299588
100.354094 107.586384
100.354094 107.873179
100.354094 108.159975
100.640890 108.446771
100.640890 108.733567
100.640890 109.020362
100.927686 109.307158
100.927686 109.593954
100.927686 109.880750
101.214481 110.167545
101.214481 110.454341
101.501277 110.741137
101.501277 111.027933
101.501277 111.314729
101.788073 111.601524
101.788073 111.888320
102.074869 112.175116
102.074869 112.461912
102.074869 112.748707
102.361664 112.748707
102.361664 113.035503
102.361664 113.322299
102.648460 113.322299
102.648460 113.609095
102.648460 113.895890
102.935256 113.895890
102.935256 114.182686
103.222052 114.469482
103.222052 114.756278
103.508847 115.043074
103.508847 115.329869
103.795643 115.616665
103.795643 115.903461
104.082439 116.190257
104.369235 116.477052
104.369235 116.763848
104.656031 117.050644
104.942826 117.337440
104.942826 117.624235
105.229622 117.911031
105.229622 118.197827
105.516418 118.197827
105.516418 118.484623
105.803214 118.771419
105.803214 119.058214
106.090009 119.058214
106.376805 119.345010
106.376805 119.631806
106.663601 119.918602
106.950397 120.205397
106.950397 120.492193
107.237192 120.492193
107.523988 120.778989
107.523988 121.065785
107.810784 121.352580
107.810784 121.639376
108.097580 121.639376
108.384376 121.926172
108.671171 122.212968
108.671171 122.499764
108.957967 122.499764
109.244763 122.786559
109.531559 123.073355
109.818354 123.360151
110.105150 123.646947
110.391946 123.933742
110.678742 124.220538
110.965537 124.507334
111.252333 124.794130
111.539129 125.080925
111.825925 125.080925
112.112721 125.367721
112.399516 125.654517
112.686312 125.941313
112.973108 126.228109
113.259904 126.228109
113.546699 126.514904
113.833495 126.801700
114.120291 127.088496
114.407087 127.088496
114.693882 127.375292
114.980678 127.662087
115.267474 127.662087
115.554270 127.948883
115.841066 128.235679
116.127861 128.235679
116.414657 128.522475
116.701453 128.809270
116.988249 128.809270
117.275044 129.096066
117.561840 129.096066
117.848636 129.382862
118.135432 129.382862
118.422227 129.669658
118.709023 129.669658
118.995819 129.956454
119.282615 129.956454
119.569411 130.243249
119.856206 130.243249
120.143002 130.530045
120.429798 130.530045
120.716594 130.816841
121.003389 130.816841
121.290185 131.103637
121.576981 131.103637
121.863777 131.103637
122.150572 131.390432
122.437368 131.677228
122.724164 131.964024
123.010960 132.250820
123.297756 132.537615
123.584551 133.111207
123.871347 133.398003
124.158143 133.684799
124.444939 134.258390
124.731734 134.545186
125.018530 134.831982
125.305326 135.118777
125.018530 135.692369
125.018530 135.979165
125.018530 136.265960
125.018530 136.552756
125.018530 136.839552
124.731734 137.126348
124.731734 137.699939
124.731734 137.986735
124.731734 138.273531
124.731734 138.560327
124.444939 138.847122
124.444939 139.133918
124.444939 139.420714
124.444939 139.994305
124.444939 140.281101
124.444939 140.567897
124.158143 140.854693
124.158143 141.141489
124.158143 141.428284
124.158143 142.001876
123.871347 142.288672
123.584551 142.575467
123.297756 142.862263
123.010960 143.149059
122.724164 143.435855
122.437368 143.722650
121.863777 144.009446
121.576981 144.296242
121.290185 144.583038
121.003389 144.869834
120.716594 145.156629
120.429798 145.443425
120.143002 145.730221
119.856206 146.017017
119.569411 146.303812
119.282615 146.590608
118.995819 146.877404
118.709023 146.877404
118.422227 147.164200
118.135432 147.164200
117.848636 147.450995
117.561840 147.450995
117.275044 147.737791
116.988249 147.737791
116.701453 147.737791
116.127861 148.024587
115.841066 148.024587
115.554270 148.024587
115.267474 148.311383
114.980678 148.311383
114.693882 148.311383
114.407087 148.598178
113.833495 148.598178
113.546699 148.598178
113.259904 148.884974
112.973108 148.884974
112.686312 148.884974
112.399516 149.171770
111.825925 149.171770
111.539129 149.171770
111.252333 149.171770
110.965537 149.458566
110.678742 149.458566
110.391946 149.458566
109.818354 149.745362
109.531559 149.745362
109.244763 149.745362
108.957967 150.032157
108.671171 150.032157
108.384376 150.032157
108.097580 150.318953
107.523988 150.318953
107.237192 150.318953
106.950397 150.318953
106.663601 150.318953
106.090009 150.318953
105.803214 150.318953
105.516418 150.605749
105.229622 150.605749
104.656031 150.605749
104.369235 150.605749
104.082439 150.605749
103.795643 150.605749
103.222052 150.892545
102.935256 150.892545
102.648460 150.892545
102.361664 150.892545
102.074869 150.892545
101.501277 150.892545
101.214481 150.892545
100.927686 151.179340
100.640890 151.179340
100.067298 151.179340
99.780502 151.179340
99.493707 151.179340
99.206911 151.179340
98.920115 150.892545
98.633319 150.605749
98.346524 150.032157
97.772932 149.745362
97.486136 149.458566
97.199341 149.171770
96.912545 148.598178
96.625749 148.311383
96.338953 148.024587
96.052157 147.737791
95.765362 147.450995
95.478566 146.877404
95.191770 146.590608
94.904974 146.303812
94.618179 146.017017
94.331383 145.443425
94.044587 145.156629
93.757791 144.869834
93.470996 144.583038
93.184200 144.296242
92.897404 143.722650
92.610608 143.435855
92.323812 143.149059
92.037017 142.862263
91.750221 142.575467
91.463425 142.001876
91.176629 141.715080
90.889834 141.428284
90.316242 141.141489
90.029446 140.567897
89.742651 140.281101
89.455855 139.994305
89.169059 139.707510
88.882263 139.420714
88.882263 139.133918
88.595468 138.847122
88.308672 138.560327
88.021876 138.273531
87.735080 137.986735
87.448284 137.699939
87.161489 137.413144
86.874693 136.839552
86.874693 136.552756
86.587897 136.265960
86.587897 135.979165
86.587897 135.692369
86.301101 135.118777
86.301101 134.831982
86.301101 134.545186
86.301101 133.971594
86.301101 133.684799
86.301101 133.111207
86.301101 132.824411
86.301101 132.537615
86.301101 131.964024
86.301101 131.677228
86.301101 131.390432
86.301101 130.816841
86.014306 130.530045
86.014306 130.243249
86.014306 129.669658
86.014306 129.382862
86.014306 129.096066
86.014306 128.522475
86.014306 128.235679
86.014306 127.948883
86.014306 127.375292
86.014306 127.088496
86.014306 126.801700
86.014306 126.228109
86.014306 125.941313
85.727510 125.367721
85.727510 125.080925
85.727510 124.794130
85.727510 124.220538
85.727510 123.933742
85.727510 123.646947
85.727510 123.073355
85.727510 122.786559
85.727510 122.499764
85.727510 121.926172
85.727510 121.639376
85.727510 121.352580
85.727510 120.778989
85.440714 120.492193
85.440714 120.205397
85.440714 119.631806
85.440714 119.345010
85.440714 119.058214
85.440714 118.484623
85.440714 118.197827
85.440714 117.911031
85.440714 117.337440
85.440714 117.050644
85.727510 116.477052
86.014306 116.190257
86.014306 115.903461
86.301101 115.329869
86.587897 115.043074
86.874693 114.756278
87.161489 114.182686
87.448284 113.895890
87.735080 113.609095
88.021876 113.035503
88.308672 112.748707
88.308672 112.461912
88.595468 111.888320
88.882263 111.601524
89.169059 111.314729
89.455855 110.741137
89.742651 110.454341
90.029446 110.167545
90.316242 109.593954
90.603038 109.307158
90.603038 108.733567
90.889834 108.446771
91.176629 108.159975
91.463425 107.586384
91.750221 107.299588
92.037017 107.012792
92.323812 106.439200
92.610608 106.152405
92.897404 105.865609
92.897404 105.292017
93.184200 105.005222
93.470996 104.718426
93.757791 104.144834
94.044587 103.858039
94.331383 103.571243
94.618179 102.997651
94.904974 102.710855
94.904974 102.424060
95.191770 101.850468
95.478566 101.563672
95.765362 100.990081
96.052157 100.703285
96.338953 100.416489
96.625749 100.416489
96.912545 100.416489
97.199341 100.416489
97.486136 100.416489
97.772932 100.416489
97.486136 100.416489
97.199341 100.416489
97.486136 100.416489
97.772932 100.416489
98.059728 100.416489
98.346524 100.416489
98.633319 100.416489
98.920115 100.416489
99.206911 100.416489
