102.352148 67.822025
101.798226 68.375947
101.798226 68.929869
101.244305 69.483791
100.690383 70.037713
100.690383 70.591634
100.136461 71.145556
100.136461 71.699478
99.582539 72.253400
99.582539 72.807322
99.028617 73.361244
99.028617 73.915166
98.474695 74.469088
98.474695 75.023010
97.920773 75.576932
97.920773 76.130854
97.920773 76.684776
97.366851 77.238698
97.366851 77.792619
97.366851 78.346541
96.812929 78.900463
96.812929 79.454385
96.812929 80.008307
96.259007 80.562229
96.259007 81.116151
96.259007 81.670073
96.259007 82.223995
96.259007 82.777917
95.705085 83.331839
95.705085 83.885761
95.705085 84.439682
95.705085 84.993604
95.705085 85.547526
95.705085 86.101448
95.151163 86.655370
95.151163 87.209292
95.151163 87.763214
95.151163 88.317136
95.151163 88.871058
95.151163 89.424980
95.151163 89.978902
95.151163 90.532824
95.151163 91.086746
95.151163 91.640667
95.151163 92.194589
95.151163 92.748511
95.151163 93.302433
95.151163 93.856355
95.151163 94.410277
95.151163 94.964199
95.151163 95.518121
95.151163 96.072043
95.705085 96.625965
95.705085 97.179887
95.705085 97.733809
95.705085 98.287731
95.705085 98.841652
95.705085 99.395574
96.259007 99.949496
96.259007 100.503418
96.259007 101.057340
96.259007 101.611262
96.259007 102.165184
96.812929 102.719106
96.812929 103.273028
96.812929 103.826950
97.366851 104.380872
97.366851 104.934794
97.366851 105.488715
97.366851 106.042637
97.920773 106.042637
97.920773 106.596559
97.920773 107.150481
97.920773 107.704403
98.474695 107.704403
98.474695 108.258325
98.474695 108.812247
98.474695 109.366169
99.028617 109.366169
99.028617 109.920091
99.028617 110.474013
99.582539 110.474013
99.582539 111.027935
99.582539 111.581857
100.136461 111.581857
100.136461 112.135779
100.136461 112.689700
100.690383 112.689700
100.690383 113.243622
101.244305 113.797544
101.244305 114.351466
101.798226 114.905388
102.352148 115.459310
102.352148 116.013232
102.906070 116.567154
102.906070 117.121076
103.459992 117.674998
103.459992 118.228920
103.459992 118.782842
104.013914 118.782842
104.013914 119.336763
104.567836 119.890685
104.567836 120.444607
104.567836 120.998529
105.121758 120.998529
105.121758 121.552451
105.121758 122.106373
105.675680 122.106373
105.675680 122.660295
106.229602 123.214217
106.229602 123.768139
106.229602 124.322061
106.783524 124.322061
106.783524 124.875983
107.337446 124.875983
107.337446 125.429905
107.337446 125.983827
107.891368 125.983827
107.891368 126.537748
108.445289 126.537748
108.445289 127.091670
108.999211 127.091670
108.999211 127.645592
109.553133 128.199514
110.107055 128.753436
110.660977 129.307358
110.660977 129.861280
111.214899 129.861280
111.768821 130.415202
112.322743 130.969124
112.322743 131.523046
112.876665 131.523046
113.430587 132.076968
113.984509 132.630890
114.538431 133.184811
115.092353 133.738733
115.646274 134.292655
116.200196 134.846577
116.754118 135.400499
117.308040 135.954421
117.861962 136.508343
118.415884 137.062265
118.969806 137.616187
119.523728 138.170109
120.077650 138.170109
120.631572 138.724031
120.631572 139.277953
121.185494 139.277953
121.739416 139.831875
122.293337 139.831875
122.847259 140.385796
123.401181 140.939718
123.955103 140.939718
124.509025 141.493640
125.062947 141.493640
125.616869 142.047562
126.170791 142.047562
126.724713 142.601484
127.278635 142.601484
127.832557 143.155406
128.386479 143.155406
128.940401 143.709328
128.386479 143.709328
127.832557 144.263250
127.278635 144.817172
126.724713 144.817172
126.170791 145.371094
125.616869 145.925016
125.062947 145.925016
124.509025 146.478938
123.955103 147.032859
123.401181 147.032859
122.847259 147.586781
122.293337 148.140703
121.739416 148.694625
121.185494 148.694625
120.631572 149.248547
120.077650 149.802469
119.523728 149.802469
118.969806 150.356391
117.861962 150.910313
117.308040 150.910313
116.754118 151.464235
116.200196 152.018157
115.646274 152.018157
115.092353 152.572079
114.538431 153.126001
113.984509 153.126001
113.430587 153.126001
112.876665 153.126001
112.322743 153.679923
111.214899 153.679923
110.660977 153.679923
110.107055 154.233844
109.553133 154.233844
108.999211 154.233844
108.445289 154.233844
107.891368 154.787766
106.783524 154.787766
106.229602 154.787766
105.675680 155.341688
105.121758 155.341688
104.567836 155.341688
104.013914 155.341688
102.906070 155.895610
102.352148 155.895610
101.798226 155.895610
101.244305 156.449532
100.690383 156.449532
100.136461 156.449532
99.028617 156.449532
98.474695 157.003454
98.474695 157.557376
97.920773 158.111298
97.366851 158.665220
96.812929 159.219142
96.259007 159.219142
95.151163 159.773064
94.597241 160.326986
94.043320 160.326986
93.489398 160.880908
92.381554 160.880908
91.827632 161.434829
91.273710 161.434829
90.719788 161.988751
89.611944 161.988751
89.058022 162.542673
88.504100 162.542673
87.950178 163.096595
86.842335 163.650517
86.288413 163.650517
85.734491 164.204439
85.180569 164.204439
84.072725 164.758361
83.518803 164.758361
82.964881 165.312283
82.410959 165.312283
81.857037 165.312283
81.303115 165.312283
80.749193 165.866205
80.195272 165.866205
79.641350 165.866205
79.087428 165.866205
77.979584 166.420127
77.979584 165.866205
77.425662 164.758361
76.871740 164.204439
76.871740 163.650517
76.317818 163.096595
75.763896 162.542673
75.763896 161.988751
75.209974 161.434829
74.656052 160.880908
74.656052 160.326986
74.656052 159.773064
74.656052 159.219142
74.656052 158.665220
74.656052 158.111298
74.656052 157.003454
74.656052 156.449532
74.656052 155.895610
74.656052 155.341688
74.656052 154.787766
74.656052 154.233844
74.656052 153.679923
74.656052 153.126001
74.656052 152.572079
74.656052 152.018157
74.656052 151.464235
74.656052 150.910313
74.656052 150.356391
74.102130 149.802469
74.102130 149.248547
74.102130 148.694625
74.102130 148.140703
74.102130 147.586781
74.102130 147.032859
74.102130 146.478938
74.102130 145.925016
74.102130 144.817172
74.102130 144.263250
74.102130 143.709328
74.102130 143.155406
74.102130 142.601484
74.102130 142.047562
74.102130 140.939718
74.102130 140.385796
73.548209 139.831875
73.548209 139.277953
73.548209 138.724031
73.548209 137.616187
73.548209 137.062265
72.994287 136.508343
72.994287 135.954421
72.994287 134.846577
72.994287 134.292655
72.994287 133.738733
72.440365 133.184811
72.440365 132.630890
72.440365 131.523046
72.440365 130.969124
72.440365 130.415202
71.886443 129.861280
71.886443 129.307358
71.886443 128.199514
71.886443 127.645592
71.886443 127.091670
71.332521 126.537748
71.332521 125.429905
71.332521 124.875983
71.332521 124.322061
71.332521 123.768139
70.778599 123.214217
70.778599 122.106373
70.778599 121.552451
70.778599 120.998529
70.778599 120.444607
70.224677 119.336763
70.224677 118.782842
70.224677 118.228920
70.224677 117.674998
70.224677 117.121076
69.670755 116.013232
69.670755 115.459310
69.670755 114.905388
69.670755 114.351466
69.670755 113.243622
69.116833 112.689700
69.116833 112.135779
69.116833 111.581857
69.116833 111.027935
69.116833 109.920091
68.562911 109.366169
68.562911 108.812247
68.562911 108.258325
68.562911 107.704403
68.562911 107.150481
68.562911 106.596559
68.562911 106.042637
68.562911 105.488715
68.562911 104.934794
68.562911 104.380872
68.562911 103.826950
68.562911 103.273028
68.562911 102.719106
68.562911 102.165184
68.562911 101.611262
68.562911 101.057340
68.562911 100.503418
68.562911 99.949496
68.562911 99.395574
68.562911 98.841652
68.562911 98.287731
68.562911 97.733809
68.562911 97.179887
68.562911 96.625965
68.562911 96.072043
68.562911 95.518121
68.562911 94.964199
68.562911 94.410277
68.562911 93.856355
68.562911 93.302433
68.562911 92.748511
68.008989 92.194589
68.008989 91.640667
68.008989 90.532824
68.562911 89.978902
68.562911 89.424980
68.562911 88.871058
68.562911 87.763214
68.562911 87.209292
68.562911 86.655370
68.562911 86.101448
68.562911 84.993604
69.116833 84.439682
69.116833 83.885761
69.116833 83.331839
69.116833 82.223995
69.116833 81.670073
69.116833 81.116151
69.116833 80.562229
69.116833 79.454385
69.670755 78.900463
69.670755 78.346541
69.670755 77.792619
69.670755 76.684776
69.670755 76.130854
69.670755 75.576932
69.670755 75.023010
69.670755 74.469088
70.224677 73.915166
70.224677 72.807322
70.778599 72.253400
71.332521 71.699478
71.886443 71.145556
72.440365 71.145556
72.994287 70.591634
73.548209 70.037713
74.102130 70.037713
74.656052 69.483791
75.209974 68.929869
75.763896 68.375947
76.317818 67.822025
76.871740 67.822025
77.425662 67.268103
77.979584 66.714181
79.087428 66.160259
79.641350 65.606337
80.195272 65.606337
80.749193 65.052415
81.303115 64.498493
81.857037 64.498493
82.410959 64.498493
82.964881 63.944571
83.518803 63.944571
84.072725 63.944571
84.626647 63.944571
85.180569 63.944571
85.734491 63.390650
86.288413 63.390650
86.842335 63.390650
87.396257 63.390650
88.504100 63.390650
89.058022 63.390650
89.611944 63.390650
90.165866 63.390650
90.719788 62.836728
91.273710 62.836728
91.827632 62.836728
92.381554 62.836728
92.935476 62.836728
93.489398 62.836728
94.043320 62.836728
94.597241 62.836728
95.151163 62.836728
96.259007 62.836728
96.812929 62.836728
97.366851 62.836728
97.920773 63.390650
98.474695 63.390650
99.028617 63.390650
99.582539 63.390650
100.690383 63.944571
101.244305 63.944571
101.244305 64.498493
101.244305 65.052415
101.798226 65.052415
101.798226 65.606337
101.798226 66.160259
101.798226 66.714181
102.352148 67.268103
102.352148 67.822025
