102.669451 66.835827
102.669451 67.572186
101.933092 68.308546
101.933092 69.044905
101.196733 69.781264
100.460374 70.517624
100.460374 71.253983
99.724014 71.990342
99.724014 72.726701
99.724014 73.463061
98.987655 74.199420
98.987655 74.935779
98.251296 75.672139
98.251296 76.408498
98.251296 77.144857
97.514936 77.881216
97.514936 78.617576
97.514936 79.353935
96.778577 80.090294
96.778577 80.826654
96.778577 81.563013
96.042218 82.299372
96.042218 83.035731
96.042218 83.772091
96.042218 84.508450
96.042218 85.244809
96.042218 85.981169
96.042218 86.717528
96.042218 87.453887
96.042218 88.190246
95.305859 88.926606
95.305859 89.662965
95.305859 90.399324
95.305859 91.135684
95.305859 91.872043
95.305859 92.608402
95.305859 93.344761
95.305859 94.081121
95.305859 94.817480
95.305859 95.553839
95.305859 96.290199
95.305859 97.026558
95.305859 97.762917
95.305859 98.499276
95.305859 99.235636
95.305859 99.971995
95.305859 100.708354
95.305859 101.444714
95.305859 102.181073
95.305859 102.917432
96.042218 103.653791
96.042218 104.390151
96.042218 105.126510
96.042218 105.862869
96.042218 106.599229
96.042218 107.335588
96.042218 108.071947
96.042218 108.808306
96.042218 109.544666
96.778577 111.017384
96.778577 111.753744
96.778577 112.490103
96.778577 113.226462
97.514936 113.962821
97.514936 114.699181
97.514936 115.435540
98.251296 116.171899
98.251296 116.908259
98.987655 117.644618
98.987655 118.380977
98.987655 119.117336
99.724014 119.853696
99.724014 120.590055
100.460374 121.326414
100.460374 122.062774
100.460374 122.799133
101.196733 123.535492
101.933092 124.271851
101.933092 125.008211
102.669451 125.744570
102.669451 126.480929
102.669451 127.217289
103.405811 127.217289
104.142170 127.953648
104.142170 128.690007
104.878529 129.426367
105.614889 130.162726
105.614889 130.899085
106.351248 131.635444
107.087607 132.371804
107.823966 133.108163
108.560326 133.844522
109.296685 134.580882
110.033044 135.317241
110.769404 136.053600
111.505763 136.789959
112.242122 136.789959
112.978481 137.526319
113.714841 137.526319
114.451200 138.262678
114.451200 138.999037
115.187559 139.735397
115.923919 140.471756
116.660278 141.208115
117.396637 141.208115
118.132996 141.944474
118.869356 141.944474
119.605715 142.680834
120.342074 143.417193
121.078434 144.153552
121.814793 144.153552
122.551152 144.153552
123.287511 144.889912
124.023871 145.626271
124.760230 146.362630
125.496589 147.098989
126.232949 147.835349
126.232949 148.571708
126.969308 149.308067
126.969308 150.044427
127.705667 150.780786
127.705667 151.517145
128.442026 151.517145
128.442026 152.253504
129.178386 152.989864
129.914745 153.726223
130.651104 154.462582
130.651104 155.198942
130.651104 155.935301
130.651104 156.671660
130.651104 157.408019
129.914745 158.144379
129.178386 158.880738
128.442026 159.617097
127.705667 159.617097
126.969308 159.617097
126.232949 160.353457
125.496589 160.353457
124.760230 161.089816
124.023871 161.089816
123.287511 161.826175
122.551152 161.826175
121.814793 161.826175
121.078434 162.562534
120.342074 162.562534
119.605715 163.298894
118.869356 163.298894
118.132996 164.035253
117.396637 164.035253
116.660278 164.035253
115.923919 164.771612
115.187559 164.771612
114.451200 165.507972
113.714841 165.507972
112.978481 166.244331
112.242122 166.244331
111.505763 166.980690
110.769404 166.980690
110.033044 166.980690
109.296685 167.717049
108.560326 167.717049
107.823966 168.453409
107.087607 169.189768
106.351248 169.189768
105.614889 169.189768
104.878529 169.926127
104.142170 169.926127
103.405811 170.662487
102.669451 170.662487
101.933092 170.662487
101.196733 170.662487
100.460374 171.398846
99.724014 171.398846
98.987655 172.135205
98.251296 172.135205
97.514936 172.135205
96.778577 172.871564
96.042218 172.871564
95.305859 173.607924
94.569499 173.607924
93.833140 173.607924
93.096781 174.344283
92.360421 174.344283
91.624062 175.080642
90.887703 175.080642
90.151344 175.080642
89.414984 175.817002
88.678625 175.817002
87.942266 175.817002
87.205906 176.553361
86.469547 176.553361
85.733188 176.553361
84.996829 176.553361
84.260469 177.289720
83.524110 177.289720
82.787751 178.026079
82.051391 178.026079
81.315032 178.762439
80.578673 178.762439
79.842314 178.762439
79.105954 179.498798
78.369595 179.498798
77.633236 179.498798
76.896876 179.498798
76.160517 179.498798
75.424158 180.235157
74.687799 180.235157
73.951439 180.235157
73.215080 180.235157
72.478721 180.235157
71.742361 180.235157
71.006002 180.235157
70.269643 180.971517
69.533283 180.971517
68.796924 180.971517
68.060565 180.971517
67.324206 180.971517
66.587846 180.971517
65.851487 180.971517
65.115128 180.971517
64.378768 180.971517
63.642409 180.235157
62.906050 179.498798
62.906050 178.762439
62.906050 178.026079
62.906050 177.289720
62.906050 176.553361
62.906050 175.817002
62.906050 175.080642
62.906050 174.344283
62.906050 173.607924
62.906050 172.871564
62.906050 172.135205
62.906050 171.398846
62.906050 170.662487
62.906050 169.926127
62.906050 169.189768
62.906050 168.453409
62.906050 167.717049
62.906050 166.980690
62.906050 166.244331
62.906050 165.507972
62.906050 164.771612
62.906050 164.035253
62.906050 163.298894
62.906050 162.562534
62.906050 161.826175
62.906050 161.089816
62.906050 160.353457
62.906050 159.617097
62.906050 158.880738
62.906050 158.144379
63.642409 157.408019
63.642409 156.671660
63.642409 155.935301
63.642409 155.198942
63.642409 154.462582
63.642409 153.726223
63.642409 152.989864
63.642409 152.253504
62.906050 151.517145
62.906050 150.780786
62.906050 150.044427
62.906050 149.308067
62.169691 148.571708
62.169691 147.835349
62.169691 147.098989
62.169691 146.362630
62.169691 145.626271
62.169691 144.889912
62.169691 144.153552
62.169691 143.417193
62.169691 142.680834
61.433331 141.944474
61.433331 141.208115
61.433331 140.471756
61.433331 139.735397
61.433331 138.999037
61.433331 138.262678
61.433331 137.526319
60.696972 136.789959
60.696972 136.053600
60.696972 135.317241
60.696972 134.580882
60.696972 133.844522
60.696972 133.108163
59.960613 132.371804
59.960613 131.635444
59.960613 130.899085
59.960613 130.162726
59.960613 129.426367
59.960613 128.690007
59.960613 127.953648
59.224253 127.217289
59.224253 126.480929
59.224253 125.744570
59.224253 125.008211
59.224253 124.271851
59.224253 123.535492
59.224253 122.799133
58.487894 122.062774
58.487894 121.326414
58.487894 120.590055
58.487894 119.853696
58.487894 119.117336
58.487894 117.644618
57.751535 116.908259
57.751535 116.171899
57.751535 115.435540
57.751535 114.699181
57.751535 113.962821
57.751535 113.226462
57.751535 112.490103
57.751535 111.753744
57.751535 111.017384
57.751535 110.281025
57.751535 109.544666
57.751535 108.808306
57.751535 108.071947
57.751535 107.335588
57.751535 106.599229
57.751535 105.862869
57.751535 105.126510
57.751535 104.390151
57.751535 103.653791
57.751535 102.917432
57.751535 102.181073
57.751535 101.444714
57.751535 100.708354
57.751535 99.971995
57.751535 99.235636
57.751535 98.499276
57.751535 97.762917
57.751535 97.026558
57.015176 96.290199
57.015176 95.553839
57.015176 94.817480
57.015176 94.081121
57.015176 93.344761
57.015176 92.608402
57.015176 91.872043
57.015176 91.135684
57.015176 90.399324
57.015176 89.662965
57.015176 88.926606
57.015176 88.190246
57.015176 87.453887
56.278816 86.717528
56.278816 85.981169
56.278816 85.244809
56.278816 84.508450
56.278816 83.772091
56.278816 83.035731
56.278816 82.299372
57.015176 81.563013
57.015176 80.826654
57.015176 80.090294
57.751535 79.353935
57.751535 78.617576
57.751535 77.881216
58.487894 77.144857
58.487894 76.408498
59.224253 75.672139
59.224253 74.935779
59.224253 74.199420
59.960613 73.463061
59.960613 72.726701
60.696972 71.990342
60.696972 71.253983
61.433331 70.517624
61.433331 69.781264
62.169691 69.044905
62.169691 68.308546
62.169691 67.572186
62.906050 66.835827
63.642409 66.099468
64.378768 66.099468
65.115128 65.363109
65.851487 64.626749
66.587846 64.626749
67.324206 63.890390
68.060565 63.154031
68.796924 62.417671
69.533283 61.681312
70.269643 60.944953
71.006002 60.208594
71.742361 59.472234
72.478721 58.735875
73.215080 57.999516
73.951439 57.999516
74.687799 57.263156
75.424158 57.263156
76.160517 56.526797
76.896876 56.526797
77.633236 56.526797
78.369595 56.526797
79.105954 56.526797
79.842314 55.790438
80.578673 55.790438
81.315032 55.790438
82.051391 55.054078
82.787751 55.054078
83.524110 55.054078
84.260469 55.054078
84.996829 55.054078
85.733188 55.790438
86.469547 55.790438
87.205906 56.526797
87.942266 56.526797
88.678625 56.526797
89.414984 57.263156
90.887703 57.263156
91.624062 57.263156
92.360421 57.999516
93.096781 57.999516
93.833140 57.999516
94.569499 57.999516
95.305859 58.735875
96.042218 58.735875
96.778577 59.472234
97.514936 59.472234
98.251296 59.472234
98.987655 60.208594
99.724014 60.944953
100.460374 61.681312
101.196733 61.681312
101.933092 62.417671
102.669451 63.154031
102.669451 63.890390
102.669451 64.626749
103.405811 65.363109
103.405811 66.099468
103.405811 66.835827
102.669451 66.835827
