102.311411 64.644838
102.311411 65.261121
101.695128 65.877404
101.695128 66.493687
101.078845 67.109969
100.462562 67.726252
100.462562 68.342535
99.846279 68.958818
99.229996 69.575101
99.229996 70.191384
98.613714 70.807666
98.613714 71.423949
97.997431 72.040232
97.997431 72.656515
97.381148 73.272798
97.381148 73.889080
97.381148 74.505363
96.764865 75.121646
96.764865 75.737929
96.148582 76.354212
96.148582 76.970495
96.148582 77.586777
95.532300 78.203060
95.532300 78.819343
95.532300 79.435626
94.916017 80.051909
94.916017 80.668191
94.916017 81.284474
94.916017 81.900757
94.299734 82.517040
94.299734 83.133323
94.299734 83.749605
94.299734 84.365888
94.299734 84.982171
94.299734 85.598454
93.683451 86.214737
93.683451 86.831020
93.683451 87.447302
93.683451 88.063585
93.683451 88.679868
93.683451 89.296151
93.683451 89.912434
93.683451 90.528716
93.683451 91.144999
93.683451 91.761282
93.683451 92.377565
93.683451 92.993848
93.683451 93.610131
93.683451 94.226413
93.683451 94.842696
93.683451 95.458979
93.683451 96.075262
93.683451 96.691545
93.683451 97.307827
93.683451 97.924110
93.683451 98.540393
94.299734 99.156676
94.299734 99.772959
94.299734 100.389241
94.299734 101.005524
94.299734 101.621807
94.299734 102.238090
94.299734 102.854373
94.916017 102.854373
94.916017 103.470656
94.916017 104.086938
94.916017 104.703221
94.916017 105.319504
95.532300 105.319504
95.532300 105.935787
95.532300 106.552070
95.532300 107.168352
96.148582 107.168352
96.148582 107.784635
96.148582 108.400918
96.764865 109.017201
96.764865 109.633484
96.764865 110.249766
97.381148 110.249766
97.381148 110.866049
97.381148 111.482332
97.381148 112.098615
97.997431 112.098615
97.997431 112.714898
98.613714 113.331181
98.613714 113.947463
99.229996 114.563746
99.229996 115.180029
99.229996 115.796312
99.846279 115.796312
99.846279 116.412595
100.462562 116.412595
100.462562 117.028877
100.462562 117.645160
101.078845 117.645160
101.078845 118.261443
101.695128 118.261443
101.695128 118.877726
101.695128 119.494009
102.311411 119.494009
102.311411 120.110292
102.927693 120.110292
102.927693 120.726574
103.543976 120.726574
103.543976 121.342857
104.160259 121.959140
104.160259 122.575423
104.776542 122.575423
105.392825 123.191706
105.392825 123.807988
106.009107 123.807988
106.009107 124.424271
106.625390 124.424271
106.625390 125.040554
106.625390 125.656837
107.241673 125.656837
107.241673 126.273120
107.857956 126.273120
107.857956 126.889402
108.474239 126.889402
109.090522 127.505685
109.090522 128.121968
109.706804 128.121968
110.323087 128.738251
110.939370 129.354534
110.939370 129.970817
111.555653 129.970817
111.555653 130.587099
112.171936 130.587099
112.788218 131.203382
113.404501 131.819665
113.404501 132.435948
114.020784 132.435948
114.020784 133.052231
114.637067 133.052231
114.637067 133.668513
115.253350 133.668513
115.253350 134.284796
115.869632 134.284796
116.485915 134.901079
117.102198 134.901079
117.718481 135.517362
117.718481 136.133645
118.334764 136.133645
118.951047 136.749928
118.951047 137.366210
119.567329 137.366210
119.567329 137.982493
120.183612 137.982493
120.799895 138.598776
121.416178 139.215059
121.416178 139.831342
122.032461 139.831342
122.648743 140.447624
122.648743 141.063907
123.265026 141.063907
123.881309 141.680190
124.497592 142.296473
125.113875 142.912756
125.730157 143.529038
126.346440 144.145321
126.962723 144.761604
127.579006 145.377887
128.195289 145.994170
128.811572 146.610453
129.427854 146.610453
130.044137 147.226735
130.660420 147.843018
131.276703 148.459301
131.892986 148.459301
131.276703 149.075584
130.660420 149.691867
130.044137 150.308149
129.427854 150.924432
128.811572 150.924432
128.195289 151.540715
127.579006 152.156998
126.962723 152.773281
126.346440 153.389563
125.730157 154.005846
125.113875 154.622129
124.497592 155.238412
123.265026 155.238412
122.648743 155.854695
122.032461 156.470978
120.799895 156.470978
120.183612 157.087260
119.567329 157.703543
118.951047 157.703543
117.718481 158.319826
117.102198 158.936109
116.485915 158.936109
115.253350 159.552392
114.637067 159.552392
114.020784 160.168674
113.404501 160.784957
112.171936 160.784957
111.555653 161.401240
110.939370 162.017523
109.706804 162.017523
109.090522 162.633806
108.474239 163.250089
107.857956 163.250089
106.625390 163.866371
106.009107 164.482654
105.392825 164.482654
104.160259 165.098937
103.543976 165.098937
102.927693 165.715220
102.311411 165.715220
101.695128 166.331503
100.462562 166.331503
99.846279 166.947785
99.229996 166.947785
98.613714 167.564068
97.997431 167.564068
96.764865 168.180351
96.148582 168.180351
95.532300 168.796634
94.916017 168.796634
94.299734 169.412917
93.067168 169.412917
92.450886 170.029199
91.834603 170.029199
91.218320 170.645482
90.602037 170.645482
89.369471 171.261765
88.753189 171.261765
88.136906 171.261765
87.520623 171.261765
86.904340 171.878048
86.288057 171.878048
85.671775 171.878048
85.055492 171.878048
84.439209 171.878048
83.822926 171.878048
82.590360 172.494331
81.974078 172.494331
81.357795 172.494331
80.741512 172.494331
80.125229 172.494331
79.508946 172.494331
78.892664 173.110614
78.276381 173.110614
77.660098 173.110614
77.043815 173.110614
76.427532 173.110614
75.811250 172.494331
75.811250 171.878048
75.194967 171.261765
75.194967 170.645482
75.194967 170.029199
74.578684 169.412917
74.578684 168.796634
74.578684 168.180351
73.962401 167.564068
73.962401 166.947785
73.962401 166.331503
73.346118 165.715220
73.346118 164.482654
73.346118 163.866371
72.729835 163.250089
72.729835 162.633806
72.729835 162.017523
72.729835 161.401240
72.113553 160.784957
72.113553 160.168674
72.113553 159.552392
71.497270 158.936109
71.497270 158.319826
71.497270 157.703543
70.880987 157.087260
70.880987 156.470978
70.880987 155.238412
70.880987 154.622129
70.264704 154.005846
70.264704 153.389563
70.264704 152.773281
70.264704 152.156998
69.648421 151.540715
69.648421 150.924432
69.648421 150.308149
69.032139 149.691867
69.032139 149.075584
69.032139 148.459301
69.032139 147.843018
68.415856 147.226735
68.415856 146.610453
68.415856 145.994170
68.415856 145.377887
67.799573 144.145321
67.799573 143.529038
67.799573 142.912756
67.799573 142.296473
67.183290 141.680190
67.183290 141.063907
67.183290 140.447624
66.567007 139.831342
66.567007 139.215059
66.567007 138.598776
66.567007 137.982493
65.950724 137.366210
65.950724 136.749928
65.950724 136.133645
65.950724 135.517362
65.334442 134.901079
65.334442 134.284796
65.334442 133.052231
64.718159 132.435948
64.718159 131.819665
64.718159 131.203382
64.718159 130.587099
64.101876 129.970817
64.101876 129.354534
64.101876 128.738251
64.101876 128.121968
63.485593 127.505685
63.485593 126.889402
63.485593 126.273120
63.485593 125.656837
63.485593 125.040554
63.485593 124.424271
63.485593 123.807988
63.485593 122.575423
63.485593 121.959140
62.869310 121.342857
62.869310 120.726574
62.869310 119.494009
62.869310 118.877726
62.869310 118.261443
62.869310 117.645160
62.869310 117.028877
62.869310 115.796312
62.869310 115.180029
62.869310 114.563746
62.869310 113.947463
62.253028 113.331181
62.253028 112.098615
62.253028 111.482332
62.253028 110.866049
62.253028 110.249766
62.253028 109.633484
62.253028 108.400918
62.253028 107.784635
62.253028 107.168352
62.253028 106.552070
62.253028 105.935787
61.636745 104.703221
61.636745 104.086938
61.636745 103.470656
61.636745 102.854373
61.636745 102.238090
61.636745 101.005524
61.636745 100.389241
61.636745 99.772959
61.636745 99.156676
61.636745 98.540393
61.636745 97.307827
61.020462 96.691545
61.020462 96.075262
61.020462 95.458979
61.020462 94.842696
61.020462 93.610131
61.020462 92.993848
61.020462 92.377565
61.020462 91.761282
61.020462 91.144999
61.020462 89.912434
61.020462 89.296151
60.404179 88.679868
60.404179 88.063585
60.404179 87.447302
60.404179 86.214737
60.404179 85.598454
60.404179 84.982171
60.404179 84.365888
60.404179 83.749605
60.404179 83.133323
61.020462 82.517040
61.636745 81.284474
61.636745 80.668191
62.253028 80.051909
62.869310 79.435626
62.869310 78.819343
63.485593 77.586777
64.101876 76.970495
64.101876 76.354212
64.718159 75.737929
65.334442 74.505363
65.950724 73.889080
65.950724 73.272798
66.567007 72.656515
67.183290 72.040232
67.183290 70.807666
67.799573 70.191384
68.415856 69.575101
68.415856 68.958818
69.032139 68.342535
69.648421 67.109969
69.648421 66.493687
70.264704 65.877404
70.880987 65.261121
71.497270 64.644838
72.113553 64.028555
72.729835 63.412273
73.346118 63.412273
73.962401 62.795990
74.578684 62.795990
75.194967 62.179707
75.811250 62.179707
76.427532 61.563424
77.043815 60.947141
77.660098 60.947141
78.276381 60.330859
78.892664 60.330859
79.508946 59.714576
80.125229 59.714576
81.357795 59.714576
81.974078 59.098293
82.590360 59.098293
83.206643 59.098293
83.822926 59.098293
84.439209 59.098293
85.055492 59.098293
85.671775 59.098293
86.288057 59.098293
87.520623 59.098293
88.136906 58.482010
88.753189 58.482010
89.369471 58.482010
89.985754 58.482010
90.602037 58.482010
91.218320 58.482010
91.834603 58.482010
92.450886 58.482010
93.683451 58.482010
94.299734 57.865727
94.916017 57.865727
95.532300 57.865727
96.148582 57.865727
96.764865 57.865727
97.381148 57.865727
97.997431 57.865727
98.613714 58.482010
99.229996 58.482010
99.846279 59.098293
100.462562 59.098293
101.078845 59.714576
101.695128 59.714576
102.311411 60.330859
102.311411 60.947141
102.311411 61.563424
102.311411 62.179707
102.311411 62.795990
102.311411 63.412273
102.311411 64.028555
102.311411 64.644838
