93.134397 80.462723
93.523437 80.851763
93.912476 80.851763
94.301516 81.240803
94.690556 81.629843
95.079596 81.629843
95.468636 82.018883
95.857675 82.407922
96.246715 82.796962
96.635755 83.186002
97.024795 83.575042
97.413835 83.964082
97.802875 84.353122
97.802875 84.742161
97.413835 85.131201
97.413835 85.520241
97.413835 85.909281
97.024795 86.298321
97.024795 86.687360
97.024795 87.076400
97.024795 87.465440
96.635755 87.854480
96.635755 88.243520
96.635755 88.632559
96.635755 89.021599
96.246715 89.410639
96.246715 89.799679
96.246715 90.188719
96.246715 90.577759
96.246715 90.966798
96.246715 91.355838
96.246715 91.744878
95.857675 92.133918
95.857675 92.522958
95.857675 92.911997
95.857675 93.301037
95.857675 93.690077
95.857675 94.079117
95.857675 94.468157
95.857675 94.857197
95.857675 95.246236
95.857675 95.635276
95.857675 96.024316
95.857675 96.413356
95.857675 96.802396
95.857675 97.191435
95.857675 97.580475
95.857675 97.969515
95.857675 98.358555
95.857675 98.747595
95.857675 99.136635
95.857675 99.525674
95.857675 99.914714
95.857675 100.303754
95.857675 100.692794
95.857675 101.081834
95.857675 101.470873
95.857675 101.859913
95.857675 102.248953
95.857675 102.637993
95.857675 103.027033
95.857675 103.416073
95.857675 103.805112
95.857675 104.194152
95.857675 104.583192
95.857675 104.972232
95.857675 105.361272
95.857675 105.750311
96.246715 106.139351
96.246715 106.528391
96.246715 106.917431
96.246715 107.306471
96.246715 107.695511
96.246715 108.084550
96.246715 108.473590
96.635755 108.862630
96.635755 109.251670
96.635755 109.640710
96.635755 110.029749
97.024795 110.418789
97.024795 110.807829
97.024795 111.196869
97.024795 111.585909
97.024795 111.974949
97.413835 111.974949
97.413835 112.363988
97.413835 112.753028
97.413835 113.142068
97.802875 113.142068
97.802875 113.531108
97.802875 113.920148
97.802875 114.309187
98.191914 114.309187
98.191914 114.698227
98.580954 115.087267
98.580954 115.476307
98.580954 115.865347
98.969994 116.254387
98.969994 116.643426
99.359034 117.032466
99.359034 117.421506
99.359034 117.810546
99.748074 117.810546
99.748074 118.199586
100.137113 118.588625
100.137113 118.977665
100.526153 119.366705
100.526153 119.755745
100.915193 120.144785
100.915193 120.533824
101.304233 120.533824
101.304233 120.922864
101.693273 121.311904
101.693273 121.700944
102.082313 122.089984
102.082313 122.479024
102.471352 122.479024
102.471352 122.868063
102.860392 123.257103
103.249432 123.646143
103.249432 124.035183
103.638472 124.035183
103.638472 124.424223
104.027512 124.813262
104.027512 125.202302
104.416551 125.202302
104.805591 125.591342
105.194631 125.980382
105.194631 126.369422
105.583671 126.758462
105.583671 127.147501
105.972711 127.147501
106.361750 127.536541
106.361750 127.925581
106.750790 127.925581
107.139830 128.314621
107.139830 128.703661
107.528870 128.703661
107.917910 129.092700
108.306950 129.481740
108.306950 129.870780
108.695989 129.870780
109.085029 130.259820
109.474069 130.648860
109.863109 131.037900
110.252149 131.426939
110.641188 131.426939
111.030228 131.815979
111.419268 132.205019
111.808308 132.594059
112.197348 132.983099
112.586388 132.983099
112.975427 133.372138
113.364467 133.761178
113.753507 133.761178
114.142547 134.150218
114.531587 134.150218
114.920626 134.539258
115.309666 134.928298
115.698706 134.928298
116.087746 135.317338
116.476786 135.317338
116.865826 135.706377
117.254865 135.706377
117.643905 136.095417
118.032945 136.095417
118.421985 136.095417
118.811025 136.484457
119.200064 136.484457
119.589104 136.873497
119.978144 136.873497
120.367184 136.873497
120.756224 137.262537
121.145264 137.262537
121.534303 137.262537
121.923343 137.651576
122.312383 137.651576
122.701423 137.651576
123.090463 137.651576
123.479502 138.040616
123.868542 138.040616
124.257582 138.040616
124.646622 138.040616
125.035662 138.429656
125.424702 138.429656
125.813741 138.429656
126.202781 138.429656
126.591821 138.429656
126.980861 138.429656
127.369901 138.429656
127.758940 138.818696
128.147980 138.818696
127.758940 139.207736
127.369901 139.207736
126.980861 139.596776
126.591821 139.985815
126.202781 140.374855
125.424702 140.374855
125.035662 140.763895
124.646622 141.152935
124.257582 141.152935
123.868542 141.541975
123.479502 141.931014
123.090463 142.320054
122.701423 142.320054
122.312383 142.709094
121.923343 143.098134
121.534303 143.098134
121.145264 143.487174
120.756224 143.876214
120.367184 144.265253
119.589104 144.265253
119.200064 144.654293
118.811025 144.654293
118.032945 145.043333
117.643905 145.043333
117.254865 145.432373
116.865826 145.432373
116.087746 145.821413
115.698706 146.210452
115.309666 146.210452
114.920626 146.599492
114.142547 146.599492
113.753507 146.988532
113.364467 146.988532
112.586388 147.377572
112.197348 147.377572
111.808308 147.766612
111.419268 148.155652
110.641188 148.155652
110.252149 148.544691
109.863109 148.544691
109.085029 148.933731
108.695989 148.933731
108.306950 149.322771
107.917910 149.322771
107.139830 149.711811
106.750790 150.100851
106.361750 150.100851
105.972711 150.489890
105.194631 150.489890
104.805591 150.878930
104.416551 150.878930
103.638472 151.267970
103.249432 151.267970
102.860392 151.267970
102.471352 151.267970
102.082313 151.267970
101.693273 151.267970
101.304233 151.267970
100.915193 151.267970
100.526153 151.267970
100.137113 151.267970
99.748074 151.267970
99.359034 151.657010
98.969994 151.657010
98.191914 151.657010
97.802875 151.657010
97.413835 151.657010
97.024795 151.657010
96.635755 151.657010
96.246715 152.046050
95.857675 152.046050
95.468636 152.046050
95.079596 152.046050
94.690556 152.046050
94.301516 152.046050
93.912476 152.046050
93.523437 152.435089
93.134397 152.435089
92.745357 152.435089
91.967277 152.046050
91.578237 151.657010
91.189198 150.878930
90.800158 150.489890
90.411118 150.100851
90.022078 149.711811
89.633038 149.322771
88.854959 148.933731
88.465919 148.544691
88.076879 147.766612
87.687839 147.377572
87.298799 146.988532
86.909760 146.599492
86.909760 146.210452
86.520720 145.821413
86.520720 145.432373
86.131680 145.043333
86.131680 144.654293
86.131680 144.265253
85.742640 143.487174
85.742640 143.098134
85.353600 142.709094
85.353600 142.320054
84.964561 141.931014
84.964561 141.541975
84.964561 140.763895
84.575521 140.374855
84.575521 139.985815
84.186481 139.596776
84.186481 139.207736
83.797441 138.818696
83.797441 138.040616
83.797441 137.651576
83.408401 137.262537
83.408401 136.873497
83.019361 136.484457
83.019361 136.095417
82.630322 135.317338
82.630322 134.928298
82.630322 134.539258
82.241282 134.150218
82.241282 133.761178
81.852242 133.372138
81.852242 132.594059
81.463202 132.205019
81.463202 131.815979
81.463202 131.426939
81.074162 131.037900
81.074162 130.648860
80.685123 129.870780
80.685123 129.481740
80.296083 129.092700
80.296083 128.703661
80.296083 128.314621
79.907043 127.925581
79.907043 127.147501
79.518003 126.758462
79.518003 126.369422
79.128963 125.980382
79.128963 125.591342
79.128963 125.202302
78.739923 124.424223
78.739923 124.035183
78.350884 123.646143
78.350884 123.257103
77.961844 122.868063
77.961844 122.479024
77.961844 121.700944
77.572804 121.311904
77.572804 120.922864
77.572804 120.533824
77.572804 120.144785
77.183764 119.755745
77.183764 119.366705
77.183764 118.977665
77.183764 118.588625
77.183764 118.199586
77.183764 117.810546
77.183764 117.032466
76.794724 116.643426
76.794724 115.865347
76.794724 115.476307
76.794724 115.087267
76.794724 114.309187
76.794724 113.920148
76.794724 113.142068
76.794724 112.753028
76.405685 111.974949
76.405685 111.585909
76.405685 110.807829
76.405685 110.418789
76.405685 109.640710
76.405685 109.251670
76.405685 108.862630
76.016645 108.084550
76.016645 107.695511
76.016645 106.917431
76.016645 106.528391
76.016645 105.750311
76.016645 105.361272
76.016645 104.583192
76.016645 104.194152
75.627605 103.805112
75.627605 103.027033
75.627605 102.637993
75.627605 101.859913
75.627605 101.470873
75.627605 100.692794
75.627605 100.303754
75.627605 99.525674
75.627605 99.136635
75.627605 98.747595
75.627605 98.358555
75.627605 97.969515
76.016645 97.580475
76.016645 97.191435
76.016645 96.802396
76.016645 96.024316
76.405685 95.635276
76.405685 95.246236
76.405685 94.857197
76.405685 94.468157
76.794724 94.079117
76.794724 93.690077
76.794724 93.301037
76.794724 92.911997
77.183764 92.522958
77.183764 91.744878
77.572804 91.355838
77.961844 90.966798
78.350884 90.577759
78.739923 90.188719
79.128963 89.799679
79.907043 89.410639
80.296083 89.410639
80.685123 89.021599
81.074162 88.632559
81.463202 88.243520
81.852242 88.243520
82.630322 87.854480
83.019361 87.465440
83.408401 87.076400
83.797441 87.076400
84.186481 86.687360
84.575521 86.298321
84.964561 85.909281
85.742640 85.909281
86.131680 85.520241
86.520720 85.131201
86.909760 84.742161
87.298799 84.353122
87.687839 84.353122
88.076879 83.964082
88.854959 83.575042
89.243999 83.186002
89.633038 83.186002
90.022078 82.796962
90.411118 82.407922
90.800158 82.018883
91.578237 82.018883
91.967277 81.629843
92.356317 81.240803
92.745357 80.851763
93.134397 80.462723
93.523437 80.462723
93.912476 80.073684
93.523437 80.073684
93.134397 80.462723
