99.810764 78.742582
100.220703 79.562459
100.220703 79.972398
100.630641 80.792275
100.630641 81.202214
100.630641 81.612153
100.630641 82.022091
100.630641 82.432030
100.220703 82.841968
100.220703 83.251907
100.220703 83.661846
100.220703 84.071784
99.810764 84.481723
99.810764 84.891662
99.810764 85.301600
99.810764 85.711539
99.810764 86.121478
99.810764 86.531416
99.810764 86.941355
99.400826 87.351293
99.400826 87.761232
99.400826 88.171171
99.400826 88.581109
99.400826 88.991048
99.400826 89.400987
99.400826 89.810925
99.400826 90.220864
99.400826 90.630803
99.400826 91.040741
99.400826 91.450680
99.400826 91.860619
99.400826 92.270557
99.400826 92.680496
99.400826 93.090434
99.400826 93.500373
99.400826 93.910312
99.400826 94.320250
99.400826 94.730189
99.400826 95.140128
99.400826 95.550066
99.400826 95.960005
99.400826 96.369944
99.400826 96.779882
99.400826 97.189821
99.400826 97.599759
99.400826 98.009698
99.400826 98.419637
99.400826 98.829575
99.400826 99.239514
99.400826 99.649453
99.400826 100.059391
99.810764 100.469330
99.810764 100.879269
99.810764 101.289207
99.810764 101.699146
99.810764 102.109084
99.810764 102.519023
99.810764 102.928962
99.810764 103.338900
100.220703 103.338900
100.220703 103.748839
100.220703 104.158778
100.220703 104.568716
100.220703 104.978655
100.630641 104.978655
100.630641 105.388594
100.630641 105.798532
100.630641 106.208471
100.630641 105.798532
100.630641 106.208471
100.630641 106.618409
101.040580 106.618409
101.040580 107.028348
101.040580 107.438287
101.450519 107.848225
101.450519 108.258164
101.450519 108.668103
101.860457 109.078041
101.860457 109.487980
102.270396 109.897919
102.270396 110.307857
102.270396 110.717796
102.680335 111.127734
102.680335 111.537673
103.090273 111.947612
103.090273 112.357550
103.090273 112.767489
103.500212 112.767489
103.500212 113.177428
103.910151 113.587366
103.910151 113.997305
103.910151 114.407244
104.320089 114.407244
104.320089 114.817182
104.730028 114.817182
104.730028 115.227121
105.139966 115.637060
105.549905 116.046998
105.549905 116.456937
105.549905 116.046998
105.549905 116.456937
105.959844 116.866875
106.369782 117.276814
106.369782 117.686753
106.779721 118.096691
106.779721 118.506630
107.189660 118.506630
107.189660 118.916569
107.189660 118.506630
107.189660 118.916569
107.599598 119.326507
108.009537 119.736446
108.009537 120.146385
108.419476 120.556323
108.419476 120.966262
108.829414 120.966262
109.239353 121.376200
109.239353 121.786139
109.649291 121.786139
109.649291 122.196078
109.649291 122.606016
110.059230 122.606016
110.469169 123.015955
110.879107 123.425894
111.289046 123.835832
111.698985 124.245771
112.108923 124.655710
112.518862 125.065648
112.928801 125.475587
113.338739 125.885525
113.748678 125.885525
114.158616 126.295464
114.568555 126.705403
114.978494 127.115341
115.388432 127.525280
115.798371 127.525280
116.208310 127.935219
116.618248 128.345157
117.028187 128.345157
117.438126 128.755096
117.848064 129.165035
118.258003 129.165035
118.667941 129.574973
119.077880 129.984912
119.487819 129.984912
119.897757 130.394850
120.307696 130.394850
120.717635 130.804789
121.127573 130.804789
121.537512 131.214728
121.947451 131.214728
122.357389 131.624666
122.767328 131.624666
123.177267 131.624666
123.587205 132.034605
123.997144 132.034605
124.407082 132.444544
124.817021 132.444544
125.226960 132.444544
125.636898 132.854482
126.046837 132.854482
126.456776 132.854482
126.866714 133.264421
127.276653 133.264421
127.276653 133.674360
127.686592 134.494237
128.096530 134.904175
128.506469 135.314114
128.506469 136.133991
128.916407 136.543930
129.326346 137.363807
129.736285 137.773746
129.736285 138.593623
130.146223 139.003562
129.736285 139.413501
129.326346 139.823439
128.916407 139.823439
128.506469 140.233378
128.096530 140.233378
127.686592 140.643316
127.276653 141.053255
126.456776 141.053255
126.046837 141.463194
125.636898 141.873132
125.226960 141.873132
124.817021 142.283071
124.407082 142.693010
123.997144 142.693010
123.587205 143.102948
123.177267 143.512887
122.767328 143.512887
122.357389 143.922826
121.947451 144.332764
121.127573 144.332764
120.717635 144.742703
120.307696 145.152641
119.897757 145.152641
119.487819 145.562580
119.077880 145.562580
118.667941 145.972519
118.258003 145.972519
117.848064 146.382457
117.438126 146.382457
117.028187 146.792396
116.618248 146.792396
116.208310 147.202335
115.798371 147.202335
115.388432 147.612273
114.978494 147.612273
114.568555 148.022212
114.158616 148.022212
113.748678 148.432151
113.338739 148.432151
112.928801 148.842089
112.518862 148.842089
112.108923 149.252028
111.698985 149.252028
111.289046 149.661966
110.879107 149.661966
110.469169 150.071905
110.059230 150.071905
109.649291 150.481844
109.239353 150.481844
108.829414 150.891782
108.419476 150.891782
108.009537 151.301721
107.599598 151.301721
107.189660 151.711660
106.779721 151.711660
106.369782 152.121598
105.959844 152.121598
105.549905 152.121598
105.139966 152.531537
104.730028 152.531537
103.910151 152.531537
103.500212 152.531537
103.090273 152.531537
102.680335 152.531537
102.270396 152.531537
101.860457 152.531537
101.450519 152.531537
100.630641 152.531537
100.220703 152.531537
99.810764 152.531537
99.400826 152.531537
98.990887 152.531537
98.580948 152.531537
97.761071 152.531537
97.351132 152.531537
96.941194 152.531537
96.531255 152.531537
96.121316 152.531537
95.711378 152.121598
95.301439 152.121598
94.891500 151.711660
94.071623 151.711660
93.661685 151.301721
93.251746 151.301721
92.841807 150.891782
92.431869 150.891782
92.021930 150.891782
91.611991 150.481844
91.202053 150.481844
90.382175 150.071905
89.972237 150.071905
89.562298 149.661966
89.152360 149.661966
88.742421 149.252028
88.332482 149.252028
87.922544 148.842089
87.512605 148.432151
87.102666 148.022212
87.102666 147.202335
86.692728 146.792396
86.282789 146.382457
86.282789 145.972519
86.282789 145.152641
85.872850 144.742703
85.872850 144.332764
85.462912 143.512887
85.462912 143.102948
85.462912 142.693010
85.052973 141.873132
85.052973 141.463194
85.052973 140.643316
84.643035 140.233378
84.643035 139.823439
84.643035 139.003562
84.233096 138.593623
84.233096 138.183685
83.823157 137.363807
83.823157 136.953869
83.823157 136.133991
83.413219 135.724053
83.413219 135.314114
83.413219 134.494237
83.003280 134.084298
83.003280 133.674360
83.003280 132.854482
82.593341 132.444544
82.593341 131.624666
82.183403 131.214728
82.183403 130.804789
82.183403 129.984912
81.773464 129.574973
81.773464 129.165035
81.773464 128.345157
81.363525 127.935219
81.363525 127.525280
80.953587 127.115341
80.953587 126.705403
80.543648 126.295464
80.543648 125.885525
80.133710 125.475587
80.133710 125.065648
79.723771 124.655710
79.723771 123.835832
79.723771 123.425894
79.723771 123.015955
79.723771 122.196078
79.723771 121.786139
79.723771 121.376200
80.133710 120.556323
80.133710 120.146385
80.133710 119.736446
80.133710 118.916569
80.133710 118.506630
80.133710 118.096691
80.133710 117.276814
80.133710 116.866875
80.133710 116.456937
80.133710 115.637060
80.133710 115.227121
80.133710 114.817182
80.133710 113.997305
80.133710 113.587366
80.133710 113.177428
80.133710 112.357550
80.133710 111.947612
80.133710 111.537673
80.133710 110.717796
80.133710 110.307857
80.133710 109.897919
80.133710 109.487980
80.133710 108.668103
80.133710 108.258164
80.133710 107.848225
80.133710 107.028348
80.133710 106.618409
80.133710 106.208471
80.133710 105.388594
80.133710 104.978655
80.133710 104.568716
80.133710 103.748839
80.133710 103.338900
80.133710 102.928962
80.133710 102.109084
80.133710 101.699146
80.133710 101.289207
80.543648 100.469330
80.543648 100.059391
80.543648 99.649453
80.543648 98.829575
80.543648 98.419637
80.543648 98.009698
80.543648 97.189821
80.953587 96.779882
80.953587 96.369944
81.363525 95.960005
81.363525 95.550066
81.773464 95.140128
81.773464 94.730189
82.183403 94.320250
82.593341 93.910312
82.593341 93.500373
83.003280 93.090434
83.003280 92.680496
83.413219 92.270557
83.413219 91.860619
83.823157 91.450680
84.233096 91.040741
84.233096 90.630803
84.643035 90.220864
84.643035 89.810925
85.052973 89.400987
85.052973 88.991048
85.462912 88.581109
85.872850 88.171171
85.872850 87.761232
86.282789 87.351293
86.282789 86.941355
86.692728 86.531416
86.692728 86.121478
87.102666 85.711539
87.102666 85.301600
87.512605 84.891662
87.922544 84.481723
87.922544 84.071784
88.332482 83.661846
88.742421 83.251907
89.152360 83.251907
89.562298 82.841968
89.972237 82.841968
90.382175 82.432030
90.792114 82.022091
91.202053 82.022091
92.021930 81.612153
92.431869 81.202214
92.841807 81.202214
93.251746 80.792275
93.661685 80.382337
94.071623 80.382337
94.481562 79.972398
95.301439 79.562459
95.711378 79.562459
96.121316 79.152521
96.531255 78.742582
96.941194 78.742582
97.351132 78.332643
97.761071 77.922705
98.580948 77.922705
98.990887 77.512766
99.400826 77.102828
99.810764 77.102828
100.220703 76.692889
99.810764 77.102828
99.400826 77.512766
98.990887 77.922705
98.580948 78.332643
98.171010 78.742582
97.761071 79.152521
98.171010 78.742582
98.580948 78.332643
98.580948 77.922705
98.990887 77.512766
99.400826 77.922705
99.400826 78.332643
99.810764 78.742582
