98.725136 76.435904
99.178457 76.889224
99.631777 76.889224
100.085098 77.342545
100.538419 77.795866
100.538419 78.249187
100.991740 78.702507
101.445060 79.155828
101.445060 79.609149
101.445060 80.062470
101.898381 80.515790
101.898381 80.969111
101.898381 81.422432
101.898381 82.329073
102.351702 82.782394
102.805023 83.235715
102.805023 84.142356
102.351702 84.595677
102.351702 85.048998
101.898381 85.502319
101.898381 85.955639
101.898381 86.408960
101.445060 86.862281
101.445060 87.315602
101.445060 87.768922
100.991740 88.222243
100.991740 88.675564
100.991740 89.128885
100.991740 89.582205
100.538419 90.035526
100.538419 90.488847
100.538419 90.942168
100.538419 91.395488
100.538419 91.848809
100.085098 92.302130
100.085098 92.755451
100.085098 93.208771
100.085098 93.662092
100.085098 94.115413
100.085098 94.568734
100.085098 95.022054
99.631777 95.475375
99.631777 95.928696
99.631777 96.382017
99.631777 96.835337
99.631777 97.288658
99.631777 97.741979
99.631777 98.195300
99.631777 98.648620
99.631777 99.101941
99.631777 99.555262
99.631777 100.008583
99.631777 100.461903
99.631777 100.915224
99.631777 101.368545
99.631777 101.821866
99.631777 102.275186
99.631777 102.728507
99.631777 103.181828
99.631777 103.635149
99.631777 104.088469
100.085098 104.541790
100.085098 104.995111
100.085098 105.448432
100.085098 105.901752
100.085098 106.355073
100.085098 106.808394
100.085098 106.355073
100.085098 106.808394
100.085098 107.261715
100.538419 107.715035
100.538419 108.168356
100.538419 108.621677
100.538419 109.074998
100.538419 109.528318
100.538419 109.981639
100.991740 109.981639
100.991740 110.434960
100.991740 110.888281
100.991740 111.341601
101.445060 111.794922
100.991740 111.794922
101.445060 111.794922
101.445060 112.248243
101.445060 112.701564
101.898381 113.154884
101.898381 113.608205
101.898381 114.061526
101.898381 114.514847
102.351702 114.514847
102.351702 114.968167
102.351702 115.421488
102.805023 115.421488
102.805023 115.874809
102.805023 116.328130
103.258343 116.328130
103.258343 116.781450
103.258343 117.234771
103.711664 117.688092
103.711664 118.141413
103.711664 118.594733
104.164985 118.594733
104.164985 119.048054
104.618306 119.048054
104.618306 119.501375
105.071626 119.954696
105.071626 120.408016
105.071626 120.861337
105.524947 120.861337
105.524947 121.314658
105.978268 121.314658
105.978268 121.767979
106.431589 122.221299
106.884909 122.674620
106.884909 123.127941
106.884909 123.581262
107.338230 123.581262
107.791551 124.034582
108.244872 124.487903
108.698192 124.941224
108.698192 125.394545
108.698192 125.847865
109.151513 125.847865
109.604834 126.301186
109.604834 126.754507
110.058155 126.754507
110.058155 127.207828
110.511475 127.207828
110.964796 127.661148
110.964796 128.114469
111.418117 128.114469
111.871438 128.567790
112.324758 129.021111
112.324758 129.474431
112.778079 129.474431
113.231400 129.927752
113.684721 130.381073
114.138041 130.834394
114.591362 130.834394
115.044683 131.287714
115.498004 131.741035
115.951324 132.194356
116.404645 132.647677
116.857966 132.647677
117.311287 133.100997
117.764607 133.554318
118.217928 133.554318
118.671249 134.007639
119.124570 134.460960
119.577890 134.460960
120.031211 134.914280
120.484532 134.914280
120.937853 135.367601
121.391173 135.820922
121.844494 135.820922
122.297815 136.274243
122.751136 136.274243
123.204456 136.274243
123.657777 136.727563
124.111098 136.727563
124.564419 137.180884
125.017739 137.180884
125.471060 137.634205
125.924381 137.634205
126.377702 137.634205
126.831022 138.087526
127.284343 138.087526
127.737664 138.540846
128.190985 138.994167
128.644305 139.447488
128.190985 140.354129
128.190985 140.807450
128.190985 141.260771
127.737664 141.714092
127.737664 142.167412
127.737664 142.620733
127.284343 143.074054
127.284343 143.527375
126.831022 143.980695
126.831022 144.434016
126.831022 144.887337
126.377702 145.340658
126.377702 145.793978
126.377702 146.247299
125.924381 146.700620
125.924381 147.153941
125.471060 147.607261
125.017739 147.607261
124.564419 147.607261
124.111098 147.607261
123.657777 148.060582
123.204456 148.060582
122.297815 148.060582
121.844494 148.513903
121.391173 148.513903
120.937853 148.967224
120.484532 148.967224
120.031211 149.420544
119.577890 149.420544
119.124570 149.873865
118.671249 149.873865
118.217928 150.327186
117.764607 150.327186
117.311287 150.780507
116.857966 150.780507
115.951324 151.233827
115.498004 151.233827
115.044683 151.687148
114.591362 151.687148
114.138041 152.140469
113.684721 152.140469
113.231400 152.593790
112.778079 152.593790
112.324758 153.047110
111.871438 153.047110
111.418117 153.047110
110.964796 153.500431
110.511475 153.500431
110.058155 153.500431
109.604834 153.500431
109.151513 153.953752
108.698192 153.953752
108.244872 153.953752
107.791551 153.953752
106.884909 153.953752
106.431589 154.407073
105.978268 154.407073
105.524947 154.407073
105.071626 154.860393
104.618306 154.860393
104.164985 154.860393
103.258343 155.313714
102.805023 155.313714
102.351702 155.313714
101.898381 155.313714
101.445060 155.767035
100.991740 155.767035
100.538419 155.767035
100.085098 156.220356
99.178457 156.220356
98.725136 156.220356
98.271815 156.220356
97.818494 156.673676
97.365174 156.673676
96.911853 156.673676
96.458532 157.126997
96.005211 157.126997
95.098570 157.126997
94.645249 157.580318
94.191928 157.126997
93.738608 157.126997
93.285287 157.126997
92.831966 157.126997
92.378645 157.126997
91.925325 156.673676
91.472004 156.673676
90.565362 156.673676
90.112042 156.673676
89.658721 156.673676
89.205400 156.673676
88.752079 156.220356
88.298759 156.220356
87.845438 156.220356
87.392117 156.220356
86.938796 155.767035
86.485476 155.767035
86.032155 155.767035
85.578834 155.313714
85.125513 155.313714
84.672193 154.860393
84.218872 153.953752
84.218872 153.500431
83.765551 153.047110
83.765551 152.140469
83.312230 151.687148
83.312230 150.780507
82.858910 150.327186
82.858910 149.873865
82.405589 148.967224
81.952268 148.513903
81.952268 147.607261
81.498947 147.153941
81.498947 146.700620
81.045627 145.793978
81.045627 145.340658
80.592306 144.434016
80.592306 143.980695
80.138985 143.527375
80.138985 142.620733
79.685664 142.167412
79.232344 141.714092
79.232344 140.807450
78.779023 140.354129
78.779023 139.447488
78.325702 138.994167
78.325702 138.540846
77.872381 137.634205
77.872381 137.180884
77.419061 136.274243
77.419061 135.820922
76.965740 135.367601
76.512419 134.460960
76.512419 134.007639
76.059098 133.554318
76.059098 133.100997
75.605778 132.647677
75.152457 132.194356
75.152457 131.741035
74.699136 130.834394
74.699136 130.381073
74.699136 129.474431
74.245815 129.021111
74.245815 128.114469
74.245815 127.661148
73.792495 127.207828
73.792495 126.301186
73.792495 125.847865
73.792495 124.941224
73.339174 124.487903
73.339174 123.581262
73.339174 123.127941
72.885853 122.221299
72.885853 121.767979
72.885853 120.861337
72.885853 120.408016
72.432532 119.501375
72.432532 119.048054
72.432532 118.141413
71.979212 117.688092
71.979212 116.781450
71.979212 116.328130
71.979212 115.421488
71.525891 114.968167
71.525891 114.061526
71.525891 113.608205
71.072570 112.701564
71.072570 112.248243
71.072570 111.341601
70.619249 110.888281
70.619249 109.981639
70.619249 109.528318
70.619249 108.621677
70.165929 108.168356
70.165929 107.261715
70.165929 106.808394
69.712608 105.901752
69.712608 105.448432
69.712608 104.541790
69.712608 104.088469
69.259287 103.181828
69.259287 102.728507
69.259287 101.821866
69.259287 101.368545
69.712608 100.915224
69.712608 100.461903
70.165929 100.008583
70.619249 99.555262
70.619249 99.101941
71.072570 98.648620
71.072570 98.195300
71.525891 97.741979
71.525891 97.288658
71.525891 96.835337
71.979212 96.382017
72.432532 95.928696
72.432532 95.475375
72.432532 95.022054
72.885853 94.568734
72.885853 94.115413
72.885853 93.662092
73.339174 93.208771
73.339174 92.755451
73.339174 92.302130
73.792495 91.848809
73.792495 91.395488
74.245815 90.942168
74.699136 90.942168
74.699136 90.488847
75.152457 90.488847
75.152457 90.035526
75.605778 89.582205
76.059098 89.128885
76.512419 89.128885
76.965740 88.675564
77.419061 88.222243
77.872381 88.222243
78.325702 88.222243
78.779023 87.768922
78.779023 87.315602
79.232344 87.315602
79.232344 86.862281
79.232344 86.408960
79.232344 85.955639
79.685664 85.955639
79.685664 85.502319
80.138985 85.048998
80.138985 84.595677
80.138985 84.142356
80.138985 83.689036
80.592306 83.689036
81.045627 83.235715
81.045627 82.782394
81.498947 82.329073
81.952268 81.875753
82.405589 81.875753
82.858910 81.422432
83.312230 80.969111
83.765551 80.515790
84.218872 80.515790
84.672193 80.062470
85.125513 79.609149
85.578834 79.155828
86.032155 79.155828
86.485476 78.702507
86.938796 78.249187
87.392117 78.249187
87.845438 78.249187
88.298759 77.795866
88.752079 77.795866
89.205400 77.342545
89.658721 77.342545
90.112042 77.342545
90.565362 76.889224
91.018683 76.889224
91.472004 76.889224
91.925325 76.889224
92.378645 76.889224
92.831966 76.889224
93.285287 76.435904
93.738608 75.982583
94.191928 75.982583
94.645249 75.982583
95.098570 75.529262
95.551891 75.529262
96.005211 75.529262
96.458532 75.529262
96.911853 75.529262
97.365174 75.982583
97.818494 75.982583
98.271815 75.982583
98.725136 76.435904
