104.776424 59.396507
104.776424 60.048118
104.776424 60.699728
104.776424 61.351339
104.776424 62.002950
104.776424 62.654561
104.776424 63.306171
104.776424 63.957782
104.776424 64.609393
104.776424 65.261004
104.776424 65.912614
104.124814 66.564225
104.124814 67.215836
103.473203 67.867447
103.473203 68.519057
102.821592 69.170668
102.821592 69.822279
102.169981 70.473890
102.169981 71.125500
102.169981 71.777111
101.518371 72.428722
101.518371 73.080333
100.866760 73.731943
100.866760 74.383554
100.866760 75.035165
100.215149 75.686776
100.215149 76.338386
100.215149 76.989997
99.563538 77.641608
99.563538 78.293219
99.563538 78.944829
98.911928 79.596440
98.911928 80.248051
98.911928 80.899662
98.911928 81.551273
98.911928 82.202883
98.260317 82.854494
98.260317 83.506105
98.260317 84.157716
98.260317 84.809326
98.260317 85.460937
98.260317 86.112548
98.260317 86.764159
97.608706 87.415769
97.608706 88.067380
97.608706 88.718991
97.608706 89.370602
97.608706 90.022212
97.608706 90.673823
97.608706 91.325434
97.608706 91.977045
97.608706 92.628655
97.608706 93.280266
97.608706 93.931877
97.608706 94.583488
97.608706 95.235098
97.608706 95.886709
97.608706 96.538320
98.260317 97.189931
98.260317 97.841541
98.260317 98.493152
98.260317 99.144763
98.260317 99.796374
98.260317 100.447984
98.260317 101.099595
98.260317 101.751206
98.911928 101.751206
98.911928 102.402817
98.911928 103.054427
98.911928 103.706038
98.911928 104.357649
98.911928 105.009260
99.563538 105.009260
99.563538 105.660870
99.563538 106.312481
100.215149 106.964092
100.215149 107.615703
100.215149 108.267313
100.215149 108.918924
100.866760 108.918924
100.866760 109.570535
100.866760 110.222146
100.866760 110.873756
101.518371 110.873756
101.518371 111.525367
101.518371 112.176978
102.169981 112.176978
102.169981 112.828589
102.169981 113.480199
102.821592 113.480199
102.821592 114.131810
102.821592 114.783421
103.473203 114.783421
103.473203 115.435032
104.124814 116.086643
104.124814 116.738253
104.124814 117.389864
104.776424 117.389864
104.776424 118.041475
105.428035 118.041475
105.428035 118.693086
105.428035 119.344696
106.079646 119.344696
106.731257 119.996307
106.731257 120.647918
107.382867 120.647918
107.382867 121.299529
107.382867 121.951139
108.034478 121.951139
108.034478 122.602750
108.686089 122.602750
108.686089 123.254361
109.337700 123.254361
109.337700 123.905972
109.989310 123.905972
109.989310 124.557582
110.640921 124.557582
110.640921 125.209193
111.292532 125.209193
111.292532 125.860804
111.944143 125.860804
111.944143 126.512415
112.595753 126.512415
112.595753 127.164025
113.247364 127.164025
113.247364 127.815636
113.898975 127.815636
113.898975 128.467247
114.550586 128.467247
115.202196 129.118858
115.853807 129.770468
115.853807 130.422079
116.505418 130.422079
116.505418 131.073690
117.157029 131.073690
117.808639 131.725301
118.460250 132.376911
118.460250 133.028522
118.460250 133.680133
119.111861 133.680133
119.763472 134.331744
119.763472 134.983354
120.415083 134.983354
121.066693 135.634965
121.066693 136.286576
121.718304 136.286576
122.369915 136.938187
122.369915 137.589797
122.369915 138.241408
123.021526 138.241408
123.021526 138.893019
123.673136 138.893019
124.324747 139.544630
124.324747 140.196240
124.976358 140.196240
124.976358 140.847851
125.627969 140.847851
126.279579 141.499462
126.931190 142.151073
126.931190 142.802683
127.582801 142.802683
127.582801 143.454294
128.234412 143.454294
128.886022 144.105905
129.537633 144.757516
129.537633 145.409126
130.189244 145.409126
130.840855 145.409126
131.492465 146.060737
132.144076 146.712348
132.144076 147.363959
132.795687 147.363959
133.447298 148.015569
134.098908 148.667180
134.098908 149.318791
134.750519 149.970402
134.750519 150.622013
134.098908 151.273623
134.098908 151.925234
133.447298 152.576845
132.795687 153.228456
132.144076 153.880066
131.492465 154.531677
130.840855 154.531677
130.189244 155.183288
129.537633 155.834899
128.886022 155.834899
128.234412 156.486509
127.582801 157.138120
126.931190 157.138120
126.279579 157.789731
125.627969 157.789731
124.976358 158.441342
124.324747 159.092952
123.673136 159.092952
123.021526 159.744563
122.369915 159.744563
121.718304 160.396174
121.066693 161.047785
120.415083 161.047785
119.763472 161.699395
118.460250 161.699395
117.808639 162.351006
117.157029 163.002617
116.505418 163.002617
115.853807 163.654228
115.202196 164.305838
114.550586 164.305838
113.898975 164.957449
113.247364 164.957449
112.595753 165.609060
111.944143 166.260671
111.292532 166.260671
110.640921 166.912281
109.989310 166.912281
109.337700 167.563892
108.686089 167.563892
108.034478 168.215503
107.382867 168.215503
106.731257 168.867114
106.079646 168.867114
105.428035 168.867114
104.776424 169.518724
104.124814 169.518724
103.473203 170.170335
102.821592 170.170335
102.169981 170.821946
101.518371 170.821946
100.866760 170.821946
100.215149 171.473557
98.911928 171.473557
98.260317 172.125167
97.608706 172.125167
96.957095 172.776778
96.305485 172.776778
95.653874 172.776778
95.002263 172.776778
94.350652 172.776778
93.699042 172.776778
93.047431 172.776778
92.395820 173.428389
91.744209 173.428389
91.092599 174.080000
90.440988 174.080000
89.789377 174.080000
89.137766 174.731610
88.486156 174.731610
87.834545 175.383221
87.182934 175.383221
85.879713 175.383221
85.228102 176.034832
84.576491 176.034832
83.924880 176.034832
83.273269 176.034832
82.621659 176.034832
81.970048 176.034832
80.666826 176.034832
80.015216 176.034832
79.363605 175.383221
78.711994 175.383221
78.060383 175.383221
76.757162 175.383221
76.105551 175.383221
75.453940 175.383221
74.802330 175.383221
74.150719 175.383221
73.499108 175.383221
72.195887 175.383221
72.195887 174.080000
71.544276 173.428389
71.544276 172.776778
70.892665 172.125167
70.892665 171.473557
70.892665 170.821946
70.241054 170.170335
70.241054 169.518724
70.241054 168.215503
69.589444 167.563892
69.589444 166.912281
68.937833 166.260671
68.937833 165.609060
68.937833 164.957449
68.286222 164.305838
68.286222 163.654228
68.286222 162.351006
67.634611 161.699395
67.634611 161.047785
66.983001 160.396174
66.983001 159.744563
66.983001 159.092952
66.331390 158.441342
66.331390 157.789731
66.331390 156.486509
65.679779 155.834899
65.679779 155.183288
65.028168 154.531677
65.028168 153.880066
65.028168 153.228456
64.376558 152.576845
64.376558 151.925234
64.376558 151.273623
64.376558 150.622013
64.376558 149.970402
63.724947 149.318791
63.724947 148.667180
63.724947 147.363959
63.724947 146.712348
63.073336 146.060737
63.073336 145.409126
63.073336 144.757516
63.073336 144.105905
63.073336 143.454294
62.421725 142.802683
62.421725 142.151073
62.421725 141.499462
62.421725 140.847851
61.770115 140.196240
61.770115 138.893019
61.770115 138.241408
61.770115 137.589797
61.770115 136.938187
61.118504 136.286576
61.118504 135.634965
61.118504 134.983354
61.118504 134.331744
60.466893 133.680133
60.466893 133.028522
60.466893 132.376911
60.466893 131.073690
60.466893 130.422079
59.815282 129.770468
59.815282 129.118858
59.815282 128.467247
59.815282 127.815636
59.163672 127.164025
59.163672 126.512415
59.163672 125.860804
59.163672 125.209193
59.163672 124.557582
58.512061 123.905972
58.512061 122.602750
58.512061 121.951139
58.512061 121.299529
57.860450 120.647918
57.860450 119.996307
57.860450 119.344696
57.860450 118.693086
57.860450 118.041475
57.860450 117.389864
57.860450 116.738253
57.860450 116.086643
58.512061 115.435032
58.512061 114.131810
58.512061 113.480199
58.512061 112.828589
58.512061 111.525367
58.512061 110.873756
58.512061 110.222146
58.512061 108.918924
58.512061 108.267313
58.512061 107.615703
58.512061 106.312481
58.512061 105.660870
58.512061 105.009260
58.512061 103.706038
58.512061 103.054427
58.512061 102.402817
58.512061 101.099595
58.512061 100.447984
58.512061 99.796374
58.512061 98.493152
58.512061 97.841541
58.512061 97.189931
58.512061 95.886709
58.512061 95.235098
58.512061 93.931877
58.512061 93.280266
58.512061 92.628655
58.512061 91.325434
58.512061 90.673823
58.512061 90.022212
58.512061 88.718991
58.512061 88.067380
58.512061 87.415769
58.512061 86.112548
58.512061 85.460937
58.512061 84.809326
58.512061 84.157716
59.163672 83.506105
59.163672 82.854494
59.163672 82.202883
59.815282 81.551273
59.815282 80.248051
59.815282 79.596440
60.466893 78.944829
60.466893 78.293219
60.466893 77.641608
60.466893 76.989997
61.118504 76.338386
61.118504 75.686776
61.118504 75.035165
61.770115 73.731943
61.770115 73.080333
61.770115 72.428722
62.421725 71.777111
62.421725 71.125500
62.421725 70.473890
63.073336 69.822279
63.073336 69.170668
63.073336 67.867447
63.724947 67.215836
64.376558 66.564225
65.028168 66.564225
65.679779 65.912614
66.331390 65.261004
66.983001 64.609393
67.634611 63.957782
68.286222 63.306171
68.937833 62.654561
69.589444 62.002950
70.892665 61.351339
71.544276 60.699728
72.195887 60.048118
72.847497 60.048118
73.499108 59.396507
74.150719 58.744896
74.802330 58.093285
75.453940 57.441675
76.105551 57.441675
76.757162 56.790064
77.408773 56.790064
78.711994 56.790064
79.363605 56.138453
80.015216 56.138453
80.666826 55.486842
81.318437 55.486842
81.970048 55.486842
82.621659 54.835232
83.273269 54.835232
84.576491 54.183621
85.228102 54.183621
85.879713 54.183621
86.531323 54.183621
87.182934 54.183621
87.834545 54.183621
88.486156 54.183621
89.137766 54.183621
90.440988 54.183621
91.092599 54.183621
91.744209 54.183621
92.395820 54.183621
93.047431 54.183621
93.699042 54.183621
94.350652 54.183621
95.002263 54.183621
95.653874 54.183621
96.305485 54.183621
97.608706 54.183621
98.260317 54.183621
98.911928 54.183621
99.563538 54.183621
100.215149 54.183621
100.866760 54.835232
101.518371 54.835232
102.169981 55.486842
102.821592 55.486842
103.473203 56.138453
104.124814 56.790064
104.776424 56.790064
105.428035 57.441675
105.428035 58.093285
104.776424 58.744896
104.776424 59.396507
