106.466286 68.228237
106.466286 68.866923
106.466286 69.505610
106.466286 70.144296
105.827599 70.782982
105.188913 71.421668
105.188913 72.060354
104.550227 72.699041
104.550227 73.337727
103.911541 73.976413
103.911541 74.615099
103.272855 75.253785
103.272855 75.892471
102.634168 76.531158
102.634168 77.169844
102.634168 77.808530
101.995482 78.447216
101.995482 79.085902
101.995482 79.724589
101.356796 80.363275
101.356796 81.001961
101.356796 81.640647
101.356796 82.279333
101.356796 82.918020
100.718110 83.556706
100.718110 84.195392
100.718110 84.834078
100.718110 85.472764
100.718110 86.111450
100.718110 86.750137
100.718110 87.388823
100.718110 88.027509
100.718110 88.666195
100.718110 89.304881
100.718110 89.943568
100.718110 90.582254
100.718110 91.220940
100.718110 91.859626
100.718110 92.498312
100.079424 93.136998
100.079424 93.775685
100.079424 94.414371
100.079424 95.053057
100.079424 95.691743
100.079424 96.330429
100.079424 96.969116
100.079424 97.607802
100.079424 98.246488
100.079424 98.885174
100.079424 99.523860
100.079424 100.162547
100.079424 100.801233
100.079424 101.439919
100.079424 102.078605
100.079424 102.717291
100.079424 103.355977
100.079424 103.994664
100.079424 104.633350
100.079424 105.272036
100.079424 105.910722
100.718110 106.549408
100.718110 107.188095
100.718110 107.826781
100.718110 108.465467
100.718110 109.104153
101.356796 109.742839
101.356796 110.381526
101.356796 111.020212
101.356796 111.658898
101.356796 112.297584
101.356796 112.936270
101.995482 112.936270
101.995482 113.574956
101.995482 114.213643
102.634168 114.852329
102.634168 115.491015
102.634168 116.129701
102.634168 116.768387
103.272855 116.768387
103.272855 117.407074
103.911541 118.045760
103.911541 118.684446
104.550227 119.323132
104.550227 119.961818
105.188913 120.600504
105.188913 121.239191
105.827599 121.877877
105.827599 122.516563
106.466286 122.516563
106.466286 123.155249
107.104972 123.793935
107.743658 124.432622
107.743658 125.071308
108.382344 125.071308
109.021030 125.709994
109.021030 126.348680
109.659717 126.987366
109.659717 127.626053
110.298403 127.626053
110.937089 128.264739
111.575775 128.903425
112.214461 128.903425
112.853147 129.542111
113.491834 130.180797
113.491834 130.819483
114.130520 130.819483
114.130520 131.458170
114.769206 131.458170
115.407892 131.458170
115.407892 132.096856
116.046578 132.096856
116.046578 132.735542
116.685265 132.735542
116.685265 133.374228
117.323951 133.374228
117.962637 134.012914
118.601323 134.651601
118.601323 135.290287
119.240009 135.290287
119.878696 135.928973
119.878696 136.567659
120.517382 136.567659
121.156068 137.206345
121.794754 137.845032
122.433440 138.483718
123.072126 138.483718
123.710813 139.122404
124.349499 139.761090
124.988185 140.399776
125.626871 140.399776
126.265557 141.038462
126.904244 141.038462
127.542930 141.677149
128.181616 142.315835
128.820302 142.315835
129.458988 142.954521
130.097674 142.954521
130.736361 143.593207
130.736361 144.231893
130.736361 144.870580
131.375047 146.147952
131.375047 146.786638
131.375047 147.425324
132.013733 148.702697
132.013733 149.341383
132.652419 149.980069
132.013733 150.618755
132.013733 151.257441
131.375047 151.896128
131.375047 152.534814
131.375047 153.173500
130.736361 153.812186
130.736361 154.450872
130.097674 155.089559
130.097674 155.728245
130.097674 156.366931
129.458988 157.005617
128.820302 157.644303
128.181616 158.282989
127.542930 158.921676
126.904244 158.921676
126.265557 159.560362
125.626871 160.199048
124.988185 160.199048
123.710813 160.837734
123.072126 160.837734
122.433440 161.476420
121.794754 161.476420
121.156068 162.115107
120.517382 162.753793
119.240009 162.753793
118.601323 163.392479
117.962637 163.392479
117.323951 164.031165
116.685265 164.031165
116.046578 164.669851
114.769206 164.669851
114.130520 165.308538
113.491834 165.947224
112.853147 165.947224
112.214461 166.585910
111.575775 166.585910
110.298403 166.585910
109.659717 166.585910
109.021030 167.224596
108.382344 167.224596
107.743658 167.224596
107.104972 167.863282
105.827599 167.863282
105.188913 167.863282
104.550227 168.501968
103.911541 168.501968
103.272855 168.501968
102.634168 169.140655
101.356796 169.140655
100.718110 169.140655
100.079424 169.779341
99.440738 169.779341
98.802051 169.779341
97.524679 169.779341
96.885993 170.418027
96.247307 170.418027
95.608620 170.418027
94.969934 171.056713
94.331248 171.056713
93.692562 171.056713
93.053876 171.056713
91.776503 171.695399
91.137817 171.695399
90.499131 171.695399
89.860445 171.695399
89.221759 172.334086
88.583072 172.334086
87.944386 172.334086
87.305700 172.334086
86.667014 172.334086
86.028328 172.972772
85.389641 172.972772
84.750955 172.972772
84.112269 172.972772
83.473583 173.611458
82.834897 173.611458
82.196211 173.611458
81.557524 173.611458
80.918838 173.611458
80.280152 174.250144
79.641466 174.250144
79.002780 174.250144
77.725407 174.250144
77.086721 174.250144
76.448035 174.250144
75.809349 174.250144
75.170662 174.250144
74.531976 174.250144
73.893290 174.250144
73.254604 174.250144
72.615918 174.250144
71.977232 174.250144
71.338545 174.250144
70.699859 174.250144
70.061173 174.250144
69.422487 174.250144
68.783801 174.250144
68.145114 173.611458
67.506428 172.972772
66.867742 172.334086
66.229056 171.695399
65.590370 171.056713
64.951683 170.418027
64.312997 169.779341
63.674311 169.140655
63.674311 168.501968
63.035625 167.863282
63.035625 167.224596
62.396939 166.585910
62.396939 165.947224
62.396939 165.308538
62.396939 164.669851
62.396939 163.392479
61.758253 162.753793
61.758253 162.115107
61.758253 161.476420
61.758253 160.837734
61.758253 160.199048
61.119566 159.560362
61.119566 158.921676
61.119566 157.644303
61.119566 157.005617
61.119566 156.366931
60.480880 155.728245
60.480880 155.089559
60.480880 154.450872
60.480880 153.812186
59.842194 153.173500
59.842194 152.534814
59.842194 151.257441
59.842194 150.618755
59.842194 149.980069
59.203508 149.341383
59.203508 148.702697
59.203508 148.064010
59.203508 147.425324
59.203508 146.786638
58.564822 146.147952
58.564822 144.870580
58.564822 144.231893
58.564822 143.593207
58.564822 142.954521
58.564822 142.315835
58.564822 141.677149
58.564822 141.038462
58.564822 140.399776
58.564822 139.761090
58.564822 138.483718
58.564822 137.845032
58.564822 136.567659
58.564822 135.928973
58.564822 135.290287
58.564822 134.012914
58.564822 133.374228
58.564822 132.096856
58.564822 131.458170
58.564822 130.180797
58.564822 129.542111
58.564822 128.264739
58.564822 127.626053
58.564822 126.348680
58.564822 125.709994
58.564822 125.071308
58.564822 123.793935
58.564822 123.155249
58.564822 121.877877
58.564822 121.239191
58.564822 119.961818
58.564822 119.323132
58.564822 118.045760
58.564822 117.407074
58.564822 116.129701
58.564822 115.491015
58.564822 114.852329
58.564822 113.574956
58.564822 112.936270
58.564822 111.658898
58.564822 111.020212
58.564822 109.742839
58.564822 109.104153
57.926135 108.465467
57.926135 107.826781
57.926135 107.188095
57.287449 106.549408
57.287449 105.910722
57.287449 104.633350
57.287449 103.994664
57.287449 103.355977
57.287449 102.717291
57.287449 102.078605
57.287449 100.801233
57.287449 100.162547
57.287449 99.523860
57.287449 98.885174
57.287449 98.246488
57.287449 96.969116
57.287449 96.330429
57.287449 95.691743
57.287449 95.053057
57.287449 94.414371
57.287449 93.136998
57.287449 92.498312
57.287449 91.859626
57.287449 91.220940
57.287449 90.582254
57.287449 89.304881
57.287449 88.666195
57.287449 88.027509
57.287449 87.388823
57.287449 86.750137
57.287449 86.111450
57.287449 84.834078
57.287449 84.195392
57.287449 83.556706
57.287449 82.918020
57.287449 82.279333
57.287449 81.001961
57.287449 80.363275
57.287449 79.724589
57.926135 79.085902
58.564822 78.447216
59.203508 77.169844
59.842194 76.531158
60.480880 75.892471
61.119566 75.253785
61.758253 74.615099
62.396939 73.337727
63.035625 72.699041
63.674311 72.060354
63.674311 71.421668
64.312997 70.782982
64.951683 69.505610
65.590370 68.866923
66.229056 68.228237
66.867742 67.589551
67.506428 66.950865
68.145114 66.312179
68.783801 65.673492
69.422487 65.673492
70.061173 65.034806
70.699859 64.396120
71.338545 63.757434
71.977232 63.757434
73.254604 63.118748
73.893290 62.480062
74.531976 61.841375
75.170662 61.202689
75.809349 61.202689
76.448035 60.564003
77.086721 60.564003
77.725407 60.564003
78.364093 59.925317
79.002780 59.925317
79.641466 59.925317
80.280152 59.286631
80.918838 59.286631
81.557524 59.286631
82.196211 58.647944
82.834897 58.647944
83.473583 58.647944
84.112269 58.647944
84.750955 58.009258
85.389641 58.009258
86.028328 58.009258
86.667014 58.009258
87.305700 58.009258
87.944386 58.009258
89.221759 58.009258
89.860445 58.009258
90.499131 58.009258
91.137817 58.009258
91.776503 58.009258
92.415190 58.009258
93.053876 58.009258
93.692562 58.009258
94.331248 58.009258
94.969934 58.009258
95.608620 58.009258
96.247307 58.009258
96.885993 58.009258
97.524679 58.647944
98.163365 58.647944
98.802051 59.286631
99.440738 59.925317
100.079424 59.925317
100.718110 60.564003
101.356796 61.202689
101.995482 61.202689
102.634168 61.841375
103.272855 62.480062
103.911541 62.480062
104.550227 63.118748
105.827599 63.757434
105.827599 64.396120
105.827599 65.034806
105.827599 65.673492
105.827599 66.312179
106.466286 66.950865
106.466286 67.589551
106.466286 68.228237
