93.153350 90.957739
93.153350 91.448789
93.153350 91.939839
93.153350 92.430889
93.153350 92.921939
93.153350 93.412990
93.644400 93.412990
93.644400 93.904040
93.644400 94.395090
93.644400 93.904040
93.644400 94.395090
93.644400 94.886140
94.135450 95.377190
94.135450 95.868240
94.135450 96.359290
94.135450 96.850341
94.626500 96.850341
94.626500 97.341391
94.626500 97.832441
95.117550 97.832441
95.117550 98.323491
95.117550 98.814541
95.608600 99.305591
95.608600 99.796641
96.099650 100.287691
96.099650 100.778742
96.590701 101.269792
96.590701 101.760842
97.081751 102.251892
97.572801 102.742942
97.572801 103.233992
97.572801 103.725042
97.572801 104.216093
97.572801 104.707143
97.572801 105.198193
97.572801 105.689243
97.572801 106.180293
97.572801 106.671343
97.572801 107.162393
97.572801 107.653443
97.572801 108.144494
97.572801 108.635544
97.572801 109.126594
97.572801 109.617644
97.572801 110.108694
97.572801 110.599744
97.572801 111.090794
97.572801 111.581845
97.572801 112.072895
98.063851 112.072895
98.063851 112.563945
98.063851 113.054995
98.063851 113.546045
98.063851 114.037095
98.063851 114.528145
98.554901 115.019195
98.554901 115.510246
98.554901 116.001296
98.554901 116.492346
99.045951 116.983396
99.045951 117.474446
99.045951 117.965496
99.045951 118.456546
99.537001 118.456546
99.537001 118.947597
99.537001 119.438647
99.537001 119.929697
100.028051 119.929697
100.028051 120.420747
100.028051 120.911797
100.519102 120.911797
100.519102 121.402847
100.519102 121.893897
101.010152 121.893897
101.010152 122.384947
101.010152 122.875998
101.501202 123.367048
101.992252 123.858098
101.992252 124.349148
101.992252 124.840198
102.483302 124.840198
102.483302 125.331248
102.974352 125.822298
102.974352 126.313349
103.465402 126.313349
103.465402 126.804399
103.956453 127.295449
104.447503 127.786499
104.447503 128.277549
104.938553 128.768599
104.938553 129.259649
105.429603 129.259649
105.920653 129.750699
106.411703 130.241750
106.902753 130.732800
107.393803 131.223850
107.884854 131.714900
108.375904 132.205950
108.866954 132.697000
109.358004 133.188050
109.849054 133.679101
110.340104 134.170151
110.831154 134.661201
111.322205 135.152251
111.813255 135.152251
112.304305 135.643301
112.795355 136.134351
113.286405 136.134351
113.777455 136.625401
114.268505 137.116451
114.759555 137.116451
115.250606 137.607502
115.741656 137.607502
116.232706 138.098552
116.723756 138.589602
117.214806 138.589602
117.705856 138.589602
118.196906 139.080652
118.687957 139.080652
119.179007 139.571702
119.670057 139.571702
120.161107 140.062752
120.652157 140.062752
121.143207 140.062752
121.634257 140.553802
122.125307 140.553802
122.616358 140.553802
123.107408 141.044853
123.598458 141.044853
124.089508 141.044853
124.580558 141.044853
125.071608 141.535903
125.562658 142.026953
125.562658 142.518003
126.053709 143.009053
126.544759 143.500103
126.544759 143.991153
127.035809 144.482203
127.526859 144.973254
127.526859 145.955354
128.017909 146.446404
128.017909 146.937454
128.017909 147.428504
128.017909 147.919554
128.017909 148.410605
128.017909 148.901655
128.017909 149.392705
128.017909 149.883755
128.017909 150.374805
128.017909 150.865855
128.017909 151.356905
128.017909 151.847955
128.017909 152.339006
128.017909 152.830056
128.017909 153.321106
128.017909 153.812156
128.017909 154.303206
127.526859 154.794256
127.035809 155.285306
127.035809 155.776356
126.544759 156.267407
126.053709 156.758457
126.053709 157.249507
125.562658 157.740557
125.562658 158.231607
125.071608 158.722657
124.580558 159.213707
124.580558 159.704758
124.089508 160.195808
123.598458 160.686858
123.598458 161.177908
123.107408 162.160008
122.616358 162.651058
122.616358 163.142108
122.125307 163.633159
122.125307 164.124209
121.634257 164.615259
121.143207 165.106309
121.143207 165.597359
120.652157 166.088409
120.161107 166.579459
119.670057 166.579459
119.179007 166.579459
118.687957 166.579459
118.196906 166.579459
117.705856 166.579459
117.214806 167.070510
116.723756 167.070510
115.741656 167.561560
115.250606 167.561560
114.759555 168.052610
113.777455 168.052610
113.286405 168.543660
112.795355 169.034710
112.304305 169.034710
111.322205 169.525760
110.831154 169.525760
110.340104 170.016810
109.358004 170.016810
108.866954 170.507860
108.375904 170.998911
107.393803 170.998911
106.902753 171.489961
106.411703 171.489961
105.429603 171.981011
104.938553 171.981011
104.447503 172.472061
103.465402 172.963111
102.974352 172.963111
102.483302 173.454161
101.501202 173.454161
101.010152 173.945211
100.519102 173.945211
99.537001 174.436262
99.045951 174.927312
98.554901 174.927312
98.063851 175.418362
97.081751 175.418362
96.590701 175.909412
96.099650 176.400462
95.608600 175.909412
95.117550 175.909412
94.626500 175.909412
94.135450 175.909412
93.644400 175.909412
92.662300 175.909412
92.171249 175.909412
91.680199 175.909412
91.189149 175.909412
90.698099 175.909412
90.207049 175.909412
89.715999 175.909412
89.224949 175.909412
88.733898 175.909412
88.242848 175.909412
87.751798 175.909412
87.260748 175.909412
86.769698 175.418362
86.278648 175.418362
85.787598 175.418362
85.296548 175.418362
84.805497 174.927312
84.314447 174.436262
83.823397 173.945211
83.332347 173.454161
82.841297 172.963111
82.350247 172.472061
81.368146 171.981011
80.877096 171.981011
80.386046 171.489961
79.894996 170.998911
79.403946 170.507860
78.912896 170.016810
78.421846 169.525760
77.930796 169.034710
77.439745 169.034710
76.948695 168.543660
76.457645 168.052610
75.966595 167.561560
75.966595 167.070510
75.475545 166.088409
75.475545 165.597359
75.475545 165.106309
75.475545 164.615259
74.984495 164.124209
74.984495 163.633159
74.984495 162.651058
74.984495 162.160008
74.984495 161.668958
74.493445 161.177908
74.493445 160.686858
74.493445 159.704758
74.493445 159.213707
74.002394 158.722657
74.002394 158.231607
74.002394 157.740557
74.002394 157.249507
73.511344 156.267407
73.511344 155.776356
73.511344 155.285306
73.511344 154.794256
73.020294 154.303206
73.020294 153.321106
73.020294 152.830056
73.020294 152.339006
72.529244 151.847955
72.529244 151.356905
72.529244 150.865855
72.529244 149.883755
72.529244 149.392705
72.038194 148.901655
72.038194 148.410605
72.038194 147.919554
72.038194 147.428504
72.038194 146.937454
71.547144 146.446404
71.547144 145.955354
71.547144 145.464304
71.547144 144.482203
71.547144 143.991153
71.547144 143.009053
71.547144 142.518003
71.056094 141.535903
71.056094 141.044853
71.056094 140.062752
71.056094 139.571702
71.056094 139.080652
71.056094 138.098552
71.056094 137.607502
71.056094 136.625401
71.056094 136.134351
71.056094 135.152251
70.565044 134.661201
70.565044 133.679101
70.565044 133.188050
70.565044 132.205950
70.565044 131.714900
70.565044 131.223850
70.565044 130.241750
70.565044 129.750699
70.565044 128.768599
70.565044 128.277549
70.073993 127.295449
70.073993 126.804399
70.073993 125.822298
70.073993 125.331248
70.073993 124.349148
70.073993 123.858098
70.073993 123.367048
70.073993 122.384947
70.073993 121.893897
69.582943 121.402847
69.582943 120.911797
69.582943 120.420747
69.582943 119.438647
69.582943 118.947597
69.582943 118.456546
69.582943 117.965496
69.582943 117.474446
69.091893 116.983396
69.091893 116.492346
69.091893 116.001296
69.091893 115.510246
69.091893 115.019195
69.091893 114.528145
69.091893 114.037095
68.600843 113.546045
68.600843 112.563945
68.600843 112.072895
68.600843 111.581845
68.600843 111.090794
68.600843 110.599744
68.600843 110.108694
68.109793 109.617644
68.109793 109.126594
68.109793 108.635544
68.109793 108.144494
68.109793 107.653443
68.109793 107.162393
68.109793 106.180293
68.109793 105.689243
67.618743 105.198193
67.618743 104.707143
67.618743 104.216093
68.109793 103.725042
68.600843 103.233992
69.091893 102.742942
69.582943 102.251892
70.073993 101.760842
70.565044 101.269792
71.056094 100.778742
71.547144 100.287691
72.038194 99.796641
73.020294 99.305591
73.511344 98.814541
74.002394 98.323491
74.493445 97.832441
74.984495 97.341391
75.475545 96.850341
75.966595 96.359290
76.457645 95.868240
76.948695 95.377190
77.439745 94.886140
77.930796 94.395090
78.421846 93.904040
78.912896 93.412990
79.403946 92.921939
79.894996 92.430889
80.386046 91.939839
80.877096 91.939839
81.368146 91.448789
81.859197 90.957739
82.350247 90.466689
82.841297 89.975639
83.332347 89.484589
83.823397 89.484589
84.314447 88.993538
84.805497 88.502488
85.296548 88.011438
85.787598 87.520388
86.278648 87.520388
86.769698 88.011438
87.260748 88.011438
87.751798 88.011438
88.242848 88.011438
88.733898 88.011438
89.224949 88.011438
89.715999 88.011438
90.207049 88.011438
90.698099 88.502488
91.189149 88.502488
91.680199 88.993538
92.171249 88.993538
92.662300 88.993538
92.662300 89.484589
92.662300 89.975639
92.662300 90.466689
93.153350 90.957739
