104.462312 62.036754
104.462312 62.618781
104.462312 63.200809
104.462312 63.782837
103.880285 64.364864
103.298257 64.946892
102.716230 65.528919
102.716230 66.110947
102.134202 66.692974
101.552175 67.275002
101.552175 67.857029
100.970147 68.439057
100.388120 69.021084
100.388120 69.603112
99.806092 70.185139
99.806092 70.767167
99.224065 71.349194
99.224065 71.931222
98.642037 72.513250
98.642037 73.095277
98.060009 73.677305
98.060009 74.259332
97.477982 74.841360
97.477982 75.423387
96.895954 76.005415
96.895954 76.587442
96.895954 77.169470
96.313927 77.751497
96.313927 78.333525
96.313927 78.915552
95.731899 79.497580
95.731899 80.079608
95.731899 80.661635
95.731899 81.243663
95.149872 81.825690
95.149872 82.407718
95.149872 82.989745
95.149872 83.571773
95.149872 84.153800
95.149872 84.735828
94.567844 85.317855
94.567844 85.899883
94.567844 86.481910
94.567844 87.063938
94.567844 87.645965
94.567844 88.227993
94.567844 88.810021
94.567844 89.392048
94.567844 89.974076
94.567844 90.556103
94.567844 91.138131
94.567844 91.720158
94.567844 92.302186
94.567844 92.884213
94.567844 93.466241
94.567844 94.048268
94.567844 94.630296
94.567844 95.212323
94.567844 95.794351
94.567844 96.376379
94.567844 96.958406
94.567844 97.540434
94.567844 98.122461
94.567844 98.704489
94.567844 99.286516
94.567844 99.868544
94.567844 100.450571
94.567844 101.032599
94.567844 101.614626
94.567844 102.196654
94.567844 102.778681
94.567844 103.360709
94.567844 103.942736
95.149872 104.524764
95.149872 105.106792
95.149872 105.688819
95.149872 106.270847
95.149872 106.852874
95.149872 107.434902
95.731899 108.016929
95.731899 108.598957
95.731899 109.180984
95.731899 109.763012
96.313927 110.345039
96.313927 110.927067
96.313927 111.509094
96.895954 112.091122
96.895954 112.673150
96.895954 113.255177
97.477982 113.837205
97.477982 114.419232
97.477982 115.001260
97.477982 115.583287
98.060009 115.583287
98.060009 116.165315
98.060009 116.747342
98.642037 116.747342
98.642037 117.329370
98.642037 117.911397
99.224065 117.911397
99.224065 118.493425
99.224065 119.075452
99.806092 119.075452
99.806092 119.657480
99.806092 120.239507
100.388120 120.239507
100.388120 120.821535
100.388120 121.403563
100.970147 121.403563
100.970147 121.985590
101.552175 122.567618
101.552175 123.149645
102.134202 123.731673
102.716230 124.313700
102.716230 124.895728
103.298257 125.477755
103.880285 126.059783
103.880285 126.641810
103.880285 127.223838
104.462312 127.223838
105.044340 127.805865
105.044340 128.387893
105.626367 128.387893
105.626367 128.969920
106.208395 129.551948
106.208395 130.133976
106.790423 130.133976
107.372450 130.716003
107.954478 131.298031
108.536505 131.880058
109.118533 132.462086
109.700560 133.044113
110.282588 133.626141
110.864615 134.208168
111.446643 134.790196
112.028670 135.372223
112.610698 135.372223
112.610698 135.954251
113.192725 135.954251
113.774753 136.536278
114.356780 137.118306
114.938808 137.118306
115.520836 137.700334
116.102863 138.282361
116.684891 138.282361
117.266918 138.864389
117.848946 139.446416
118.430973 139.446416
119.013001 140.028444
119.595028 140.028444
120.177056 140.610471
120.759083 140.610471
121.341111 141.192499
121.923138 141.192499
122.505166 141.774526
123.087193 141.774526
123.669221 142.356554
124.251249 142.356554
124.833276 142.938581
125.415304 142.938581
125.997331 142.938581
126.579359 143.520609
127.161386 143.520609
127.743414 143.520609
128.325441 144.102636
128.907469 144.102636
129.489496 144.102636
130.071524 144.102636
130.653551 144.684664
131.235579 144.684664
131.817607 144.684664
132.399634 144.684664
132.981662 144.684664
133.563689 144.684664
134.145717 145.266691
133.563689 145.848719
132.981662 146.430747
132.981662 147.012774
132.399634 147.594802
132.399634 148.176829
131.817607 148.758857
131.235579 149.922912
131.235579 150.504939
130.653551 151.086967
130.071524 151.668994
129.489496 152.251022
128.907469 152.251022
128.325441 152.833049
127.161386 152.833049
126.579359 153.415077
125.997331 153.997105
125.415304 153.997105
124.833276 154.579132
124.251249 154.579132
123.087193 155.161160
122.505166 155.161160
121.923138 155.743187
121.341111 155.743187
120.759083 156.325215
119.595028 156.907242
119.013001 156.907242
118.430973 157.489270
117.848946 157.489270
117.266918 158.071297
116.684891 158.071297
115.520836 158.653325
114.938808 158.653325
114.356780 159.235352
113.774753 159.235352
113.192725 159.817380
112.610698 160.399407
111.446643 160.399407
110.864615 160.981435
110.282588 160.981435
109.700560 161.563462
109.118533 161.563462
107.954478 162.145490
107.372450 162.145490
106.790423 162.727518
106.208395 163.309545
105.626367 163.309545
105.044340 163.891573
103.880285 163.891573
103.298257 164.473600
102.716230 164.473600
102.134202 165.055628
101.552175 165.055628
100.970147 165.637655
99.806092 166.219683
99.224065 166.219683
98.642037 166.801710
98.060009 166.801710
97.477982 167.383738
96.313927 167.383738
95.731899 167.965765
95.149872 167.965765
94.567844 168.547793
93.985817 168.547793
93.403789 169.129820
92.821762 169.129820
91.657707 169.711848
91.075679 170.293876
90.493652 170.293876
89.911624 170.875903
89.329596 170.875903
88.747569 171.457931
88.165541 171.457931
87.583514 172.039958
86.419459 172.039958
85.837431 172.039958
85.255404 172.039958
84.673376 171.457931
84.091349 170.875903
83.509321 170.875903
82.927294 170.293876
82.345266 170.293876
81.181211 169.711848
80.599183 169.711848
80.017156 169.129820
79.435128 169.129820
78.853101 168.547793
78.271073 168.547793
77.689046 167.965765
77.107018 167.383738
77.107018 166.801710
77.107018 166.219683
77.107018 165.637655
77.107018 164.473600
77.107018 163.891573
76.524991 163.309545
76.524991 162.145490
76.524991 161.563462
76.524991 160.981435
75.942963 159.817380
75.942963 159.235352
75.942963 158.653325
75.360936 157.489270
75.360936 156.907242
75.360936 156.325215
75.360936 155.161160
74.778908 154.579132
74.778908 153.997105
74.778908 152.833049
74.778908 152.251022
74.196881 151.086967
74.196881 150.504939
74.196881 149.922912
74.196881 148.758857
73.614853 148.176829
73.614853 147.594802
73.614853 146.430747
73.032825 145.848719
73.032825 145.266691
73.032825 144.102636
73.032825 143.520609
72.450798 142.938581
72.450798 141.774526
72.450798 141.192499
72.450798 140.610471
71.868770 139.446416
71.868770 138.864389
71.868770 138.282361
71.868770 137.118306
71.286743 136.536278
71.286743 135.372223
71.286743 134.790196
70.704715 134.208168
70.704715 133.044113
70.704715 132.462086
70.704715 131.880058
70.122688 130.716003
70.122688 130.133976
70.122688 129.551948
70.122688 128.387893
69.540660 127.805865
69.540660 127.223838
69.540660 126.059783
69.540660 125.477755
68.958633 124.895728
68.958633 123.731673
68.958633 123.149645
68.376605 122.567618
68.376605 121.403563
68.376605 120.821535
67.794578 120.239507
67.794578 119.075452
67.794578 118.493425
67.212550 117.329370
67.212550 116.747342
67.212550 116.165315
66.630523 115.001260
66.630523 114.419232
66.630523 113.837205
66.630523 112.673150
66.048495 112.091122
66.048495 111.509094
66.048495 110.345039
65.466467 109.763012
65.466467 108.598957
65.466467 108.016929
64.884440 107.434902
64.884440 106.270847
64.884440 105.688819
64.302412 105.106792
64.302412 103.942736
64.302412 103.360709
63.720385 102.196654
63.720385 101.614626
63.720385 101.032599
63.720385 99.868544
63.138357 99.286516
63.138357 98.704489
63.138357 98.122461
63.138357 97.540434
63.138357 96.958406
63.138357 96.376379
63.720385 95.212323
63.720385 94.630296
63.720385 94.048268
63.720385 93.466241
64.302412 92.302186
64.302412 91.720158
64.302412 91.138131
64.302412 90.556103
64.884440 89.392048
64.884440 88.810021
64.884440 88.227993
65.466467 87.645965
65.466467 86.481910
65.466467 85.899883
65.466467 85.317855
66.048495 84.735828
66.048495 83.571773
66.048495 82.989745
66.048495 82.407718
66.630523 81.825690
66.630523 80.661635
66.630523 80.079608
66.630523 79.497580
67.212550 78.915552
67.212550 78.333525
67.794578 77.751497
68.376605 76.587442
68.376605 76.005415
68.958633 76.005415
70.122688 75.423387
70.704715 74.841360
71.286743 74.841360
71.868770 74.259332
72.450798 73.677305
73.032825 73.095277
73.614853 72.513250
74.196881 71.931222
74.778908 71.349194
75.942963 70.767167
76.524991 70.185139
77.107018 69.603112
77.689046 69.021084
78.271073 68.439057
78.853101 67.857029
79.435128 67.275002
80.599183 66.110947
81.181211 65.528919
81.763238 64.946892
82.345266 64.364864
82.927294 63.782837
83.509321 63.200809
84.091349 62.618781
85.255404 62.036754
85.837431 62.036754
86.419459 62.036754
87.001486 62.036754
87.583514 62.036754
88.165541 61.454726
88.747569 61.454726
89.329596 61.454726
89.911624 61.454726
90.493652 61.454726
91.657707 60.872699
92.239734 60.872699
92.821762 60.872699
93.403789 60.872699
93.985817 60.872699
94.567844 60.290671
95.149872 60.290671
95.731899 60.290671
96.313927 60.290671
96.895954 60.290671
98.060009 60.290671
98.642037 59.708644
99.224065 59.708644
99.806092 59.708644
100.388120 59.708644
100.970147 59.708644
101.552175 60.290671
102.134202 60.872699
102.716230 60.872699
103.298257 61.454726
103.880285 62.036754
104.462312 62.036754
