102.185547 68.791790
102.185547 69.904820
102.742062 70.461335
102.742062 71.017850
103.298577 72.130880
103.855092 72.687394
103.855092 73.243909
104.411607 74.356939
104.411607 74.913454
104.968122 76.026484
104.968122 76.582999
104.411607 77.139514
104.411607 77.696028
103.855092 78.252543
103.855092 78.809058
103.298577 79.365573
103.298577 79.922088
102.742062 80.478603
102.742062 81.035118
102.742062 81.591633
102.185547 82.148147
102.185547 82.704662
101.629033 83.261177
101.629033 83.817692
101.629033 84.374207
101.072518 84.930722
101.072518 85.487237
101.072518 86.043752
100.516003 86.600266
100.516003 87.156781
100.516003 87.713296
99.959488 88.269811
99.959488 88.826326
99.959488 89.382841
99.959488 89.939356
99.402973 90.495871
99.402973 91.052385
99.402973 91.608900
99.402973 92.165415
99.402973 92.721930
99.402973 93.278445
98.846458 93.834960
98.846458 94.391475
98.846458 94.947990
98.846458 95.504504
98.846458 96.061019
98.846458 96.617534
98.846458 97.174049
98.846458 97.730564
98.846458 98.287079
98.846458 98.843594
98.846458 99.400109
98.846458 99.956623
98.846458 100.513138
98.846458 101.069653
98.846458 101.626168
98.846458 102.182683
98.846458 102.739198
98.846458 103.295713
98.846458 103.852228
98.846458 104.408742
98.846458 104.965257
98.846458 105.521772
99.402973 106.078287
99.402973 106.634802
99.402973 107.191317
99.402973 107.747832
99.402973 108.304347
99.402973 108.860861
99.959488 109.417376
99.959488 109.973891
99.959488 110.530406
99.959488 111.086921
99.959488 111.643436
100.516003 111.643436
100.516003 112.199951
100.516003 112.756466
100.516003 113.312980
101.072518 113.312980
101.072518 113.869495
101.072518 114.426010
101.072518 114.982525
101.629033 114.982525
101.629033 115.539040
101.629033 116.095555
101.629033 116.652070
102.185547 116.652070
102.185547 117.208585
102.742062 117.765099
102.742062 118.321614
103.298577 118.878129
103.298577 119.434644
103.855092 119.991159
103.855092 120.547674
103.855092 121.104189
104.411607 121.104189
104.411607 121.660704
104.411607 122.217218
104.968122 122.217218
105.524637 122.773733
105.524637 123.330248
106.081152 123.886763
106.637666 124.443278
107.194181 124.999793
107.194181 125.556308
107.194181 126.112823
107.750696 126.112823
108.307211 126.669337
108.863726 127.225852
108.863726 127.782367
109.420241 127.782367
109.976756 128.338882
109.976756 128.895397
110.533271 128.895397
111.089786 129.451912
111.646300 130.008427
112.202815 130.564942
112.202815 131.121456
112.759330 131.121456
113.315845 131.677971
113.872360 132.234486
114.428875 132.234486
114.985390 132.791001
114.985390 133.347516
115.541905 133.347516
116.098419 133.904031
116.654934 133.904031
117.211449 134.460546
117.767964 135.017061
118.324479 135.017061
118.880994 135.573576
119.437509 135.573576
119.994024 136.130090
120.550538 136.130090
121.107053 136.686605
121.663568 136.686605
122.220083 137.243120
122.776598 137.243120
123.333113 137.799635
123.889628 137.799635
124.446143 138.356150
125.002657 138.356150
125.559172 138.912665
126.115687 138.912665
126.672202 139.469180
127.228717 139.469180
127.785232 140.025695
128.341747 140.025695
128.898262 140.025695
129.454776 140.582209
130.011291 140.582209
130.567806 140.582209
131.124321 141.138724
131.680836 141.138724
132.237351 141.138724
132.793866 141.695239
133.350381 141.695239
133.906895 141.695239
134.463410 142.251754
134.463410 142.808269
135.019925 143.921299
135.576440 144.477814
135.576440 145.034328
135.576440 145.590843
135.019925 146.703873
134.463410 147.260388
134.463410 147.816903
133.906895 148.373418
133.350381 148.929933
133.350381 149.486447
132.793866 150.042962
132.237351 150.599477
132.237351 151.712507
131.680836 152.269022
131.124321 152.825537
131.124321 153.382052
130.567806 153.938566
130.011291 154.495081
130.011291 155.051596
129.454776 156.164626
128.898262 156.164626
127.785232 156.721141
127.228717 157.277656
126.672202 157.277656
126.115687 157.834171
125.559172 158.390685
125.002657 158.947200
123.889628 158.947200
123.333113 159.503715
122.776598 160.060230
122.220083 160.060230
121.663568 160.616745
121.107053 161.173260
120.550538 161.729775
119.437509 161.729775
118.880994 162.286290
118.324479 162.842804
117.767964 162.842804
117.211449 163.399319
116.654934 163.955834
116.098419 164.512349
114.985390 164.512349
114.428875 165.068864
113.872360 165.625379
113.315845 165.625379
112.202815 166.181894
111.646300 166.181894
111.089786 166.738409
110.533271 166.738409
109.420241 167.294923
108.863726 167.294923
108.307211 167.294923
107.750696 167.851438
106.637666 167.851438
106.081152 168.407953
105.524637 168.407953
104.968122 168.964468
103.855092 168.964468
103.298577 169.520983
102.742062 169.520983
102.185547 169.520983
101.072518 170.077498
100.516003 170.077498
99.959488 170.634013
99.402973 170.634013
98.289943 171.190528
97.733428 171.190528
97.176914 171.747042
96.620399 171.747042
95.507369 172.303557
94.950854 172.303557
94.394339 172.303557
93.837824 172.860072
92.724795 172.860072
92.168280 173.416587
91.611765 173.416587
91.055250 173.973102
89.942220 173.973102
89.385705 173.973102
88.829190 173.416587
88.272676 173.416587
87.716161 173.416587
87.159646 173.416587
86.603131 172.860072
86.046616 172.860072
85.490101 172.860072
84.377071 172.860072
83.820557 172.860072
83.264042 172.303557
82.707527 172.303557
82.151012 171.747042
81.594497 171.190528
81.037982 170.634013
80.481467 170.077498
80.481467 169.520983
79.924952 168.964468
79.368438 168.407953
78.811923 167.851438
78.255408 167.294923
77.698893 166.738409
77.142378 166.181894
76.585863 165.625379
76.029348 165.068864
75.472833 164.512349
75.472833 163.955834
74.916319 163.399319
74.359804 162.842804
73.803289 162.286290
73.803289 161.729775
73.246774 161.173260
73.246774 160.616745
72.690259 160.060230
72.690259 158.947200
72.690259 158.390685
72.133744 157.277656
72.133744 156.164626
72.133744 155.608111
71.577229 154.495081
71.577229 153.938566
71.577229 152.825537
71.577229 151.712507
71.020714 151.155992
71.020714 150.042962
71.020714 149.486447
70.464200 148.373418
70.464200 147.260388
70.464200 146.703873
70.464200 145.590843
69.907685 145.034328
69.907685 143.921299
69.907685 142.808269
69.907685 142.251754
69.351170 141.138724
69.351170 140.582209
69.351170 139.469180
68.794655 138.356150
68.794655 137.799635
68.794655 136.686605
68.794655 135.573576
68.238140 135.017061
68.238140 133.904031
68.238140 133.347516
67.681625 132.234486
67.681625 131.121456
67.681625 130.564942
67.681625 129.451912
67.125110 128.895397
67.125110 127.782367
67.125110 126.669337
67.125110 126.112823
66.568595 124.999793
66.568595 124.443278
66.568595 123.330248
66.012081 122.217218
66.012081 121.660704
66.012081 120.547674
66.012081 119.434644
65.455566 118.878129
65.455566 117.765099
65.455566 117.208585
64.899051 116.095555
64.899051 114.982525
64.899051 114.426010
64.899051 113.869495
64.899051 113.312980
65.455566 112.199951
65.455566 111.643436
65.455566 111.086921
65.455566 110.530406
65.455566 109.417376
65.455566 108.860861
65.455566 108.304347
66.012081 107.747832
66.012081 106.634802
66.012081 106.078287
66.012081 105.521772
66.012081 104.965257
66.012081 103.852228
66.012081 103.295713
66.568595 102.739198
66.568595 102.182683
66.568595 101.069653
66.568595 100.513138
66.568595 99.956623
66.568595 99.400109
67.125110 98.287079
67.125110 97.730564
67.125110 97.174049
67.125110 96.617534
67.125110 95.504504
67.125110 94.947990
67.125110 94.391475
67.681625 93.834960
67.681625 92.721930
67.681625 92.165415
67.681625 91.608900
68.238140 91.052385
68.794655 90.495871
69.351170 89.382841
69.907685 88.826326
70.464200 88.269811
71.020714 87.713296
71.577229 87.156781
72.133744 86.043752
72.690259 85.487237
72.690259 84.930722
73.246774 84.374207
73.803289 83.817692
74.359804 82.704662
74.916319 82.148147
75.472833 81.591633
76.029348 81.035118
76.585863 80.478603
77.142378 79.365573
77.698893 78.809058
78.255408 78.252543
78.811923 77.696028
79.368438 77.139514
79.924952 76.582999
80.481467 76.026484
81.037982 75.469969
81.594497 74.913454
82.151012 74.356939
82.707527 73.800424
83.264042 73.243909
83.820557 72.687394
84.377071 72.130880
84.933586 71.574365
85.490101 71.017850
86.046616 71.017850
86.603131 71.017850
87.159646 71.017850
87.716161 70.461335
88.272676 70.461335
88.829190 70.461335
89.385705 70.461335
89.942220 70.461335
90.498735 69.904820
91.055250 69.904820
91.611765 69.904820
92.168280 69.904820
92.724795 69.904820
93.837824 69.904820
94.394339 69.348305
94.950854 69.348305
95.507369 69.348305
96.063884 69.348305
96.620399 69.348305
97.176914 69.348305
97.733428 69.348305
98.289943 69.348305
98.846458 69.348305
99.402973 69.348305
99.959488 69.348305
100.516003 69.348305
101.072518 69.348305
101.629033 69.348305
102.185547 69.348305
102.742062 69.348305
102.185547 68.791790
