101.441567 66.920462
101.441567 67.419893
100.942135 67.919325
100.942135 68.418756
100.442704 68.918188
99.943272 69.417620
99.943272 69.917051
99.443841 70.416483
99.443841 70.915914
98.944409 71.415346
98.944409 71.914777
98.444978 72.414209
98.444978 72.913640
97.945546 73.413072
97.945546 73.912504
97.446114 74.411935
97.446114 74.911367
97.446114 75.410798
96.946683 75.910230
96.946683 76.409661
96.946683 76.909093
96.447251 77.408525
96.447251 77.907956
96.447251 78.407388
95.947820 78.906819
95.947820 79.406251
95.947820 79.905682
95.947820 80.405114
95.448388 80.904545
95.448388 81.403977
95.448388 81.903409
95.448388 82.402840
94.948957 82.902272
94.948957 83.401703
94.948957 83.901135
94.948957 84.400566
94.948957 84.899998
94.948957 85.399430
94.948957 85.898861
94.948957 86.398293
94.449525 86.897724
94.449525 87.397156
94.449525 87.896587
94.449525 88.396019
94.449525 88.895450
94.449525 89.394882
94.449525 89.894314
94.449525 90.393745
94.449525 90.893177
94.449525 91.392608
94.449525 91.892040
94.449525 92.391471
94.449525 92.890903
94.449525 93.390335
94.449525 93.889766
94.449525 94.389198
94.449525 94.888629
94.449525 95.388061
94.449525 95.887492
94.948957 95.887492
94.948957 96.386924
94.948957 96.886355
94.948957 97.385787
94.948957 97.885219
94.948957 98.384650
94.948957 98.884082
94.948957 99.383513
94.948957 99.882945
95.448388 99.882945
95.448388 100.382376
95.448388 100.881808
95.448388 101.381240
95.448388 101.880671
95.947820 101.880671
95.947820 102.380103
95.947820 102.879534
95.947820 103.378966
95.947820 103.878397
96.447251 103.878397
96.447251 104.377829
96.447251 104.877260
96.447251 105.376692
96.946683 105.376692
96.946683 105.876124
96.946683 106.375555
96.946683 106.874987
97.446114 106.874987
97.446114 107.374418
97.446114 107.873850
97.945546 108.373281
97.945546 108.872713
97.945546 109.372144
98.444978 109.372144
98.444978 109.871576
98.944409 110.371008
98.944409 110.870439
99.443841 111.369871
99.443841 111.869302
99.943272 112.368734
99.943272 112.868165
99.943272 113.367597
100.442704 113.367597
100.442704 113.867029
100.942135 113.867029
100.942135 114.366460
100.942135 114.865892
101.441567 114.865892
101.441567 115.365323
101.940998 115.864755
101.940998 116.364186
102.440430 116.364186
102.939862 116.863618
102.939862 117.363049
103.439293 117.862481
103.439293 118.361913
103.938725 118.361913
103.938725 118.861344
104.438156 118.861344
104.438156 119.360776
104.937588 119.860207
105.437019 120.359639
105.437019 120.859070
105.936451 121.358502
105.936451 121.857934
106.435882 122.357365
106.435882 122.856797
106.935314 122.856797
106.935314 123.356228
107.434746 123.356228
107.434746 123.855660
107.934177 124.355091
107.934177 124.854523
108.433609 124.854523
108.433609 125.353954
108.933040 125.353954
108.933040 125.853386
109.432472 125.853386
109.432472 126.352818
109.931903 126.852249
109.931903 127.351681
110.431335 127.351681
110.930767 127.851112
111.430198 128.350544
111.929630 128.849975
112.429061 129.349407
112.928493 129.848839
113.427924 130.348270
113.927356 130.348270
114.426787 130.847702
114.926219 131.347133
115.425651 131.846565
115.925082 132.345996
116.424514 132.345996
116.923945 132.845428
117.423377 133.344859
117.922808 133.844291
118.422240 133.844291
118.921672 134.343723
119.421103 134.343723
119.920535 134.843154
120.419966 135.342586
120.919398 135.342586
121.418829 135.842017
121.918261 135.842017
122.417692 136.341449
122.917124 136.341449
123.416556 136.840880
123.915987 136.840880
124.415419 137.340312
124.914850 137.340312
125.414282 137.839744
125.913713 137.839744
126.413145 137.839744
126.912577 138.339175
127.412008 138.339175
127.911440 138.339175
128.410871 138.838607
128.910303 138.838607
128.910303 139.338038
129.409734 139.837470
129.409734 140.836333
128.910303 140.836333
128.410871 141.335764
127.911440 141.335764
127.412008 141.835196
126.912577 141.835196
126.413145 142.334628
125.913713 142.334628
125.414282 142.834059
124.914850 142.834059
124.415419 143.333491
123.915987 143.333491
123.416556 143.832922
122.917124 143.832922
122.417692 144.332354
121.918261 144.332354
121.418829 144.831785
120.919398 144.831785
120.419966 145.331217
119.920535 145.331217
119.421103 145.830649
118.921672 145.830649
118.422240 146.330080
117.922808 146.330080
117.423377 146.829512
116.923945 146.829512
116.424514 147.328943
115.925082 147.328943
115.425651 147.828375
114.926219 147.828375
114.426787 148.327806
113.427924 148.327806
112.928493 148.827238
112.429061 148.827238
111.929630 148.827238
111.430198 148.827238
110.930767 148.827238
110.431335 148.827238
109.931903 148.827238
109.432472 148.827238
108.933040 149.326669
108.433609 149.326669
107.434746 149.326669
106.935314 149.826101
106.435882 149.826101
105.437019 150.325533
104.937588 150.325533
104.438156 150.325533
103.938725 150.824964
102.939862 150.824964
102.440430 151.324396
101.940998 151.324396
100.942135 151.324396
100.442704 151.823827
99.943272 151.823827
99.443841 152.323259
98.444978 152.323259
97.945546 152.323259
97.446114 152.822690
96.447251 152.822690
95.947820 153.322122
95.448388 153.322122
94.948957 153.322122
93.950093 153.821554
93.450662 153.821554
92.951230 154.320985
92.451799 154.320985
91.952367 154.320985
91.452936 154.320985
90.953504 154.820417
90.454073 154.820417
89.954641 154.820417
89.455209 154.820417
88.456346 155.319848
87.956915 155.319848
87.457483 155.319848
86.958052 155.319848
86.458620 155.819280
85.959188 155.319848
85.459757 154.820417
84.960325 154.820417
84.460894 154.320985
83.961462 153.821554
83.961462 153.322122
83.961462 152.822690
83.462031 151.823827
83.462031 151.324396
82.962599 150.824964
82.962599 150.325533
82.962599 149.826101
82.463168 149.326669
82.463168 148.827238
81.963736 148.327806
81.963736 147.828375
81.963736 147.328943
81.963736 146.829512
81.963736 146.330080
81.963736 145.331217
81.963736 144.831785
81.464304 144.332354
81.464304 143.832922
80.964873 143.333491
80.964873 142.834059
80.465441 142.334628
80.465441 141.835196
80.465441 141.335764
80.465441 140.836333
79.966010 139.837470
79.966010 139.338038
79.966010 138.838607
79.966010 138.339175
79.466578 137.839744
79.466578 136.840880
79.466578 136.341449
79.466578 135.842017
78.967147 135.342586
78.967147 134.843154
78.967147 134.343723
78.467715 133.344859
78.467715 132.845428
78.467715 132.345996
78.467715 131.846565
77.968283 131.347133
77.968283 130.847702
77.968283 129.848839
77.968283 129.349407
77.468852 128.849975
77.468852 128.350544
77.468852 127.851112
77.468852 127.351681
76.969420 126.352818
76.969420 125.853386
76.969420 125.353954
76.469989 124.854523
76.469989 124.355091
76.469989 123.855660
76.469989 122.856797
75.970557 122.357365
75.970557 121.857934
75.970557 121.358502
75.970557 120.859070
75.471126 119.860207
75.471126 119.360776
75.471126 118.861344
75.471126 118.361913
74.971694 117.862481
74.971694 117.363049
74.971694 116.364186
74.971694 115.864755
74.472263 115.365323
74.472263 114.865892
74.472263 114.366460
74.472263 113.867029
73.972831 113.367597
73.972831 112.868165
73.972831 111.869302
73.972831 111.369871
73.972831 110.870439
73.473399 110.371008
73.473399 109.871576
73.473399 109.372144
73.473399 108.373281
73.473399 107.873850
72.973968 107.374418
72.973968 106.375555
72.973968 105.876124
72.973968 105.376692
72.973968 104.877260
72.474536 103.878397
72.474536 103.378966
72.474536 102.879534
72.474536 101.880671
72.474536 101.381240
71.975105 100.881808
71.975105 99.882945
71.975105 99.383513
71.975105 98.884082
71.975105 98.384650
71.475673 97.385787
71.475673 96.886355
71.475673 96.386924
71.475673 95.388061
71.475673 94.888629
70.976242 94.389198
70.976242 93.889766
70.976242 92.890903
70.976242 92.391471
70.976242 91.892040
70.476810 90.893177
70.476810 90.393745
70.476810 89.894314
70.476810 89.394882
70.476810 88.895450
70.476810 88.396019
70.476810 87.896587
70.476810 87.397156
70.476810 86.398293
70.476810 85.898861
70.976242 85.399430
70.976242 84.899998
71.475673 84.400566
71.475673 83.901135
71.975105 83.401703
71.975105 82.402840
72.474536 81.903409
72.474536 81.403977
72.973968 80.904545
72.973968 80.405114
73.473399 79.905682
73.473399 78.906819
73.972831 78.407388
73.972831 77.907956
74.472263 77.408525
74.472263 76.909093
74.971694 76.409661
74.971694 75.910230
75.471126 74.911367
75.471126 74.411935
75.970557 73.912504
76.469989 73.413072
76.469989 72.913640
76.969420 72.414209
77.468852 71.914777
77.968283 71.415346
78.467715 71.415346
78.967147 70.915914
79.466578 70.416483
79.966010 69.917051
80.465441 69.917051
80.964873 69.417620
81.464304 68.918188
82.463168 68.918188
82.962599 68.418756
83.462031 67.919325
83.961462 67.419893
84.460894 67.419893
84.960325 66.920462
85.459757 66.421030
85.959188 65.921599
86.458620 65.921599
86.958052 65.422167
87.457483 64.922735
87.956915 64.922735
88.456346 64.922735
88.955778 64.922735
89.455209 64.423304
89.954641 64.423304
90.953504 64.423304
91.452936 64.423304
91.952367 64.423304
92.451799 64.423304
92.951230 64.423304
93.450662 64.423304
93.950093 64.423304
94.449525 64.423304
95.448388 64.423304
95.947820 64.423304
96.447251 64.423304
96.946683 64.423304
97.446114 64.922735
97.945546 64.922735
98.444978 64.922735
99.443841 64.922735
99.943272 64.922735
100.442704 64.922735
100.942135 64.922735
101.441567 64.922735
101.940998 64.922735
101.940998 65.422167
101.940998 65.921599
101.940998 66.421030
101.441567 66.920462
