105.398728 64.417393
105.398728 65.150350
105.398728 65.883308
105.398728 66.616265
105.398728 67.349222
105.398728 68.082180
105.398728 68.815137
105.398728 69.548095
105.398728 70.281052
105.398728 71.014010
105.398728 71.746967
104.665771 72.479924
104.665771 73.212882
104.665771 73.945839
103.932813 74.678797
103.932813 75.411754
103.932813 76.144712
103.199856 76.877669
103.199856 77.610626
103.199856 78.343584
103.199856 79.076541
102.466899 79.809499
102.466899 80.542456
102.466899 81.275414
102.466899 82.008371
101.733941 82.741328
101.733941 83.474286
101.733941 84.207243
101.733941 84.940201
101.733941 85.673158
101.000984 86.406116
101.000984 87.139073
101.000984 87.872031
101.000984 88.604988
101.000984 89.337945
100.268026 90.070903
100.268026 90.803860
100.268026 91.536818
100.268026 92.269775
100.268026 93.002733
100.268026 93.735690
100.268026 94.468647
99.535069 95.201605
99.535069 95.934562
99.535069 96.667520
99.535069 97.400477
99.535069 98.133435
99.535069 98.866392
99.535069 99.599349
99.535069 100.332307
99.535069 101.065264
99.535069 101.798222
99.535069 102.531179
99.535069 103.264137
100.268026 103.264137
100.268026 103.997094
100.268026 104.730051
100.268026 105.463009
100.268026 106.195966
100.268026 106.928924
100.268026 107.661881
101.000984 108.394839
101.000984 109.127796
101.000984 109.860753
101.000984 110.593711
101.000984 111.326668
101.733941 111.326668
101.733941 112.059626
101.733941 112.792583
101.733941 113.525541
102.466899 113.525541
102.466899 114.258498
102.466899 114.991455
102.466899 115.724413
103.199856 115.724413
103.199856 116.457370
103.199856 117.190328
103.199856 117.923285
103.932813 117.923285
103.932813 118.656243
103.932813 119.389200
104.665771 119.389200
104.665771 120.122158
105.398728 120.855115
105.398728 121.588072
106.131686 122.321030
106.131686 123.053987
106.864643 123.053987
106.864643 123.786945
107.597601 124.519902
108.330558 125.252860
108.330558 125.985817
108.330558 126.718774
109.063515 126.718774
109.796473 127.451732
109.796473 128.184689
110.529430 128.184689
110.529430 128.917647
111.262388 129.650604
111.262388 130.383562
111.995345 130.383562
112.728303 131.116519
112.728303 131.849476
113.461260 131.849476
113.461260 132.582434
114.194218 132.582434
114.194218 133.315391
114.927175 133.315391
115.660132 134.048349
116.393090 134.781306
116.393090 135.514264
117.126047 135.514264
117.859005 136.247221
117.859005 136.980178
118.591962 136.980178
118.591962 137.713136
119.324920 137.713136
120.057877 138.446093
120.790834 139.179051
120.790834 139.912008
121.523792 139.912008
122.256749 140.644966
122.989707 141.377923
122.989707 142.110880
123.722664 142.110880
124.455622 142.843838
125.188579 143.576795
125.921536 144.309753
125.921536 145.042710
126.654494 145.042710
127.387451 145.042710
128.120409 145.775668
128.853366 146.508625
129.586324 147.241582
130.319281 147.974540
131.052238 148.707497
131.785196 148.707497
132.518153 149.440455
132.518153 150.173412
133.251111 150.173412
133.984068 150.906370
134.717026 150.906370
135.449983 151.639327
135.449983 152.372285
135.449983 153.838199
135.449983 154.571157
135.449983 155.304114
134.717026 156.037072
134.717026 156.770029
134.717026 157.502987
133.984068 158.235944
133.984068 158.968901
133.251111 159.701859
132.518153 160.434816
131.785196 161.167774
131.052238 161.900731
130.319281 162.633689
130.319281 163.366646
129.586324 164.099603
128.853366 164.832561
128.120409 165.565518
127.387451 166.298476
126.654494 167.031433
126.654494 167.764391
125.921536 168.497348
125.188579 169.963263
123.722664 169.963263
122.989707 170.696220
121.523792 170.696220
120.790834 170.696220
120.057877 171.429178
118.591962 171.429178
117.859005 172.162135
117.126047 172.162135
115.660132 172.895093
114.927175 172.895093
113.461260 173.628050
112.728303 173.628050
111.995345 174.361007
110.529430 174.361007
109.796473 175.093965
108.330558 175.093965
107.597601 175.826922
106.864643 175.826922
105.398728 176.559880
104.665771 176.559880
103.932813 177.292837
102.466899 177.292837
101.733941 177.292837
100.268026 178.025795
99.535069 178.025795
98.802111 178.758752
97.336197 178.758752
96.603239 179.491709
95.870282 179.491709
94.404367 180.224667
93.671409 180.224667
92.205495 180.957624
91.472537 180.957624
90.739580 181.690582
90.006622 181.690582
88.540707 181.690582
87.807750 181.690582
87.074793 182.423539
86.341835 182.423539
85.608878 182.423539
84.875920 183.156497
83.410005 183.156497
82.677048 183.156497
81.944091 183.889454
81.211133 183.889454
80.478176 183.889454
79.745218 183.889454
78.279303 184.622412
77.546346 184.622412
76.813388 184.622412
76.080431 185.355369
75.347474 185.355369
73.881559 185.355369
73.148601 186.088326
72.415644 186.088326
71.682686 186.088326
70.949729 186.088326
70.216772 186.821284
69.483814 186.821284
68.750857 186.821284
68.017899 186.088326
66.551984 186.088326
65.819027 186.088326
65.086070 186.088326
64.353112 186.088326
63.620155 186.088326
62.887197 186.088326
62.154240 185.355369
61.421282 185.355369
61.421282 184.622412
60.688325 183.889454
59.955368 183.156497
59.222410 182.423539
58.489453 181.690582
58.489453 180.957624
57.756495 180.224667
57.023538 179.491709
57.023538 178.758752
57.023538 178.025795
57.023538 177.292837
57.023538 175.826922
57.023538 175.093965
57.023538 174.361007
57.756495 173.628050
57.756495 172.895093
57.756495 172.162135
57.756495 171.429178
57.756495 170.696220
57.756495 169.230305
57.756495 168.497348
57.756495 167.764391
57.756495 167.031433
57.756495 166.298476
57.756495 165.565518
58.489453 164.832561
58.489453 163.366646
58.489453 162.633689
58.489453 161.900731
58.489453 161.167774
58.489453 160.434816
58.489453 159.701859
58.489453 158.968901
58.489453 158.235944
58.489453 156.770029
58.489453 156.037072
59.222410 155.304114
59.222410 154.571157
59.222410 153.838199
59.222410 153.105242
59.222410 152.372285
59.222410 151.639327
59.222410 150.173412
59.222410 149.440455
59.222410 148.707497
59.222410 147.974540
59.222410 147.241582
59.222410 146.508625
59.222410 145.775668
59.222410 145.042710
59.222410 144.309753
59.222410 142.843838
58.489453 142.110880
58.489453 140.644966
58.489453 139.912008
58.489453 138.446093
58.489453 137.713136
57.756495 136.247221
57.756495 135.514264
57.756495 134.048349
57.756495 133.315391
57.756495 131.849476
57.023538 131.116519
57.023538 129.650604
57.023538 128.917647
57.023538 127.451732
57.023538 126.718774
56.290580 125.985817
56.290580 124.519902
56.290580 123.786945
56.290580 122.321030
56.290580 121.588072
55.557623 120.122158
55.557623 119.389200
55.557623 117.923285
55.557623 117.190328
55.557623 115.724413
54.824666 114.991455
54.824666 113.525541
54.824666 112.792583
54.824666 111.326668
54.824666 110.593711
54.091708 109.860753
54.091708 108.394839
54.091708 107.661881
54.091708 106.928924
54.091708 106.195966
54.091708 105.463009
54.091708 104.730051
54.091708 103.997094
54.091708 102.531179
54.091708 101.798222
54.091708 101.065264
54.091708 100.332307
54.091708 99.599349
54.091708 98.866392
54.091708 98.133435
54.091708 97.400477
54.091708 95.934562
54.091708 95.201605
54.091708 94.468647
54.091708 93.735690
54.091708 93.002733
54.091708 92.269775
54.091708 91.536818
54.091708 90.803860
54.091708 89.337945
54.091708 88.604988
54.091708 87.872031
54.091708 87.139073
54.091708 86.406116
54.091708 85.673158
54.091708 84.940201
54.091708 83.474286
54.091708 82.741328
54.091708 82.008371
54.824666 81.275414
54.824666 80.542456
54.824666 79.809499
55.557623 79.076541
55.557623 78.343584
55.557623 77.610626
56.290580 76.877669
56.290580 76.144712
57.023538 75.411754
57.023538 74.678797
57.023538 73.945839
57.756495 73.212882
57.756495 71.746967
57.756495 71.014010
58.489453 70.281052
58.489453 69.548095
58.489453 68.815137
59.222410 68.082180
59.222410 67.349222
59.222410 66.616265
59.955368 65.883308
60.688325 65.150350
61.421282 64.417393
62.154240 63.684435
62.887197 62.951478
63.620155 62.218520
64.353112 61.485563
65.086070 60.752606
65.819027 60.752606
66.551984 60.019648
67.284942 59.286691
68.017899 58.553733
68.750857 57.820776
69.483814 57.087818
70.216772 56.354861
70.949729 56.354861
72.415644 55.621904
73.148601 55.621904
73.881559 54.888946
74.614516 54.888946
75.347474 54.155989
76.080431 54.155989
76.813388 54.155989
78.279303 53.423031
79.012261 53.423031
79.745218 52.690074
80.478176 52.690074
81.211133 51.957116
81.944091 51.957116
82.677048 51.224159
83.410005 51.224159
84.875920 51.224159
85.608878 51.224159
86.341835 51.957116
87.074793 51.957116
87.807750 51.957116
89.273665 51.957116
90.006622 51.957116
90.739580 51.957116
91.472537 52.690074
92.205495 52.690074
93.671409 52.690074
94.404367 52.690074
95.137324 52.690074
95.870282 53.423031
97.336197 53.423031
98.069154 53.423031
98.802111 53.423031
99.535069 53.423031
100.268026 54.155989
101.733941 54.155989
102.466899 54.888946
103.199856 54.888946
103.932813 55.621904
103.932813 56.354861
103.932813 57.087818
104.665771 57.820776
104.665771 58.553733
104.665771 59.286691
105.398728 60.019648
105.398728 60.752606
105.398728 61.485563
105.398728 62.218520
105.398728 62.951478
105.398728 63.684435
105.398728 64.417393
