102.573496 70.201705
102.573496 70.797007
101.978193 71.392310
101.978193 71.987612
101.382891 72.582915
101.382891 73.178217
100.787588 73.773520
100.787588 74.368822
100.192286 74.964125
100.192286 75.559427
99.596983 76.154730
99.596983 76.750032
99.001681 77.345335
99.001681 77.940637
99.001681 78.535940
98.406378 79.131242
98.406378 79.726545
98.406378 80.321847
97.811076 80.917150
97.811076 81.512452
97.811076 82.107755
97.215773 82.703057
97.215773 83.298360
97.215773 83.893662
97.215773 84.488965
96.620471 85.084267
96.620471 85.679570
96.620471 86.274872
96.620471 86.870175
96.620471 87.465477
96.025168 88.060780
96.025168 88.656082
96.025168 89.251385
96.025168 89.846687
96.025168 90.441990
96.025168 91.037292
96.025168 91.632595
96.025168 92.227897
96.025168 92.823200
96.025168 93.418502
95.429866 94.013805
95.429866 94.609107
95.429866 95.204410
95.429866 95.799712
95.429866 96.395015
95.429866 96.990317
95.429866 97.585620
96.025168 98.180922
96.025168 98.776225
96.025168 99.371527
96.025168 99.966830
96.025168 100.562132
96.025168 101.157435
96.025168 101.752737
96.025168 102.348040
96.025168 102.943342
96.025168 103.538645
96.620471 104.133947
96.620471 104.729250
96.620471 105.324552
96.620471 105.919855
96.620471 106.515157
97.215773 107.110460
97.215773 107.705762
97.215773 108.301064
97.215773 108.896367
97.811076 109.491669
97.811076 110.086972
97.811076 110.682274
98.406378 111.277577
98.406378 111.872879
98.406378 112.468182
99.001681 113.063484
99.001681 113.658787
99.001681 114.254089
99.001681 114.849392
99.596983 114.849392
99.596983 115.444694
99.596983 116.039997
99.596983 116.635299
100.192286 116.635299
100.192286 117.230602
100.787588 117.825904
100.787588 118.421207
101.382891 119.016509
101.382891 119.611812
101.978193 120.207114
101.978193 120.802417
101.978193 121.397719
102.573496 121.397719
102.573496 121.993022
102.573496 122.588324
103.168798 122.588324
103.168798 123.183627
103.168798 123.778929
103.764101 123.778929
103.764101 124.374232
104.359403 124.969534
104.954706 125.564837
104.954706 126.160139
105.550008 126.755442
106.145311 127.350744
106.145311 127.946047
106.740613 128.541349
107.335916 129.136652
107.931218 129.731954
107.931218 130.327257
107.931218 130.922559
108.526521 130.922559
109.121823 131.517862
109.717126 132.113164
109.717126 132.708467
110.312428 132.708467
110.907731 133.303769
111.503033 133.899072
111.503033 134.494374
112.098336 134.494374
112.693638 135.089677
112.693638 135.684979
113.288941 135.684979
113.884243 136.280282
114.479546 136.875584
115.074848 137.470887
115.074848 138.066189
115.670151 138.066189
116.265453 138.661492
116.265453 139.256794
116.860756 139.256794
117.456058 139.852097
118.051361 140.447399
118.646663 140.447399
119.241966 141.042702
119.241966 141.638004
119.837268 141.638004
120.432570 142.233307
121.027873 142.233307
121.623175 142.828609
122.218478 143.423912
122.813780 143.423912
122.813780 144.019214
123.409083 144.019214
124.004385 144.019214
124.599688 144.614517
125.194990 144.614517
125.790293 145.209819
126.385595 145.209819
126.980898 145.805122
127.576200 145.805122
128.171503 146.400424
128.766805 146.400424
129.362108 146.995727
129.957410 146.995727
129.957410 147.591029
129.957410 148.781634
129.362108 149.376937
129.362108 149.972239
128.766805 150.567542
128.171503 151.162844
127.576200 151.758147
126.980898 152.353449
126.385595 152.948752
125.790293 153.544054
125.194990 154.139357
124.599688 154.734659
124.599688 155.329962
124.004385 155.925264
122.813780 156.520567
122.218478 156.520567
121.623175 157.115869
121.027873 157.115869
120.432570 157.115869
119.837268 157.711172
119.241966 157.711172
118.646663 158.306474
118.051361 158.306474
117.456058 158.306474
116.860756 158.901777
116.265453 158.901777
115.670151 158.901777
115.074848 159.497079
114.479546 159.497079
113.884243 159.497079
113.288941 160.092382
112.693638 160.092382
112.098336 160.687684
111.503033 160.687684
110.907731 160.687684
110.312428 161.282987
109.717126 161.282987
109.121823 161.282987
108.526521 161.878289
107.931218 161.878289
107.335916 162.473592
106.740613 162.473592
106.145311 162.473592
105.550008 163.068894
104.954706 163.068894
104.359403 163.068894
103.168798 163.664197
102.573496 163.664197
101.978193 164.259499
101.382891 164.259499
100.787588 164.259499
100.192286 164.854801
99.596983 164.854801
99.001681 164.854801
98.406378 165.450104
97.811076 165.450104
97.215773 166.045406
96.620471 166.045406
96.025168 166.045406
95.429866 166.640709
94.834563 166.640709
94.239261 166.640709
93.643958 167.236011
93.048656 167.236011
92.453353 167.236011
91.858051 167.236011
91.262748 167.831314
90.667446 167.831314
90.072143 167.831314
89.476841 167.831314
88.881538 167.831314
88.286236 168.426616
87.690933 168.426616
87.095631 168.426616
86.500328 168.426616
85.905026 169.021919
85.309723 169.021919
84.119118 169.021919
83.523816 169.617221
82.928513 169.617221
82.333211 169.617221
81.737908 170.212524
81.142606 170.212524
80.547303 170.212524
79.356698 170.212524
78.761396 170.807826
78.166093 170.807826
77.570791 170.807826
76.975488 171.403129
76.380186 171.403129
75.189581 171.403129
74.594278 171.403129
73.998976 170.807826
73.403673 170.807826
72.808371 170.212524
72.213068 169.617221
71.617766 169.617221
71.022463 169.021919
70.427161 169.021919
69.831858 168.426616
69.831858 167.831314
69.831858 167.236011
69.831858 166.640709
69.831858 166.045406
69.236556 165.450104
69.236556 164.854801
69.236556 164.259499
69.236556 163.664197
68.641253 163.068894
68.641253 162.473592
68.641253 161.878289
68.641253 161.282987
68.045951 161.282987
68.045951 160.687684
68.045951 160.092382
68.045951 159.497079
67.450648 159.497079
67.450648 158.901777
67.450648 158.306474
66.855346 158.306474
66.855346 157.711172
66.855346 157.115869
66.260043 157.115869
66.260043 156.520567
65.664741 155.925264
65.664741 155.329962
65.069438 154.734659
65.069438 154.139357
65.069438 153.544054
65.069438 152.948752
65.069438 152.353449
65.069438 151.758147
65.664741 151.162844
65.664741 150.567542
65.664741 149.972239
65.664741 149.376937
65.664741 148.781634
65.664741 148.186332
66.260043 147.591029
66.260043 146.995727
66.260043 146.400424
66.260043 145.805122
66.260043 145.209819
66.260043 144.614517
66.260043 144.019214
66.260043 143.423912
66.260043 142.828609
66.260043 142.233307
66.260043 141.638004
66.260043 141.042702
66.260043 140.447399
66.260043 139.852097
66.260043 139.256794
66.260043 138.661492
66.260043 138.066189
66.260043 137.470887
66.260043 136.875584
66.260043 136.280282
66.260043 135.684979
66.260043 135.089677
66.260043 134.494374
66.260043 133.899072
66.260043 133.303769
66.260043 132.708467
66.260043 132.113164
66.260043 131.517862
66.260043 130.922559
66.260043 130.327257
66.260043 129.731954
66.260043 129.136652
66.260043 128.541349
66.260043 127.946047
66.260043 127.350744
66.260043 126.755442
66.260043 126.160139
66.260043 125.564837
66.260043 124.969534
66.260043 124.374232
66.260043 123.778929
66.260043 123.183627
66.260043 122.588324
66.260043 121.993022
66.260043 121.397719
66.260043 120.802417
66.260043 120.207114
66.260043 119.611812
66.260043 119.016509
66.260043 118.421207
66.260043 117.825904
66.260043 117.230602
66.260043 116.635299
66.260043 116.039997
66.260043 115.444694
66.260043 114.849392
66.260043 114.254089
66.260043 113.658787
66.260043 113.063484
66.260043 112.468182
66.260043 111.872879
66.260043 111.277577
66.260043 110.682274
65.664741 110.086972
65.664741 109.491669
65.664741 108.896367
65.664741 108.301064
65.664741 107.705762
65.664741 107.110460
65.664741 106.515157
65.664741 105.324552
66.260043 104.729250
66.260043 104.133947
65.664741 103.538645
65.664741 102.943342
65.664741 102.348040
65.664741 101.752737
65.664741 101.157435
65.664741 100.562132
65.664741 99.966830
65.664741 99.371527
65.664741 98.776225
65.664741 97.585620
65.664741 96.990317
65.664741 96.395015
65.664741 95.799712
65.664741 95.204410
65.664741 94.609107
65.664741 94.013805
65.664741 93.418502
65.664741 92.823200
65.069438 92.227897
65.069438 91.632595
65.069438 91.037292
65.069438 90.441990
65.069438 89.846687
65.069438 89.251385
65.069438 88.656082
65.069438 88.060780
65.069438 87.465477
65.069438 86.870175
65.069438 86.274872
65.069438 85.679570
65.069438 85.084267
65.069438 84.488965
65.069438 83.893662
65.069438 83.298360
65.069438 82.703057
65.069438 82.107755
65.069438 81.512452
65.664741 80.321847
65.664741 79.726545
66.260043 79.131242
66.855346 78.535940
66.855346 77.940637
67.450648 77.345335
68.045951 76.750032
68.045951 76.154730
68.641253 75.559427
69.236556 74.964125
69.236556 74.368822
69.831858 73.773520
70.427161 73.178217
70.427161 72.582915
71.022463 71.392310
71.617766 70.797007
71.617766 70.201705
72.213068 69.606402
72.808371 69.011100
73.403673 68.415797
73.998976 68.415797
74.594278 67.820495
75.189581 67.820495
75.784883 67.225192
76.380186 67.225192
76.975488 66.629890
77.570791 66.629890
78.166093 66.629890
78.761396 66.034587
79.356698 66.034587
79.952001 65.439285
80.547303 65.439285
81.142606 65.439285
81.737908 64.843982
82.333211 64.843982
82.928513 64.248680
83.523816 64.248680
84.119118 63.653377
84.714421 63.653377
85.309723 63.058075
85.905026 63.058075
86.500328 63.058075
87.095631 63.058075
87.690933 63.058075
88.286236 63.058075
88.881538 63.058075
90.072143 63.058075
90.667446 63.058075
91.262748 63.058075
91.858051 63.058075
92.453353 63.058075
93.643958 63.058075
94.239261 63.653377
94.834563 63.653377
95.429866 63.653377
96.620471 63.653377
97.215773 63.653377
97.811076 63.653377
98.406378 63.653377
99.001681 64.248680
100.192286 64.248680
100.787588 64.248680
100.787588 64.843982
100.787588 65.439285
101.382891 66.034587
101.382891 66.629890
101.978193 67.225192
101.978193 67.820495
102.573496 68.415797
102.573496 69.011100
103.168798 69.606402
102.573496 70.201705
