95.830716 102.010853
95.830716 102.426267
95.830716 102.841682
96.246131 103.257096
96.246131 103.672510
96.246131 104.087924
96.246131 104.503338
96.246131 104.918752
96.246131 105.334167
96.246131 105.749581
96.246131 106.164995
96.246131 106.580409
96.246131 106.995823
96.661545 107.411237
96.661545 107.826651
96.661545 108.242066
96.661545 108.657480
97.076959 108.657480
97.076959 109.072894
97.076959 109.488308
97.492373 109.903722
97.492373 110.319136
97.492373 110.734551
97.907787 110.734551
97.907787 111.149965
97.907787 111.565379
97.907787 111.980793
98.323201 111.980793
98.323201 112.396207
98.738616 112.811621
98.738616 113.227036
98.738616 113.642450
99.154030 114.057864
99.154030 114.473278
99.154030 114.888692
99.154030 115.304106
99.154030 115.719520
99.154030 116.134935
99.154030 116.550349
99.569444 116.965763
99.569444 117.381177
99.569444 117.796591
99.569444 118.212005
99.984858 118.627420
99.984858 119.042834
100.400272 119.458248
100.400272 119.873662
100.815686 120.289076
100.815686 120.704490
101.231101 121.119905
101.231101 121.535319
101.231101 121.950733
101.646515 122.366147
102.061929 122.781561
102.061929 123.196975
102.477343 123.612390
102.892757 124.027804
102.892757 124.443218
103.308171 124.858632
103.308171 125.274046
103.308171 125.689460
103.723585 126.104874
104.139000 126.520289
104.554414 126.935703
104.554414 127.351117
104.969828 127.766531
105.385242 128.181945
105.800656 128.597359
106.216070 129.012774
106.631485 129.428188
106.631485 129.843602
107.046899 130.259016
107.462313 130.674430
107.877727 131.089844
108.293141 131.505259
108.708555 131.920673
109.123970 132.336087
109.539384 132.751501
109.954798 132.751501
110.370212 133.166915
110.785626 133.582329
111.201040 133.997743
111.616455 134.413158
112.031869 134.413158
112.447283 134.828572
112.862697 135.243986
113.278111 135.659400
113.693525 136.074814
114.108939 136.074814
114.524354 136.490228
114.939768 136.490228
115.355182 136.905643
115.770596 137.321057
116.186010 137.321057
116.601424 137.736471
117.016839 137.736471
117.432253 138.151885
117.847667 138.151885
118.263081 138.151885
118.678495 138.567299
119.093909 138.567299
119.509324 138.567299
119.924738 138.982713
120.340152 138.982713
120.755566 139.398128
121.170980 139.398128
121.586394 139.398128
122.001809 139.813542
122.417223 139.813542
122.832637 139.813542
123.248051 139.813542
123.663465 140.228956
124.078879 140.228956
124.494293 140.228956
124.909708 140.228956
125.325122 140.644370
125.740536 141.059784
125.740536 141.475198
126.155950 141.890613
126.571364 142.306027
126.571364 142.721441
126.986778 143.136855
126.571364 143.552269
126.571364 143.967683
126.155950 144.383097
125.740536 144.798512
125.325122 145.213926
125.325122 145.629340
124.909708 146.044754
124.909708 146.460168
124.909708 146.875582
124.494293 147.290997
124.078879 147.706411
124.078879 148.121825
123.663465 148.537239
123.663465 148.952653
123.248051 149.368067
123.248051 149.783482
122.832637 150.198896
122.417223 150.198896
122.001809 150.614310
121.586394 151.029724
121.170980 151.445138
120.755566 151.445138
120.340152 151.860552
119.924738 152.275967
119.509324 152.275967
119.093909 152.691381
118.678495 153.106795
118.263081 153.106795
117.847667 153.522209
117.432253 153.522209
117.016839 153.937623
116.601424 154.353037
116.186010 154.353037
115.770596 154.353037
115.355182 154.768451
114.939768 154.768451
114.524354 155.183866
114.108939 155.599280
113.693525 156.014694
113.278111 156.014694
112.862697 156.014694
112.447283 156.430108
112.031869 156.845522
111.616455 156.845522
111.201040 156.845522
110.785626 156.845522
110.370212 157.260936
109.954798 157.260936
109.539384 157.260936
109.123970 157.260936
108.708555 157.260936
108.293141 157.260936
107.877727 157.676351
107.462313 157.676351
107.046899 157.676351
106.631485 157.676351
106.216070 157.676351
105.800656 157.676351
105.385242 157.676351
104.969828 158.091765
104.554414 158.091765
104.139000 158.091765
103.723585 158.091765
102.892757 158.091765
102.477343 158.091765
102.061929 158.091765
101.646515 158.091765
101.231101 158.091765
100.815686 158.091765
100.400272 158.091765
99.984858 158.091765
99.569444 158.507179
99.154030 158.507179
98.738616 158.507179
98.323201 158.507179
97.907787 158.507179
97.492373 158.507179
97.076959 158.922593
96.661545 158.922593
96.246131 158.922593
95.830716 158.922593
95.415302 158.922593
94.999888 158.922593
94.584474 159.338007
94.169060 159.338007
93.753646 159.338007
93.338232 159.338007
92.922817 159.338007
92.507403 158.922593
92.091989 158.507179
91.676575 158.091765
91.261161 157.676351
91.261161 157.260936
90.845747 156.845522
90.430332 156.430108
90.014918 155.599280
90.014918 155.183866
89.599504 154.768451
89.184090 154.353037
88.768676 153.937623
88.353262 153.522209
88.353262 153.106795
87.937847 152.691381
87.937847 152.275967
87.522433 151.860552
87.107019 151.445138
87.107019 151.029724
86.691605 150.614310
86.276191 150.198896
85.860777 149.783482
85.445362 149.368067
85.029948 148.952653
85.029948 148.537239
84.614534 148.121825
84.199120 147.706411
83.783706 147.290997
83.368292 146.875582
83.368292 146.460168
82.952878 146.044754
82.952878 145.629340
82.537463 145.213926
82.537463 144.798512
82.122049 144.383097
82.122049 143.967683
81.706635 143.552269
81.291221 143.136855
81.291221 142.721441
81.291221 142.306027
80.875807 141.890613
80.460393 141.475198
80.044978 141.059784
80.044978 140.644370
80.044978 140.228956
79.629564 139.813542
79.629564 139.398128
79.214150 138.982713
78.798736 138.567299
78.798736 138.151885
78.383322 137.736471
77.967908 137.321057
77.967908 136.905643
77.552493 136.490228
77.552493 136.074814
77.137079 135.659400
76.721665 135.243986
76.721665 134.828572
76.721665 134.413158
76.306251 133.997743
75.890837 133.582329
75.890837 133.166915
75.890837 132.751501
75.890837 132.336087
75.890837 131.920673
75.890837 131.505259
75.890837 131.089844
75.890837 130.674430
75.890837 130.259016
75.890837 129.843602
75.890837 129.428188
75.890837 129.012774
75.890837 128.597359
75.890837 128.181945
75.475423 127.766531
75.475423 127.351117
75.475423 126.935703
75.475423 126.520289
75.475423 126.104874
75.475423 125.689460
75.475423 125.274046
75.475423 124.858632
75.475423 124.443218
75.475423 124.027804
75.475423 123.612390
75.475423 123.196975
75.475423 122.781561
75.475423 122.366147
75.475423 121.950733
75.475423 121.535319
75.475423 121.119905
75.475423 120.704490
75.475423 120.289076
75.475423 119.873662
75.475423 119.458248
75.475423 119.042834
75.475423 118.627420
75.475423 118.212005
75.475423 117.796591
75.475423 117.381177
75.475423 116.965763
75.890837 116.550349
75.890837 116.134935
75.890837 115.719520
75.890837 115.304106
75.890837 114.888692
75.890837 114.473278
75.890837 114.057864
75.890837 113.642450
75.890837 113.227036
76.306251 112.811621
76.306251 112.396207
76.306251 111.980793
76.721665 111.565379
76.721665 111.149965
77.137079 110.734551
77.137079 110.319136
77.552493 109.903722
77.967908 109.488308
78.383322 109.072894
78.798736 108.657480
78.798736 108.242066
79.214150 107.826651
79.214150 107.411237
79.629564 107.411237
80.044978 106.995823
80.044978 106.580409
80.460393 106.164995
80.460393 105.749581
80.875807 105.749581
81.291221 105.334167
81.706635 104.918752
81.706635 104.503338
82.122049 104.087924
82.122049 103.672510
82.537463 103.257096
82.537463 102.841682
82.952878 102.841682
83.368292 102.426267
83.368292 102.010853
83.783706 101.595439
83.783706 101.180025
84.199120 100.764611
84.199120 100.349197
84.614534 99.933782
84.614534 99.518368
85.029948 99.518368
85.445362 99.102954
85.860777 98.687540
86.276191 98.687540
86.691605 98.272126
87.107019 98.272126
87.522433 97.856712
87.937847 97.856712
88.353262 97.856712
88.768676 97.441297
89.184090 97.441297
89.599504 97.441297
90.014918 97.441297
90.430332 97.441297
90.845747 97.856712
91.261161 97.856712
91.261161 97.441297
91.676575 97.025883
91.676575 96.610469
92.091989 96.195055
92.091989 95.779641
92.091989 95.364227
92.507403 94.948813
92.507403 94.533398
92.507403 94.117984
92.922817 93.702570
93.338232 93.702570
93.753646 93.702570
94.169060 93.702570
94.584474 94.117984
94.999888 94.117984
94.999888 94.533398
94.999888 94.948813
94.999888 95.364227
94.999888 95.779641
94.999888 96.195055
94.999888 96.610469
94.999888 97.025883
94.999888 97.441297
94.999888 97.856712
94.999888 98.272126
94.999888 98.687540
94.999888 99.102954
94.999888 99.518368
95.415302 99.933782
95.415302 100.349197
95.415302 100.764611
95.415302 101.180025
95.415302 101.595439
95.830716 102.010853
