104.508701 59.968574
105.067002 60.526875
105.625303 61.085176
105.625303 61.643476
106.183603 62.201777
106.183603 62.760078
106.183603 63.318378
106.183603 63.876679
106.183603 64.434980
105.625303 64.434980
105.625303 64.993281
105.067002 65.551581
105.067002 66.109882
104.508701 66.668183
104.508701 67.226483
103.950401 67.784784
103.392100 68.343085
103.392100 68.901385
103.392100 69.459686
102.833799 70.017987
102.833799 70.576287
102.275499 71.134588
102.275499 71.692889
101.717198 72.251190
101.717198 72.809490
101.717198 73.367791
101.158897 73.926092
101.158897 74.484392
101.158897 75.042693
101.158897 75.600994
100.600596 76.159294
100.600596 76.717595
100.600596 77.275896
100.600596 77.834196
100.600596 78.392497
100.042296 78.950798
100.042296 79.509099
100.042296 80.067399
100.042296 80.625700
99.483995 81.184001
99.483995 81.742301
99.483995 82.300602
99.483995 82.858903
99.483995 83.417203
98.925694 83.975504
98.925694 84.533805
98.925694 85.092106
98.925694 85.650406
98.925694 86.208707
98.925694 86.767008
98.367394 87.325308
98.367394 87.883609
98.367394 88.441910
98.367394 89.000210
98.367394 89.558511
98.367394 90.116812
98.367394 90.675112
98.367394 91.233413
98.367394 91.791714
98.367394 92.350015
98.367394 92.908315
98.367394 93.466616
98.367394 94.024917
98.367394 94.583217
98.367394 95.141518
98.367394 95.699819
98.367394 96.258119
98.367394 96.816420
98.367394 97.374721
98.367394 97.933021
98.367394 98.491322
98.925694 99.049623
98.925694 99.607924
98.925694 100.166224
98.925694 100.724525
98.925694 101.282826
98.925694 101.841126
98.925694 102.399427
99.483995 102.399427
99.483995 102.957728
99.483995 103.516028
99.483995 104.074329
100.042296 104.632630
100.042296 105.190930
100.042296 105.749231
100.042296 106.307532
100.600596 106.307532
100.600596 106.865833
100.600596 107.424133
100.600596 107.982434
101.158897 107.982434
101.158897 108.540735
101.717198 109.099035
101.717198 109.657336
101.717198 110.215637
102.275499 110.215637
102.275499 110.773937
102.275499 111.332238
102.833799 111.890539
103.392100 112.448839
103.392100 113.007140
103.392100 113.565441
103.950401 113.565441
103.950401 114.123742
104.508701 114.682042
105.067002 115.240343
105.067002 115.798644
105.067002 116.356944
105.625303 116.356944
106.183603 116.915245
106.183603 117.473546
106.741904 117.473546
107.300205 118.031846
107.300205 118.590147
107.300205 119.148448
107.858505 119.148448
108.416806 119.706749
108.975107 120.265049
108.975107 120.823350
109.533408 120.823350
109.533408 121.381651
110.091708 121.381651
110.650009 121.381651
110.650009 121.939951
111.208310 122.498252
111.208310 123.056553
111.766610 123.056553
112.324911 123.614853
112.324911 124.173154
112.883212 124.173154
113.441512 124.731455
113.999813 125.289755
113.999813 125.848056
113.999813 126.406357
114.558114 126.406357
115.116414 126.964658
115.674715 127.522958
116.233016 128.081259
116.791317 128.639560
117.349617 128.639560
117.907918 129.197860
118.466219 129.756161
119.024519 130.314462
119.582820 130.872762
120.141121 130.872762
120.699421 131.431063
121.257722 131.989364
121.816023 131.989364
122.374323 132.547664
122.932624 132.547664
123.490925 133.105965
124.049226 133.664266
124.607526 133.664266
125.165827 133.664266
125.724128 134.222567
126.282428 134.222567
126.840729 134.780867
127.399030 134.780867
127.957330 135.339168
128.515631 135.339168
129.073932 135.339168
129.632233 135.897469
130.190533 135.897469
130.748834 135.897469
131.307135 135.897469
131.865435 136.455769
132.423736 137.014070
132.423736 138.130671
132.982037 138.688972
132.982037 139.247273
133.540337 140.363874
133.540337 140.922175
132.982037 141.480476
132.982037 142.038776
132.423736 142.597077
132.423736 143.155378
132.423736 143.713678
131.865435 144.271979
131.865435 144.830280
131.307135 145.946881
131.307135 146.505182
130.748834 146.505182
129.632233 147.063482
129.073932 147.621783
128.515631 147.621783
127.399030 148.180084
126.840729 148.180084
126.282428 148.738385
125.165827 149.296685
124.607526 149.296685
124.049226 149.854986
123.490925 150.413287
122.374323 150.413287
121.816023 150.971587
121.257722 151.529888
120.141121 151.529888
119.582820 152.088189
119.024519 152.088189
117.907918 152.646489
117.349617 153.204790
116.791317 153.204790
115.674715 153.763091
115.116414 154.321392
114.558114 154.321392
113.999813 154.879692
112.883212 154.879692
112.324911 155.437993
111.766610 155.437993
111.208310 155.437993
110.650009 155.437993
110.091708 155.437993
109.533408 155.996294
108.975107 155.996294
107.858505 155.996294
107.300205 155.996294
106.741904 155.996294
106.183603 155.996294
105.067002 156.554594
104.508701 156.554594
103.950401 156.554594
103.392100 156.554594
102.275499 156.554594
101.717198 156.554594
101.158897 156.554594
100.600596 157.112895
99.483995 157.112895
98.925694 157.112895
98.367394 157.112895
97.809093 157.112895
97.250792 157.112895
96.692492 157.112895
95.575890 157.112895
95.017590 157.112895
94.459289 157.112895
93.900988 157.112895
93.342687 157.671196
92.784387 157.671196
92.226086 157.671196
91.667785 157.671196
91.109485 157.671196
90.551184 158.229496
89.992883 158.229496
89.434583 158.229496
88.317981 158.229496
87.759680 158.229496
87.201380 158.229496
86.643079 158.787797
86.084778 158.787797
85.526478 158.787797
84.968177 158.787797
84.409876 158.787797
83.851576 159.346098
83.293275 159.346098
82.734974 159.346098
81.618373 159.346098
81.060072 159.346098
80.501771 159.346098
79.943471 159.346098
79.385170 159.346098
78.826869 159.346098
78.268569 158.787797
78.268569 158.229496
77.710268 157.671196
77.710268 157.112895
77.710268 156.554594
77.151967 155.996294
77.151967 155.437993
77.151967 154.879692
76.593667 154.321392
76.593667 153.204790
76.593667 152.646489
76.593667 152.088189
76.035366 151.529888
76.035366 150.971587
76.035366 150.413287
75.477065 149.854986
75.477065 149.296685
75.477065 148.738385
75.477065 147.621783
74.918765 147.063482
74.918765 146.505182
74.918765 145.946881
74.360464 145.388580
74.360464 144.830280
74.360464 144.271979
73.802163 143.713678
73.802163 143.155378
73.802163 142.038776
73.802163 141.480476
73.243862 140.922175
73.243862 140.363874
73.243862 139.805573
72.685562 139.247273
72.685562 138.688972
72.685562 138.130671
72.127261 137.572371
72.127261 136.455769
72.127261 135.897469
72.127261 135.339168
71.568960 134.780867
71.568960 134.222567
71.568960 133.664266
71.010660 133.105965
71.010660 132.547664
71.010660 131.989364
70.452359 130.872762
70.452359 130.314462
70.452359 129.756161
70.452359 129.197860
69.894058 128.639560
69.894058 128.081259
69.335758 127.522958
69.335758 126.964658
68.777457 126.406357
68.777457 125.848056
68.219156 124.731455
68.219156 124.173154
68.219156 123.614853
68.219156 123.056553
68.219156 122.498252
67.660856 121.939951
67.660856 121.381651
67.660856 120.823350
67.660856 120.265049
67.660856 119.706749
67.660856 119.148448
67.660856 118.590147
67.660856 118.031846
67.660856 117.473546
67.660856 116.915245
67.660856 116.356944
67.102555 115.798644
67.102555 115.240343
67.102555 114.682042
67.102555 114.123742
67.102555 113.565441
67.102555 113.007140
67.102555 112.448839
67.102555 111.890539
67.102555 111.332238
67.102555 110.773937
66.544254 110.215637
66.544254 109.657336
66.544254 109.099035
66.544254 108.540735
66.544254 107.982434
66.544254 107.424133
66.544254 106.865833
66.544254 105.749231
66.544254 105.190930
66.544254 104.632630
65.985953 104.074329
65.985953 103.516028
65.985953 102.957728
65.985953 102.399427
65.985953 101.841126
65.985953 101.282826
65.985953 100.724525
65.985953 100.166224
65.985953 99.607924
65.985953 99.049623
65.427653 98.491322
65.427653 97.933021
65.427653 97.374721
65.427653 96.816420
65.427653 96.258119
65.427653 95.699819
65.427653 95.141518
65.427653 94.583217
65.427653 94.024917
65.427653 93.466616
65.427653 92.908315
65.985953 92.350015
65.985953 91.233413
65.985953 90.675112
66.544254 90.116812
66.544254 89.000210
66.544254 88.441910
67.102555 87.883609
67.102555 86.767008
67.102555 86.208707
67.660856 85.650406
67.660856 85.092106
68.219156 83.975504
68.219156 83.417203
68.219156 82.858903
68.777457 81.742301
68.777457 81.184001
68.777457 80.625700
69.335758 79.509099
69.335758 78.950798
69.335758 78.392497
69.894058 77.275896
69.894058 76.717595
69.894058 76.159294
70.452359 75.600994
70.452359 74.484392
71.010660 73.926092
71.568960 73.367791
72.127261 72.809490
72.127261 72.251190
72.685562 71.692889
73.243862 71.134588
73.802163 70.576287
74.360464 70.017987
74.360464 68.901385
74.918765 68.343085
75.477065 67.784784
76.035366 67.226483
76.593667 67.226483
77.151967 66.668183
77.710268 66.668183
78.268569 66.109882
78.826869 66.109882
79.943471 65.551581
80.501771 65.551581
81.060072 64.993281
81.618373 64.993281
82.176674 64.434980
82.734974 64.434980
83.293275 63.876679
83.851576 63.876679
84.968177 63.318378
85.526478 63.318378
86.084778 62.760078
86.643079 62.760078
87.201380 62.201777
87.759680 62.201777
88.317981 61.643476
89.434583 61.643476
89.992883 61.643476
90.551184 61.643476
91.109485 61.643476
91.667785 61.643476
92.226086 61.085176
92.784387 61.085176
93.342687 61.085176
93.900988 61.085176
94.459289 61.085176
95.017590 61.085176
95.575890 61.085176
96.134191 61.085176
96.692492 60.526875
97.250792 60.526875
97.809093 60.526875
98.367394 60.526875
98.925694 60.526875
99.483995 60.526875
100.042296 60.526875
100.600596 60.526875
101.158897 59.968574
101.717198 59.968574
102.275499 59.968574
102.833799 59.968574
103.392100 59.968574
103.950401 59.968574
104.508701 59.968574
104.508701 59.410274
104.508701 59.968574
