94.853997 88.904671
94.853997 89.240332
94.853997 88.904671
94.853997 89.240332
94.853997 89.575993
94.853997 89.911654
94.853997 90.247315
94.853997 90.582976
94.853997 90.918637
94.853997 91.254298
94.518336 91.589959
94.518336 91.925620
94.518336 92.261281
94.518336 92.596941
94.518336 92.932602
94.518336 93.268263
94.518336 93.603924
94.518336 93.939585
94.518336 94.275246
94.518336 94.610907
94.518336 94.946568
94.518336 95.282229
94.518336 95.617890
94.518336 95.953551
94.518336 96.289212
94.518336 96.624873
94.518336 96.960534
94.518336 97.296195
94.518336 97.631856
94.518336 97.967517
94.518336 98.303178
94.518336 98.638839
94.518336 98.974499
94.518336 99.310160
94.853997 99.310160
94.853997 99.645821
94.853997 99.981482
94.853997 100.317143
94.853997 100.652804
94.853997 100.988465
94.853997 101.324126
94.853997 100.988465
94.853997 101.324126
94.853997 101.659787
95.189658 101.995448
94.853997 102.331109
95.189658 102.666770
95.189658 103.002431
95.189658 103.338092
95.189658 103.002431
95.189658 103.338092
95.189658 103.673753
95.189658 104.009414
95.525319 104.009414
95.525319 104.345075
95.525319 104.680736
95.525319 105.016397
95.525319 104.680736
95.525319 105.016397
95.525319 105.352057
95.860980 105.687718
95.860980 106.023379
95.860980 105.687718
95.860980 106.023379
95.860980 106.359040
96.196641 106.694701
96.196641 107.030362
96.196641 107.366023
96.196641 107.701684
96.196641 108.037345
96.532302 108.037345
96.532302 108.373006
96.532302 108.708667
96.532302 109.044328
96.867963 109.044328
96.867963 109.379989
96.867963 109.715650
97.203624 110.051311
97.203624 110.386972
97.203624 110.722633
97.203624 111.058294
97.539285 111.058294
97.539285 111.393955
97.539285 111.058294
97.539285 111.393955
97.874946 111.729615
97.874946 112.065276
97.874946 112.400937
97.874946 112.736598
98.210607 112.736598
98.210607 113.072259
98.210607 113.407920
98.546267 113.407920
98.546267 113.743581
98.546267 114.079242
98.881928 114.079242
98.881928 114.414903
98.881928 114.750564
99.217589 114.750564
99.217589 115.086225
99.217589 115.421886
99.553250 115.421886
99.553250 115.757547
99.553250 116.093208
99.888911 116.093208
99.888911 116.428869
99.888911 116.764530
100.224572 116.764530
100.560233 117.100191
100.560233 117.435852
100.560233 117.771513
100.895894 117.771513
100.895894 118.107173
101.231555 118.442834
101.231555 118.778495
101.567216 119.114156
101.902877 119.449817
101.902877 119.785478
102.238538 119.785478
102.238538 120.121139
102.238538 120.456800
102.574199 120.456800
102.909860 120.792461
102.909860 121.128122
103.245521 121.463783
103.581182 121.799444
103.916843 122.135105
103.916843 122.470766
104.252504 122.470766
104.252504 122.806427
104.252504 122.470766
104.252504 122.806427
104.588165 123.142088
104.923825 123.477749
104.923825 123.813410
105.259486 123.813410
105.595147 124.149071
105.595147 124.484731
105.930808 124.484731
106.266469 124.820392
106.602130 125.156053
106.937791 125.491714
107.273452 125.827375
107.273452 126.163036
107.609113 126.163036
107.944774 126.498697
108.280435 126.834358
108.616096 127.170019
108.951757 127.505680
109.287418 127.841341
109.623079 128.177002
109.958740 128.512663
110.294401 128.848324
110.630062 128.848324
110.965723 129.183985
111.301383 129.519646
111.637044 129.855307
111.972705 129.855307
112.308366 130.190968
112.644027 130.526629
112.979688 130.862289
113.315349 130.862289
113.651010 131.197950
113.986671 131.533611
114.322332 131.533611
114.657993 131.869272
114.993654 132.204933
115.329315 132.204933
115.664976 132.540594
116.000637 132.540594
116.336298 132.876255
116.671959 133.211916
117.007620 133.211916
117.343281 133.547577
117.678941 133.547577
118.014602 133.883238
118.350263 133.883238
118.685924 134.218899
119.021585 134.218899
119.357246 134.554560
119.692907 134.554560
120.028568 134.890221
120.364229 134.890221
120.699890 135.225882
121.035551 135.225882
121.371212 135.225882
121.706873 135.561543
122.042534 135.561543
122.378195 135.897204
122.713856 135.897204
123.049517 135.897204
123.385178 136.232865
123.720839 136.232865
124.056499 136.232865
124.392160 136.568526
124.727821 136.568526
125.063482 136.568526
125.399143 136.904187
125.734804 136.904187
126.070465 136.904187
126.406126 137.575508
126.070465 137.575508
125.734804 137.911169
125.399143 138.246830
124.727821 138.582491
124.392160 138.918152
124.056499 139.253813
123.720839 139.589474
123.385178 139.589474
123.049517 139.925135
122.713856 140.260796
122.378195 140.596457
122.042534 140.932118
121.706873 141.267779
121.371212 141.603440
121.035551 141.603440
120.699890 141.939101
120.364229 142.274762
120.028568 142.610423
119.692907 142.946084
119.357246 143.281745
119.021585 143.617405
118.350263 143.617405
118.014602 143.953066
117.678941 144.288727
117.343281 144.624388
117.007620 144.624388
116.671959 144.960049
116.000637 144.960049
115.664976 144.960049
115.329315 145.295710
114.657993 145.295710
114.322332 145.295710
113.986671 145.631371
113.315349 145.631371
112.979688 145.967032
112.644027 145.967032
111.972705 145.967032
111.637044 146.302693
111.301383 146.302693
110.630062 146.302693
110.294401 146.638354
109.958740 146.638354
109.287418 146.638354
108.951757 146.974015
108.616096 146.974015
107.944774 146.974015
107.609113 147.309676
107.273452 147.309676
106.602130 147.309676
106.266469 147.645337
105.930808 147.645337
105.259486 147.645337
104.923825 147.980998
104.588165 147.980998
103.916843 147.980998
103.581182 148.316659
103.245521 148.316659
102.574199 148.316659
102.238538 148.652320
101.902877 148.652320
101.567216 148.652320
100.895894 148.652320
100.560233 148.652320
100.224572 148.652320
99.888911 148.652320
99.217589 148.652320
98.881928 148.652320
98.546267 148.652320
98.210607 148.652320
97.874946 148.987981
97.203624 148.987981
96.867963 148.987981
96.532302 148.987981
96.196641 148.987981
95.525319 148.987981
95.189658 148.987981
94.853997 148.987981
94.518336 148.987981
94.182675 148.987981
93.847014 148.652320
93.511353 148.316659
92.840031 147.980998
92.504370 147.309676
92.168709 146.974015
91.833049 146.638354
91.833049 146.302693
91.833049 145.967032
91.497388 145.631371
91.497388 145.295710
91.161727 144.960049
91.161727 144.624388
91.161727 144.288727
90.826066 143.953066
90.826066 143.617405
90.490405 143.281745
90.490405 142.946084
90.490405 142.610423
90.154744 142.274762
90.154744 141.603440
89.819083 141.267779
89.819083 140.932118
89.483422 140.596457
89.483422 140.260796
89.483422 139.925135
89.147761 139.589474
89.147761 139.253813
89.147761 138.918152
89.147761 138.582491
88.812100 138.246830
88.812100 137.911169
88.812100 137.575508
88.812100 137.239847
88.812100 136.904187
88.812100 136.232865
88.812100 135.897204
88.812100 135.561543
88.812100 135.225882
88.812100 134.890221
88.812100 134.554560
88.476439 134.218899
88.476439 133.883238
88.476439 133.211916
88.140778 132.876255
88.140778 132.540594
87.805117 132.204933
87.805117 131.533611
87.805117 131.197950
87.469456 130.862289
87.469456 130.526629
87.469456 129.855307
87.133795 129.519646
87.133795 129.183985
87.133795 128.848324
86.798134 128.177002
86.798134 127.841341
86.798134 127.505680
86.462473 127.170019
86.462473 126.834358
86.462473 126.163036
86.126812 125.827375
86.126812 125.491714
86.126812 125.156053
85.791151 124.484731
85.791151 124.149071
85.791151 123.813410
85.455491 123.477749
85.455491 122.806427
85.455491 122.470766
85.119830 122.135105
85.119830 121.799444
84.784169 121.128122
84.784169 120.792461
84.784169 120.456800
84.784169 120.121139
84.784169 119.785478
84.448508 119.449817
84.448508 119.114156
84.448508 118.778495
84.448508 118.442834
84.448508 118.107173
84.448508 117.435852
84.112847 117.100191
84.112847 116.764530
84.112847 116.428869
84.112847 116.093208
84.112847 115.757547
84.112847 115.421886
84.112847 115.086225
84.112847 114.750564
84.112847 114.414903
84.112847 114.079242
84.112847 113.743581
84.112847 113.407920
84.112847 113.072259
84.112847 112.736598
84.112847 112.400937
84.112847 112.065276
84.112847 111.729615
84.112847 111.393955
84.112847 111.058294
84.112847 110.722633
84.112847 110.386972
84.112847 110.051311
84.112847 109.379989
84.112847 109.044328
84.112847 108.708667
84.112847 108.373006
84.112847 108.037345
84.112847 107.701684
84.112847 107.366023
84.112847 107.030362
84.112847 106.694701
84.112847 106.359040
84.112847 106.023379
84.112847 105.687718
84.112847 105.352057
84.112847 105.016397
84.112847 104.680736
84.112847 104.345075
84.112847 104.009414
84.112847 103.673753
84.112847 103.338092
84.448508 103.002431
84.448508 102.331109
84.784169 101.995448
84.784169 101.659787
85.119830 100.988465
85.119830 100.652804
85.455491 100.317143
85.455491 99.645821
85.791151 99.310160
85.791151 98.974499
85.791151 98.303178
86.126812 97.967517
86.126812 97.631856
86.462473 96.960534
86.462473 96.624873
86.798134 96.289212
86.798134 95.617890
87.133795 95.282229
87.133795 94.946568
87.469456 94.275246
87.469456 93.939585
87.805117 93.603924
87.805117 93.268263
87.805117 92.596941
88.140778 92.261281
88.476439 91.925620
88.812100 91.589959
89.147761 90.918637
89.483422 90.582976
89.819083 90.247315
90.154744 89.911654
90.826066 89.240332
91.161727 88.904671
91.497388 88.569010
91.833049 88.233349
92.168709 87.562027
92.504370 87.226366
93.175692 86.890705
93.511353 86.555044
93.847014 86.219383
94.182675 85.548062
94.518336 85.212401
94.853997 84.876740
95.189658 84.541079
95.860980 83.869757
95.860980 84.205418
95.860980 84.541079
95.860980 84.876740
95.525319 85.212401
95.525319 85.548062
95.525319 85.883723
95.525319 86.219383
95.525319 86.555044
95.189658 86.890705
95.189658 87.226366
95.189658 87.562027
95.189658 87.897688
95.189658 88.233349
95.189658 88.569010
94.853997 88.904671
