102.032671 75.197026
102.032671 75.704217
102.539862 76.211408
103.047053 77.225790
103.047053 77.732981
103.554245 78.240172
103.554245 79.254554
104.061436 79.761745
104.568627 80.776127
104.568627 81.283318
105.075818 81.790509
105.075818 82.804891
105.583009 83.312082
105.075818 83.819273
105.075818 84.326464
104.568627 84.833655
104.568627 85.340846
104.568627 85.848037
104.061436 86.355228
104.061436 86.862419
104.061436 87.369610
103.554245 87.876801
103.554245 88.383992
103.554245 88.891183
103.554245 89.398375
103.047053 89.905566
103.047053 90.412757
103.047053 90.919948
103.047053 91.427139
103.047053 91.934330
103.047053 92.441521
103.047053 92.948712
102.539862 93.455903
102.539862 93.963094
102.539862 94.470285
102.539862 94.977476
102.539862 95.484667
102.539862 95.991858
102.539862 96.499049
102.539862 97.006240
102.539862 97.513431
102.539862 98.020622
102.539862 98.527813
102.032671 99.035004
102.032671 99.542195
102.032671 100.049386
102.032671 100.556577
102.032671 101.063768
102.032671 101.570959
102.032671 102.078150
102.032671 102.585341
102.032671 103.092532
102.032671 103.599723
102.032671 104.106914
102.032671 104.614105
102.032671 105.121296
102.032671 105.628487
102.032671 106.135678
102.539862 106.642869
102.539862 107.150060
102.539862 107.657251
102.539862 108.164442
102.539862 108.671633
102.539862 109.178824
102.539862 109.686015
103.047053 110.193206
103.047053 110.700397
103.047053 111.207588
103.047053 111.714779
103.047053 112.221970
103.554245 112.221970
103.554245 112.729161
103.554245 113.236352
103.554245 113.743543
104.061436 113.743543
104.061436 114.250734
104.061436 114.757925
104.061436 115.265116
104.568627 115.265116
104.568627 115.772307
105.075818 116.279498
105.075818 116.786689
105.583009 117.293880
105.583009 117.801071
105.583009 118.308262
106.090200 118.308262
106.090200 118.815453
106.090200 119.322644
106.597391 119.322644
106.597391 119.829835
107.104582 120.337026
107.104582 120.844217
107.104582 121.351408
107.611773 121.351408
107.611773 121.858599
108.118964 122.365790
108.626155 122.872981
108.626155 123.380173
109.133346 123.380173
109.133346 123.887364
109.133346 124.394555
109.640537 124.394555
109.640537 124.901746
110.147728 124.901746
110.147728 125.408937
110.654919 125.408937
110.654919 125.916128
110.654919 126.423319
111.162110 126.423319
111.669301 126.930510
111.669301 127.437701
112.176492 127.437701
112.683683 127.944892
112.683683 128.452083
113.190874 128.959274
113.698065 129.466465
114.205256 129.973656
114.712447 130.480847
114.712447 130.988038
115.219638 130.988038
115.726829 131.495229
116.234020 131.495229
116.234020 132.002420
116.741211 132.509611
117.248402 133.016802
117.755593 133.523993
118.262784 134.031184
118.262784 134.538375
118.769975 134.538375
119.277166 135.045566
119.784357 135.045566
120.291548 135.552757
120.798739 136.059948
120.798739 136.567139
121.305930 136.567139
121.813121 136.567139
122.320312 137.074330
122.827503 137.581521
122.827503 138.088712
123.334694 138.088712
123.841885 138.088712
124.349076 138.595903
124.856267 139.103094
125.363458 139.103094
125.870649 139.610285
126.377840 139.610285
126.885031 140.117476
127.392222 140.117476
127.899413 140.624667
128.406604 140.624667
128.913795 141.131858
129.420986 141.131858
129.928177 141.639049
130.435368 141.639049
130.942559 142.146240
131.449750 142.653431
131.956941 143.160622
131.956941 144.175004
132.464132 144.682195
131.956941 145.189386
131.956941 145.696577
131.449750 146.203768
131.449750 146.710959
130.942559 147.218150
130.942559 147.725341
130.435368 148.232532
130.435368 148.739723
129.928177 149.754105
129.420986 150.261296
129.420986 150.768487
128.913795 151.275678
128.913795 151.782869
128.406604 152.290060
128.406604 152.797251
127.899413 153.304442
127.392222 153.811633
126.885031 154.318824
126.377840 154.826015
125.870649 155.333206
125.363458 155.333206
124.856267 155.840397
124.349076 155.840397
123.841885 156.347588
123.334694 156.854780
122.827503 156.854780
122.320312 157.361971
121.813121 157.869162
121.305930 157.869162
120.798739 158.376353
120.291548 158.376353
119.784357 158.883544
119.277166 159.390735
118.769975 159.390735
118.262784 159.897926
117.755593 160.405117
117.248402 160.405117
116.741211 160.912308
116.234020 160.912308
115.726829 161.419499
115.219638 161.926690
114.712447 161.926690
114.205256 162.433881
113.698065 162.433881
113.190874 162.941072
112.683683 163.448263
112.176492 163.448263
111.669301 163.955454
111.162110 164.462645
110.654919 164.462645
110.147728 164.969836
109.640537 164.969836
109.133346 165.477027
108.626155 165.477027
108.118964 165.984218
107.611773 165.984218
107.104582 166.491409
106.597391 166.491409
105.583009 166.491409
105.075818 166.998600
104.568627 166.998600
104.061436 167.505791
103.554245 167.505791
103.047053 168.012982
102.539862 168.012982
102.032671 168.520173
101.525480 168.520173
101.018289 168.520173
100.511098 169.027364
100.003907 169.027364
99.496716 169.534555
98.989525 169.534555
98.482334 169.534555
97.975143 169.534555
97.467952 170.041746
96.453570 170.041746
95.946379 170.041746
95.439188 170.041746
94.931997 170.041746
94.424806 170.041746
93.917615 170.548937
93.410424 170.548937
92.903233 170.548937
91.888851 170.548937
91.381660 170.548937
90.874469 170.548937
90.367278 170.548937
89.860087 170.548937
89.352896 170.548937
88.845705 170.548937
88.338514 170.041746
87.831323 170.041746
87.324132 170.041746
86.816941 170.041746
86.309750 170.041746
85.295368 169.534555
84.788177 169.534555
84.280986 169.027364
83.773795 168.520173
83.266604 168.012982
83.266604 167.505791
82.759413 166.998600
82.252222 166.491409
81.745031 165.984218
81.237840 164.969836
80.730649 164.462645
80.730649 163.955454
80.223458 163.448263
79.716267 162.941072
79.209076 162.433881
78.701885 161.926690
78.194694 160.912308
78.194694 160.405117
77.687503 159.897926
77.687503 159.390735
77.180312 158.883544
77.180312 158.376353
77.180312 157.869162
77.180312 157.361971
77.180312 156.854780
77.180312 156.347588
76.673121 155.840397
76.673121 155.333206
76.673121 154.826015
76.673121 154.318824
76.673121 153.811633
76.673121 153.304442
76.673121 152.797251
76.673121 152.290060
76.673121 151.782869
76.673121 151.275678
76.165930 150.768487
76.165930 149.754105
76.165930 149.246914
76.165930 148.739723
76.165930 148.232532
76.165930 147.725341
76.165930 147.218150
76.165930 146.710959
75.658739 146.203768
75.658739 145.696577
75.658739 145.189386
75.151548 144.682195
75.151548 144.175004
75.151548 143.667813
74.644357 143.160622
74.644357 142.653431
74.644357 141.639049
74.137166 141.131858
74.137166 140.624667
74.137166 140.117476
73.629975 139.103094
73.629975 138.595903
73.629975 138.088712
73.629975 137.581521
73.122784 136.567139
73.122784 136.059948
73.122784 135.552757
72.615593 135.045566
72.615593 134.538375
72.615593 133.523993
72.615593 133.016802
72.108402 132.509611
72.108402 132.002420
72.108402 130.988038
71.601211 130.480847
71.601211 129.973656
71.601211 129.466465
71.094020 128.452083
71.094020 127.944892
71.094020 127.437701
71.094020 126.930510
70.586829 125.916128
70.586829 125.408937
70.586829 124.901746
70.079638 124.394555
70.079638 123.380173
70.079638 122.872981
70.079638 122.365790
70.079638 121.858599
69.572446 120.844217
69.572446 120.337026
69.572446 119.829835
69.572446 118.815453
69.572446 118.308262
69.572446 117.801071
69.572446 117.293880
69.572446 116.279498
69.572446 115.772307
69.572446 115.265116
69.572446 114.250734
69.065255 113.743543
69.065255 113.236352
69.065255 112.221970
69.065255 111.714779
69.065255 111.207588
69.065255 110.193206
69.065255 109.686015
69.065255 109.178824
69.065255 108.671633
69.065255 107.657251
69.065255 107.150060
69.065255 106.642869
69.065255 105.628487
69.065255 105.121296
69.572446 104.614105
69.572446 104.106914
70.079638 103.599723
70.079638 103.092532
70.586829 102.585341
70.586829 102.078150
71.094020 101.570959
71.094020 101.063768
71.601211 100.556577
71.601211 100.049386
72.108402 99.542195
72.108402 99.035004
72.615593 98.020622
73.122784 97.513431
73.629975 97.006240
73.629975 96.499049
74.137166 95.991858
74.644357 95.484667
75.151548 94.977476
75.658739 93.963094
76.165930 93.455903
76.673121 92.948712
77.180312 92.441521
77.180312 91.934330
77.687503 91.427139
78.194694 90.412757
78.701885 89.905566
79.209076 89.398375
79.716267 88.891183
80.223458 88.383992
80.730649 87.369610
80.730649 86.862419
81.237840 86.355228
81.745031 85.848037
82.252222 85.340846
82.759413 84.833655
83.266604 83.819273
83.773795 83.312082
83.773795 82.804891
84.280986 82.297700
84.280986 81.790509
84.788177 81.283318
84.788177 80.776127
85.295368 80.268936
85.295368 79.761745
85.802559 79.254554
85.802559 78.747363
86.309750 78.240172
86.816941 77.732981
86.816941 77.225790
87.324132 76.718599
87.831323 76.718599
88.845705 76.211408
89.352896 76.211408
89.860087 76.211408
90.874469 76.211408
91.381660 76.211408
91.888851 76.211408
92.903233 75.704217
93.410424 75.704217
93.917615 75.704217
94.424806 75.704217
95.439188 75.704217
95.946379 75.197026
96.453570 75.197026
97.467952 75.197026
97.975143 75.197026
98.482334 75.197026
99.496716 75.197026
100.003907 74.689835
100.511098 74.689835
101.525480 74.689835
102.032671 74.689835
102.539862 74.689835
103.047053 74.689835
102.539862 74.689835
102.032671 74.689835
102.032671 75.197026
