107.119360 60.621007
107.119360 61.255819
107.119360 61.890631
107.119360 62.525443
107.119360 63.160255
107.119360 63.795067
106.484548 64.429879
106.484548 65.064691
105.849736 65.699503
105.214924 66.334315
105.214924 66.969127
105.214924 67.603939
104.580112 68.238751
104.580112 68.873563
103.945300 69.508375
103.310488 70.143187
103.310488 70.777999
103.310488 71.412811
102.675676 72.047623
102.040864 72.682435
102.040864 73.317247
102.040864 73.952059
101.406052 74.586871
101.406052 75.221683
100.771240 75.856495
100.771240 76.491307
100.771240 77.126119
100.136428 77.760931
100.136428 78.395743
100.136428 79.030555
99.501616 79.665367
99.501616 80.300179
99.501616 80.934991
99.501616 81.569803
98.866804 82.204616
98.866804 82.839428
98.866804 83.474240
98.866804 84.109052
98.866804 84.743864
98.866804 85.378676
98.866804 86.013488
98.866804 86.648300
98.231992 87.283112
98.231992 87.917924
98.231992 88.552736
98.231992 89.187548
98.231992 89.822360
98.231992 90.457172
98.231992 91.091984
98.231992 91.726796
98.231992 92.361608
98.231992 92.996420
98.231992 93.631232
98.231992 94.266044
98.231992 94.900856
98.231992 95.535668
98.231992 96.170480
98.231992 96.805292
98.231992 97.440104
98.231992 98.074916
98.231992 98.709728
98.231992 99.344540
98.231992 99.979352
98.231992 100.614164
98.231992 101.248976
98.231992 101.883788
98.231992 102.518600
98.866804 103.153412
98.866804 103.788224
98.866804 104.423036
98.866804 105.057848
99.501616 105.692660
99.501616 106.327472
99.501616 106.962284
99.501616 107.597096
100.136428 107.597096
100.136428 108.231908
100.136428 108.866720
100.136428 109.501532
100.136428 110.136344
100.136428 110.771156
100.771240 111.405968
100.771240 112.040780
100.771240 112.675592
100.771240 113.310404
101.406052 113.945216
101.406052 114.580028
101.406052 115.214840
101.406052 115.849652
102.040864 115.849652
102.040864 116.484464
102.040864 117.119276
102.040864 117.754088
102.675676 117.754088
102.040864 117.754088
102.675676 117.754088
102.675676 118.388900
102.675676 119.023712
103.310488 119.023712
103.310488 119.658524
103.310488 120.293336
103.945300 120.928148
103.945300 121.562960
104.580112 121.562960
104.580112 122.197772
104.580112 122.832584
105.214924 122.832584
105.214924 123.467396
105.214924 124.102208
105.849736 124.102208
106.484548 124.737020
106.484548 125.371832
107.119360 126.006644
107.754172 126.641456
107.754172 127.276268
108.388984 127.276268
109.023796 127.911080
109.023796 128.545892
109.658608 129.180704
109.658608 129.815516
110.293420 129.815516
110.293420 130.450328
110.928232 131.085140
111.563044 131.085140
111.563044 131.719952
112.197856 131.719952
112.832668 132.354764
113.467480 132.354764
114.102292 132.989576
114.737104 133.624388
115.371916 134.259200
116.006728 134.894012
116.641540 134.894012
117.276352 135.528824
117.911164 136.163636
118.545976 136.163636
119.180788 136.798448
119.815600 136.798448
120.450412 137.433260
121.085224 138.068072
121.720036 138.068072
122.354848 138.068072
122.989660 138.702884
123.624472 138.702884
124.259284 139.337696
124.894096 139.337696
125.528908 139.337696
126.163720 139.972508
126.798532 139.972508
127.433344 139.972508
128.068156 140.607320
128.702968 140.607320
129.337780 140.607320
129.972592 140.607320
130.607404 141.242132
131.242216 141.242132
131.877028 141.242132
132.511840 141.242132
133.146652 141.242132
133.781464 141.242132
134.416276 141.242132
135.051088 141.242132
135.685900 141.876944
135.685900 143.146568
135.685900 143.781380
136.320712 144.416192
136.320712 145.051004
135.685900 146.320628
135.685900 146.955440
135.685900 147.590252
135.685900 148.225064
135.051088 148.859876
135.051088 149.494688
135.051088 150.129500
135.051088 150.764312
135.051088 151.399124
134.416276 152.033936
133.781464 152.668748
133.146652 153.303560
132.511840 153.938372
131.877028 154.573184
131.242216 154.573184
129.972592 155.207996
129.337780 155.842808
128.702968 156.477620
128.068156 157.112432
127.433344 157.112432
126.798532 157.747244
125.528908 158.382056
124.894096 159.016868
124.259284 159.651680
123.624472 159.651680
122.989660 160.286492
122.354848 160.921304
121.085224 160.921304
120.450412 161.556116
119.815600 162.190928
118.545976 162.190928
117.911164 162.825740
117.276352 162.825740
116.641540 163.460552
115.371916 163.460552
114.737104 164.095364
114.102292 164.730176
112.832668 164.730176
112.197856 165.364988
111.563044 165.364988
110.293420 165.999800
109.658608 166.634612
109.023796 166.634612
107.754172 167.269424
107.119360 167.269424
106.484548 167.904236
105.214924 168.539048
104.580112 168.539048
103.945300 169.173860
102.675676 169.173860
102.040864 169.808672
101.406052 169.808672
100.771240 170.443484
100.136428 170.443484
99.501616 171.078296
98.866804 171.078296
98.231992 171.713108
97.597180 171.713108
96.962368 171.713108
95.692744 172.347920
95.057932 172.347920
94.423120 172.982732
93.788308 172.982732
93.153496 173.617544
92.518684 173.617544
91.883872 173.617544
91.249060 174.252356
90.614248 174.252356
89.979436 174.252356
89.344624 174.887168
88.709812 174.887168
88.075000 174.887168
87.440188 174.887168
86.805376 175.521980
86.170564 175.521980
85.535752 175.521980
84.900940 175.521980
84.266128 174.887168
82.996504 174.887168
82.361692 174.252356
81.726880 174.252356
81.092068 173.617544
80.457256 173.617544
79.822444 172.982732
79.187632 172.982732
78.552820 172.347920
77.918008 172.347920
77.283196 171.713108
76.648384 171.078296
76.648384 169.808672
76.013572 169.173860
76.013572 168.539048
75.378760 167.904236
75.378760 167.269424
74.743948 166.634612
74.743948 165.364988
74.109136 164.730176
74.109136 164.095364
73.474324 163.460552
73.474324 162.825740
72.839512 162.190928
72.839512 160.921304
72.204700 160.286492
72.204700 159.651680
71.569888 159.016868
71.569888 158.382056
70.935076 157.112432
70.935076 156.477620
70.935076 155.207996
70.300264 154.573184
70.300264 153.303560
70.300264 152.668748
69.665452 152.033936
69.665452 150.764312
69.665452 150.129500
69.665452 148.859876
69.030640 148.225064
69.030640 146.955440
69.030640 146.320628
68.395828 145.051004
68.395828 144.416192
68.395828 143.781380
68.395828 142.511756
67.761016 141.876944
67.761016 140.607320
67.761016 139.972508
67.126204 138.702884
67.126204 138.068072
67.126204 136.798448
66.491392 136.163636
66.491392 135.528824
66.491392 134.259200
66.491392 133.624388
65.856580 132.354764
65.856580 131.719952
65.856580 130.450328
65.221768 129.815516
65.221768 128.545892
65.221768 127.911080
64.586956 127.276268
64.586956 126.006644
64.586956 125.371832
64.586956 124.102208
63.952144 123.467396
63.952144 122.197772
63.952144 121.562960
63.317332 120.293336
63.317332 119.658524
63.317332 119.023712
63.317332 117.754088
62.682520 117.119276
62.682520 115.849652
62.682520 115.214840
62.047708 113.945216
62.047708 113.310404
62.047708 112.040780
61.412896 111.405968
61.412896 110.771156
61.412896 110.136344
61.412896 109.501532
61.412896 108.866720
61.412896 108.231908
61.412896 107.597096
61.412896 106.327472
61.412896 105.692660
61.412896 105.057848
61.412896 104.423036
60.778084 103.788224
60.778084 103.153412
60.778084 102.518600
60.778084 101.883788
60.778084 101.248976
60.778084 100.614164
60.778084 99.979352
60.778084 99.344540
60.778084 98.709728
60.778084 98.074916
60.778084 96.805292
60.778084 96.170480
60.778084 95.535668
60.143272 94.900856
60.143272 94.266044
60.143272 93.631232
60.143272 92.996420
60.143272 92.361608
60.143272 91.726796
60.143272 91.091984
60.143272 90.457172
60.143272 89.822360
60.143272 89.187548
60.143272 88.552736
60.143272 87.283112
60.143272 86.648300
60.143272 86.013488
60.778084 85.378676
60.778084 84.743864
60.778084 83.474240
61.412896 82.839428
61.412896 82.204616
61.412896 81.569803
61.412896 80.934991
62.047708 80.300179
62.047708 79.030555
62.047708 78.395743
62.047708 77.760931
62.682520 77.126119
62.682520 76.491307
62.682520 75.856495
62.682520 74.586871
63.317332 73.952059
63.317332 73.317247
63.952144 73.317247
64.586956 72.682435
65.221768 72.682435
65.856580 72.682435
66.491392 72.047623
67.126204 72.047623
67.761016 72.047623
68.395828 71.412811
69.030640 71.412811
69.665452 71.412811
70.300264 71.412811
70.935076 70.143187
71.569888 69.508375
72.204700 68.873563
72.839512 68.238751
73.474324 67.603939
74.109136 66.969127
74.743948 66.334315
75.378760 65.699503
76.013572 65.064691
76.648384 64.429879
77.283196 63.795067
77.918008 63.160255
78.552820 62.525443
79.187632 61.890631
79.822444 61.255819
80.457256 60.621007
81.092068 60.621007
81.726880 59.986195
82.361692 59.351383
83.631316 59.351383
84.266128 58.716571
84.900940 58.081759
85.535752 58.081759
86.170564 57.446947
86.805376 56.812135
87.440188 56.812135
88.075000 56.177323
89.344624 56.177323
89.979436 56.177323
90.614248 56.177323
91.249060 56.177323
91.883872 56.177323
92.518684 56.177323
93.153496 56.177323
93.788308 55.542511
94.423120 55.542511
95.057932 55.542511
96.327556 55.542511
96.962368 55.542511
97.597180 55.542511
98.231992 55.542511
98.866804 55.542511
99.501616 55.542511
100.136428 55.542511
100.771240 55.542511
101.406052 55.542511
102.040864 55.542511
102.675676 55.542511
103.945300 55.542511
104.580112 55.542511
105.214924 55.542511
105.849736 55.542511
106.484548 56.177323
107.119360 56.812135
107.119360 57.446947
107.119360 58.081759
107.119360 58.716571
107.119360 59.351383
107.119360 59.986195
107.119360 60.621007
