91.277908 99.227035
91.277908 99.643391
91.277908 100.059747
91.694264 100.059747
91.694264 100.476102
91.694264 100.059747
91.694264 100.476102
91.694264 100.892458
92.110619 101.308814
92.110619 101.725170
92.110619 102.141525
92.526975 102.141525
92.526975 102.557881
92.526975 102.974237
92.943331 102.974237
92.943331 103.390592
92.943331 103.806948
93.359686 103.806948
93.359686 104.223304
93.776042 104.639659
93.776042 105.056015
94.192398 105.472371
94.192398 105.888726
94.192398 106.305082
94.192398 106.721438
94.192398 107.137793
94.192398 107.554149
94.192398 107.970505
94.192398 108.386861
94.192398 108.803216
94.192398 109.219572
94.192398 109.635928
94.192398 110.052283
94.192398 110.468639
94.192398 110.884995
94.192398 111.301350
94.192398 111.717706
94.192398 112.134062
94.192398 112.550417
94.608753 112.966773
94.608753 113.383129
94.608753 113.799484
94.608753 114.215840
94.608753 114.632196
94.608753 115.048552
94.608753 115.464907
94.608753 115.881263
95.025109 116.297619
95.025109 116.713974
95.025109 117.130330
95.025109 117.546686
95.025109 117.963041
95.025109 118.379397
95.441465 118.379397
95.441465 118.795753
95.441465 119.212108
95.441465 119.628464
95.857820 119.628464
95.857820 120.044820
95.857820 120.461175
95.857820 120.877531
96.274176 120.877531
96.274176 121.293887
96.274176 121.710243
96.274176 122.126598
96.690532 122.126598
96.690532 122.542954
96.690532 122.959310
97.106887 123.375665
97.106887 123.792021
97.523243 124.208377
97.523243 124.624732
97.939599 125.041088
97.939599 125.457444
97.939599 125.873799
98.355955 125.873799
98.355955 126.290155
98.772310 126.706511
99.188666 127.122866
99.188666 127.539222
99.188666 127.955578
99.605022 127.955578
100.021377 128.371934
100.021377 128.788289
100.021377 129.204645
100.437733 129.204645
100.854089 129.621001
100.854089 130.037356
101.270444 130.037356
101.270444 130.453712
101.686800 130.870068
101.686800 131.286423
102.103156 131.286423
102.519511 131.702779
102.519511 132.119135
102.935867 132.119135
103.352223 132.535490
103.768578 132.951846
103.768578 133.368202
104.184934 133.368202
104.184934 133.784557
104.184934 134.200913
104.601290 134.200913
105.017646 134.617269
105.017646 135.033624
105.434001 135.033624
105.850357 135.449980
106.266713 135.866336
106.683068 136.282692
107.099424 136.699047
107.515780 137.115403
107.932135 137.531759
108.348491 137.948114
108.764847 138.364470
109.181202 138.780826
109.597558 138.780826
110.013914 139.197181
110.430269 139.613537
110.846625 140.029893
111.262981 140.029893
111.679336 140.446248
112.095692 140.862604
112.512048 140.862604
112.928404 141.278960
113.344759 141.695315
113.761115 141.695315
114.177471 142.111671
114.593826 142.111671
115.010182 142.528027
115.426538 142.528027
115.842893 142.944383
116.259249 142.944383
116.675605 143.360738
117.091960 143.360738
117.508316 143.360738
117.924672 143.777094
118.341027 143.777094
118.757383 143.777094
119.173739 144.193450
119.590095 144.193450
120.006450 144.193450
120.422806 144.609805
120.839162 144.609805
121.255517 144.609805
121.671873 145.026161
122.088229 145.026161
122.504584 145.026161
122.920940 145.026161
123.337296 145.442517
123.753651 145.858872
124.170007 146.275228
124.170007 147.107939
124.586363 147.524295
125.002718 147.940651
125.002718 148.357006
125.002718 148.773362
125.002718 149.189718
125.002718 149.606074
124.586363 150.438785
124.586363 150.855141
124.586363 151.271496
124.170007 151.687852
124.170007 152.104208
124.170007 152.520563
123.753651 152.936919
123.753651 153.353275
123.753651 153.769630
123.337296 154.185986
123.337296 154.602342
123.337296 155.018697
122.920940 155.435053
122.504584 155.851409
122.088229 155.851409
121.671873 155.851409
121.255517 155.851409
120.839162 156.267765
120.422806 156.267765
120.006450 156.267765
119.590095 156.684120
119.173739 157.100476
118.757383 157.516832
118.341027 157.933187
117.924672 157.933187
117.508316 158.349543
117.091960 158.765899
116.675605 159.182254
115.842893 159.598610
115.426538 159.598610
115.010182 160.014966
114.593826 160.431321
114.177471 160.847677
113.761115 161.264033
113.344759 161.264033
112.928404 161.680388
112.512048 162.096744
112.095692 162.513100
111.679336 162.929456
111.262981 162.929456
110.846625 163.345811
110.430269 163.762167
110.013914 164.178523
109.597558 164.594878
109.181202 164.594878
108.764847 165.011234
108.348491 165.427590
107.932135 165.843945
107.515780 166.260301
107.099424 166.260301
106.683068 166.676657
106.266713 167.093012
105.434001 167.509368
105.017646 167.509368
104.601290 167.509368
104.184934 167.509368
103.768578 167.925724
103.352223 167.925724
102.935867 167.925724
102.519511 168.342079
102.103156 168.342079
101.686800 168.342079
101.270444 168.342079
100.854089 168.758435
100.437733 168.758435
100.021377 168.758435
99.605022 168.758435
99.188666 169.174791
98.772310 169.174791
98.355955 169.174791
97.939599 169.174791
97.523243 169.591147
97.106887 169.591147
96.690532 169.591147
96.274176 169.591147
95.857820 170.007502
95.441465 170.007502
95.025109 170.007502
94.608753 170.007502
94.192398 170.423858
93.776042 170.423858
93.359686 170.423858
92.943331 170.423858
92.526975 170.423858
92.110619 170.423858
91.694264 170.423858
91.277908 170.423858
90.445196 170.840214
90.028841 170.840214
89.612485 170.840214
89.196129 170.840214
88.779774 170.840214
88.363418 170.840214
87.947062 170.840214
87.530707 170.840214
87.114351 171.256569
86.697995 171.256569
86.281640 170.840214
85.865284 170.423858
85.448928 170.007502
85.032573 169.591147
84.616217 169.174791
84.199861 168.758435
83.783505 168.342079
83.367150 167.925724
82.950794 167.093012
82.534438 166.676657
82.118083 166.260301
82.118083 165.843945
81.701727 165.427590
81.701727 165.011234
81.701727 164.594878
81.285371 164.178523
81.285371 163.762167
81.285371 163.345811
80.869016 162.929456
80.869016 162.513100
80.452660 162.096744
80.452660 161.264033
80.452660 160.847677
80.036304 160.431321
80.036304 159.598610
79.619949 159.182254
79.619949 158.765899
79.203593 157.933187
79.203593 157.516832
79.203593 156.684120
78.787237 156.267765
78.787237 155.851409
78.370882 155.018697
78.370882 154.602342
77.954526 154.185986
77.954526 153.353275
77.538170 152.936919
77.538170 152.520563
77.538170 151.687852
77.121814 151.271496
77.121814 150.855141
76.705459 150.022429
76.705459 149.606074
76.289103 148.773362
76.289103 148.357006
76.289103 147.940651
75.872747 147.107939
75.872747 146.691584
75.456392 146.275228
75.456392 145.442517
75.040036 145.026161
75.040036 144.609805
75.040036 143.777094
74.623680 143.360738
74.623680 142.944383
74.623680 142.111671
74.623680 141.695315
74.623680 141.278960
74.623680 140.446248
74.623680 140.029893
74.623680 139.613537
74.623680 139.197181
74.207325 138.364470
74.207325 137.948114
74.207325 137.531759
74.207325 137.115403
74.207325 136.282692
74.207325 135.866336
74.207325 135.449980
74.207325 134.617269
74.207325 134.200913
74.207325 133.784557
73.790969 133.368202
73.790969 132.535490
73.790969 132.119135
73.790969 131.702779
73.790969 131.286423
73.790969 130.453712
73.790969 130.037356
73.790969 129.621001
73.790969 128.788289
73.374613 128.371934
73.374613 127.955578
73.374613 127.539222
73.374613 126.706511
73.374613 126.290155
73.374613 125.873799
73.374613 125.041088
73.374613 124.624732
73.374613 124.208377
73.374613 123.792021
72.958258 122.959310
72.958258 122.542954
72.958258 122.126598
72.958258 121.710243
72.958258 120.877531
72.958258 120.461175
72.958258 120.044820
72.958258 119.212108
72.958258 118.795753
72.541902 118.379397
72.541902 117.963041
72.541902 117.130330
72.541902 116.713974
72.541902 116.297619
72.541902 115.881263
72.125546 115.464907
72.125546 115.048552
72.125546 114.632196
72.125546 114.215840
71.709191 113.799484
71.709191 112.966773
71.709191 112.550417
71.709191 112.134062
71.709191 111.717706
71.292835 111.301350
71.292835 110.884995
71.292835 110.468639
71.292835 110.052283
71.292835 109.219572
70.876479 108.803216
70.876479 108.386861
70.876479 107.970505
70.876479 107.554149
70.876479 107.137793
70.460123 106.721438
70.460123 106.305082
70.460123 105.888726
70.876479 105.472371
70.876479 105.056015
71.292835 104.639659
71.292835 103.806948
71.709191 103.390592
71.709191 102.974237
72.125546 102.557881
72.541902 102.141525
72.958258 102.141525
73.374613 101.725170
74.207325 101.308814
74.623680 100.892458
75.040036 100.476102
75.456392 100.059747
75.872747 99.643391
76.705459 99.227035
77.121814 98.810680
77.538170 98.394324
77.954526 98.394324
78.787237 97.977968
79.203593 97.561613
79.619949 97.145257
80.036304 96.728901
80.452660 96.312546
81.285371 95.896190
81.701727 95.479834
82.118083 95.063479
82.534438 94.647123
83.367150 94.647123
83.783505 94.230767
84.199861 93.814411
84.616217 93.398056
85.032573 93.398056
85.865284 93.398056
86.281640 93.398056
86.697995 93.398056
87.114351 93.814411
87.530707 93.814411
87.947062 93.814411
88.363418 93.814411
88.779774 93.814411
89.612485 94.230767
90.028841 94.230767
90.028841 94.647123
90.028841 95.063479
90.028841 95.479834
90.028841 95.896190
90.445196 95.896190
90.445196 96.312546
90.445196 96.728901
90.445196 97.145257
90.861552 97.561613
90.861552 97.977968
90.861552 98.394324
90.861552 98.810680
91.277908 98.810680
91.277908 99.227035
