95.914176 98.731459
96.275994 99.093277
96.275994 99.455095
96.637812 99.816913
96.999630 100.178731
97.361448 100.540549
97.723266 101.264185
98.085084 101.987821
98.446902 102.349639
98.446902 102.711457
98.808720 103.073275
99.170538 103.435093
99.532356 104.158729
99.532356 104.520547
99.894174 104.882365
100.255992 105.244183
100.255992 105.967819
100.617810 106.329637
100.979628 106.691455
100.979628 107.053273
100.979628 107.415091
100.979628 107.776909
100.979628 108.138727
100.979628 108.500545
100.979628 108.862363
100.979628 109.224181
100.979628 109.585999
100.979628 109.947817
100.979628 110.309635
100.979628 110.671453
100.979628 111.033271
100.979628 111.395089
100.979628 111.756907
100.979628 112.118725
100.979628 112.480543
100.979628 112.842361
100.979628 113.204179
100.979628 113.565997
100.979628 113.927815
100.979628 114.289633
100.979628 114.651451
100.979628 115.013269
100.979628 115.375087
100.979628 115.736905
100.979628 116.098723
100.979628 116.460541
100.979628 116.822359
101.341446 117.184177
101.341446 117.545995
101.341446 117.907813
101.341446 118.269631
101.341446 118.631448
101.341446 118.993266
101.341446 119.355084
101.341446 119.716902
101.341446 120.078720
101.341446 120.440538
101.341446 120.802356
101.703264 121.164174
101.703264 121.525992
101.703264 121.887810
101.703264 122.249628
101.703264 122.611446
102.065082 122.973264
102.065082 123.335082
102.065082 123.696900
102.065082 124.058718
102.426900 124.420536
102.426900 124.782354
102.426900 125.144172
102.788718 125.505990
102.788718 125.867808
102.788718 126.229626
103.150536 126.229626
103.150536 126.591444
103.150536 126.953262
103.150536 127.315080
103.512354 127.315080
103.512354 127.676898
103.512354 128.038716
103.874172 128.038716
103.874172 128.400534
103.874172 128.762352
104.235990 128.762352
104.235990 129.124170
104.597808 129.485988
104.597808 129.847806
104.959626 130.209624
104.959626 130.571442
105.321444 130.933260
105.321444 131.295078
105.683262 131.656896
105.683262 132.018714
106.045080 132.018714
106.045080 132.380532
106.406898 132.380532
106.406898 132.742350
106.768716 133.104168
106.768716 133.465986
107.130534 133.465986
107.492352 133.827804
107.492352 134.189622
107.854170 134.189622
108.215988 134.551440
108.215988 134.913258
108.577806 135.275076
108.939624 135.636894
108.939624 135.998712
109.301442 135.998712
109.663260 136.360530
110.025078 136.722348
110.386896 136.722348
110.748713 137.084166
111.110531 137.445984
111.472349 137.807802
111.834167 138.169620
112.195985 138.531438
112.557803 138.531438
112.919621 138.893256
113.281439 139.255074
113.643257 139.255074
114.005075 139.616891
114.366893 139.978709
114.728711 139.978709
115.090529 140.340527
115.452347 140.340527
115.814165 140.702345
116.175983 140.702345
116.537801 141.064163
116.899619 141.064163
117.261437 141.425981
117.623255 141.425981
117.985073 141.787799
118.346891 141.787799
118.708709 141.787799
119.070527 142.149617
119.432345 142.149617
119.794163 142.511435
120.155981 142.511435
120.517799 142.511435
120.879617 142.873253
121.241435 142.873253
121.603253 142.873253
121.965071 142.873253
122.326889 143.235071
122.688707 143.235071
122.326889 143.596889
122.688707 143.958707
123.050525 144.320525
123.412343 144.682343
123.412343 145.044161
123.412343 145.767797
123.412343 146.129615
123.412343 146.491433
123.412343 147.215069
123.050525 147.576887
123.050525 147.938705
123.050525 148.300523
123.050525 149.024159
123.050525 149.385977
123.050525 149.747795
122.688707 150.471431
122.688707 150.833249
122.688707 151.195067
122.688707 151.556885
122.688707 152.280521
122.326889 152.642339
122.326889 153.004157
122.326889 153.727793
122.326889 154.089611
122.326889 154.451429
121.965071 154.813247
121.965071 155.536883
121.965071 155.898701
121.965071 156.260519
121.965071 156.984155
121.603253 156.984155
121.241435 157.345973
120.879617 157.345973
120.517799 157.707791
120.155981 158.069609
119.794163 158.069609
119.070527 158.431427
118.708709 158.431427
118.346891 158.793245
117.985073 159.155063
117.623255 159.155063
117.261437 159.516881
116.899619 159.516881
116.537801 159.878699
116.175983 160.240517
115.814165 160.240517
115.452347 160.602335
115.090529 160.964152
114.728711 160.964152
114.366893 161.325970
114.005075 161.325970
113.643257 161.687788
113.281439 162.049606
112.919621 162.049606
112.557803 162.411424
112.195985 162.411424
111.834167 162.773242
111.472349 163.135060
111.110531 163.135060
110.748713 163.496878
110.386896 163.496878
110.025078 163.858696
109.301442 164.220514
108.939624 164.220514
108.577806 164.582332
108.215988 164.944150
107.854170 164.944150
107.492352 165.305968
107.130534 165.305968
106.768716 165.667786
106.406898 166.029604
106.045080 166.029604
105.683262 166.391422
105.321444 166.391422
104.959626 166.753240
104.597808 167.115058
104.235990 167.115058
103.874172 167.476876
103.512354 167.476876
103.150536 167.838694
102.788718 167.838694
102.426900 167.838694
102.065082 168.200512
101.703264 168.200512
100.979628 168.200512
100.617810 168.200512
100.255992 168.562330
99.894174 168.562330
99.532356 168.562330
99.170538 168.924148
98.808720 168.924148
98.446902 168.924148
98.085084 168.924148
97.723266 169.285966
97.361448 169.285966
96.999630 169.285966
96.637812 169.647784
96.275994 169.647784
95.552358 169.647784
95.190540 170.009602
94.828722 170.009602
94.466904 169.647784
94.105086 169.285966
94.105086 168.924148
93.743268 168.562330
93.381450 167.838694
93.019632 167.476876
92.657814 167.115058
92.657814 166.753240
92.295996 166.391422
91.934178 166.029604
91.572360 165.667786
91.572360 164.944150
91.210542 164.582332
90.848724 164.220514
90.486906 163.858696
90.125088 163.496878
90.125088 163.135060
89.763270 162.773242
89.401452 162.049606
89.039635 161.687788
89.039635 161.325970
88.677817 160.964152
88.315999 160.602335
87.954181 160.240517
87.592363 159.878699
87.592363 159.155063
87.230545 158.793245
86.868727 158.431427
86.506909 158.069609
86.145091 157.707791
86.145091 157.345973
85.783273 156.984155
85.421455 156.260519
85.421455 155.898701
85.059637 155.536883
85.059637 155.175065
84.697819 154.813247
84.697819 154.451429
84.336001 154.089611
84.336001 153.727793
84.336001 153.004157
84.336001 152.280521
84.336001 151.556885
84.336001 150.833249
84.336001 150.471431
84.336001 149.747795
84.336001 149.024159
84.336001 148.300523
84.336001 147.576887
84.336001 146.853251
84.336001 146.129615
84.336001 145.405979
84.336001 144.682343
84.336001 143.958707
84.336001 143.235071
84.336001 142.511435
84.336001 141.787799
84.336001 141.064163
84.336001 140.340527
84.336001 139.616891
84.336001 138.893256
84.336001 138.169620
84.336001 137.445984
84.336001 136.722348
84.336001 135.998712
84.336001 135.275076
84.336001 134.551440
84.336001 134.189622
84.336001 133.465986
84.336001 132.742350
84.336001 132.018714
84.336001 131.295078
84.336001 130.571442
84.336001 129.847806
84.336001 129.124170
84.336001 128.400534
84.336001 127.676898
84.336001 126.953262
84.336001 126.229626
84.336001 125.505990
84.336001 124.782354
84.336001 124.058718
84.336001 123.335082
84.336001 122.611446
84.336001 121.887810
84.336001 121.164174
84.336001 120.440538
84.336001 119.716902
84.336001 118.993266
84.336001 118.631448
84.336001 117.907813
84.697819 117.545995
84.697819 116.822359
85.059637 116.460541
85.421455 116.098723
85.421455 115.375087
85.783273 115.013269
85.783273 114.651451
86.145091 114.289633
86.506909 113.565997
86.506909 113.204179
86.868727 112.842361
86.868727 112.118725
87.230545 111.756907
87.592363 111.395089
87.592363 111.033271
87.954181 110.309635
88.315999 109.947817
88.315999 109.585999
88.677817 109.224181
88.677817 108.500545
89.039635 108.138727
89.401452 107.776909
89.401452 107.053273
89.763270 106.691455
89.763270 106.329637
90.125088 105.967819
90.486906 105.244183
90.486906 104.882365
90.848724 104.520547
90.848724 103.796911
91.210542 103.435093
91.572360 103.073275
91.572360 102.711457
91.934178 101.987821
92.295996 101.626003
92.295996 101.264185
92.657814 100.540549
92.657814 100.178731
93.019632 99.816913
93.381450 99.455095
93.381450 98.731459
93.743268 98.369641
93.743268 98.007823
94.105086 97.284187
94.466904 96.922370
94.466904 96.560552
94.828722 96.198734
94.828722 95.475098
95.190540 95.113280
95.552358 95.475098
95.552358 95.836916
95.552358 96.198734
95.552358 96.560552
95.552358 96.922370
95.552358 97.284187
95.914176 97.646005
95.914176 98.369641
95.914176 98.731459
