99.704606 93.516057
99.704606 93.516057
99.704606 93.943324
99.704606 94.370592
100.131874 94.797859
100.131874 95.225127
100.131874 95.652394
100.131874 96.079662
100.131874 96.506930
100.131874 96.079662
100.131874 96.506930
100.131874 96.934197
100.559141 97.361465
100.559141 97.788732
100.559141 98.216000
100.986409 98.643268
100.986409 99.070535
100.986409 99.497803
101.413677 99.925070
101.413677 100.352338
101.413677 100.779605
101.413677 101.206873
101.840944 101.206873
101.840944 101.634141
101.840944 102.061408
102.268212 102.061408
102.268212 102.488676
102.695479 102.915943
102.695479 103.343211
102.695479 103.770478
103.122747 103.770478
103.122747 104.197746
103.550014 104.625014
103.550014 105.052281
103.550014 105.479549
103.977282 105.479549
104.404550 105.906816
104.404550 106.334084
104.404550 106.761352
104.404550 107.188619
104.404550 107.615887
104.404550 108.043154
104.404550 108.470422
104.404550 108.897689
103.977282 109.324957
103.977282 109.752225
103.977282 110.179492
103.977282 110.606760
103.977282 111.034027
103.977282 111.461295
103.977282 111.888562
103.977282 112.315830
103.977282 112.743098
103.977282 113.170365
103.977282 113.597633
103.977282 114.024900
103.977282 114.452168
103.977282 114.879435
103.977282 115.306703
103.977282 115.733971
103.977282 116.161238
103.977282 116.588506
103.977282 117.015773
103.977282 117.443041
103.977282 117.870309
104.404550 117.870309
104.404550 118.297576
104.404550 118.724844
104.404550 119.152111
104.404550 119.579379
104.404550 120.006646
104.404550 120.433914
104.404550 120.861182
104.404550 121.288449
104.831817 121.288449
104.831817 121.715717
104.831817 122.142984
104.831817 121.715717
104.831817 122.142984
104.831817 122.570252
104.831817 122.997519
104.831817 123.424787
105.259085 123.424787
105.259085 123.852055
105.259085 123.424787
105.259085 123.852055
105.259085 124.279322
105.259085 124.706590
105.686352 124.706590
105.686352 125.133857
105.686352 125.561125
106.113620 125.988393
106.113620 126.415660
106.113620 126.842928
106.540888 127.270195
106.540888 127.697463
106.540888 128.124730
106.968155 128.124730
106.968155 128.551998
106.968155 128.124730
106.968155 128.551998
107.395423 128.979266
107.395423 129.406533
107.822690 129.833801
107.822690 130.261068
108.249958 130.688336
108.249958 131.115603
108.677225 131.542871
109.104493 131.970139
109.104493 132.397406
109.531761 132.824674
109.959028 133.251941
109.959028 133.679209
110.386296 133.679209
110.386296 134.106476
110.386296 133.679209
110.386296 134.106476
110.813563 134.533744
111.240831 134.961012
111.240831 135.388279
111.668098 135.388279
112.095366 135.815547
112.095366 136.242814
112.522634 136.242814
112.949901 136.670082
113.377169 137.097350
113.804436 137.524617
114.231704 137.951885
114.658972 138.379152
115.086239 138.806420
115.513507 139.233687
115.940774 139.233687
116.368042 139.660955
116.795309 140.088223
117.222577 140.515490
117.649845 140.515490
118.077112 140.942758
118.504380 141.370025
118.931647 141.370025
119.358915 141.797293
119.786182 141.797293
120.213450 142.224560
120.640718 142.224560
121.067985 142.651828
121.495253 142.651828
121.922520 143.079096
122.349788 143.079096
122.777055 143.506363
123.204323 143.506363
123.631591 143.506363
124.058858 143.933631
124.486126 143.933631
124.913393 143.933631
125.340661 144.360898
125.767929 144.360898
126.195196 145.215434
126.195196 145.642701
126.195196 146.069969
126.195196 146.924504
126.195196 147.351771
126.195196 147.779039
126.195196 148.206307
126.195196 148.633574
126.195196 149.060842
126.195196 149.915377
126.195196 150.342644
126.195196 150.769912
126.195196 151.197180
126.195196 151.624447
126.195196 152.051715
126.195196 152.906250
126.195196 153.333517
126.195196 153.760785
126.195196 154.188053
125.767929 154.615320
125.340661 155.042588
124.913393 155.469855
124.486126 155.897123
124.058858 156.751658
123.631591 157.178926
123.631591 157.606193
123.204323 158.033461
122.777055 158.460728
122.349788 158.887996
121.922520 159.315264
121.495253 159.742531
121.067985 160.169799
120.640718 160.597066
120.213450 161.451601
119.786182 161.878869
119.358915 162.306137
119.358915 162.733404
118.931647 163.160672
118.504380 163.587939
118.077112 164.015207
117.649845 164.442475
117.649845 164.869742
117.222577 165.297010
116.795309 165.724277
115.940774 166.151545
115.513507 166.151545
115.086239 166.151545
114.658972 166.578812
114.231704 166.578812
113.804436 167.006080
113.377169 167.006080
112.949901 167.433348
112.522634 167.433348
112.095366 167.433348
111.668098 167.860615
111.240831 167.860615
110.813563 168.287883
110.386296 168.287883
109.959028 168.715150
109.531761 168.715150
109.104493 168.715150
108.677225 169.142418
108.249958 169.142418
107.822690 169.569685
107.395423 169.569685
106.540888 169.996953
106.113620 169.996953
105.686352 169.996953
105.259085 170.424221
104.831817 170.424221
104.404550 170.851488
103.977282 170.851488
103.550014 170.851488
103.122747 171.278756
102.695479 171.278756
102.268212 171.706023
101.840944 171.706023
101.413677 172.133291
100.986409 172.560558
100.131874 172.560558
99.704606 172.987826
99.277339 172.987826
98.850071 173.415094
98.422804 173.842361
97.995536 173.842361
97.568268 174.269629
96.713733 174.696896
96.286466 174.696896
95.859198 175.124164
95.431931 174.696896
95.004663 174.269629
94.577395 174.269629
94.150128 173.842361
93.722860 173.415094
92.868325 173.415094
92.441057 172.987826
92.013790 172.560558
91.586522 172.133291
91.159255 172.133291
90.731987 171.706023
90.304720 171.278756
89.450184 170.851488
89.450184 170.424221
89.022917 169.996953
88.595649 169.142418
88.168382 168.715150
87.741114 168.287883
87.313847 167.433348
87.313847 167.006080
86.886579 166.578812
86.459311 165.724277
86.032044 165.297010
85.604776 164.869742
85.177509 164.442475
85.177509 163.587939
84.750241 163.160672
84.322973 162.733404
83.895706 161.878869
83.468438 161.451601
83.468438 161.024334
83.041171 160.597066
82.613903 159.742531
82.186636 159.315264
81.759368 158.887996
81.332100 158.033461
81.332100 157.606193
80.904833 157.178926
80.904833 156.324391
80.904833 155.897123
80.904833 155.042588
80.904833 154.615320
80.904833 153.760785
80.477565 153.333517
80.477565 152.478982
80.477565 152.051715
80.477565 151.197180
80.477565 150.769912
80.477565 149.915377
80.477565 149.488109
80.477565 148.633574
80.477565 148.206307
80.477565 147.351771
80.050298 146.924504
80.050298 146.069969
80.050298 145.642701
80.050298 144.788166
80.050298 144.360898
80.050298 143.506363
80.050298 143.079096
80.050298 142.224560
80.050298 141.797293
79.623030 140.942758
79.623030 140.515490
79.623030 139.660955
79.623030 139.233687
79.623030 138.379152
79.623030 137.951885
79.623030 137.097350
79.623030 136.670082
79.623030 135.815547
79.623030 135.388279
79.195763 134.533744
79.195763 134.106476
79.195763 133.251941
79.195763 132.824674
79.195763 131.970139
79.195763 131.542871
79.195763 130.688336
79.195763 130.261068
79.195763 129.406533
79.195763 128.979266
78.768495 128.124730
78.768495 127.697463
78.768495 126.842928
78.768495 126.415660
78.768495 125.561125
78.768495 125.133857
78.768495 124.706590
78.768495 123.852055
79.195763 123.424787
79.195763 122.997519
79.195763 122.142984
79.195763 121.715717
79.623030 121.288449
79.623030 120.433914
79.623030 120.006646
79.623030 119.579379
80.050298 118.724844
80.050298 118.297576
80.050298 117.870309
80.050298 117.015773
80.477565 116.588506
80.477565 116.161238
80.477565 115.306703
80.477565 114.879435
80.477565 114.452168
80.904833 114.024900
80.904833 113.170365
80.904833 112.743098
80.904833 112.315830
81.332100 111.461295
81.332100 111.034027
81.332100 110.606760
81.332100 109.752225
81.759368 109.324957
81.759368 108.897689
81.759368 108.043154
81.759368 107.615887
81.759368 107.188619
82.186636 106.334084
82.613903 105.906816
83.041171 105.479549
83.468438 104.625014
83.895706 104.197746
84.322973 103.770478
84.750241 103.343211
85.177509 102.488676
85.604776 102.061408
86.032044 101.634141
86.459311 100.779605
86.886579 100.352338
87.313847 99.925070
87.741114 99.497803
88.168382 98.643268
88.595649 98.216000
89.022917 97.788732
89.450184 96.934197
89.877452 96.506930
90.304720 96.079662
90.731987 95.225127
91.159255 94.797859
91.586522 94.370592
92.441057 93.943324
92.868325 93.088789
93.295593 92.661521
93.722860 92.234254
94.150128 92.234254
94.577395 91.806986
95.004663 91.806986
95.431931 91.806986
95.859198 91.806986
96.286466 92.234254
96.713733 92.234254
97.141001 92.234254
97.568268 92.661521
97.995536 92.661521
98.422804 92.661521
98.850071 92.661521
99.277339 92.661521
99.704606 93.088789
99.704606 93.516057
