107.737922 63.295088
107.737922 63.911015
107.737922 64.526941
107.737922 65.142868
107.737922 65.758795
107.121995 66.374721
106.506069 66.990648
105.890142 67.606574
105.274215 68.222501
104.658289 68.838428
104.042362 69.454354
103.426435 70.070281
102.810509 70.686208
102.810509 71.302134
102.194582 71.918061
101.578656 72.533987
101.578656 73.149914
100.962729 73.765841
100.962729 74.381767
100.346802 74.997694
100.346802 75.613621
99.730876 76.229547
99.730876 76.845474
99.114949 77.461401
99.114949 78.077327
99.114949 78.693254
98.499022 79.309180
98.499022 79.925107
98.499022 80.541034
98.499022 81.156960
97.883096 81.772887
97.883096 82.388814
97.883096 83.004740
97.883096 83.620667
97.883096 84.236593
97.883096 84.852520
97.883096 85.468447
97.883096 86.084373
97.883096 86.700300
97.883096 87.316227
97.883096 87.932153
97.883096 88.548080
97.883096 89.164006
97.883096 89.779933
97.883096 90.395860
97.883096 91.011786
97.883096 91.627713
97.883096 92.243640
97.883096 92.859566
97.883096 93.475493
97.883096 94.091420
97.883096 94.707346
98.499022 95.323273
98.499022 95.939199
98.499022 96.555126
98.499022 97.171053
99.114949 97.786979
99.114949 98.402906
99.114949 99.018833
99.114949 99.634759
99.730876 100.250686
99.730876 100.866612
99.730876 101.482539
100.346802 102.098466
100.346802 102.714392
100.346802 103.330319
100.346802 103.946246
100.346802 104.562172
100.346802 105.178099
100.962729 105.178099
100.962729 105.794025
100.962729 106.409952
100.962729 107.025879
100.962729 107.641805
101.578656 107.641805
101.578656 108.257732
101.578656 108.873659
101.578656 109.489585
102.194582 109.489585
102.194582 110.105512
102.194582 110.721439
102.810509 110.721439
102.810509 111.337365
102.810509 111.953292
103.426435 111.953292
103.426435 112.569218
104.042362 113.185145
104.042362 113.801072
104.658289 114.416998
104.658289 115.032925
105.274215 115.032925
105.274215 115.648852
105.890142 116.264778
106.506069 116.880705
106.506069 117.496631
107.121995 117.496631
107.121995 118.112558
107.737922 118.728485
107.737922 119.344411
107.737922 119.960338
107.737922 120.576265
108.353848 120.576265
108.353848 121.192191
108.969775 121.808118
108.969775 122.424045
108.969775 123.039971
109.585702 123.039971
109.585702 123.655898
110.201628 124.271824
110.201628 124.887751
110.817555 125.503678
110.817555 126.119604
111.433482 126.119604
111.433482 126.735531
112.049408 127.351458
112.665335 127.967384
112.665335 128.583311
113.281261 128.583311
113.281261 129.199237
113.897188 129.199237
114.513115 129.815164
115.129041 130.431091
115.744968 131.047017
116.360895 131.662944
116.976821 132.278871
117.592748 132.894797
118.208675 133.510724
118.824601 133.510724
119.440528 134.126650
120.056454 134.742577
120.672381 134.742577
121.288308 135.358504
121.904234 135.358504
122.520161 135.974430
123.136088 135.974430
123.752014 136.590357
124.367941 136.590357
124.983867 137.206284
125.599794 137.206284
126.215721 137.206284
126.831647 137.822210
127.447574 137.822210
128.063501 137.822210
128.679427 137.822210
129.295354 138.438137
129.911280 138.438137
130.527207 138.438137
131.143134 138.438137
131.143134 139.054064
131.759060 139.054064
132.374987 139.669990
132.990914 140.285917
132.990914 140.901843
133.606840 142.133697
133.606840 142.749623
133.606840 143.981477
134.222767 144.597403
134.222767 145.213330
134.838694 146.445183
134.222767 146.445183
132.990914 147.061110
132.374987 147.061110
131.759060 147.677036
131.143134 147.677036
130.527207 148.292963
129.911280 148.292963
129.295354 148.908890
128.679427 148.908890
128.063501 149.524816
127.447574 149.524816
126.831647 150.140743
126.215721 150.140743
125.599794 150.756669
124.983867 150.756669
123.752014 151.372596
123.136088 151.988523
122.520161 151.988523
121.904234 152.604449
121.288308 152.604449
120.672381 153.220376
120.056454 153.220376
119.440528 153.836303
118.208675 154.452229
117.592748 154.452229
116.976821 155.068156
116.360895 155.068156
115.744968 155.684083
115.129041 155.684083
114.513115 156.300009
113.897188 156.915936
113.281261 156.915936
112.049408 157.531862
111.433482 157.531862
110.817555 158.147789
110.201628 158.147789
109.585702 158.763716
108.969775 159.379642
108.353848 159.379642
107.737922 159.995569
107.121995 159.995569
106.506069 159.995569
105.890142 160.611496
104.658289 160.611496
104.042362 161.227422
103.426435 161.227422
102.810509 161.843349
102.194582 161.843349
101.578656 162.459275
100.962729 162.459275
100.346802 162.459275
99.730876 163.075202
99.114949 163.075202
98.499022 163.691129
97.883096 163.691129
97.267169 164.307055
96.651242 164.307055
96.035316 164.307055
95.419389 164.922982
94.803463 164.922982
94.187536 165.538909
93.571609 165.538909
92.955683 166.154835
92.339756 166.154835
91.723829 166.154835
91.107903 166.770762
90.491976 166.770762
89.876050 167.386689
89.260123 167.386689
88.644196 168.002615
88.028270 168.002615
87.412343 168.002615
86.796416 168.618542
86.180490 168.618542
85.564563 169.234468
84.948636 169.234468
84.332710 169.234468
83.100857 169.234468
82.484930 169.234468
81.869003 169.234468
81.253077 169.234468
80.637150 169.234468
80.021223 169.234468
79.405297 169.234468
78.789370 169.234468
78.173444 169.234468
77.557517 169.234468
76.941590 169.234468
76.325664 169.234468
75.709737 169.234468
74.477884 169.234468
73.861957 169.234468
73.246031 169.234468
73.246031 168.618542
72.630104 168.002615
72.630104 167.386689
72.630104 166.154835
72.630104 165.538909
72.014177 164.922982
72.014177 163.691129
72.014177 163.075202
72.014177 162.459275
71.398251 161.843349
71.398251 160.611496
71.398251 159.995569
71.398251 159.379642
70.782324 158.147789
70.782324 157.531862
70.782324 156.915936
70.782324 155.684083
70.166397 155.068156
70.166397 154.452229
70.166397 153.836303
70.166397 152.604449
69.550471 151.988523
69.550471 151.372596
69.550471 150.140743
69.550471 149.524816
69.550471 148.908890
69.550471 148.292963
69.550471 147.677036
69.550471 147.061110
69.550471 146.445183
68.934544 145.829256
68.934544 144.597403
68.934544 143.981477
68.934544 142.749623
68.318617 142.133697
68.318617 140.901843
68.318617 140.285917
68.318617 139.669990
68.318617 138.438137
67.702691 137.822210
67.702691 136.590357
67.702691 135.974430
67.702691 135.358504
67.702691 134.126650
67.086764 133.510724
67.086764 132.278871
67.086764 131.662944
67.086764 130.431091
66.470838 129.815164
66.470838 129.199237
66.470838 127.967384
66.470838 127.351458
66.470838 126.119604
65.854911 125.503678
65.854911 124.271824
65.854911 123.655898
65.854911 123.039971
65.854911 121.808118
65.238984 121.192191
65.238984 119.960338
65.238984 119.344411
65.238984 118.728485
64.623058 117.496631
64.623058 116.880705
64.623058 115.648852
64.623058 115.032925
64.623058 113.801072
64.007131 113.185145
64.007131 112.569218
64.007131 111.337365
64.007131 110.721439
64.007131 109.489585
63.391204 108.873659
63.391204 108.257732
63.391204 107.025879
63.391204 106.409952
62.775278 105.178099
62.775278 104.562172
62.775278 103.330319
62.775278 102.714392
62.775278 102.098466
62.775278 101.482539
62.775278 100.866612
62.775278 100.250686
62.775278 99.634759
62.775278 99.018833
62.775278 98.402906
62.775278 97.786979
62.775278 97.171053
62.775278 96.555126
62.775278 95.939199
62.775278 95.323273
62.775278 94.707346
62.775278 94.091420
62.775278 93.475493
62.775278 92.859566
62.775278 92.243640
62.775278 91.011786
62.775278 90.395860
62.775278 89.779933
62.775278 89.164006
63.391204 88.548080
63.391204 87.932153
63.391204 87.316227
63.391204 86.700300
63.391204 86.084373
63.391204 85.468447
63.391204 84.852520
63.391204 84.236593
63.391204 83.620667
63.391204 83.004740
63.391204 82.388814
63.391204 81.772887
63.391204 81.156960
64.007131 80.541034
64.007131 79.925107
64.623058 79.309180
64.623058 78.693254
65.238984 77.461401
65.238984 76.845474
65.854911 76.229547
65.854911 75.613621
66.470838 74.997694
66.470838 74.381767
67.086764 73.765841
67.086764 73.149914
67.702691 72.533987
67.702691 71.918061
68.318617 71.302134
68.318617 70.686208
68.934544 70.070281
68.934544 69.454354
69.550471 68.838428
69.550471 68.222501
70.166397 67.606574
70.166397 66.990648
70.782324 66.374721
70.782324 65.758795
71.398251 65.142868
72.014177 64.526941
72.630104 64.526941
73.246031 63.911015
73.861957 63.295088
74.477884 63.295088
75.093810 62.679161
75.709737 62.679161
76.325664 62.063235
76.941590 61.447308
77.557517 61.447308
78.173444 60.831381
79.405297 60.215455
80.021223 60.215455
80.637150 60.215455
81.253077 60.215455
81.869003 59.599528
82.484930 59.599528
83.716783 59.599528
84.332710 59.599528
84.948636 58.983602
85.564563 58.983602
86.180490 58.983602
87.412343 58.983602
88.028270 58.367675
88.644196 58.367675
89.260123 58.367675
89.876050 57.751748
90.491976 57.751748
91.107903 57.751748
92.339756 57.751748
92.955683 57.751748
93.571609 57.751748
94.187536 57.751748
94.803463 57.751748
95.419389 57.751748
96.035316 58.367675
97.267169 58.367675
97.883096 58.367675
98.499022 58.367675
99.114949 58.367675
99.730876 58.367675
100.346802 58.367675
101.578656 58.367675
102.194582 58.367675
102.810509 58.983602
103.426435 59.599528
103.426435 60.215455
104.042362 60.215455
104.658289 60.215455
104.658289 60.831381
105.274215 60.831381
105.274215 61.447308
105.890142 61.447308
105.890142 62.063235
106.506069 62.063235
107.121995 62.679161
107.121995 63.295088
107.737922 63.295088
