89.424613 80.632894
88.571100 80.632894
88.144344 80.632894
87.717588 81.059650
87.290831 81.059650
86.864075 81.486407
86.437318 81.486407
85.583805 81.486407
85.157049 81.913163
84.730292 81.913163
84.303536 82.339919
83.876780 82.339919
83.450023 82.339919
82.596510 82.766676
82.169754 82.766676
81.742997 83.193432
81.316241 83.193432
80.889484 83.620189
80.462728 84.046945
79.609215 84.473702
79.182459 84.900458
78.755702 85.327215
78.328946 85.753971
77.902189 86.180727
77.475433 86.607484
76.621920 87.034240
76.195164 87.460997
75.768407 87.887753
75.341651 88.314510
74.914894 88.741266
74.488138 89.168023
73.634625 89.594779
73.207868 90.021535
72.781112 90.448292
72.781112 90.875048
72.354355 91.301805
72.354355 91.728561
72.354355 92.155318
71.927599 93.008831
71.927599 93.435587
71.927599 93.862343
71.927599 94.289100
71.500843 94.715856
71.500843 95.569369
71.500843 95.996126
71.500843 96.422882
71.074086 96.849639
71.074086 97.276395
71.074086 98.129908
70.647330 98.556664
70.647330 98.983421
70.647330 99.410177
70.647330 100.263690
70.220573 100.690447
70.220573 101.117203
70.220573 101.543960
70.220573 101.970716
69.793817 102.824229
69.793817 103.250985
69.793817 103.677742
69.367060 104.104498
69.367060 104.531255
69.367060 105.384768
69.367060 105.811524
68.940304 106.238280
68.940304 106.665037
68.940304 107.091793
68.940304 107.945306
68.940304 108.372063
68.513547 109.225576
68.513547 109.652332
68.513547 110.079088
68.513547 110.932601
68.513547 111.359358
68.513547 112.212871
68.513547 112.639627
68.513547 113.493140
68.513547 113.919896
68.513547 114.346653
68.513547 115.200166
68.513547 115.626922
68.513547 116.480435
68.086791 116.907192
68.086791 117.760704
68.086791 118.187461
68.086791 119.040974
68.086791 119.467730
68.086791 119.894487
68.086791 120.748000
68.086791 121.174756
68.086791 122.028269
68.086791 122.455025
68.086791 123.308538
68.086791 123.735295
68.086791 124.162051
67.660035 125.015564
67.660035 125.442320
67.660035 126.295833
67.660035 126.722590
67.660035 127.576103
67.660035 128.002859
67.660035 128.429616
67.660035 128.856372
67.660035 129.283128
67.660035 129.709885
67.660035 130.136641
67.660035 130.563398
68.086791 130.990154
68.513547 131.843667
68.940304 132.270424
68.940304 132.697180
69.367060 133.123936
69.793817 133.550693
70.220573 134.404206
70.647330 134.830962
71.074086 135.257719
71.500843 135.684475
71.927599 136.111232
72.354355 136.964744
72.781112 137.391501
73.207868 137.818257
73.634625 138.245014
74.061381 138.671770
74.488138 139.525283
74.914894 139.952040
74.914894 140.378796
75.341651 140.805552
75.768407 141.232309
76.195164 142.085822
76.621920 142.512578
77.048676 142.939335
77.475433 143.366091
77.902189 144.219604
78.328946 144.646360
78.755702 145.073117
79.182459 145.499873
79.609215 145.926630
80.035972 146.780143
80.462728 147.206899
80.889484 147.633656
81.316241 148.060412
81.742997 148.487168
82.169754 148.487168
82.596510 148.913925
83.450023 149.340681
83.876780 149.340681
84.303536 149.767438
84.730292 149.767438
85.157049 150.194194
85.583805 150.620951
86.437318 150.620951
86.864075 151.047707
87.290831 151.474464
87.717588 151.474464
88.144344 151.901220
88.997857 151.901220
89.424613 152.327976
89.851370 152.754733
90.278126 152.754733
90.704883 153.181489
91.558396 153.608246
91.985152 153.608246
92.411908 154.035002
92.838665 154.035002
93.265421 154.461759
93.692178 154.461759
94.118934 154.461759
94.545691 154.035002
94.972447 154.035002
95.399204 154.035002
95.825960 153.608246
96.252716 153.608246
96.679473 153.608246
97.106229 153.608246
97.532986 153.181489
97.959742 153.181489
98.386499 153.181489
98.813255 153.181489
99.240012 153.181489
99.666768 152.754733
100.093524 152.754733
100.520281 152.754733
100.947037 152.754733
101.373794 152.754733
101.800550 152.754733
102.227307 152.754733
102.654063 152.754733
103.080820 152.754733
103.507576 152.754733
103.934332 152.754733
104.361089 152.754733
104.787845 152.754733
105.214602 152.754733
105.641358 152.754733
106.068115 152.754733
106.494871 152.754733
106.921628 152.327976
107.348384 152.327976
107.775140 151.901220
108.201897 151.474464
108.628653 151.047707
109.055410 151.047707
108.628653 150.620951
108.201897 150.194194
107.775140 149.340681
107.348384 148.913925
106.921628 148.060412
106.494871 147.633656
106.068115 147.206899
105.641358 146.353386
105.214602 145.926630
104.787845 145.073117
104.361089 144.646360
103.934332 143.792848
103.507576 143.366091
103.080820 142.939335
102.654063 142.085822
102.227307 141.659065
101.800550 140.805552
101.373794 140.378796
100.947037 139.525283
100.520281 139.098527
100.093524 138.245014
99.666768 137.818257
99.240012 137.391501
98.813255 136.537988
98.386499 136.111232
97.959742 135.684475
97.959742 134.830962
97.959742 134.404206
97.959742 133.977449
97.959742 133.123936
97.959742 132.697180
97.532986 131.843667
97.532986 131.416911
97.532986 130.990154
97.532986 130.136641
97.532986 129.709885
97.532986 129.283128
97.532986 128.429616
97.532986 128.002859
97.106229 127.576103
97.106229 126.722590
97.106229 126.295833
97.106229 125.869077
97.106229 125.015564
97.106229 124.588808
97.106229 124.162051
97.106229 123.308538
96.679473 122.881782
96.679473 122.455025
96.679473 121.601512
96.679473 121.174756
96.679473 120.748000
96.679473 119.894487
96.679473 119.467730
96.679473 119.040974
96.252716 118.187461
96.252716 117.760704
96.252716 116.907192
96.252716 116.480435
96.252716 116.053679
96.252716 115.200166
96.252716 114.773409
95.825960 114.346653
95.825960 113.493140
95.825960 113.066384
95.825960 112.639627
95.825960 111.786114
95.825960 111.359358
95.825960 110.932601
95.825960 110.079088
95.399204 109.652332
95.399204 109.225576
95.399204 108.372063
95.399204 107.945306
95.399204 107.518550
95.399204 106.665037
95.399204 106.238280
95.399204 105.811524
95.399204 104.958011
95.399204 104.531255
95.399204 103.677742
95.399204 103.250985
95.399204 102.824229
95.399204 101.970716
95.825960 101.543960
95.825960 100.690447
95.825960 100.263690
95.825960 99.836934
95.825960 98.983421
95.825960 98.556664
95.825960 97.703151
95.825960 97.276395
95.825960 96.849639
95.825960 95.996126
95.825960 95.569369
95.825960 94.715856
96.252716 94.289100
96.252716 93.862343
96.252716 93.008831
96.252716 92.582074
96.252716 91.728561
96.252716 91.301805
96.252716 90.875048
96.252716 90.021535
96.252716 89.594779
96.252716 88.741266
96.252716 88.314510
96.252716 87.887753
96.252716 87.034240
96.679473 86.607484
97.106229 86.180727
97.532986 85.753971
97.959742 85.327215
98.386499 84.473702
98.813255 84.046945
98.813255 83.620189
99.240012 83.193432
99.666768 82.766676
100.093524 82.339919
100.520281 81.486407
100.947037 81.059650
101.373794 80.632894
101.373794 80.206137
101.800550 79.779381
102.227307 79.352624
102.227307 78.925868
101.800550 78.499111
101.373794 78.499111
100.947037 78.499111
100.520281 78.072355
99.666768 78.072355
99.240012 78.072355
98.813255 77.645599
98.386499 77.645599
97.959742 78.072355
97.532986 78.072355
97.106229 78.072355
96.679473 78.499111
96.252716 78.499111
95.825960 78.499111
94.972447 78.925868
94.545691 78.925868
94.118934 78.925868
93.692178 79.352624
93.265421 79.352624
92.838665 79.352624
92.411908 79.779381
91.985152 79.779381
91.558396 79.779381
91.131639 80.206137
90.278126 80.206137
89.851370 80.206137
89.424613 80.206137
89.424613 80.632894
