75.604836 112.546147
75.177392 112.973590
75.177392 113.401034
75.177392 114.255921
75.177392 114.683365
74.749949 115.110808
74.749949 115.538252
74.749949 115.965696
74.749949 116.820583
74.322505 117.248027
74.322505 117.675470
74.322505 118.102914
73.895061 118.530357
73.895061 119.385245
73.895061 119.812688
73.895061 120.240132
73.467618 120.667575
73.467618 121.095019
73.467618 121.522463
73.467618 122.377350
73.040174 122.804794
73.040174 123.232237
73.040174 123.659681
73.040174 124.087124
72.612730 124.942012
72.612730 125.369455
72.612730 125.796899
72.612730 126.224342
72.612730 126.651786
72.612730 127.079230
72.612730 127.506673
72.612730 127.934117
72.612730 128.361560
72.612730 128.789004
72.612730 129.216448
72.612730 129.643891
72.612730 130.071335
72.612730 130.498779
72.612730 130.926222
72.612730 131.353666
72.612730 131.781109
72.612730 132.208553
72.185287 132.635997
72.185287 133.063440
72.185287 133.490884
72.185287 133.918327
72.185287 134.345771
72.185287 134.773215
72.185287 135.200658
72.185287 135.628102
72.185287 136.055545
72.185287 136.482989
72.185287 136.910433
72.185287 137.337876
72.185287 137.765320
72.185287 138.192764
72.185287 138.620207
72.185287 139.047651
72.185287 139.475094
72.185287 139.902538
72.185287 140.329982
72.612730 140.757425
72.612730 141.184869
72.612730 141.612312
72.612730 142.039756
73.040174 142.467200
73.040174 142.894643
73.040174 143.749531
73.040174 144.176974
73.467618 144.604418
73.467618 145.031861
73.467618 145.459305
73.895061 145.886749
73.895061 146.314192
73.895061 146.741636
73.895061 147.169079
74.322505 147.596523
74.322505 148.023967
74.322505 148.451410
74.322505 148.878854
74.749949 149.306297
74.749949 149.733741
74.749949 150.161185
75.177392 150.588628
75.177392 151.016072
75.177392 151.443516
75.177392 151.870959
75.604836 152.298403
75.604836 153.153290
75.604836 153.580734
75.604836 154.008177
76.032279 154.435621
76.032279 154.863064
76.459723 155.290508
76.887167 155.717952
77.314610 156.145395
77.742054 156.572839
77.742054 157.000282
78.169497 157.427726
78.596941 157.855170
79.024385 158.282613
79.451828 158.710057
79.879272 159.137501
79.879272 159.564944
80.306715 159.992388
80.734159 160.419831
81.161603 160.847275
81.589046 161.274719
82.016490 161.702162
82.016490 162.129606
82.443934 162.984493
82.871377 163.411937
83.298821 163.839380
83.726264 164.266824
84.153708 164.694268
84.153708 165.121711
84.581152 165.549155
85.008595 165.549155
85.863482 165.976598
86.290926 165.976598
86.718370 166.404042
87.145813 166.404042
87.573257 166.404042
88.000700 166.831486
88.855588 166.831486
89.283031 167.258929
89.710475 167.258929
90.137919 167.258929
90.565362 167.686373
90.992806 167.686373
91.420249 168.113816
92.275137 168.113816
92.702580 168.113816
93.130024 168.541260
93.557467 168.541260
93.984911 168.541260
94.412355 168.541260
94.839798 168.541260
95.267242 168.541260
96.122129 168.968704
96.549573 168.968704
96.977016 168.968704
97.404460 168.968704
97.831904 168.968704
98.259347 168.968704
98.686791 169.396147
99.114234 169.396147
99.541678 169.396147
99.969122 169.396147
100.396565 169.396147
100.824009 169.396147
101.678896 169.823591
102.106340 169.823591
102.533783 169.823591
102.961227 169.823591
103.388671 169.823591
103.816114 169.823591
104.243558 169.823591
104.671001 170.251034
105.098445 170.251034
105.525889 170.251034
105.953332 170.251034
106.380776 170.251034
107.235663 170.251034
107.663107 170.678478
108.090550 170.678478
108.517994 170.678478
108.945437 170.678478
109.372881 170.251034
109.800325 170.251034
110.655212 170.251034
111.082656 169.823591
111.510099 169.823591
111.937543 169.823591
112.364986 169.396147
113.219874 169.396147
113.647317 169.396147
114.074761 169.396147
114.502204 168.968704
114.929648 168.968704
115.784535 168.968704
116.211979 168.541260
116.639423 168.541260
117.066866 168.541260
117.494310 168.113816
118.349197 168.113816
118.776641 168.113816
119.204084 167.686373
119.631528 167.686373
120.058971 167.686373
120.486415 167.686373
121.341302 167.258929
121.768746 166.831486
122.196189 166.404042
122.196189 165.976598
122.623633 165.549155
123.051077 165.121711
123.478520 164.694268
123.905964 164.266824
123.905964 163.839380
124.333408 163.411937
124.760851 162.984493
124.760851 162.557049
124.760851 162.129606
124.760851 161.702162
124.333408 161.274719
123.905964 160.847275
123.478520 160.419831
123.051077 160.419831
123.478520 160.419831
123.051077 160.419831
122.623633 159.992388
122.196189 159.564944
121.768746 159.564944
121.768746 159.137501
121.341302 159.137501
121.768746 159.137501
121.341302 159.137501
120.913859 158.710057
120.486415 158.282613
120.058971 157.855170
119.631528 157.855170
119.631528 157.427726
119.204084 157.000282
118.776641 156.572839
118.349197 156.572839
117.921753 156.145395
117.494310 156.145395
117.494310 155.717952
117.066866 155.290508
116.639423 155.290508
116.639423 154.863064
116.211979 154.435621
115.784535 154.008177
115.784535 153.580734
115.357092 153.153290
114.929648 152.725846
114.502204 152.298403
114.074761 151.870959
113.647317 151.443516
113.219874 151.016072
113.219874 150.588628
112.792430 150.161185
112.364986 149.733741
111.937543 149.306297
111.937543 148.878854
111.510099 148.451410
111.082656 148.023967
110.655212 147.596523
110.655212 147.169079
110.227768 146.741636
109.800325 146.314192
109.800325 145.886749
109.372881 145.459305
109.372881 145.031861
108.945437 144.604418
108.517994 144.176974
108.517994 143.749531
108.090550 143.322087
108.090550 142.894643
107.663107 142.467200
107.663107 142.039756
107.235663 141.612312
107.235663 141.184869
106.808219 140.757425
106.808219 140.329982
106.380776 139.902538
106.380776 139.475094
105.953332 139.047651
105.953332 138.620207
105.953332 138.192764
105.525889 137.765320
105.525889 137.337876
105.098445 136.910433
105.098445 136.482989
105.098445 136.055545
104.671001 135.628102
104.671001 135.200658
104.671001 134.773215
104.243558 134.345771
104.243558 133.918327
104.243558 133.490884
103.816114 133.063440
103.816114 132.635997
103.388671 132.208553
103.388671 131.781109
103.388671 131.353666
102.961227 130.926222
102.961227 130.498779
102.961227 130.071335
102.533783 129.643891
102.533783 129.216448
102.533783 128.789004
102.106340 128.361560
102.106340 127.934117
102.106340 127.506673
102.106340 127.079230
101.678896 126.651786
101.678896 126.224342
101.678896 125.796899
101.678896 125.369455
101.251452 124.942012
101.251452 124.514568
101.251452 124.087124
101.251452 123.659681
101.251452 123.232237
100.824009 122.804794
100.824009 122.377350
100.824009 121.949906
100.824009 121.522463
100.824009 121.095019
100.824009 120.667575
100.396565 120.240132
100.396565 119.812688
100.396565 119.385245
100.396565 118.957801
100.396565 118.530357
100.396565 118.102914
100.396565 117.675470
99.969122 117.248027
99.969122 116.820583
99.969122 116.393139
99.541678 115.965696
99.541678 115.538252
99.541678 115.110808
99.541678 114.683365
99.114234 114.255921
99.114234 113.828478
99.114234 113.401034
99.114234 112.973590
99.114234 112.546147
98.686791 112.118703
98.686791 111.691260
98.686791 111.263816
98.686791 110.836372
98.686791 110.408929
98.686791 109.981485
98.686791 109.554042
98.259347 109.126598
98.259347 108.699154
98.686791 108.271711
98.686791 107.844267
98.686791 107.416823
98.686791 106.989380
98.686791 106.561936
98.259347 106.134493
98.686791 105.707049
98.686791 105.279605
98.686791 104.852162
98.686791 104.424718
98.686791 103.997275
98.686791 103.569831
98.686791 103.142387
98.686791 102.714944
98.686791 102.287500
98.686791 101.860057
98.259347 101.432613
98.259347 101.005169
98.259347 100.577726
98.259347 100.150282
98.686791 100.150282
98.686791 99.722838
98.259347 99.722838
97.831904 99.722838
97.831904 99.295395
97.404460 98.867951
97.404460 98.440508
96.977016 98.440508
96.977016 98.013064
96.549573 97.585620
96.122129 97.158177
95.694686 96.730733
95.267242 96.730733
94.839798 96.303290
94.412355 95.875846
93.984911 95.875846
93.557467 95.448402
93.130024 95.448402
92.702580 95.448402
92.275137 95.448402
91.847693 95.875846
91.420249 95.875846
90.992806 96.303290
90.565362 96.303290
90.565362 96.730733
90.137919 96.730733
89.710475 96.730733
89.283031 97.158177
88.855588 97.585620
88.855588 98.013064
88.428144 98.013064
88.428144 98.440508
88.000700 98.440508
88.000700 98.867951
87.573257 98.867951
87.145813 99.295395
87.145813 99.722838
86.718370 99.722838
86.290926 100.150282
86.290926 100.577726
85.863482 100.577726
85.863482 101.005169
85.436039 101.005169
85.008595 101.432613
84.581152 101.860057
84.153708 102.287500
83.726264 102.287500
83.298821 102.714944
82.871377 103.142387
82.871377 103.569831
82.443934 103.569831
82.016490 103.997275
81.589046 103.997275
81.161603 104.424718
80.734159 105.279605
80.306715 105.707049
79.879272 106.134493
79.879272 106.561936
79.451828 106.989380
79.024385 107.416823
79.024385 107.844267
78.596941 108.271711
78.596941 108.699154
78.169497 109.126598
77.742054 109.554042
77.742054 109.981485
77.314610 110.408929
77.314610 110.836372
76.887167 111.263816
76.459723 111.691260
76.459723 112.118703
76.032279 112.546147
75.604836 112.973590
75.604836 113.401034
75.604836 112.973590
75.604836 112.546147
