93.637133 82.100183
93.230549 82.506768
93.230549 82.913352
93.230549 83.319936
92.823964 83.726521
92.823964 84.133105
92.823964 84.539689
92.823964 84.946274
92.417380 85.352858
92.417380 85.759443
92.417380 86.166027
92.417380 86.572611
92.010796 86.979196
92.010796 87.385780
92.010796 87.792364
92.010796 88.198949
92.010796 88.605533
91.604211 89.012117
91.604211 89.418702
91.604211 89.825286
91.604211 90.231870
91.604211 90.638455
91.604211 91.045039
91.604211 91.451623
91.604211 91.858208
91.197627 92.264792
91.197627 92.671376
91.197627 93.077961
91.197627 93.484545
91.197627 93.891129
91.197627 94.297714
91.197627 94.704298
91.197627 95.110882
91.197627 95.517467
91.197627 95.924051
91.197627 96.330635
91.197627 96.737220
91.197627 97.143804
91.197627 97.550388
91.197627 97.956973
91.197627 98.363557
91.197627 98.770141
91.197627 99.176726
91.197627 99.583310
91.197627 99.989894
91.197627 100.396479
91.197627 100.803063
91.197627 101.209647
91.197627 101.616232
91.197627 102.022816
91.197627 102.429401
91.197627 102.835985
91.197627 103.242569
91.197627 103.649154
91.197627 104.055738
91.197627 104.462322
91.197627 104.868907
91.197627 105.275491
91.197627 105.682075
91.197627 106.088660
91.197627 106.495244
91.197627 106.901828
91.197627 107.308413
91.604211 107.714997
91.604211 108.121581
91.604211 108.528166
91.604211 108.934750
91.604211 109.341334
91.604211 109.747919
91.604211 110.154503
91.604211 110.561087
91.604211 110.967672
92.010796 110.967672
92.010796 111.374256
92.010796 111.780840
92.010796 112.187425
92.010796 112.594009
92.417380 113.000593
92.417380 113.407178
92.417380 113.813762
92.417380 114.220346
92.823964 114.626931
92.823964 115.033515
92.823964 115.440099
92.823964 115.846684
93.230549 116.253268
93.230549 117.066437
93.230549 117.473021
93.230549 117.879605
93.230549 118.286190
93.637133 118.692774
93.637133 119.099359
93.637133 119.505943
93.637133 119.912527
94.043717 120.319112
94.043717 120.725696
94.043717 121.132280
94.043717 121.538865
94.450302 121.945449
94.450302 122.758618
94.450302 123.165202
94.856886 123.571786
94.856886 123.978371
94.856886 124.384955
95.263470 124.791539
95.263470 125.198124
95.263470 125.604708
95.670055 126.011292
95.670055 126.417877
96.076639 126.824461
96.076639 127.231045
96.076639 127.637630
96.483223 128.044214
96.483223 128.857383
96.889808 129.263967
96.889808 129.670551
96.889808 130.077136
97.296392 130.483720
97.296392 130.890304
97.702976 131.296889
97.702976 131.703473
98.109561 132.110057
98.109561 132.516642
98.516145 132.923226
98.516145 133.329810
98.922729 133.736395
98.922729 134.549563
99.329314 134.956148
99.329314 135.362732
99.735898 135.769317
99.735898 136.175901
100.142482 136.582485
100.142482 136.989070
100.549067 137.395654
100.549067 137.802238
100.955651 138.208823
100.955651 138.615407
101.362235 139.021991
101.768820 139.428576
101.768820 139.835160
102.175404 140.241744
102.175404 140.648329
102.581988 141.054913
102.581988 141.461497
102.988573 141.868082
103.395157 142.274666
103.395157 143.087835
103.801741 143.494419
104.208326 143.494419
104.208326 143.901003
104.614910 143.901003
104.614910 144.307588
105.021494 144.714172
105.428079 145.120756
105.428079 145.527341
105.834663 145.933925
105.834663 146.340509
106.241247 146.340509
106.241247 146.747094
106.647832 147.153678
107.054416 147.560262
107.054416 147.966847
107.461001 147.966847
107.867585 148.373431
108.274169 148.780015
108.274169 149.186600
108.680754 149.186600
109.087338 149.593184
109.493922 149.999768
109.900507 150.406353
110.307091 150.812937
110.713675 151.219521
111.120260 151.626106
111.526844 152.032690
111.526844 152.439275
111.120260 152.845859
111.120260 153.252443
111.120260 153.659028
111.120260 154.065612
110.713675 154.472196
110.713675 154.878781
110.713675 155.285365
110.307091 155.691949
110.307091 156.098534
110.307091 156.505118
110.307091 156.911702
110.307091 157.318287
109.900507 157.724871
109.900507 158.131455
109.493922 158.131455
109.087338 158.131455
108.680754 158.131455
108.274169 158.131455
107.867585 158.131455
107.461001 158.131455
107.054416 158.131455
106.647832 158.131455
106.241247 158.131455
105.834663 158.131455
105.428079 158.131455
105.021494 158.131455
104.614910 158.131455
104.208326 158.131455
103.801741 158.131455
103.395157 158.131455
102.988573 158.131455
102.581988 158.131455
102.175404 158.131455
101.768820 158.131455
101.362235 158.131455
100.955651 158.131455
100.549067 158.131455
100.142482 158.131455
99.735898 158.131455
99.329314 158.131455
99.329314 158.538040
98.922729 158.538040
98.516145 158.538040
98.109561 158.538040
97.702976 158.538040
97.296392 158.538040
96.889808 158.538040
96.483223 158.538040
96.076639 158.944624
95.670055 158.944624
95.263470 158.944624
94.856886 158.944624
94.450302 159.351208
94.043717 159.351208
93.230549 159.351208
92.823964 159.351208
92.417380 159.351208
92.010796 159.351208
91.604211 159.351208
91.197627 159.351208
90.791043 159.351208
90.384458 159.351208
89.977874 159.351208
89.571289 159.351208
89.164705 159.351208
88.758121 158.944624
88.351536 158.944624
87.944952 158.944624
87.538368 158.944624
87.131783 158.538040
86.725199 158.538040
86.318615 158.538040
85.912030 158.538040
85.505446 158.538040
85.098862 158.131455
84.692277 158.131455
84.285693 157.724871
83.472524 157.724871
83.065940 157.724871
82.659356 157.318287
82.252771 157.318287
81.846187 156.911702
81.439603 156.911702
81.033018 156.505118
80.626434 156.505118
80.219850 156.098534
79.813265 155.691949
79.406681 155.691949
79.000097 155.285365
78.593512 154.878781
78.186928 154.472196
77.780344 154.472196
77.373759 154.065612
76.967175 153.659028
76.560591 153.252443
76.154006 152.845859
75.747422 152.439275
75.340838 152.032690
74.934253 151.626106
74.527669 150.812937
74.121085 150.406353
73.714500 149.999768
73.714500 149.593184
73.307916 149.186600
72.901331 148.780015
72.901331 148.373431
72.494747 147.966847
72.088163 147.560262
72.088163 147.153678
71.681578 146.747094
71.681578 146.340509
71.274994 145.933925
70.868410 145.527341
70.868410 145.120756
70.461825 144.714172
70.461825 144.307588
70.055241 143.901003
70.055241 143.494419
69.648657 143.087835
69.648657 142.681250
69.242072 141.868082
69.242072 141.461497
68.835488 141.054913
68.835488 140.648329
68.835488 140.241744
68.428904 139.835160
68.428904 139.428576
68.022319 139.021991
68.022319 138.615407
68.022319 138.208823
67.615735 137.802238
67.615735 136.989070
67.209151 136.582485
66.802566 136.175901
67.209151 135.769317
66.802566 135.362732
66.802566 134.956148
66.395982 134.549563
66.395982 134.142979
66.395982 133.736395
66.395982 133.329810
66.395982 132.923226
65.989398 132.923226
65.989398 132.516642
65.582813 132.110057
65.582813 131.703473
65.582813 131.296889
65.582813 130.890304
65.176229 130.890304
65.176229 130.483720
64.769645 130.077136
64.769645 129.670551
64.769645 129.263967
64.769645 128.857383
64.769645 128.450798
64.769645 128.044214
64.769645 127.637630
64.363060 127.231045
64.363060 126.824461
64.363060 126.417877
64.363060 126.011292
63.956476 125.604708
63.956476 125.198124
63.956476 124.791539
63.956476 124.384955
63.549892 123.978371
63.549892 123.571786
63.143307 123.165202
63.143307 122.758618
63.143307 122.352033
63.143307 121.945449
62.736723 121.945449
62.736723 121.538865
62.330139 121.132280
62.330139 120.725696
61.923554 120.319112
61.923554 119.912527
61.516970 119.505943
61.516970 119.099359
61.516970 118.692774
61.516970 118.286190
61.516970 117.879605
61.516970 117.473021
61.516970 117.066437
61.516970 116.659852
61.516970 116.253268
61.516970 115.846684
61.516970 115.440099
61.516970 115.033515
61.516970 114.626931
61.516970 114.220346
61.516970 113.813762
61.516970 113.407178
61.516970 113.000593
61.516970 112.594009
61.516970 112.187425
61.516970 111.780840
61.923554 111.374256
61.923554 110.967672
61.923554 110.561087
61.923554 110.154503
61.923554 109.747919
61.923554 109.341334
61.923554 108.934750
61.923554 108.528166
61.923554 108.121581
61.923554 107.714997
61.923554 107.308413
61.923554 106.901828
61.923554 106.495244
61.923554 106.088660
61.923554 105.682075
61.923554 105.275491
61.923554 104.868907
61.923554 104.462322
61.923554 104.055738
61.923554 103.649154
61.923554 103.242569
61.923554 102.835985
61.923554 102.429401
62.330139 102.022816
62.330139 101.616232
62.330139 101.209647
62.330139 100.803063
62.736723 100.803063
62.736723 100.396479
63.143307 99.989894
63.143307 99.583310
63.549892 99.176726
63.549892 98.770141
63.956476 98.770141
63.956476 98.363557
64.363060 97.956973
64.769645 97.550388
65.176229 97.143804
65.582813 96.737220
65.582813 96.330635
65.989398 95.924051
66.395982 95.517467
66.802566 95.110882
67.209151 94.704298
67.615735 94.297714
68.022319 93.891129
68.428904 93.484545
68.428904 93.077961
68.835488 92.671376
68.835488 92.264792
69.242072 91.858208
69.242072 91.451623
69.648657 91.045039
70.055241 90.638455
70.461825 90.231870
70.868410 89.825286
71.274994 89.418702
71.681578 89.012117
72.088163 88.605533
72.494747 88.198949
72.901331 87.792364
73.307916 87.792364
73.714500 87.385780
74.121085 86.979196
74.527669 86.572611
74.934253 86.166027
75.340838 85.759443
75.747422 85.352858
76.154006 84.946274
76.560591 84.946274
76.967175 84.539689
77.373759 84.539689
77.780344 84.133105
78.186928 84.133105
78.593512 84.133105
79.000097 83.726521
79.406681 83.726521
79.813265 83.726521
80.219850 83.726521
80.626434 83.726521
81.033018 83.319936
81.439603 82.913352
81.846187 82.506768
82.252771 82.100183
82.659356 82.100183
83.065940 81.693599
83.472524 81.693599
83.879109 81.287015
84.285693 81.287015
84.692277 81.287015
85.098862 80.880430
85.505446 80.880430
85.912030 80.473846
86.318615 80.473846
86.725199 80.067262
87.131783 80.067262
87.538368 80.067262
87.944952 79.660677
88.351536 79.660677
88.758121 79.660677
89.164705 79.660677
89.571289 79.660677
89.977874 79.660677
90.384458 79.660677
90.791043 79.660677
91.197627 79.660677
91.604211 80.067262
92.010796 80.067262
92.417380 80.067262
92.823964 80.067262
92.823964 80.473846
93.230549 80.473846
93.637133 80.880430
94.043717 80.880430
93.637133 81.287015
93.637133 81.693599
93.637133 82.100183
