85.371026 115.915635
84.966650 116.320011
84.562275 116.320011
84.562275 117.128762
84.562275 117.533138
84.562275 117.937513
84.157899 118.341889
84.157899 118.746264
84.157899 119.150640
83.753524 119.959391
83.753524 120.363766
83.753524 120.768142
83.753524 121.172517
83.349148 121.576893
83.349148 121.981268
83.349148 122.790019
83.349148 123.194395
83.349148 123.598770
83.349148 124.003146
83.349148 124.407521
83.349148 124.811897
83.349148 125.216272
83.349148 126.025023
83.349148 126.429399
83.349148 126.833774
83.349148 127.238150
83.349148 127.642525
83.349148 128.046901
83.349148 128.451276
83.349148 129.260027
83.349148 129.664403
83.349148 130.068778
83.349148 130.473154
83.349148 130.877529
83.349148 131.281905
83.349148 132.090656
83.349148 132.495031
83.349148 132.899407
83.349148 133.303782
83.349148 133.708158
83.349148 134.112533
83.349148 134.516909
83.349148 135.325660
83.349148 135.730035
83.349148 136.134411
83.349148 136.538786
83.349148 136.943162
83.349148 137.347537
83.349148 137.751913
83.349148 138.560664
83.349148 138.965040
83.349148 139.369415
83.349148 139.773791
83.753524 140.178166
83.753524 140.582542
83.753524 140.986917
83.753524 141.391293
84.157899 141.795668
84.157899 142.200044
84.157899 142.604419
84.562275 143.008795
84.562275 143.413170
84.562275 143.817546
84.562275 144.221921
84.966650 144.626297
84.966650 145.030672
84.966650 145.435048
85.371026 145.839423
85.371026 146.243799
85.371026 146.648174
85.371026 147.052550
85.775401 147.456925
85.775401 147.861301
85.775401 148.265676
86.179777 148.670052
86.179777 149.074427
86.179777 149.478803
86.584152 149.883178
86.584152 150.287554
86.584152 150.691929
86.584152 151.096305
86.988528 151.500680
86.988528 151.905056
86.988528 152.713807
87.392903 153.118182
87.392903 153.522558
87.797279 153.926933
87.797279 154.735684
88.201655 155.140060
88.201655 155.544435
88.606030 155.948811
88.606030 156.353186
89.010406 157.161937
89.010406 157.566313
89.414781 157.970688
89.414781 158.375064
89.819157 158.779440
89.819157 159.588191
90.223532 159.992566
90.223532 160.396942
90.627908 160.801317
90.627908 161.205693
91.032283 162.014444
91.032283 162.418819
91.436659 162.823195
91.436659 163.227570
91.841034 163.631946
91.841034 164.440697
92.245410 164.845072
92.649785 165.249448
93.458536 165.249448
93.862912 165.653823
94.267287 166.058199
94.671663 166.462574
95.076038 166.462574
95.480414 166.866950
95.884789 167.271325
96.693540 167.675701
97.097916 167.675701
97.502291 168.080076
97.906667 168.484452
98.311042 168.888827
98.715418 169.293203
99.524169 169.293203
99.928544 169.697578
100.332920 170.101954
100.737295 170.506329
101.141671 170.506329
101.546046 170.910705
101.950422 171.315080
102.759173 171.719456
103.163548 171.719456
103.567924 172.123831
103.972299 172.123831
104.376675 172.123831
104.781050 172.123831
105.185426 172.123831
105.589801 172.123831
105.994177 172.123831
106.398552 172.123831
106.802928 172.528207
107.207303 172.528207
107.611679 172.528207
108.420430 172.528207
108.824806 172.528207
109.229181 172.528207
109.633557 172.528207
110.037932 172.932582
110.442308 172.932582
110.846683 172.932582
111.251059 172.932582
111.655434 172.932582
112.059810 172.932582
112.868561 172.932582
113.272936 172.932582
113.677312 173.336958
114.081687 173.336958
114.486063 173.336958
114.890438 173.336958
115.294814 173.336958
115.699189 173.336958
116.103565 173.336958
116.507940 173.336958
116.912316 173.336958
117.316691 173.741333
117.721067 173.741333
118.125442 173.741333
118.529818 173.741333
118.934193 173.741333
119.338569 173.741333
119.742944 173.741333
120.551695 173.741333
120.956071 173.741333
121.360446 173.741333
121.764822 173.741333
122.169197 173.741333
122.573573 174.145709
122.977948 174.145709
123.382324 174.145709
123.786699 174.145709
124.191075 174.145709
124.595450 174.145709
124.999826 174.145709
125.404201 174.145709
125.808577 174.145709
126.212952 174.145709
126.617328 174.145709
127.021703 174.145709
127.426079 174.550084
127.830454 174.550084
128.234830 174.550084
128.639205 174.550084
129.043581 174.550084
129.447957 174.145709
129.852332 173.741333
130.256708 173.336958
130.661083 172.932582
131.065459 172.528207
131.469834 171.719456
132.278585 171.315080
132.278585 170.910705
131.874210 170.506329
131.065459 170.506329
130.661083 170.101954
130.256708 169.697578
129.852332 169.293203
129.043581 168.888827
128.639205 168.888827
128.234830 168.484452
127.830454 168.484452
127.426079 168.080076
127.021703 168.080076
126.617328 167.675701
126.212952 167.675701
125.808577 167.271325
125.404201 167.271325
124.999826 166.866950
124.595450 166.866950
124.595450 166.462574
124.191075 166.462574
124.191075 166.058199
123.786699 166.058199
123.382324 165.653823
122.977948 165.653823
122.573573 165.249448
122.169197 164.845072
121.764822 164.440697
121.360446 164.036321
120.956071 163.631946
120.551695 163.631946
120.956071 163.631946
120.551695 163.631946
120.147320 163.227570
119.742944 162.823195
119.338569 162.418819
118.934193 162.418819
118.934193 162.014444
118.529818 161.610068
118.125442 161.205693
117.721067 161.205693
117.721067 160.801317
117.316691 160.396942
116.912316 159.992566
116.912316 159.588191
116.507940 159.183815
116.103565 158.779440
115.699189 158.375064
115.294814 158.375064
115.294814 157.970688
115.294814 157.566313
114.890438 157.161937
114.486063 156.757562
114.486063 156.353186
114.081687 155.948811
113.677312 155.544435
113.677312 155.140060
113.272936 154.735684
112.868561 154.331309
112.868561 153.926933
112.464185 153.522558
112.464185 153.118182
112.059810 152.713807
111.655434 152.309431
111.251059 151.905056
110.846683 151.500680
110.442308 151.096305
110.442308 150.691929
110.037932 150.287554
109.633557 149.883178
109.229181 149.478803
109.229181 149.074427
108.824806 148.670052
108.420430 148.265676
108.016054 147.861301
108.016054 147.456925
107.611679 147.052550
107.207303 146.648174
107.207303 146.243799
106.802928 145.839423
106.802928 145.435048
106.398552 145.030672
106.398552 144.626297
105.994177 144.221921
105.994177 143.817546
105.589801 143.413170
105.589801 143.008795
105.185426 142.604419
105.185426 142.200044
104.781050 141.795668
104.781050 141.391293
104.376675 140.986917
104.376675 140.582542
103.972299 140.178166
103.972299 139.773791
103.972299 139.369415
103.567924 138.965040
103.567924 138.560664
103.567924 138.156289
103.163548 137.751913
103.163548 137.347537
103.163548 136.943162
102.759173 136.538786
102.759173 136.134411
102.759173 135.730035
102.759173 135.325660
102.354797 134.921284
102.354797 134.516909
102.354797 134.112533
102.354797 133.708158
102.354797 133.303782
101.950422 132.899407
101.950422 132.495031
101.950422 132.090656
101.950422 131.686280
101.950422 131.281905
101.950422 130.877529
101.950422 130.473154
101.546046 130.068778
101.546046 129.664403
101.546046 129.260027
101.546046 128.855652
101.546046 128.451276
101.546046 128.046901
101.546046 127.642525
101.546046 127.238150
101.546046 126.833774
101.546046 126.429399
101.546046 126.025023
101.546046 125.620648
101.546046 125.216272
101.546046 124.811897
101.546046 124.407521
101.546046 124.003146
101.546046 123.598770
101.546046 123.194395
101.546046 122.790019
101.546046 122.385644
101.546046 121.981268
101.546046 121.576893
101.546046 121.172517
101.546046 120.768142
101.950422 120.363766
101.950422 119.959391
101.950422 119.555015
101.950422 119.150640
101.950422 118.746264
101.950422 118.341889
101.950422 117.937513
102.354797 117.533138
102.354797 117.128762
102.354797 116.724386
102.354797 116.320011
102.354797 115.915635
102.354797 115.511260
102.759173 115.106884
102.759173 114.702509
102.759173 114.298133
102.759173 113.893758
102.759173 113.489382
102.759173 113.085007
102.759173 112.680631
102.759173 111.871880
102.759173 111.467505
102.759173 111.063129
102.759173 110.658754
102.759173 110.254378
102.759173 109.850003
102.759173 109.445627
102.759173 108.636876
102.759173 108.232501
102.759173 107.828125
102.354797 107.423750
102.354797 107.019374
101.950422 106.614999
101.546046 106.210623
101.141671 106.210623
100.737295 106.210623
100.332920 106.210623
99.928544 106.614999
99.524169 106.614999
99.119793 106.614999
98.715418 107.019374
98.311042 107.019374
97.906667 107.019374
97.502291 107.423750
97.097916 107.423750
96.693540 107.423750
96.289165 107.828125
95.884789 107.828125
95.480414 107.828125
95.076038 108.232501
94.671663 108.232501
94.267287 108.232501
93.862912 108.636876
93.458536 108.636876
93.054161 109.041252
92.649785 109.041252
92.245410 109.445627
91.841034 109.850003
91.436659 110.254378
91.032283 110.658754
90.627908 111.063129
90.223532 111.467505
89.819157 111.871880
89.414781 112.276256
89.010406 112.680631
88.606030 113.085007
88.201655 113.489382
87.797279 113.893758
87.392903 114.298133
86.988528 114.702509
86.584152 115.106884
86.179777 115.106884
85.775401 115.511260
85.371026 115.915635
