101.162358 85.370824
101.669780 85.878246
102.177202 86.385668
102.684624 86.893090
103.192046 87.400512
103.699468 87.907934
104.206890 88.415356
104.206890 88.922778
104.714312 89.430200
104.714312 89.937622
105.221735 90.445044
105.221735 90.952466
105.221735 91.459888
105.221735 91.967310
105.729157 92.474733
105.729157 92.982155
105.729157 93.489577
105.729157 93.996999
105.729157 94.504421
105.729157 95.011843
105.729157 95.519265
105.729157 96.026687
105.221735 96.534109
105.221735 97.041531
104.714312 97.548953
104.206890 98.056375
104.206890 98.563797
103.699468 99.071219
103.192046 99.578641
103.192046 100.086063
102.684624 100.593485
102.684624 101.100907
102.177202 101.608330
102.177202 102.115752
101.669780 102.623174
101.669780 103.130596
101.162358 103.638018
101.162358 104.145440
100.654936 104.652862
100.654936 105.160284
100.654936 105.667706
100.147514 106.175128
100.147514 106.682550
99.640092 107.189972
99.640092 107.697394
99.640092 108.204816
99.132670 108.712238
99.132670 109.219660
99.132670 109.727082
98.625248 110.234504
98.625248 110.741926
98.625248 111.249349
98.117826 111.756771
98.117826 112.264193
98.117826 112.771615
98.117826 113.279037
97.610404 113.786459
97.610404 114.293881
97.610404 114.801303
97.610404 115.308725
97.102982 115.816147
97.102982 116.323569
97.102982 116.830991
97.102982 117.338413
97.102982 117.845835
97.102982 118.353257
96.595560 118.860679
96.595560 119.368101
96.595560 119.875523
96.595560 120.382945
96.595560 120.890368
96.595560 121.397790
96.595560 121.905212
96.595560 122.412634
96.595560 122.920056
96.595560 123.427478
96.595560 123.934900
96.595560 124.442322
96.595560 124.949744
96.595560 125.457166
96.595560 125.964588
96.595560 126.472010
96.595560 126.979432
96.595560 127.486854
96.595560 127.994276
96.595560 128.501698
96.595560 129.009120
96.595560 129.516542
96.595560 130.023964
96.595560 130.531387
96.595560 131.038809
96.595560 131.546231
96.595560 132.053653
96.595560 132.561075
96.595560 133.068497
96.595560 133.575919
96.595560 134.083341
96.595560 134.590763
96.595560 135.098185
96.595560 135.605607
97.102982 136.113029
97.102982 136.620451
97.102982 137.127873
97.102982 137.635295
97.102982 138.142717
97.102982 138.650139
97.610404 139.157561
97.610404 139.664984
97.610404 140.172406
97.610404 140.679828
97.610404 141.187250
98.117826 141.694672
98.117826 142.202094
98.117826 142.709516
98.117826 143.216938
98.117826 143.724360
98.625248 143.724360
98.625248 144.231782
98.625248 144.739204
98.625248 145.246626
98.625248 145.754048
99.132670 145.754048
99.132670 146.261470
99.132670 146.768892
99.132670 147.276314
99.640092 147.276314
99.640092 147.783736
99.640092 148.291158
99.640092 148.798580
100.147514 148.798580
100.147514 149.306003
100.147514 149.813425
100.654936 150.320847
100.654936 150.828269
100.654936 151.335691
100.654936 151.843113
101.162358 151.843113
101.162358 152.350535
101.162358 152.857957
101.669780 152.857957
101.669780 153.365379
101.669780 153.872801
101.669780 154.380223
102.177202 154.380223
102.177202 154.887645
102.177202 155.395067
102.684624 155.395067
102.684624 155.902489
102.684624 156.409911
103.192046 156.409911
103.192046 156.917333
103.192046 157.424755
103.699468 157.424755
103.699468 157.932177
104.206890 158.439599
104.206890 158.947022
104.206890 159.454444
104.714312 159.454444
104.714312 159.961866
105.221735 159.961866
105.221735 160.469288
105.221735 160.976710
105.729157 160.976710
106.236579 161.484132
106.236579 161.991554
106.744001 162.498976
106.744001 163.006398
107.251423 163.513820
107.251423 164.021242
107.758845 164.528664
107.758845 165.036086
108.266267 165.036086
108.266267 165.543508
108.773689 166.050930
108.773689 166.558352
109.281111 166.558352
109.281111 167.065774
109.788533 167.573196
109.788533 168.080618
109.788533 168.588041
109.788533 169.095463
109.788533 169.602885
109.788533 170.110307
109.788533 170.617729
109.788533 171.125151
109.281111 171.632573
109.281111 172.139995
109.281111 172.647417
108.773689 173.154839
108.773689 173.662261
108.266267 174.169683
108.266267 174.677105
107.758845 175.184527
107.251423 175.691949
106.744001 176.199371
106.236579 176.706793
105.729157 177.214215
105.221735 177.214215
104.714312 177.721638
104.206890 177.721638
103.699468 178.229060
103.192046 178.229060
102.684624 178.229060
102.177202 178.736482
101.669780 178.736482
101.162358 178.736482
100.654936 179.243904
100.147514 179.243904
99.640092 179.243904
99.132670 179.243904
98.625248 179.243904
98.117826 179.243904
97.610404 179.751326
97.102982 179.751326
96.595560 179.751326
96.088138 179.751326
95.580716 179.751326
95.073293 179.751326
94.565871 179.751326
94.058449 179.751326
93.551027 179.751326
93.043605 179.751326
92.536183 179.751326
92.028761 179.751326
91.521339 179.751326
91.013917 179.751326
90.506495 179.751326
89.999073 179.751326
89.491651 179.243904
88.984229 179.243904
88.476807 179.243904
87.969385 179.243904
87.461963 179.243904
86.954541 179.243904
86.447119 178.736482
85.939697 178.736482
85.432274 178.736482
84.924852 178.736482
84.417430 178.736482
83.910008 178.229060
83.402586 178.229060
82.895164 178.229060
82.387742 177.721638
81.880320 177.721638
81.372898 177.721638
80.865476 177.214215
80.358054 177.214215
79.850632 177.214215
79.343210 176.706793
78.835788 176.706793
78.328366 176.199371
77.820944 176.199371
77.313522 175.691949
76.806100 175.691949
76.298678 175.184527
75.791255 175.184527
75.283833 174.677105
74.776411 174.677105
74.268989 174.169683
73.761567 174.169683
73.254145 173.662261
72.746723 173.154839
72.239301 172.647417
71.731879 172.647417
71.224457 172.139995
70.717035 171.632573
70.209613 171.125151
69.702191 171.125151
69.194769 170.617729
68.687347 170.110307
68.179925 169.602885
67.672503 169.095463
67.165081 168.588041
66.657659 168.080618
66.150236 167.573196
65.642814 167.065774
65.135392 166.558352
64.627970 166.050930
64.627970 165.543508
64.120548 165.036086
63.613126 164.528664
63.105704 164.021242
63.105704 163.513820
62.598282 163.006398
62.598282 162.498976
62.090860 161.991554
61.583438 161.484132
61.583438 160.976710
61.076016 160.469288
61.076016 159.961866
60.568594 159.454444
60.568594 158.947022
60.061172 158.439599
60.061172 157.932177
59.553750 157.424755
59.553750 156.917333
59.046328 156.409911
59.046328 155.902489
59.046328 155.395067
58.538906 154.887645
58.538906 154.380223
58.031484 153.872801
58.031484 153.365379
58.031484 152.857957
57.524062 152.350535
57.524062 151.843113
57.524062 151.335691
57.524062 150.828269
57.016639 150.320847
57.016639 149.813425
57.016639 149.306003
56.509217 148.798580
56.509217 148.291158
56.509217 147.783736
56.509217 147.276314
56.509217 146.768892
56.001795 146.261470
56.001795 145.754048
56.001795 144.739204
56.001795 144.231782
56.001795 143.724360
55.494373 143.216938
55.494373 142.709516
55.494373 142.202094
55.494373 141.694672
55.494373 141.187250
55.494373 140.679828
55.494373 140.172406
55.494373 139.664984
55.494373 139.157561
54.986951 138.650139
54.986951 138.142717
54.986951 137.635295
54.986951 137.127873
54.986951 136.620451
54.986951 136.113029
54.986951 135.605607
54.986951 135.098185
54.986951 134.590763
54.986951 134.083341
54.986951 133.575919
54.986951 133.068497
54.986951 132.561075
54.986951 132.053653
54.986951 131.546231
54.986951 131.038809
54.986951 130.531387
54.986951 130.023964
54.986951 129.516542
54.986951 129.009120
54.986951 128.501698
54.986951 127.994276
55.494373 127.486854
55.494373 126.979432
55.494373 126.472010
55.494373 125.964588
55.494373 125.457166
55.494373 124.949744
55.494373 124.442322
55.494373 123.934900
56.001795 123.427478
56.001795 122.920056
56.001795 122.412634
56.001795 121.905212
56.001795 121.397790
56.509217 120.890368
56.509217 120.382945
56.509217 119.875523
56.509217 119.368101
57.016639 118.860679
57.016639 118.353257
57.016639 117.845835
57.016639 117.338413
57.524062 116.830991
57.524062 116.323569
57.524062 115.816147
58.031484 115.308725
58.031484 114.801303
58.031484 114.293881
58.538906 113.786459
58.538906 113.279037
58.538906 112.771615
59.046328 112.264193
59.046328 111.756771
59.046328 111.249349
59.553750 110.741926
59.553750 110.234504
60.061172 109.727082
60.061172 109.219660
60.568594 108.712238
60.568594 108.204816
61.076016 107.697394
61.076016 107.189972
61.583438 106.682550
61.583438 106.175128
62.090860 105.667706
62.090860 105.160284
62.598282 104.652862
62.598282 104.145440
63.105704 103.638018
63.613126 103.130596
63.613126 102.623174
64.120548 102.115752
64.120548 101.608330
64.627970 101.100907
65.135392 100.593485
65.642814 100.086063
65.642814 99.578641
66.150236 99.071219
66.657659 98.563797
67.165081 98.056375
67.165081 97.548953
67.672503 97.041531
68.179925 96.534109
68.687347 96.026687
69.194769 95.519265
69.702191 95.011843
70.209613 94.504421
70.717035 93.996999
71.224457 93.489577
71.731879 92.982155
72.239301 92.474733
72.746723 91.967310
73.254145 91.967310
73.761567 91.459888
74.268989 90.952466
74.776411 90.445044
75.283833 90.445044
75.791255 89.937622
76.298678 89.430200
76.806100 88.922778
77.313522 88.922778
77.820944 88.415356
78.328366 88.415356
78.835788 87.907934
79.343210 87.907934
79.850632 87.400512
80.358054 86.893090
80.865476 86.893090
81.372898 86.385668
81.880320 86.385668
82.387742 86.385668
82.895164 85.878246
83.402586 85.878246
83.910008 85.370824
84.417430 85.370824
84.924852 85.370824
85.432274 84.863402
85.939697 84.863402
86.447119 84.863402
86.954541 84.863402
87.461963 84.355980
87.969385 84.355980
88.476807 84.355980
88.984229 84.355980
89.491651 83.848558
89.999073 83.848558
90.506495 83.848558
91.013917 83.848558
91.521339 83.848558
92.028761 83.848558
92.536183 83.848558
93.043605 83.848558
93.551027 83.848558
94.058449 83.848558
94.565871 83.848558
95.073293 83.848558
95.580716 83.848558
96.088138 83.848558
96.595560 83.848558
97.102982 83.848558
97.610404 84.355980
98.117826 84.355980
98.625248 84.355980
99.132670 84.355980
99.640092 84.863402
100.147514 84.863402
100.654936 85.370824
101.162358 85.370824
