92.768542 93.558383
92.768542 94.090367
93.300526 94.622351
93.300526 95.154335
93.300526 95.686319
93.300526 96.218303
93.300526 96.750287
93.300526 97.282272
93.300526 97.814256
93.300526 98.346240
92.768542 98.878224
92.768542 99.410208
92.768542 99.942192
92.236558 100.474176
92.236558 101.006161
92.236558 101.538145
92.236558 102.070129
91.704574 102.602113
91.704574 103.134097
91.704574 103.666081
91.704574 104.198066
91.172589 104.730050
91.172589 105.262034
91.172589 105.794018
91.172589 106.326002
91.172589 106.857986
91.172589 107.389970
90.640605 107.921955
90.640605 108.453939
90.640605 108.985923
90.640605 109.517907
90.640605 110.049891
90.640605 110.581875
90.640605 111.113859
90.108621 111.645844
90.108621 112.177828
90.108621 112.709812
90.108621 113.241796
90.108621 113.773780
90.108621 114.305764
90.108621 114.837748
90.108621 115.901717
90.108621 116.433701
90.108621 116.965685
90.108621 117.497669
90.108621 118.029653
90.108621 118.561637
90.108621 119.093622
90.108621 119.625606
90.108621 120.157590
90.108621 120.689574
90.108621 121.221558
90.640605 121.753542
90.640605 122.285526
90.640605 122.817511
90.640605 123.349495
90.640605 123.881479
90.640605 124.413463
90.640605 124.945447
90.640605 125.477431
91.172589 126.009416
91.172589 126.541400
91.172589 127.073384
91.172589 127.605368
91.172589 128.137352
91.172589 129.201320
91.172589 129.733305
91.704574 130.265289
91.704574 130.797273
91.704574 131.329257
91.704574 131.861241
91.704574 132.393225
91.704574 132.925209
92.236558 133.457194
92.236558 133.989178
92.236558 134.521162
92.236558 135.053146
92.236558 135.585130
92.768542 136.117114
92.768542 136.649098
92.768542 137.181083
92.768542 137.713067
92.768542 138.245051
93.300526 138.777035
93.300526 139.309019
93.300526 139.841003
93.300526 140.372987
93.832510 140.904972
93.832510 141.436956
93.832510 141.968940
93.832510 143.032908
94.364494 143.564892
94.364494 144.096876
94.364494 144.628861
94.364494 145.160845
94.896479 145.692829
94.896479 146.224813
94.896479 146.756797
95.428463 147.288781
95.428463 147.820766
95.428463 148.352750
95.960447 148.884734
95.960447 149.416718
95.960447 149.948702
96.492431 150.480686
96.492431 151.012670
97.024415 152.076639
97.024415 152.608623
97.024415 153.140607
97.556399 153.672591
97.556399 154.204575
98.088383 154.736559
98.088383 155.268544
98.620368 155.800528
98.620368 156.332512
99.152352 156.864496
99.152352 157.396480
99.684336 157.928464
99.684336 158.460448
100.216320 158.992433
100.216320 159.524417
100.748304 160.056401
100.748304 160.588385
101.280288 161.120369
101.280288 161.652353
101.812272 162.184337
102.344257 162.716322
102.344257 163.248306
102.876241 163.780290
102.876241 164.312274
103.408225 164.844258
103.940209 165.376242
103.940209 165.908226
104.472193 166.440211
104.472193 166.972195
105.004177 167.504179
105.004177 168.036163
105.536161 168.568147
105.536161 169.100131
106.068146 169.632115
106.068146 170.164100
106.600130 170.696084
106.600130 171.228068
107.132114 171.760052
107.132114 172.292036
107.132114 172.824020
107.664098 173.356005
107.664098 173.887989
107.664098 174.951957
107.664098 175.483941
107.664098 176.015925
107.664098 176.547909
107.664098 177.079894
107.664098 177.611878
107.132114 178.143862
106.600130 178.675846
106.068146 178.675846
105.536161 179.207830
105.004177 179.207830
104.472193 179.739814
103.940209 179.739814
103.408225 179.739814
102.876241 179.739814
101.812272 179.739814
101.280288 180.271798
100.748304 180.271798
100.216320 180.271798
99.684336 180.271798
99.152352 180.271798
98.620368 180.271798
98.088383 180.271798
97.556399 180.271798
97.024415 180.271798
96.492431 180.271798
95.960447 180.271798
95.428463 180.271798
94.896479 180.271798
94.364494 180.271798
93.832510 180.271798
93.300526 180.271798
92.768542 180.271798
92.236558 180.271798
91.704574 180.271798
91.172589 180.271798
90.640605 180.271798
90.108621 180.271798
89.576637 180.271798
89.044653 180.271798
88.512669 180.271798
87.980685 180.271798
86.916716 180.271798
86.384732 180.271798
85.852748 180.271798
85.320764 180.271798
84.788780 180.271798
84.256796 180.271798
83.724811 180.271798
83.192827 180.271798
82.660843 180.271798
82.128859 179.739814
81.596875 179.739814
81.064891 179.739814
80.532907 179.739814
80.000922 179.739814
79.468938 179.739814
78.936954 179.739814
78.404970 179.739814
77.872986 179.207830
77.341002 179.207830
76.809018 179.207830
76.277033 179.207830
75.745049 179.207830
75.213065 178.675846
74.681081 178.675846
73.617113 178.675846
73.085129 178.143862
72.553144 178.143862
72.021160 178.143862
71.489176 177.611878
70.957192 177.611878
70.425208 177.079894
69.893224 177.079894
69.361239 176.547909
68.829255 176.547909
68.297271 176.015925
67.765287 176.015925
67.233303 175.483941
66.701319 175.483941
66.169335 174.951957
65.637350 174.419973
65.105366 173.887989
64.573382 173.887989
64.041398 173.356005
63.509414 172.824020
62.977430 172.292036
62.445446 171.760052
61.913461 171.228068
61.381477 170.696084
60.849493 170.164100
60.317509 169.632115
59.785525 169.100131
59.253541 168.568147
59.253541 168.036163
58.721557 167.504179
58.189572 166.972195
57.657588 166.440211
57.657588 165.908226
57.125604 164.844258
56.593620 164.312274
56.593620 163.780290
56.061636 163.248306
56.061636 162.716322
55.529652 162.184337
55.529652 161.652353
54.997668 161.120369
54.997668 160.588385
54.465683 160.056401
54.465683 159.524417
53.933699 158.992433
53.933699 158.460448
53.401715 157.928464
53.401715 157.396480
53.401715 156.864496
52.869731 156.332512
52.869731 155.800528
52.869731 154.736559
52.337747 154.204575
52.337747 153.672591
52.337747 153.140607
51.805763 152.608623
51.805763 152.076639
51.805763 151.544655
51.805763 151.012670
51.273779 150.480686
51.273779 149.948702
51.273779 149.416718
51.273779 148.884734
51.273779 148.352750
51.273779 147.820766
50.741794 147.288781
50.741794 146.224813
50.741794 145.692829
50.741794 145.160845
50.741794 144.628861
50.741794 144.096876
50.741794 143.564892
50.741794 143.032908
50.741794 142.500924
50.741794 141.968940
50.741794 141.436956
50.741794 140.904972
50.741794 140.372987
50.741794 139.841003
50.209810 139.309019
50.209810 138.777035
50.209810 138.245051
50.209810 137.713067
50.741794 137.181083
50.741794 136.649098
50.741794 136.117114
50.741794 135.585130
50.741794 134.521162
50.741794 133.989178
50.741794 133.457194
50.741794 132.925209
50.741794 132.393225
50.741794 131.861241
50.741794 131.329257
50.741794 130.797273
50.741794 130.265289
50.741794 129.733305
50.741794 129.201320
50.741794 128.669336
50.741794 128.137352
50.741794 127.605368
50.741794 127.073384
50.741794 126.541400
50.741794 126.009416
50.741794 125.477431
51.273779 124.945447
51.273779 124.413463
51.273779 123.881479
51.273779 123.349495
51.273779 122.285526
51.273779 121.753542
51.273779 121.221558
51.273779 120.689574
51.273779 120.157590
51.273779 119.625606
51.273779 119.093622
51.273779 118.561637
51.805763 118.029653
51.805763 117.497669
51.805763 116.965685
51.805763 116.433701
51.805763 115.901717
51.805763 115.369733
51.805763 114.837748
52.337747 114.305764
52.337747 113.773780
52.337747 113.241796
52.337747 112.177828
52.337747 111.645844
52.869731 111.113859
52.869731 110.581875
52.869731 110.049891
52.869731 109.517907
53.401715 108.985923
53.401715 108.453939
53.401715 107.921955
53.933699 107.389970
53.933699 106.857986
54.465683 106.326002
54.465683 105.794018
54.465683 105.262034
54.997668 104.730050
54.997668 104.198066
55.529652 103.666081
55.529652 103.134097
56.061636 102.602113
56.593620 102.070129
56.593620 101.538145
57.125604 101.006161
57.125604 100.474176
57.657588 99.942192
58.189572 99.410208
58.721557 98.878224
59.253541 98.346240
59.253541 97.814256
59.785525 97.282272
60.317509 96.750287
60.849493 96.218303
61.381477 95.686319
61.913461 95.154335
62.445446 94.622351
62.977430 94.090367
63.509414 93.558383
64.041398 93.026398
64.573382 92.494414
65.105366 92.494414
65.637350 91.962430
66.169335 91.430446
66.701319 91.430446
67.233303 90.898462
67.765287 90.366478
68.297271 90.366478
68.829255 89.834494
69.361239 89.302509
69.893224 89.302509
70.425208 88.770525
70.957192 88.770525
71.489176 88.238541
72.021160 88.238541
72.553144 87.706557
73.085129 87.706557
73.617113 87.174573
74.149097 87.174573
75.213065 86.642589
75.745049 86.642589
76.277033 86.110605
76.809018 86.110605
77.341002 86.110605
77.872986 86.110605
78.404970 86.110605
78.936954 86.110605
79.468938 86.110605
80.000922 86.110605
80.532907 86.110605
81.064891 86.110605
81.596875 86.110605
82.128859 86.110605
82.660843 86.110605
83.192827 86.642589
83.724811 86.642589
84.256796 87.174573
84.788780 87.174573
85.320764 87.174573
85.852748 87.706557
86.384732 87.706557
86.916716 88.238541
87.448700 88.238541
87.980685 88.238541
88.512669 88.770525
89.044653 88.770525
89.576637 89.302509
90.108621 89.302509
90.640605 89.302509
91.172589 89.834494
91.704574 89.834494
92.236558 90.366478
92.768542 90.366478
92.768542 90.898462
92.768542 91.430446
92.768542 91.962430
92.768542 92.494414
92.768542 93.026398
92.768542 93.558383
