100.899419 78.739454
100.899419 79.335686
100.899419 79.931918
101.495650 80.528149
101.495650 81.124381
102.091882 81.720613
102.091882 82.316845
102.688114 82.913077
102.688114 83.509308
102.688114 84.105540
102.091882 84.701772
102.091882 85.894236
101.495650 86.490468
101.495650 87.086699
101.495650 87.682931
100.899419 88.279163
100.899419 88.875395
100.303187 89.471627
100.303187 90.067858
100.303187 90.664090
99.706955 91.260322
99.706955 91.856554
99.706955 92.452786
99.110723 93.049018
99.110723 93.645249
99.110723 94.241481
99.110723 94.837713
98.514491 95.433945
98.514491 96.030177
97.918259 96.626408
97.918259 97.222640
97.918259 97.818872
97.918259 98.415104
97.322028 99.011336
97.322028 99.607568
96.725796 100.203799
96.725796 100.800031
96.129564 101.396263
96.129564 101.992495
96.129564 102.588727
95.533332 103.184958
95.533332 103.781190
95.533332 104.377422
95.533332 104.973654
95.533332 105.569886
95.533332 106.166118
95.533332 106.762349
95.533332 107.358581
94.937100 107.954813
94.937100 108.551045
94.937100 109.147277
94.937100 109.743508
94.937100 110.339740
94.937100 110.935972
95.533332 111.532204
95.533332 112.128436
95.533332 112.724668
95.533332 113.320899
95.533332 113.917131
95.533332 114.513363
95.533332 115.109595
95.533332 115.705827
95.533332 116.302058
96.129564 116.302058
96.129564 116.898290
96.129564 117.494522
96.129564 118.090754
96.129564 118.686986
96.129564 119.283218
96.129564 119.879449
96.129564 120.475681
96.129564 121.071913
96.129564 121.668145
96.129564 122.264377
96.129564 122.860608
96.129564 123.456840
96.725796 124.053072
96.725796 124.649304
96.725796 125.245536
96.725796 125.841768
96.725796 126.437999
96.725796 127.034231
97.322028 127.630463
97.322028 128.226695
97.322028 128.822927
97.918259 129.419158
97.918259 130.015390
97.918259 130.611622
97.918259 131.207854
98.514491 131.207854
98.514491 131.804086
98.514491 132.400318
99.110723 132.996549
99.110723 133.592781
99.110723 134.189013
99.110723 134.785245
99.110723 135.381477
99.110723 135.977708
99.110723 136.573940
99.706955 137.170172
99.706955 137.766404
99.706955 138.362636
99.706955 138.958868
99.706955 139.555099
100.303187 140.151331
100.303187 140.747563
100.303187 141.343795
100.303187 141.940027
100.899419 142.536258
100.899419 143.132490
100.899419 143.728722
101.495650 144.324954
101.495650 144.921186
101.495650 146.113649
102.091882 146.709881
102.091882 147.306113
102.091882 147.902345
102.688114 148.498577
102.688114 149.094808
102.688114 149.691040
103.284346 150.287272
103.284346 150.883504
103.284346 151.479736
103.880578 152.075968
103.880578 152.672199
104.476809 153.268431
104.476809 153.864663
104.476809 154.460895
104.476809 155.057127
105.073041 155.653358
105.073041 156.249590
105.073041 156.845822
105.669273 157.442054
105.669273 158.038286
105.669273 158.634518
105.669273 159.230749
106.265505 159.826981
106.265505 160.423213
106.265505 161.019445
106.265505 161.615677
106.265505 162.211908
106.265505 162.808140
106.265505 163.404372
106.265505 164.000604
106.265505 164.596836
106.265505 165.193068
106.265505 166.385531
106.265505 166.981763
106.265505 167.577995
105.669273 168.174227
105.669273 168.770458
105.073041 169.366690
105.073041 169.962922
104.476809 170.559154
103.880578 171.155386
103.284346 171.751618
102.688114 172.347849
102.091882 172.944081
101.495650 172.944081
100.899419 173.540313
100.303187 173.540313
99.706955 174.136545
99.110723 174.136545
98.514491 174.136545
97.918259 174.732777
97.322028 174.732777
96.725796 174.732777
96.129564 175.329008
95.533332 175.329008
94.937100 175.329008
94.340869 175.329008
93.744637 175.329008
93.148405 175.925240
92.552173 175.925240
91.955941 175.925240
91.359709 175.925240
90.763478 175.925240
90.167246 175.925240
89.571014 175.925240
88.974782 175.925240
87.782319 175.925240
87.186087 176.521472
86.589855 176.521472
85.993623 176.521472
85.397391 176.521472
84.801159 176.521472
84.204928 176.521472
83.608696 176.521472
83.012464 175.925240
82.416232 175.925240
81.820000 175.925240
81.223769 175.925240
80.627537 175.925240
80.031305 175.925240
79.435073 175.925240
78.838841 175.925240
78.242609 175.329008
77.646378 175.329008
76.453914 175.329008
75.857682 175.329008
75.261450 174.732777
74.665219 174.732777
74.068987 174.732777
73.472755 174.136545
72.876523 174.136545
72.280291 173.540313
71.684059 173.540313
71.087828 173.540313
70.491596 173.540313
69.895364 173.540313
69.299132 173.540313
68.702900 173.540313
68.106669 173.540313
67.510437 173.540313
66.914205 173.540313
66.317973 172.944081
65.721741 172.944081
65.125509 172.944081
64.529278 172.944081
63.933046 172.944081
63.336814 172.347849
62.740582 172.347849
62.144350 172.347849
61.548119 171.751618
60.951887 171.751618
60.355655 171.751618
59.759423 171.155386
59.163191 171.155386
58.566959 171.155386
58.566959 170.559154
57.970728 170.559154
57.374496 170.559154
57.374496 169.962922
56.778264 169.962922
56.778264 169.366690
56.182032 169.366690
55.585800 169.366690
55.585800 168.770458
54.989569 168.174227
54.393337 168.174227
54.393337 167.577995
53.797105 166.981763
53.200873 166.385531
52.604641 165.789299
52.008409 165.193068
51.412178 165.193068
51.412178 164.596836
50.815946 164.000604
50.219714 163.404372
49.623482 162.808140
49.623482 162.211908
49.027250 161.615677
48.431019 161.019445
48.431019 160.423213
47.834787 159.826981
47.834787 159.230749
47.238555 158.634518
47.238555 158.038286
47.238555 157.442054
46.642323 156.845822
46.642323 156.249590
46.642323 155.653358
46.046091 155.057127
46.046091 154.460895
46.046091 153.864663
46.046091 153.268431
46.046091 152.672199
46.046091 152.075968
46.046091 151.479736
46.046091 150.883504
46.046091 150.287272
46.046091 149.691040
46.046091 149.094808
45.449859 148.498577
45.449859 147.902345
45.449859 147.306113
44.853628 146.709881
44.853628 146.113649
44.853628 145.517418
44.853628 144.921186
44.853628 144.324954
44.853628 143.728722
44.853628 143.132490
44.853628 142.536258
44.853628 141.940027
44.853628 141.343795
44.853628 140.747563
44.853628 140.151331
44.853628 139.555099
44.853628 138.958868
44.853628 138.362636
44.853628 137.766404
45.449859 137.170172
45.449859 136.573940
45.449859 135.977708
46.046091 135.381477
46.046091 134.785245
46.046091 134.189013
46.046091 133.592781
46.046091 132.996549
46.046091 132.400318
46.046091 131.804086
46.642323 131.207854
46.642323 130.611622
47.238555 130.015390
47.238555 129.419158
47.834787 128.822927
47.834787 128.226695
48.431019 127.630463
49.027250 127.034231
49.027250 126.437999
49.027250 125.841768
49.623482 125.245536
50.219714 124.649304
50.219714 124.053072
50.219714 123.456840
50.815946 122.860608
50.815946 122.264377
51.412178 121.668145
51.412178 121.071913
51.412178 120.475681
52.008409 119.879449
52.008409 119.283218
52.604641 118.686986
52.604641 118.090754
52.604641 117.494522
53.200873 116.898290
53.200873 116.302058
53.200873 115.705827
53.200873 115.109595
53.797105 114.513363
53.797105 113.917131
53.797105 113.320899
53.797105 112.724668
54.393337 112.128436
54.393337 111.532204
54.393337 110.935972
54.393337 110.339740
54.393337 109.743508
54.989569 109.147277
54.989569 108.551045
54.989569 107.954813
54.989569 107.358581
55.585800 106.762349
55.585800 106.166118
55.585800 105.569886
55.585800 104.973654
55.585800 104.377422
55.585800 103.781190
56.182032 103.184958
56.182032 102.588727
56.182032 101.992495
56.182032 101.396263
56.778264 100.800031
56.778264 100.203799
56.778264 99.607568
56.778264 99.011336
56.778264 98.415104
56.778264 97.818872
56.778264 97.222640
56.778264 96.626408
56.778264 96.030177
56.778264 95.433945
56.778264 94.837713
56.778264 94.241481
56.778264 93.645249
56.778264 93.049018
56.778264 92.452786
56.778264 91.856554
57.374496 91.260322
57.970728 90.664090
58.566959 90.664090
58.566959 90.067858
58.566959 89.471627
59.163191 89.471627
59.163191 88.875395
59.759423 88.875395
59.759423 88.279163
60.355655 87.682931
60.355655 87.086699
60.951887 87.086699
60.951887 86.490468
61.548119 86.490468
61.548119 85.894236
61.548119 85.298004
62.144350 84.701772
62.144350 84.105540
62.740582 84.105540
62.740582 83.509308
62.740582 82.913077
63.336814 82.316845
63.336814 81.720613
63.933046 81.124381
63.933046 80.528149
63.933046 79.931918
64.529278 79.335686
65.125509 79.335686
65.125509 78.739454
65.721741 78.143222
66.317973 78.143222
66.317973 77.546990
66.914205 77.546990
66.914205 76.950758
67.510437 76.950758
67.510437 76.354527
68.106669 76.354527
68.106669 75.758295
68.702900 75.758295
68.702900 75.162063
69.299132 75.162063
69.299132 74.565831
69.895364 73.969599
70.491596 73.969599
70.491596 73.373368
71.087828 72.777136
71.684059 72.180904
72.280291 72.180904
72.876523 72.180904
73.472755 71.584672
74.068987 71.584672
74.665219 71.584672
75.261450 70.988440
75.857682 70.988440
76.453914 70.988440
77.050146 70.988440
77.646378 70.988440
78.242609 70.988440
78.838841 70.988440
79.435073 70.988440
80.031305 70.988440
80.627537 70.988440
81.223769 70.988440
81.820000 70.988440
82.416232 70.392208
83.012464 70.392208
83.608696 70.392208
84.204928 70.392208
84.801159 70.392208
85.397391 70.988440
85.993623 70.988440
86.589855 70.988440
87.186087 71.584672
87.782319 71.584672
88.378550 72.180904
88.974782 72.180904
89.571014 72.180904
90.167246 72.180904
90.763478 72.180904
91.359709 72.180904
91.955941 72.180904
92.552173 72.180904
93.148405 72.180904
93.744637 72.180904
93.744637 72.777136
94.340869 72.777136
94.937100 73.373368
95.533332 73.373368
96.129564 73.969599
96.725796 73.969599
97.322028 73.969599
97.918259 73.969599
98.514491 73.969599
99.110723 74.565831
99.706955 74.565831
99.706955 75.162063
99.706955 75.758295
99.706955 76.354527
100.303187 76.354527
100.303187 76.950758
100.303187 77.546990
100.303187 78.143222
100.899419 78.739454
