85.318963 75.488616
84.790228 75.488616
84.261493 76.017351
83.732758 76.017351
83.204023 76.017351
82.675289 76.546086
82.146554 76.546086
81.617819 76.546086
81.089084 77.074821
80.560349 77.074821
79.502879 77.074821
78.974145 77.603556
78.445410 77.603556
77.916675 77.603556
77.387940 77.603556
76.859205 78.132291
76.330470 78.132291
75.801735 78.661025
75.273001 79.189760
74.744266 79.718495
74.215531 80.247230
73.158061 80.247230
72.629326 80.775965
72.100592 81.304700
71.571857 81.833434
71.043122 82.362169
70.514387 82.890904
69.985652 83.419639
69.456917 83.948374
68.928182 84.477109
68.399448 85.005844
67.870713 85.534578
66.813243 86.063313
66.284508 86.063313
65.755773 86.592048
65.227038 87.120783
64.698304 87.649518
64.169569 88.178253
63.640834 88.706988
63.112099 89.235722
62.583364 89.764457
62.054629 90.293192
61.525895 90.821927
60.997160 91.350662
60.997160 91.879397
60.468425 92.408131
59.939690 92.936866
59.939690 93.994336
59.410955 94.523071
58.882220 95.051806
58.882220 95.580541
58.353485 96.109275
58.353485 96.638010
57.824751 97.166745
57.296016 97.695480
57.296016 98.752950
56.767281 99.281685
56.238546 99.810419
56.238546 100.339154
56.238546 100.867889
55.709811 101.396624
55.709811 102.454094
55.709811 102.982828
55.709811 103.511563
55.709811 104.040298
55.709811 105.097768
55.181076 105.626503
55.181076 106.155238
55.181076 106.683972
55.181076 107.741442
55.181076 108.270177
55.181076 108.798912
54.652342 109.327647
54.652342 110.385116
54.652342 110.913851
54.652342 111.442586
54.652342 111.971321
54.652342 113.028791
54.123607 113.557525
54.123607 114.086260
54.123607 114.614995
54.123607 115.672465
54.123607 116.201200
54.123607 116.729935
54.123607 117.258669
54.123607 117.787404
54.123607 118.316139
54.123607 118.844874
54.652342 119.373609
54.652342 120.431078
54.652342 120.959813
54.652342 121.488548
55.181076 122.017283
55.181076 122.546018
55.181076 123.074753
55.181076 123.603488
55.709811 124.132222
55.709811 124.660957
55.709811 125.189692
55.709811 125.718427
56.238546 126.247162
56.238546 126.775897
56.238546 127.304632
56.238546 127.833366
56.767281 128.362101
56.767281 128.890836
56.767281 129.419571
56.767281 129.948306
57.296016 130.477041
57.296016 131.005775
57.824751 132.063245
57.824751 132.591980
58.353485 133.120715
58.353485 133.649450
58.882220 134.178185
58.882220 134.706919
59.410955 135.235654
59.410955 135.764389
59.939690 136.293124
59.939690 136.821859
60.468425 137.879328
60.468425 138.408063
60.997160 138.936798
60.997160 139.465533
61.525895 139.994268
61.525895 140.523003
62.054629 141.051738
62.054629 141.580472
62.583364 142.637942
62.583364 143.166677
63.112099 143.695412
63.640834 144.224147
63.640834 144.752882
64.169569 145.281616
64.169569 145.810351
64.698304 146.867821
64.698304 147.396556
65.227038 147.925291
65.227038 148.454025
65.755773 148.982760
65.755773 149.511495
66.284508 150.040230
66.284508 151.097700
66.813243 151.626435
67.341978 152.155169
67.870713 152.683904
68.399448 153.212639
68.928182 153.212639
69.456917 153.741374
70.514387 154.270109
71.043122 154.798844
71.571857 155.327579
72.100592 155.856313
72.629326 156.385048
73.158061 156.913783
73.686796 157.442518
74.215531 157.971253
74.744266 158.499988
75.273001 159.028722
76.330470 159.557457
76.859205 160.086192
77.387940 160.614927
77.916675 161.143662
78.445410 161.143662
78.974145 161.672397
79.502879 161.672397
80.031614 161.672397
80.560349 162.201132
81.617819 162.201132
82.146554 162.729866
82.675289 162.729866
83.204023 162.729866
83.732758 163.258601
84.261493 163.258601
84.790228 163.258601
85.318963 163.787336
85.847698 163.787336
86.376432 164.316071
86.905167 164.316071
87.433902 164.316071
88.491372 164.844806
89.020107 164.844806
89.548842 165.373541
90.077576 165.373541
90.606311 165.373541
91.135046 165.902275
91.663781 165.902275
92.192516 165.902275
92.721251 166.431010
93.249985 165.902275
93.778720 165.902275
94.836190 165.902275
95.364925 165.902275
95.893660 165.902275
96.422395 165.902275
96.951129 165.902275
97.479864 165.902275
98.008599 165.902275
98.537334 165.902275
99.066069 165.373541
99.594804 165.373541
100.123539 165.373541
100.652273 165.373541
101.181008 165.373541
101.709743 165.373541
102.238478 165.373541
102.767213 165.373541
103.295948 165.373541
103.824682 165.373541
104.353417 165.373541
104.882152 164.844806
105.410887 164.844806
105.939622 164.844806
106.468357 164.844806
106.997092 164.844806
107.525826 164.844806
108.054561 164.844806
108.583296 164.844806
109.112031 164.844806
110.169501 164.844806
110.698236 164.316071
111.226970 164.316071
111.755705 163.787336
112.284440 163.787336
112.813175 163.258601
113.341910 162.729866
113.870645 162.201132
114.399379 162.201132
114.928114 161.672397
115.456849 161.143662
115.985584 161.143662
116.514319 160.614927
117.043054 160.086192
117.571789 159.557457
118.100523 159.557457
118.629258 159.028722
119.157993 158.499988
119.686728 157.971253
120.215463 157.971253
120.744198 157.442518
121.801667 156.913783
121.272932 156.385048
120.744198 155.856313
120.215463 155.327579
119.686728 155.327579
119.157993 154.798844
118.629258 154.270109
118.100523 153.741374
117.571789 153.212639
117.043054 152.683904
116.514319 152.683904
115.985584 152.155169
115.456849 151.626435
114.928114 151.097700
114.399379 150.568965
113.870645 150.040230
113.341910 150.040230
112.813175 149.511495
112.284440 148.982760
111.755705 148.454025
111.226970 147.925291
110.698236 147.396556
110.169501 147.396556
109.640766 146.867821
109.112031 146.339086
108.583296 145.810351
108.583296 145.281616
108.054561 144.752882
107.525826 143.695412
107.525826 143.166677
106.997092 142.637942
106.468357 141.580472
106.468357 141.051738
105.939622 140.523003
105.939622 139.465533
105.410887 138.936798
104.882152 137.879328
104.882152 137.350594
104.353417 136.821859
103.824682 135.764389
103.824682 135.235654
103.295948 134.706919
103.295948 133.649450
102.767213 133.120715
102.238478 132.591980
102.238478 131.534510
101.709743 131.005775
101.181008 130.477041
101.181008 129.419571
100.652273 128.890836
100.652273 128.362101
100.123539 127.304632
99.594804 126.775897
99.594804 126.247162
99.066069 125.189692
98.537334 124.660957
98.537334 124.132222
98.008599 123.074753
98.008599 122.546018
97.479864 122.017283
97.479864 121.488548
97.479864 120.959813
97.479864 120.431078
97.479864 119.902344
96.951129 119.373609
96.951129 118.844874
96.951129 118.316139
96.951129 117.787404
96.951129 117.258669
96.951129 116.729935
96.951129 116.201200
96.951129 115.672465
96.422395 115.143730
96.422395 114.614995
96.422395 114.086260
96.422395 113.557525
96.422395 113.028791
96.422395 112.500056
96.422395 111.971321
96.422395 110.913851
95.893660 110.385116
95.893660 109.856381
95.893660 109.327647
95.893660 108.798912
95.893660 108.270177
95.893660 107.741442
95.893660 107.212707
95.893660 106.683972
95.364925 106.155238
95.364925 105.626503
95.364925 105.097768
95.364925 104.569033
95.364925 104.040298
95.364925 103.511563
95.364925 102.982828
95.364925 102.454094
95.364925 101.396624
95.364925 100.867889
95.364925 100.339154
95.364925 99.810419
95.364925 98.752950
95.364925 98.224215
95.364925 97.695480
95.364925 97.166745
95.364925 96.109275
95.364925 95.580541
95.364925 95.051806
95.364925 94.523071
95.364925 93.465601
95.364925 92.936866
95.364925 92.408131
95.364925 91.879397
95.364925 90.821927
95.364925 90.293192
95.364925 89.764457
95.364925 89.235722
95.364925 88.178253
95.364925 87.649518
95.364925 87.120783
95.364925 86.592048
95.364925 86.063313
95.364925 85.534578
95.893660 84.477109
95.893660 83.948374
95.893660 83.419639
95.893660 82.890904
95.893660 82.362169
95.893660 81.833434
95.893660 81.304700
95.893660 80.775965
96.422395 79.718495
96.422395 79.189760
96.422395 78.661025
96.422395 78.132291
96.422395 77.603556
96.422395 77.074821
96.422395 76.546086
96.422395 76.017351
95.893660 76.017351
95.893660 75.488616
95.364925 75.488616
94.836190 75.488616
94.836190 74.959881
94.307455 74.959881
94.307455 74.431147
93.778720 74.431147
93.249985 74.431147
93.249985 73.902412
92.721251 73.902412
92.192516 73.373677
91.663781 72.844942
91.135046 72.844942
90.606311 72.844942
89.548842 73.373677
89.020107 73.373677
88.491372 73.373677
87.962637 73.902412
87.433902 73.902412
86.905167 74.431147
85.847698 74.431147
85.318963 74.431147
84.790228 74.959881
84.261493 74.959881
84.790228 75.488616
85.318963 75.488616
