49.443844 97.642549
47.785097 110.359611
44.467603 120.865011
41.150108 134.134989
41.150108 147.957883
43.361771 161.227862
49.996760 168.415767
58.290497 174.497840
69.348812 178.368251
81.512959 181.685745
94.782937 180.579914
107.500000 173.944924
111.370410 167.862851
105.841253 147.957883
100.865011 127.500000
96.441685 109.253780
104.182505 87.137149
104.182505 74.973002
97.547516 68.338013
85.383369 66.126350
73.772138 66.126350
57.184665 77.184665
50.549676 92.113391
48.890929 99.301296
49.443844 97.642549
