95.741426 98.794923
95.741426 99.129800
95.741426 99.464677
96.076303 99.799554
96.076303 100.134431
96.076303 100.469308
96.076303 100.804185
96.076303 101.139062
96.076303 101.473939
96.076303 101.808816
96.076303 102.143693
95.741426 102.478570
95.741426 102.813447
95.741426 103.148324
95.741426 103.483201
95.741426 103.818078
95.406549 104.152955
95.406549 104.487832
95.406549 104.822709
95.406549 105.157586
95.071672 105.492463
95.071672 105.827340
95.071672 106.162217
94.736795 106.497094
94.736795 106.831972
94.736795 107.166849
94.401918 107.836603
94.401918 108.171480
94.401918 108.506357
94.067041 108.841234
94.067041 109.176111
94.067041 109.510988
93.732164 109.845865
93.732164 110.180742
93.732164 110.515619
93.397287 110.850496
93.397287 111.185373
93.062410 111.520250
93.062410 111.855127
93.062410 112.190004
93.062410 112.524881
92.727533 112.859758
92.727533 113.194635
92.727533 113.529512
92.392656 113.864389
92.392656 114.199266
92.392656 114.534143
92.057778 114.869020
92.057778 115.203897
92.057778 115.538775
91.722901 115.873652
91.722901 116.208529
91.722901 116.543406
91.722901 117.213160
91.388024 117.548037
91.388024 117.882914
91.388024 118.217791
91.053147 118.552668
91.053147 118.887545
91.053147 119.222422
91.053147 119.557299
91.053147 119.892176
90.718270 120.227053
90.718270 120.561930
90.718270 120.896807
90.718270 121.231684
90.383393 121.566561
90.383393 121.901438
90.383393 122.236315
90.383393 122.571192
90.383393 122.906069
90.048516 123.240946
90.048516 123.575823
90.048516 123.910700
90.048516 124.245577
90.048516 124.580455
90.048516 124.915332
90.048516 125.250209
89.713639 125.585086
89.713639 126.254840
89.713639 126.589717
89.713639 126.924594
89.713639 127.259471
89.713639 127.594348
89.713639 127.929225
89.713639 128.264102
89.713639 128.598979
89.713639 128.933856
89.713639 129.268733
89.713639 129.603610
89.378762 129.938487
89.378762 130.273364
89.378762 130.943118
89.378762 131.277995
89.713639 131.612872
89.713639 131.947749
89.713639 132.282626
89.713639 132.617503
89.713639 132.952380
89.713639 133.287258
89.713639 133.622135
89.713639 133.957012
89.713639 134.626766
89.713639 134.961643
89.713639 135.296520
89.713639 135.631397
89.713639 135.966274
89.713639 136.301151
89.713639 136.636028
89.713639 136.970905
89.713639 137.305782
89.713639 137.640659
89.713639 137.975536
89.713639 138.310413
89.713639 138.645290
89.713639 138.980167
89.713639 139.315044
89.713639 139.649921
89.713639 139.984798
89.713639 140.319675
89.713639 140.654552
89.713639 140.989429
89.713639 141.324306
89.713639 141.659183
89.713639 141.994060
89.713639 142.328938
89.713639 142.663815
89.713639 142.998692
90.048516 142.998692
90.048516 143.333569
90.048516 143.668446
90.048516 144.003323
90.048516 144.338200
90.048516 144.673077
90.048516 145.007954
90.048516 145.342831
90.383393 145.677708
90.383393 146.012585
90.383393 146.347462
90.383393 146.682339
90.383393 147.017216
90.383393 147.352093
90.383393 147.686970
90.718270 147.686970
90.718270 148.021847
90.718270 148.356724
90.718270 148.691601
90.718270 149.026478
90.718270 149.361355
90.718270 149.696232
90.718270 150.031109
90.718270 150.365986
90.718270 150.700863
90.718270 151.035741
90.718270 151.370618
90.718270 151.705495
90.718270 152.040372
90.718270 151.705495
90.718270 152.040372
90.718270 152.375249
90.718270 152.710126
90.718270 153.045003
90.718270 153.379880
90.718270 153.714757
90.718270 154.049634
90.718270 154.384511
90.718270 154.049634
90.718270 154.384511
91.053147 154.719388
91.053147 155.054265
91.053147 155.389142
91.053147 155.724019
91.388024 156.058896
91.388024 156.393773
91.388024 156.728650
91.388024 157.063527
91.722901 157.063527
91.722901 157.398404
92.057778 157.733281
92.057778 158.068158
92.057778 158.403035
92.392656 158.737912
92.392656 159.072789
92.727533 159.072789
92.727533 159.407666
92.727533 159.742543
93.062410 159.742543
93.062410 160.077421
93.397287 160.412298
93.397287 160.747175
93.732164 160.747175
94.067041 161.082052
94.067041 161.416929
94.401918 161.416929
94.736795 161.751806
95.071672 162.086683
95.071672 162.421560
95.406549 162.421560
95.741426 162.756437
96.076303 163.091314
96.411180 163.426191
96.411180 163.761068
96.746057 163.761068
97.080934 164.095945
97.415811 164.095945
97.750688 164.430822
98.085565 164.430822
98.420442 164.765699
98.420442 165.100576
98.755319 165.100576
99.090196 165.100576
99.425073 165.100576
99.759950 165.435453
100.094827 165.770330
100.094827 166.105207
100.094827 166.440084
99.759950 166.774961
99.759950 167.109838
99.759950 167.444715
99.759950 167.779592
99.759950 168.114469
99.759950 168.449346
99.759950 168.784224
99.759950 169.119101
99.425073 169.119101
99.090196 169.119101
98.755319 169.119101
98.420442 169.119101
98.085565 169.119101
97.750688 169.119101
97.415811 169.119101
97.080934 169.119101
96.746057 169.119101
96.411180 169.119101
96.076303 169.119101
95.741426 169.453978
95.406549 169.788855
95.071672 170.123732
94.736795 170.458609
94.401918 170.793486
94.067041 171.128363
93.732164 171.128363
93.397287 171.463240
93.062410 171.798117
92.727533 171.798117
92.392656 171.798117
92.057778 171.798117
91.722901 171.798117
91.388024 171.798117
91.053147 171.798117
90.718270 171.798117
90.383393 171.798117
90.048516 171.798117
89.713639 171.798117
89.378762 171.798117
89.043885 171.798117
88.709008 171.798117
88.374131 171.798117
88.039254 171.798117
87.704377 171.798117
87.369500 171.798117
87.034623 171.798117
86.699746 171.798117
86.364869 171.798117
86.029992 171.798117
85.695115 171.798117
85.360238 171.798117
85.025361 171.798117
84.690484 171.798117
84.355607 171.798117
84.020730 171.798117
83.685853 171.798117
83.350976 171.798117
83.016098 171.798117
82.681221 171.463240
82.346344 171.463240
82.011467 171.128363
81.676590 171.128363
81.341713 171.128363
81.006836 170.793486
80.671959 170.793486
80.337082 170.793486
80.002205 170.793486
79.667328 170.458609
79.332451 170.458609
78.997574 170.458609
78.662697 170.458609
78.327820 170.458609
77.992943 170.458609
77.658066 170.458609
77.323189 170.123732
76.988312 170.123732
76.653435 169.788855
76.318558 169.453978
75.983681 169.119101
75.648804 168.784224
75.313927 168.449346
74.979050 168.449346
74.644173 168.449346
74.309295 168.449346
74.309295 168.114469
73.974418 168.114469
73.639541 168.114469
73.304664 168.114469
72.969787 168.114469
72.969787 167.779592
72.634910 167.779592
72.300033 167.779592
71.965156 167.444715
71.630279 167.444715
71.295402 167.444715
70.960525 167.109838
70.625648 167.109838
70.290771 166.774961
69.955894 166.774961
69.621017 166.440084
69.286140 166.440084
69.286140 166.105207
68.951263 166.105207
68.616386 165.770330
68.281509 165.435453
67.946632 165.100576
67.611755 164.765699
67.276878 164.430822
66.942001 164.095945
66.607124 164.095945
66.607124 163.761068
66.272247 163.426191
65.937370 163.091314
65.602493 162.756437
65.602493 162.421560
65.267615 162.421560
65.267615 162.086683
64.932738 161.751806
64.932738 161.416929
64.597861 161.082052
64.597861 160.747175
64.262984 160.412298
64.262984 160.077421
64.262984 159.742543
63.928107 159.407666
63.928107 159.072789
63.928107 158.737912
63.593230 158.403035
63.593230 158.068158
63.593230 157.733281
63.593230 157.398404
63.258353 157.063527
62.923476 156.728650
62.588599 156.393773
62.253722 156.058896
62.253722 155.724019
62.253722 155.389142
62.253722 155.054265
61.918845 154.719388
62.253722 154.384511
61.918845 154.049634
62.253722 153.714757
61.918845 153.379880
62.253722 153.045003
62.253722 152.710126
62.253722 152.375249
61.918845 152.040372
61.918845 151.705495
61.918845 151.370618
61.918845 151.035741
61.918845 150.700863
61.918845 150.365986
61.918845 150.031109
61.918845 149.696232
61.918845 149.361355
61.918845 149.026478
61.918845 148.691601
61.918845 148.356724
61.918845 148.021847
61.918845 147.686970
61.918845 147.352093
61.918845 147.017216
62.253722 146.682339
62.253722 146.347462
62.253722 146.012585
62.253722 145.677708
62.253722 145.342831
61.918845 145.007954
61.918845 144.673077
61.918845 144.338200
62.253722 144.003323
62.253722 143.668446
62.253722 143.333569
62.253722 142.998692
62.253722 142.663815
62.253722 142.328938
62.253722 141.994060
62.253722 141.659183
62.253722 141.324306
62.253722 140.989429
62.253722 140.654552
62.253722 140.319675
62.253722 139.984798
62.253722 139.649921
62.588599 139.315044
62.588599 138.980167
62.588599 138.645290
62.588599 138.310413
62.588599 137.975536
62.923476 137.640659
62.923476 137.305782
62.923476 136.970905
62.923476 136.636028
62.923476 136.301151
63.258353 136.301151
63.258353 135.966274
63.258353 135.631397
63.593230 135.631397
63.593230 135.296520
63.928107 134.961643
63.928107 134.626766
64.262984 134.291889
64.262984 133.957012
64.262984 133.622135
64.597861 133.287258
64.597861 132.952380
64.597861 132.617503
64.932738 132.282626
64.932738 131.947749
65.267615 131.612872
65.267615 131.277995
65.602493 130.943118
65.602493 130.608241
65.602493 130.273364
65.937370 130.273364
66.272247 129.938487
66.272247 129.603610
66.272247 129.268733
66.272247 128.933856
66.272247 128.598979
66.272247 128.264102
66.272247 127.594348
66.272247 127.259471
66.272247 126.924594
66.272247 126.589717
66.272247 126.254840
66.272247 125.919963
66.272247 125.585086
66.272247 125.250209
66.607124 124.915332
66.607124 124.580455
66.607124 123.910700
66.607124 123.575823
66.607124 123.240946
66.607124 122.906069
66.607124 122.571192
66.607124 122.236315
66.942001 121.901438
66.942001 121.566561
66.942001 121.231684
66.942001 120.896807
66.942001 120.227053
67.276878 119.892176
67.276878 119.557299
67.276878 119.222422
67.276878 118.887545
67.276878 118.552668
67.611755 118.217791
67.611755 117.882914
67.611755 117.548037
67.946632 117.213160
67.946632 116.878283
67.946632 116.208529
68.281509 115.873652
68.281509 115.538775
68.281509 115.203897
68.281509 114.869020
68.616386 114.534143
68.616386 114.199266
68.951263 113.864389
68.951263 113.529512
69.286140 113.194635
69.286140 112.859758
69.621017 112.524881
69.621017 112.190004
69.955894 111.855127
69.955894 111.520250
69.955894 111.185373
70.290771 110.850496
70.625648 110.515619
70.625648 110.180742
70.960525 109.845865
70.960525 109.510988
71.295402 109.176111
71.630279 108.841234
71.630279 108.506357
71.965156 108.171480
71.965156 107.836603
72.300033 107.501726
72.634910 107.166849
72.969787 106.831972
73.304664 106.497094
73.304664 105.827340
73.639541 105.492463
73.974418 105.157586
74.309295 104.822709
74.644173 104.487832
74.979050 104.152955
75.313927 103.818078
75.648804 103.483201
75.983681 103.148324
76.318558 102.813447
76.653435 102.813447
76.988312 102.478570
77.323189 102.143693
77.658066 101.808816
77.992943 101.473939
78.327820 101.139062
78.662697 100.804185
79.332451 100.469308
79.667328 100.469308
80.002205 100.134431
80.337082 99.799554
80.671959 99.799554
81.006836 99.464677
81.341713 99.129800
81.676590 98.794923
82.011467 98.794923
82.346344 98.460046
82.681221 98.460046
83.016098 98.125169
83.350976 98.125169
83.685853 98.125169
84.020730 97.790292
84.355607 97.790292
84.690484 97.455414
85.025361 97.455414
85.360238 97.120537
85.695115 97.120537
86.364869 97.120537
86.699746 96.785660
87.034623 96.785660
87.369500 96.785660
87.704377 96.785660
88.039254 96.450783
88.374131 96.450783
88.709008 96.450783
89.043885 96.450783
89.378762 96.450783
89.713639 96.115906
90.048516 96.450783
90.383393 96.450783
90.718270 96.450783
91.053147 96.450783
91.388024 96.450783
91.722901 96.450783
92.057778 96.450783
92.392656 96.450783
92.727533 96.450783
93.062410 96.785660
93.397287 96.785660
93.732164 96.785660
94.067041 97.120537
94.736795 97.120537
94.736795 97.455414
95.071672 97.790292
95.406549 98.125169
95.741426 98.460046
95.741426 98.794923
