85.962974 121.578947
85.607731 121.934190
85.607731 122.289433
85.252488 122.644675
85.252488 122.999918
84.897245 123.355161
84.897245 123.710404
84.542002 124.065647
84.542002 124.420890
84.186759 124.776133
83.831516 125.131376
83.831516 125.841862
83.476273 126.197105
83.476273 126.552348
83.121030 126.907591
83.121030 127.262834
82.765787 127.618077
82.765787 127.973320
82.410544 128.328563
82.410544 128.683806
82.055302 129.039048
82.055302 129.394291
82.055302 130.104777
81.700059 130.460020
81.700059 130.815263
81.700059 131.170506
81.700059 131.525749
81.344816 131.880992
81.344816 132.236235
81.344816 132.591478
81.344816 132.946721
80.989573 133.301964
80.989573 133.657207
80.989573 134.367693
80.989573 134.722936
80.989573 135.078178
80.634330 135.433421
80.634330 135.788664
80.634330 136.143907
80.634330 136.499150
80.279087 136.854393
80.279087 137.209636
80.279087 137.920122
80.279087 138.275365
80.279087 138.630608
80.279087 138.985851
80.279087 139.696337
80.279087 140.051580
80.279087 140.406823
80.279087 140.762066
80.279087 141.472551
80.279087 141.827794
80.279087 142.183037
80.279087 142.538280
80.279087 143.248766
80.279087 143.604009
80.279087 143.959252
80.279087 144.314495
80.279087 145.024981
80.279087 145.380224
80.279087 145.735467
80.279087 146.090710
80.279087 146.445953
80.279087 146.801196
80.279087 147.156438
80.279087 147.511681
80.279087 147.866924
80.279087 148.222167
80.279087 148.577410
80.634330 148.932653
80.634330 149.643139
80.634330 149.998382
80.634330 150.353625
80.634330 150.708868
80.634330 151.419354
80.634330 151.774597
80.634330 152.129840
80.989573 152.485083
80.989573 153.195569
80.989573 153.550811
80.989573 153.906054
80.989573 154.261297
80.989573 154.971783
80.989573 155.327026
80.989573 155.682269
81.344816 156.037512
81.344816 156.747998
81.344816 157.103241
81.344816 157.458484
81.344816 157.813727
81.344816 158.524213
81.344816 158.879456
81.344816 159.234699
81.700059 159.589941
82.055302 159.945184
82.055302 160.300427
82.410544 161.010913
82.765787 161.366156
83.121030 161.721399
83.476273 162.076642
83.831516 162.431885
84.186759 162.787128
84.542002 163.142371
84.542002 163.497614
84.897245 164.208100
85.252488 164.563343
85.607731 164.918586
85.962974 165.273829
86.318217 165.629071
86.673460 165.984314
87.028703 166.339557
87.028703 166.694800
87.383946 167.405286
87.739189 167.760529
88.094432 168.115772
88.449675 168.471015
88.804917 168.826258
89.160160 169.181501
89.160160 169.536744
89.870646 169.891987
90.225889 170.247230
90.581132 170.602473
90.936375 170.957716
91.291618 170.957716
92.002104 171.312959
92.357347 171.668202
92.712590 172.023444
93.067833 172.378687
93.423076 172.733930
93.778319 173.089173
94.488805 173.089173
94.844047 173.444416
95.199290 173.799659
95.554533 174.154902
95.909776 174.510145
96.265019 174.865388
96.975505 175.220631
97.330748 175.220631
97.685991 175.575874
98.041234 175.575874
98.396477 175.931117
99.106963 175.931117
99.462206 175.931117
99.817449 176.286360
100.172692 176.286360
100.527935 176.286360
100.883177 176.286360
101.593663 176.641603
101.948906 176.641603
102.304149 176.641603
102.659392 176.996846
103.014635 176.996846
103.369878 176.996846
104.080364 176.996846
104.435607 177.352089
104.790850 177.352089
105.146093 177.352089
105.501336 177.352089
105.856579 177.707332
106.567065 177.707332
106.922307 177.707332
107.277550 178.062574
107.632793 178.062574
107.988036 178.062574
108.343279 178.062574
109.053765 178.417817
109.409008 178.417817
109.764251 178.417817
110.119494 178.773060
110.474737 178.773060
110.829980 178.773060
111.540466 178.773060
111.895709 178.773060
112.250952 178.417817
112.606195 178.417817
112.961438 178.417817
113.671923 178.062574
114.027166 178.062574
114.382409 177.707332
114.737652 177.707332
115.092895 177.352089
115.803381 177.352089
116.158624 176.996846
116.513867 176.996846
116.869110 176.641603
117.579596 176.641603
117.934839 176.286360
118.290082 176.286360
118.645325 175.931117
119.000568 175.931117
119.711053 175.931117
120.066296 175.575874
120.421539 175.575874
120.776782 175.220631
121.132025 175.220631
121.842511 174.865388
122.197754 174.865388
122.552997 174.510145
122.908240 174.510145
123.618726 174.154902
123.973969 174.154902
124.329212 173.799659
124.684455 173.799659
125.039698 173.444416
125.750183 173.444416
125.750183 172.733930
125.394940 172.378687
125.394940 172.023444
125.039698 171.668202
124.684455 171.668202
124.329212 171.312959
123.973969 171.312959
123.618726 170.957716
123.263483 170.957716
123.263483 170.602473
122.908240 170.602473
122.552997 170.247230
122.197754 170.247230
122.197754 169.891987
121.842511 169.891987
121.487268 169.536744
121.132025 169.536744
120.776782 169.181501
120.421539 168.826258
120.066296 168.826258
120.066296 168.471015
119.711053 168.115772
119.355810 168.115772
119.000568 167.760529
118.645325 167.760529
118.645325 167.405286
118.290082 167.050043
117.934839 166.694800
117.579596 166.694800
117.579596 166.339557
117.224353 165.984314
116.869110 165.984314
116.869110 165.629071
116.513867 165.273829
116.158624 164.918586
115.803381 164.918586
115.803381 164.563343
115.448138 164.208100
115.092895 164.208100
115.092895 163.852857
114.737652 163.497614
114.382409 163.497614
114.382409 163.142371
114.027166 162.787128
113.671923 162.787128
113.671923 162.431885
113.316680 162.076642
113.316680 161.721399
112.961438 161.721399
112.961438 161.366156
112.606195 161.010913
112.250952 160.655670
112.250952 160.300427
111.895709 159.945184
111.540466 159.589941
111.540466 159.234699
111.185223 159.234699
111.185223 158.879456
110.829980 158.524213
110.829980 158.168970
110.474737 157.813727
110.119494 157.458484
110.119494 157.103241
109.764251 156.747998
109.764251 156.392755
109.409008 156.037512
109.409008 155.682269
109.053765 155.327026
109.053765 154.971783
108.698522 154.616540
108.698522 154.261297
108.343279 153.906054
108.343279 153.550811
107.988036 153.195569
107.988036 152.840326
107.632793 152.485083
107.632793 152.129840
107.277550 151.774597
107.277550 151.419354
107.277550 151.064111
106.922307 150.708868
106.922307 150.353625
106.567065 149.998382
106.567065 149.643139
106.567065 149.287896
106.211822 148.932653
106.211822 148.577410
105.856579 148.222167
105.856579 147.866924
105.856579 147.511681
105.501336 147.156438
105.501336 146.801196
105.501336 146.445953
105.146093 146.090710
105.146093 145.735467
105.146093 145.380224
105.146093 145.024981
104.790850 144.669738
104.790850 144.314495
104.435607 143.959252
104.435607 143.604009
104.080364 143.248766
104.080364 142.893523
103.725121 142.538280
103.725121 142.183037
103.369878 141.827794
103.369878 141.472551
103.014635 141.117308
103.014635 140.762066
102.659392 140.406823
102.659392 140.051580
102.304149 139.696337
102.304149 139.341094
102.304149 138.985851
101.948906 138.630608
101.948906 138.275365
101.593663 137.920122
101.593663 137.564879
101.593663 137.209636
101.238420 136.854393
101.238420 136.499150
101.238420 136.143907
100.883177 135.788664
100.883177 135.433421
100.883177 135.078178
100.883177 134.722936
100.527935 134.367693
100.527935 134.012450
100.527935 133.657207
100.527935 133.301964
100.172692 132.946721
100.172692 132.591478
100.172692 132.236235
100.172692 131.880992
100.172692 131.525749
99.817449 131.170506
99.817449 130.815263
99.817449 130.460020
99.817449 130.104777
99.817449 129.749534
99.817449 129.394291
99.817449 129.039048
99.817449 128.683806
99.462206 128.328563
99.462206 127.973320
99.462206 127.618077
99.462206 127.262834
99.462206 126.907591
99.462206 126.552348
99.462206 126.197105
99.462206 125.841862
99.462206 125.486619
99.462206 125.131376
99.462206 124.776133
99.462206 124.420890
99.462206 124.065647
99.462206 123.710404
99.462206 123.355161
99.462206 122.999918
99.462206 122.644675
99.462206 122.289433
99.462206 121.934190
99.462206 121.578947
99.462206 121.223704
99.462206 120.868461
99.462206 120.513218
99.462206 120.157975
99.462206 119.802732
99.462206 119.447489
99.462206 119.092246
99.462206 118.737003
99.462206 118.381760
99.817449 118.026517
99.817449 117.671274
99.817449 117.316031
99.817449 116.960788
99.817449 116.605545
99.817449 116.250303
99.817449 115.895060
99.462206 115.539817
99.462206 115.184574
99.106963 114.829331
98.751720 114.474088
98.041234 114.118845
97.685991 113.763602
97.330748 113.763602
96.975505 113.763602
96.620262 113.763602
96.265019 113.763602
96.620262 113.763602
96.265019 113.763602
95.909776 113.763602
95.554533 113.763602
95.199290 114.118845
94.844047 114.118845
94.488805 114.118845
94.133562 114.118845
94.133562 113.763602
93.778319 113.763602
93.423076 113.763602
93.067833 113.763602
92.712590 113.763602
92.357347 113.763602
92.002104 113.763602
92.002104 114.118845
91.646861 114.474088
91.291618 114.829331
90.936375 115.184574
90.581132 115.539817
90.225889 115.895060
89.870646 116.605545
89.515403 116.960788
89.160160 117.316031
88.804917 117.671274
88.449675 118.026517
88.094432 118.737003
87.383946 119.092246
87.028703 119.447489
86.673460 119.802732
86.318217 120.157975
85.962974 120.513218
85.607731 121.223704
85.962974 121.578947
