96.206609 86.770089
96.669706 87.233186
97.132804 87.233186
97.595901 87.696283
98.058998 87.696283
98.522095 88.159380
98.985192 88.622478
99.448290 89.085575
99.911387 89.548672
100.374484 89.548672
100.837581 90.011769
101.300678 90.474866
101.300678 91.401061
101.763775 91.864158
102.226873 92.327255
102.226873 92.790352
102.226873 93.253449
102.689970 93.716547
102.689970 94.179644
103.153067 94.642741
103.153067 95.105838
103.153067 95.568935
103.153067 96.032032
102.689970 96.495130
102.689970 96.958227
102.226873 97.421324
102.226873 97.884421
101.763775 98.347518
101.300678 98.810615
101.300678 99.273713
100.837581 99.736810
100.837581 100.199907
100.374484 100.663004
100.374484 101.126101
99.911387 101.589199
99.911387 102.052296
99.448290 102.515393
99.448290 102.978490
98.985192 103.441587
98.985192 103.904684
98.522095 104.367782
98.522095 104.830879
98.522095 105.293976
98.058998 105.757073
98.058998 106.220170
97.595901 106.683268
97.595901 107.146365
97.595901 107.609462
97.132804 108.072559
97.132804 108.535656
96.669706 108.998753
96.669706 109.461851
96.669706 109.924948
96.206609 110.388045
96.206609 110.851142
96.206609 111.314239
95.743512 111.777336
95.743512 112.240434
95.743512 112.703531
95.743512 113.166628
95.280415 113.629725
95.280415 114.092822
95.280415 114.555920
95.280415 115.019017
94.817318 115.482114
94.817318 115.945211
94.817318 116.408308
94.817318 116.871405
94.354221 117.334503
94.354221 117.797600
94.354221 118.260697
94.354221 118.723794
94.354221 119.186891
93.891123 119.649989
93.891123 120.113086
93.891123 120.576183
93.891123 121.039280
93.891123 121.502377
93.891123 121.965474
93.891123 122.428572
93.428026 122.891669
93.428026 123.354766
93.428026 123.817863
93.428026 124.280960
93.428026 124.744057
93.428026 125.207155
93.428026 125.670252
93.428026 126.133349
93.428026 126.596446
93.428026 127.059543
93.428026 127.522641
93.428026 127.985738
92.964929 128.448835
92.964929 128.911932
92.964929 129.375029
92.964929 129.838126
92.964929 130.301224
92.964929 130.764321
92.964929 131.227418
92.964929 131.690515
92.964929 132.153612
92.964929 132.616710
92.964929 133.079807
92.964929 133.542904
93.428026 133.542904
93.428026 134.006001
93.428026 134.469098
93.428026 134.932195
93.428026 135.395293
93.428026 135.858390
93.428026 136.321487
93.428026 136.784584
93.428026 137.247681
93.428026 137.710778
93.428026 138.173876
93.428026 138.636973
93.891123 139.100070
93.428026 139.563167
93.891123 140.026264
93.891123 140.489362
93.891123 140.952459
93.891123 141.415556
93.891123 141.878653
94.354221 142.341750
94.354221 142.804847
94.354221 143.267945
94.354221 143.731042
94.354221 144.194139
94.354221 143.731042
94.354221 144.194139
94.354221 144.657236
94.817318 144.657236
94.817318 145.120333
94.817318 144.657236
94.817318 145.120333
94.817318 145.583431
94.817318 146.046528
94.817318 146.509625
95.280415 146.509625
95.280415 146.972722
95.280415 147.435819
95.280415 147.898916
95.743512 148.362014
95.280415 148.825111
95.743512 149.288208
95.743512 149.751305
96.206609 150.214402
96.206609 150.677499
96.206609 151.140597
96.206609 151.603694
96.669706 151.603694
96.669706 152.066791
96.669706 152.529888
96.669706 152.992985
97.132804 152.992985
97.132804 153.456083
97.595901 153.919180
97.595901 154.382277
97.595901 154.845374
97.595901 155.308471
98.058998 155.308471
98.058998 155.771568
98.058998 155.308471
98.058998 155.771568
98.058998 155.308471
98.058998 155.771568
98.522095 156.234666
98.522095 156.697763
98.522095 157.160860
98.522095 157.623957
98.985192 157.623957
98.985192 158.087054
98.985192 158.550152
99.448290 158.550152
99.448290 159.013249
99.911387 159.476346
99.911387 159.939443
100.374484 160.402540
100.374484 160.865637
100.374484 161.328735
100.837581 161.328735
100.374484 161.328735
100.837581 161.328735
100.837581 161.791832
101.300678 162.254929
101.300678 162.718026
101.763775 163.181123
102.226873 163.644220
102.226873 164.107318
102.226873 164.570415
102.689970 164.570415
102.689970 165.033512
103.153067 165.496609
103.616164 165.959706
103.616164 166.422804
104.079261 166.885901
104.079261 167.348998
104.079261 167.812095
103.616164 168.275192
103.616164 168.738289
103.616164 169.201387
103.153067 169.664484
103.153067 170.127581
103.153067 170.590678
103.153067 171.053775
102.689970 171.516873
102.689970 171.979970
102.689970 172.443067
102.689970 172.906164
102.689970 173.369261
102.226873 173.832358
102.226873 174.295456
102.226873 174.758553
102.226873 175.221650
101.763775 175.221650
101.763775 175.684747
101.300678 176.147844
100.837581 176.147844
100.837581 176.610941
100.374484 177.074039
99.911387 177.074039
99.448290 177.537136
98.985192 177.537136
98.522095 177.537136
98.058998 177.537136
97.595901 177.537136
97.132804 177.537136
96.669706 177.537136
96.206609 177.537136
95.743512 177.537136
95.280415 177.074039
94.817318 177.074039
94.354221 177.074039
93.891123 177.074039
93.428026 176.610941
92.964929 176.610941
92.501832 176.610941
92.038735 176.610941
91.575638 176.610941
91.112540 176.610941
90.649443 176.610941
90.186346 176.610941
89.723249 176.147844
89.260152 176.147844
88.797054 176.147844
88.333957 176.147844
87.870860 176.147844
87.407763 176.147844
86.944666 176.147844
86.481569 176.147844
86.018471 176.147844
85.555374 176.147844
85.092277 176.147844
84.629180 176.147844
84.166083 176.147844
83.702985 176.147844
83.239888 176.147844
82.776791 176.147844
82.313694 176.147844
81.850597 176.147844
81.387500 176.610941
80.924402 176.610941
80.461305 176.610941
79.998208 176.610941
79.535111 176.610941
79.072014 176.610941
78.608917 176.610941
78.145819 176.610941
77.682722 177.074039
77.219625 177.074039
76.756528 177.074039
76.293431 177.074039
75.830333 177.074039
75.830333 176.610941
75.367236 176.610941
74.904139 176.610941
74.441042 176.610941
73.977945 176.610941
73.977945 176.147844
73.514848 176.147844
73.051750 176.147844
73.051750 175.684747
72.588653 175.684747
72.125556 175.684747
71.662459 175.684747
71.662459 175.221650
71.199362 175.221650
71.662459 175.221650
71.199362 175.221650
70.736264 174.758553
70.273167 174.758553
69.810070 174.295456
69.346973 173.832358
68.883876 173.832358
69.346973 173.832358
68.883876 173.832358
68.420779 173.369261
67.957681 172.906164
67.494584 172.906164
67.031487 172.443067
66.568390 171.979970
66.105293 171.979970
66.105293 171.516873
65.642196 171.053775
65.179098 170.590678
64.716001 170.127581
64.252904 169.664484
63.789807 169.201387
63.326710 169.201387
62.863612 168.738289
62.400515 168.738289
62.400515 168.275192
61.937418 167.812095
61.474321 167.348998
61.011224 167.348998
61.011224 166.885901
60.548127 166.422804
60.085029 165.959706
59.621932 165.496609
59.158835 165.496609
59.158835 165.033512
58.695738 164.570415
58.695738 164.107318
58.232641 163.644220
57.769543 163.181123
57.306446 162.718026
57.306446 162.254929
56.843349 161.791832
56.843349 161.328735
56.380252 160.865637
56.380252 160.402540
55.917155 159.939443
55.917155 159.476346
55.454058 159.013249
55.454058 158.550152
54.990960 158.087054
54.990960 157.623957
54.527863 157.160860
54.527863 156.697763
54.527863 156.234666
54.064766 155.771568
54.064766 155.308471
54.064766 154.845374
53.601669 154.382277
53.601669 153.919180
53.601669 153.456083
53.601669 152.992985
53.601669 152.529888
53.601669 152.066791
53.138572 151.603694
53.138572 151.140597
53.138572 150.677499
53.138572 150.214402
53.138572 149.751305
53.138572 149.288208
53.138572 148.825111
53.138572 148.362014
53.138572 147.898916
53.138572 147.435819
53.138572 146.972722
53.138572 146.509625
53.138572 146.046528
53.138572 145.583431
53.138572 145.120333
53.138572 144.657236
53.138572 144.194139
53.138572 143.731042
53.138572 143.267945
53.138572 142.804847
53.601669 142.341750
53.601669 141.878653
53.601669 141.415556
53.601669 140.952459
53.601669 140.489362
53.601669 140.026264
54.064766 139.563167
54.064766 139.100070
54.064766 138.636973
54.527863 138.173876
54.527863 137.710778
54.527863 137.247681
54.527863 136.784584
54.527863 136.321487
54.990960 136.321487
54.990960 135.858390
54.990960 135.395293
54.990960 134.932195
55.454058 134.469098
55.454058 134.006001
55.917155 133.542904
55.917155 133.079807
55.917155 132.616710
55.917155 132.153612
55.917155 131.690515
56.380252 131.227418
56.380252 130.764321
56.380252 130.301224
56.380252 129.838126
56.380252 129.375029
56.380252 128.911932
56.380252 128.448835
56.380252 127.522641
56.843349 127.059543
56.843349 126.596446
56.843349 126.133349
56.843349 125.670252
56.843349 125.207155
57.306446 124.744057
57.306446 124.280960
57.306446 123.817863
57.306446 123.354766
57.306446 122.891669
57.769543 122.428572
57.769543 121.965474
57.769543 121.502377
58.232641 120.576183
58.232641 120.113086
58.232641 119.649989
58.695738 119.186891
58.695738 118.723794
58.695738 118.260697
59.158835 117.797600
59.158835 117.334503
59.158835 116.871405
59.621932 116.408308
59.621932 115.945211
60.085029 115.482114
60.085029 115.019017
60.085029 114.555920
60.548127 114.092822
60.548127 113.166628
61.011224 112.703531
61.011224 112.240434
61.474321 111.777336
61.474321 111.314239
61.937418 110.851142
61.937418 110.388045
62.400515 109.924948
62.863612 109.461851
62.863612 108.998753
63.326710 108.535656
63.326710 108.072559
63.789807 107.609462
63.789807 107.146365
64.252904 106.683268
64.716001 106.220170
64.716001 105.757073
65.179098 105.293976
65.642196 104.830879
66.105293 104.367782
66.105293 103.441587
66.568390 102.978490
67.031487 102.515393
67.494584 102.052296
67.494584 101.589199
67.957681 101.126101
68.420779 100.663004
68.883876 100.199907
69.346973 99.736810
69.346973 99.273713
69.810070 98.810615
70.273167 98.347518
70.736264 97.884421
71.199362 97.421324
71.662459 96.958227
72.125556 96.495130
72.588653 96.032032
73.051750 95.568935
73.514848 95.105838
73.977945 94.642741
74.441042 94.179644
74.904139 93.716547
75.367236 93.253449
76.293431 92.790352
76.756528 92.327255
77.219625 92.327255
77.682722 91.864158
78.145819 91.401061
78.608917 90.937963
79.072014 90.937963
79.535111 90.474866
79.998208 90.011769
80.461305 90.011769
80.924402 89.548672
81.387500 89.548672
81.850597 89.085575
82.313694 89.085575
82.776791 88.622478
83.239888 88.159380
83.702985 88.159380
84.166083 88.159380
84.629180 87.696283
85.092277 87.696283
85.555374 87.233186
86.018471 87.233186
86.481569 87.233186
86.944666 86.770089
87.407763 86.770089
87.870860 86.770089
88.333957 86.770089
88.797054 86.770089
89.260152 86.306992
89.723249 86.306992
90.186346 86.306992
90.649443 86.306992
91.112540 86.306992
91.575638 86.306992
92.501832 86.306992
92.964929 86.306992
93.428026 86.306992
93.891123 86.306992
94.354221 86.770089
94.817318 86.770089
95.280415 86.770089
95.743512 86.770089
96.206609 86.770089
