95.916209 125.346090
95.660267 125.602032
95.660267 125.857974
95.404325 126.113916
95.148383 126.369858
95.148383 126.625800
94.892441 127.137684
94.892441 127.393625
94.636499 127.649567
94.380557 127.905509
94.380557 128.161451
94.124615 128.417393
94.124615 128.673335
93.868673 128.929277
93.612731 129.441161
93.612731 129.697103
93.356790 129.953045
93.356790 130.208987
93.100848 130.464929
92.844906 130.720871
92.844906 130.976813
92.588964 131.232755
92.588964 131.488697
92.333022 132.000581
92.077080 132.256523
92.077080 132.512465
92.077080 132.768407
92.077080 133.024349
92.333022 133.280291
92.333022 133.536233
92.333022 133.792175
92.588964 134.048117
92.588964 134.304059
92.844906 134.560001
92.844906 134.815943
92.844906 135.071885
93.100848 135.327827
93.100848 135.583769
93.100848 135.839711
93.356790 136.095652
93.356790 136.351594
93.356790 136.607536
93.612731 136.863478
93.612731 137.375362
93.612731 137.631304
93.868673 137.887246
93.868673 138.143188
93.868673 138.399130
94.124615 138.655072
94.124615 138.911014
94.124615 139.166956
94.124615 139.422898
94.124615 139.678840
94.124615 139.934782
94.124615 140.190724
94.124615 140.702608
94.124615 140.958550
94.124615 141.214492
94.124615 141.470434
94.124615 141.726376
94.124615 141.982318
94.124615 142.494202
94.124615 142.750144
94.124615 143.006086
94.124615 143.262028
94.124615 143.517970
94.124615 143.773912
94.124615 144.285796
94.124615 144.541738
94.124615 144.797680
93.868673 145.053621
93.868673 145.309563
93.868673 145.565505
93.612731 145.821447
93.612731 146.077389
93.612731 146.333331
93.356790 146.589273
93.356790 146.845215
93.356790 147.357099
93.100848 147.613041
93.100848 147.868983
93.100848 148.124925
92.844906 148.380867
92.844906 148.636809
92.844906 148.892751
92.588964 149.148693
92.588964 149.404635
92.588964 149.660577
92.588964 149.916519
92.588964 150.172461
92.588964 150.684345
92.588964 150.940287
92.588964 151.196229
92.588964 151.452171
92.588964 151.708113
92.588964 151.964055
92.588964 152.219997
92.588964 152.475939
92.588964 152.731881
92.588964 152.987823
92.588964 153.243765
92.588964 153.499707
92.588964 153.755648
92.588964 154.011590
92.588964 154.267532
92.588964 154.523474
92.588964 154.779416
92.588964 155.291300
92.844906 155.547242
92.844906 155.803184
92.844906 156.059126
92.844906 156.315068
92.844906 156.571010
93.100848 156.826952
93.100848 157.082894
93.100848 157.338836
93.356790 157.594778
93.612731 158.106662
93.868673 158.362604
93.868673 158.618546
94.124615 158.874488
94.380557 159.130430
94.636499 159.642314
94.636499 159.898256
94.892441 160.154198
95.148383 160.410140
95.404325 160.666082
95.404325 161.177966
95.660267 161.433908
95.916209 161.689850
96.172151 161.945792
96.172151 162.201734
96.428093 162.713617
96.684035 162.969559
96.939977 163.225501
96.939977 163.481443
97.451861 163.737385
97.707803 163.737385
97.963745 163.993327
98.219687 164.249269
98.475629 164.505211
98.987513 164.761153
99.243455 164.761153
99.499397 165.017095
99.755339 165.273037
100.011281 165.528979
100.523165 165.528979
100.779107 165.784921
101.035049 166.040863
101.290991 166.296805
101.546933 166.296805
101.802875 166.552747
102.314758 166.808689
102.570700 167.064631
102.826642 167.064631
103.082584 167.320573
103.338526 167.320573
103.594468 167.320573
103.850410 167.576515
104.106352 167.576515
104.362294 167.576515
104.874178 167.576515
105.130120 167.576515
105.386062 167.832457
105.642004 167.832457
105.897946 167.832457
106.153888 167.832457
106.409830 167.832457
106.665772 167.832457
106.921714 167.832457
107.177656 167.832457
107.433598 167.832457
107.689540 167.832457
107.945482 167.832457
108.201424 167.832457
108.457366 167.832457
108.713308 167.832457
108.969250 167.832457
109.481134 167.832457
109.737076 167.832457
109.993018 167.832457
110.248960 167.832457
110.504902 167.832457
110.760844 167.832457
111.016785 167.832457
111.272727 167.832457
111.528669 167.832457
111.784611 167.832457
112.040553 167.832457
112.296495 167.832457
112.552437 167.832457
112.808379 167.576515
113.064321 167.576515
113.320263 167.320573
113.576205 167.320573
114.088089 167.064631
114.344031 167.064631
114.599973 166.808689
114.855915 166.808689
115.111857 166.552747
115.367799 166.552747
115.623741 166.296805
115.879683 166.296805
116.391567 166.040863
116.647509 166.040863
116.903451 165.784921
117.159393 165.784921
117.415335 165.528979
117.671277 165.528979
117.927219 165.273037
118.183161 165.273037
118.695045 165.017095
118.950987 165.017095
119.206929 164.761153
119.462871 164.761153
119.718812 164.505211
119.974754 164.249269
120.230696 163.993327
120.230696 163.481443
120.486638 163.225501
120.742580 162.969559
120.998522 162.713617
120.998522 162.457675
121.254464 162.201734
121.510406 161.945792
121.766348 161.689850
121.766348 161.433908
122.022290 161.177966
122.278232 160.922024
122.534174 160.666082
122.534174 160.410140
122.790116 159.898256
123.046058 159.642314
123.302000 159.386372
123.302000 159.130430
123.557942 158.874488
123.302000 158.618546
123.046058 158.362604
122.790116 157.850720
122.534174 157.594778
122.278232 157.338836
122.022290 157.082894
121.766348 156.826952
121.510406 156.315068
121.254464 156.059126
120.998522 155.803184
120.742580 155.547242
120.486638 155.035358
120.230696 154.779416
119.974754 154.523474
119.718812 154.267532
119.462871 153.755648
119.206929 153.499707
118.950987 153.243765
118.695045 152.987823
118.439103 152.731881
118.183161 152.219997
117.927219 151.964055
117.671277 151.708113
117.415335 151.452171
117.159393 150.940287
116.903451 150.684345
116.647509 150.428403
116.391567 150.172461
116.135625 149.660577
115.879683 149.404635
115.623741 149.148693
115.367799 148.892751
115.367799 148.636809
115.111857 148.124925
114.855915 147.868983
114.855915 147.613041
114.599973 147.357099
114.344031 147.101157
114.344031 146.845215
114.088089 146.589273
113.832147 146.333331
113.576205 146.077389
113.320263 146.077389
113.320263 145.821447
113.064321 145.565505
112.808379 145.309563
112.552437 145.053621
112.296495 144.797680
112.040553 144.797680
112.040553 144.541738
111.784611 144.285796
111.528669 144.029854
111.272727 143.773912
111.016785 143.517970
110.760844 143.262028
110.504902 143.006086
110.248960 142.750144
109.993018 142.494202
109.737076 142.238260
109.737076 141.982318
109.481134 141.726376
109.225192 141.470434
108.969250 141.214492
108.969250 140.958550
108.713308 140.702608
108.457366 140.446666
108.201424 140.190724
108.201424 139.934782
107.945482 139.678840
107.945482 139.422898
107.689540 139.166956
107.433598 138.911014
107.433598 138.655072
107.177656 138.399130
107.177656 138.143188
106.921714 137.887246
106.921714 137.631304
106.665772 137.375362
106.665772 137.119420
106.409830 136.863478
106.409830 136.607536
106.153888 136.351594
106.153888 136.095652
105.897946 135.839711
105.897946 135.583769
105.897946 135.327827
105.642004 135.071885
105.642004 134.815943
105.642004 134.560001
105.386062 134.304059
105.386062 134.048117
105.386062 133.792175
105.130120 133.536233
105.130120 133.280291
105.130120 133.024349
104.874178 132.768407
104.874178 132.512465
104.874178 132.256523
104.874178 132.000581
104.618236 131.744639
104.618236 131.488697
104.618236 131.232755
104.618236 130.976813
104.618236 130.720871
104.362294 130.464929
104.362294 130.208987
104.362294 129.953045
104.362294 129.697103
104.362294 129.441161
104.362294 129.185219
104.362294 128.929277
104.362294 128.673335
104.106352 128.417393
104.106352 128.161451
104.106352 127.905509
103.850410 127.393625
103.850410 127.137684
103.594468 126.881742
103.594468 126.625800
103.338526 126.113916
103.338526 125.857974
103.082584 125.602032
102.826642 125.090148
102.826642 124.834206
102.570700 124.578264
102.570700 124.066380
102.314758 123.810438
102.058817 123.554496
102.058817 123.298554
101.802875 123.042612
101.546933 122.786670
101.035049 122.530728
100.779107 122.530728
100.523165 122.274786
100.267223 122.018844
100.011281 122.018844
99.755339 122.018844
99.499397 122.018844
99.243455 122.018844
99.243455 122.274786
98.987513 122.274786
98.731571 122.274786
98.475629 122.530728
98.219687 122.530728
97.963745 122.786670
97.707803 123.042612
97.707803 123.298554
97.451861 123.554496
97.195919 123.810438
96.939977 124.066380
96.684035 124.322322
96.428093 124.578264
96.172151 124.834206
95.916209 125.090148
95.916209 125.346090
95.660267 125.346090
95.404325 125.602032
95.148383 125.857974
95.404325 125.857974
95.660267 125.602032
95.916209 125.346090
