85.382451 88.844677
84.900538 89.326590
84.418626 89.808502
83.936713 90.290415
83.454801 90.772327
82.972888 91.254240
82.490975 91.736152
82.009063 92.218065
81.527150 92.699977
81.045238 93.181890
80.563325 93.663803
80.081413 93.663803
79.599500 94.145715
79.117588 94.627628
78.635675 95.109540
78.153762 95.591453
77.671850 95.591453
77.189937 96.073365
76.708025 96.555278
76.226112 96.555278
75.744200 97.037190
75.744200 97.519103
75.262287 98.001015
75.262287 98.482928
74.780375 98.964841
74.298462 99.446753
74.298462 99.928666
73.816550 100.410578
73.816550 100.892491
73.334637 101.374403
72.852724 101.856316
72.852724 102.338228
72.370812 102.820141
72.370812 103.302054
71.888899 103.783966
71.406987 104.265879
71.406987 104.747791
70.925074 105.711616
70.925074 106.193529
70.443162 106.675441
70.443162 107.157354
70.443162 107.639266
70.443162 108.121179
70.443162 108.603092
70.443162 109.085004
70.443162 109.566917
70.443162 110.530742
70.443162 111.012654
70.443162 111.494567
70.443162 111.976479
70.443162 112.458392
69.961249 112.940305
69.961249 113.904130
69.961249 114.386042
69.961249 114.867955
69.961249 115.349867
69.961249 115.831780
69.961249 116.313692
69.961249 116.795605
69.961249 117.759430
69.961249 118.241343
69.961249 118.723255
69.961249 119.205168
69.961249 119.687080
69.961249 120.168993
69.961249 120.650905
69.961249 121.132818
69.961249 121.614730
69.961249 122.096643
69.961249 122.578556
69.961249 123.060468
70.443162 124.024293
70.443162 124.506206
70.443162 124.988118
70.443162 125.470031
70.443162 125.951943
70.443162 126.433856
70.443162 126.915769
70.443162 127.397681
70.443162 127.879594
70.925074 128.361506
70.925074 128.843419
70.925074 129.325331
70.925074 129.807244
70.925074 130.289156
70.925074 130.771069
70.925074 131.252982
70.925074 131.734894
70.925074 132.216807
70.925074 132.698719
71.406987 133.180632
71.406987 133.662544
71.406987 134.144457
71.406987 134.626369
71.406987 135.108282
71.406987 135.590194
71.406987 136.072107
71.406987 136.554020
71.888899 137.035932
71.888899 137.517845
72.370812 137.999757
72.370812 138.963582
72.852724 139.445495
72.852724 139.927407
73.334637 140.409320
73.334637 140.891233
73.334637 141.373145
73.816550 141.855058
73.816550 142.336970
74.298462 142.818883
74.298462 143.300795
74.780375 143.782708
74.780375 144.264620
75.262287 144.746533
75.262287 145.228446
75.744200 145.710358
76.226112 146.192271
76.708025 146.674183
77.189937 147.156096
78.153762 147.638008
78.635675 148.119921
79.117588 149.083746
79.599500 149.565658
80.081413 150.047571
80.563325 150.529484
81.045238 151.011396
81.527150 151.493309
82.009063 151.975221
82.490975 152.457134
82.972888 152.939046
83.454801 153.420959
83.936713 153.902871
84.418626 154.866697
84.900538 155.348609
85.382451 155.830522
85.864363 155.830522
86.346276 156.312434
86.828188 156.312434
87.310101 156.794347
87.792014 156.794347
88.273926 157.276259
88.755839 157.276259
89.237751 157.758172
89.719664 157.758172
90.201576 158.240084
90.683489 158.240084
91.165401 158.721997
91.647314 158.721997
92.129226 159.203910
92.611139 159.203910
93.093052 159.685822
93.574964 159.685822
94.056877 160.167735
94.538789 160.167735
95.020702 160.649647
95.502614 160.649647
95.984527 161.131560
96.466439 161.131560
96.948352 161.613472
97.430265 161.613472
97.912177 162.095385
98.394090 162.095385
98.876002 162.095385
99.357915 162.095385
99.839827 162.095385
100.321740 162.577297
100.803652 162.577297
101.767478 162.577297
102.249390 162.577297
102.731303 163.059210
103.213215 163.059210
103.695128 163.059210
104.177040 163.059210
104.658953 163.541122
105.140865 163.541122
105.622778 163.541122
106.104690 163.541122
106.586603 163.541122
107.068516 164.023035
107.550428 164.023035
108.032341 164.023035
108.514253 164.023035
108.996166 164.023035
109.478078 164.023035
110.441903 164.023035
110.923816 164.023035
111.405729 164.504948
111.887641 164.504948
112.369554 164.504948
112.851466 164.504948
113.815291 164.504948
114.297204 164.504948
114.779116 164.504948
115.261029 164.504948
115.742942 164.504948
116.224854 164.504948
116.706767 164.504948
117.670592 164.986860
118.152504 164.986860
118.634417 164.504948
119.116329 164.504948
119.598242 164.023035
120.080154 164.023035
120.562067 163.541122
121.043980 163.059210
121.525892 163.059210
122.007805 163.059210
122.007805 162.577297
122.007805 162.095385
122.007805 161.613472
122.007805 161.131560
122.489717 161.131560
122.489717 160.649647
122.489717 160.167735
122.971630 159.685822
122.971630 159.203910
122.489717 159.203910
122.489717 158.721997
122.007805 158.240084
121.525892 158.240084
121.525892 157.758172
121.043980 157.276259
120.562067 157.276259
120.080154 156.794347
119.598242 156.794347
119.598242 156.312434
119.116329 155.830522
118.634417 155.348609
118.152504 154.866697
117.670592 154.384784
117.188679 153.902871
116.706767 153.902871
116.706767 153.420959
116.224854 152.939046
116.224854 152.457134
115.742942 151.975221
115.261029 151.975221
115.261029 151.493309
114.779116 151.011396
114.297204 150.529484
113.815291 150.047571
113.815291 149.565658
113.333379 149.083746
112.851466 148.601833
112.851466 148.119921
112.369554 147.638008
111.887641 147.156096
111.887641 146.674183
111.405729 146.192271
110.923816 145.710358
110.923816 145.228446
110.441903 144.746533
110.441903 144.264620
109.959991 143.782708
109.959991 143.300795
109.478078 142.818883
109.478078 142.336970
108.996166 141.855058
108.996166 141.373145
108.514253 140.891233
108.514253 140.409320
108.032341 139.927407
108.032341 139.445495
108.032341 138.963582
107.550428 138.481670
107.550428 137.999757
107.550428 137.517845
107.068516 137.035932
107.068516 136.554020
107.068516 136.072107
106.586603 135.590194
106.586603 135.108282
106.104690 134.626369
106.104690 134.144457
105.622778 133.662544
105.622778 133.180632
105.140865 132.698719
105.140865 132.216807
104.658953 131.734894
104.658953 131.252982
104.177040 130.771069
104.177040 130.289156
103.695128 129.807244
103.695128 129.325331
103.695128 128.843419
103.213215 128.361506
103.213215 127.879594
102.731303 127.397681
102.731303 126.915769
102.731303 126.433856
102.249390 125.951943
102.249390 125.470031
102.249390 124.988118
102.249390 124.506206
101.767478 124.024293
101.767478 123.542381
101.767478 123.060468
101.285565 122.578556
101.285565 122.096643
101.285565 121.614730
101.285565 121.132818
100.803652 120.650905
100.803652 120.168993
100.803652 119.687080
100.803652 119.205168
100.803652 118.723255
100.803652 118.241343
100.321740 117.759430
100.321740 117.277518
100.321740 116.795605
100.321740 116.313692
100.321740 115.831780
100.321740 115.349867
100.321740 114.867955
99.839827 114.386042
99.839827 113.904130
99.839827 113.422217
99.839827 112.940305
99.839827 112.458392
99.839827 111.976479
99.839827 111.494567
99.839827 111.012654
99.839827 110.530742
99.839827 110.048829
99.839827 109.566917
99.839827 109.085004
99.839827 108.603092
99.839827 108.121179
99.839827 107.639266
99.839827 107.157354
99.839827 106.675441
99.839827 106.193529
99.839827 105.711616
99.839827 105.229704
99.839827 104.747791
100.321740 104.265879
100.321740 103.783966
100.321740 103.302054
100.321740 102.820141
100.321740 102.338228
100.321740 101.856316
100.321740 101.374403
100.321740 100.892491
100.803652 100.892491
100.803652 100.410578
100.803652 99.928666
100.803652 100.410578
100.803652 99.928666
100.803652 99.446753
100.803652 98.964841
100.803652 98.482928
100.803652 98.001015
101.285565 98.001015
101.285565 97.519103
101.285565 97.037190
101.285565 96.555278
101.767478 96.073365
101.767478 95.591453
101.767478 95.109540
101.767478 95.591453
101.767478 95.109540
102.249390 94.627628
102.249390 94.145715
102.249390 93.663803
102.249390 94.145715
102.249390 93.663803
102.249390 93.181890
102.249390 92.699977
102.731303 92.699977
102.731303 92.218065
102.731303 91.736152
102.731303 91.254240
103.213215 91.254240
103.213215 90.772327
103.695128 90.290415
103.695128 89.808502
103.695128 89.326590
103.695128 89.808502
103.695128 89.326590
103.695128 88.844677
104.177040 88.844677
104.177040 88.362764
104.177040 87.880852
104.658953 87.880852
104.658953 87.398939
104.658953 86.917027
105.140865 86.917027
105.140865 86.435114
105.140865 85.953202
105.622778 85.953202
105.622778 85.471289
105.622778 84.989377
106.104690 84.989377
106.104690 84.507464
106.586603 84.025551
106.586603 83.543639
106.586603 83.061726
106.104690 82.579814
105.622778 82.097901
105.622778 81.615989
105.140865 81.134076
104.658953 81.134076
104.177040 81.134076
103.695128 81.134076
103.213215 81.615989
102.731303 81.615989
102.249390 81.615989
101.767478 81.615989
101.285565 81.615989
100.803652 81.615989
100.321740 81.615989
99.839827 81.615989
99.357915 81.615989
98.876002 81.615989
98.394090 81.615989
97.912177 81.615989
97.430265 82.097901
96.948352 82.579814
96.466439 83.061726
95.984527 83.061726
95.502614 83.543639
95.020702 84.025551
94.538789 84.025551
94.056877 84.507464
93.574964 84.989377
93.093052 84.989377
92.611139 85.471289
92.129226 85.471289
91.647314 85.953202
91.165401 85.953202
90.683489 86.435114
90.201576 86.435114
89.719664 86.917027
89.237751 86.917027
88.755839 86.917027
88.273926 87.398939
87.792014 87.398939
87.310101 87.880852
86.828188 87.880852
86.346276 87.880852
85.864363 88.362764
85.382451 88.844677
