87.389346 76.257021
86.892192 76.257021
86.395038 76.257021
85.897883 76.754175
85.400729 76.754175
84.903575 76.754175
84.406421 77.251330
83.412113 77.251330
82.914959 77.251330
82.417804 77.748484
81.920650 77.748484
81.423496 77.748484
80.926342 78.245638
80.429188 78.245638
79.932034 78.245638
78.937725 78.742792
78.440571 78.742792
77.943417 78.742792
77.446263 79.737100
76.949109 80.234254
76.451955 80.731409
75.954801 81.228563
75.457646 81.725717
74.960492 82.222871
73.966184 83.217179
73.469030 83.714333
72.971876 84.211488
72.474722 84.708642
71.977567 85.205796
71.480413 85.702950
70.983259 86.697258
70.486105 87.194412
69.988951 87.691567
68.994643 88.188721
68.497488 88.685875
68.497488 89.183029
68.497488 89.680183
68.000334 89.680183
68.000334 90.177337
68.000334 90.674491
68.000334 91.171646
68.000334 91.668800
67.503180 91.668800
67.503180 92.165954
67.503180 92.663108
67.503180 93.160262
67.006026 93.160262
67.006026 93.657416
67.006026 93.160262
67.006026 93.657416
66.508872 94.154571
66.508872 94.651725
66.508872 95.148879
66.011718 95.646033
66.011718 96.143187
65.514563 96.640341
65.514563 97.137495
65.514563 97.634650
65.017409 97.634650
65.017409 98.131804
64.520255 98.628958
64.520255 99.126112
64.023101 99.623266
63.525947 100.120420
63.525947 100.617574
63.525947 101.114729
63.028793 101.611883
63.028793 102.606191
63.028793 103.103345
63.028793 103.600499
63.028793 104.097653
63.028793 105.091962
63.028793 105.589116
62.531639 106.086270
62.531639 106.583424
62.531639 107.577732
62.531639 108.074887
62.531639 108.572041
62.531639 109.069195
62.531639 110.063503
62.531639 110.560657
62.034484 111.057812
62.034484 111.554966
62.034484 112.052120
62.034484 113.046428
62.034484 113.543582
62.034484 114.040736
62.034484 114.537891
61.537330 115.532199
61.537330 116.029353
61.537330 116.526507
61.537330 117.023661
62.034484 117.520815
62.034484 118.017970
62.034484 118.515124
62.531639 119.012278
62.531639 119.509432
62.531639 120.006586
63.028793 120.503740
63.028793 121.000894
63.028793 121.995203
63.028793 122.492357
63.028793 122.989511
63.028793 123.486665
63.028793 123.983819
63.525947 124.480973
63.525947 124.978128
63.525947 125.475282
63.525947 125.972436
63.525947 126.469590
63.525947 126.966744
63.525947 127.463898
63.525947 127.961052
64.023101 128.458207
64.023101 128.955361
64.023101 129.949669
64.023101 130.446823
64.023101 130.943977
64.023101 131.441132
64.023101 131.938286
64.520255 132.435440
64.520255 132.932594
64.520255 133.429748
65.017409 133.926902
65.017409 134.424056
65.514563 135.418365
65.514563 135.915519
66.011718 136.412673
66.011718 136.909827
66.508872 137.406981
67.006026 137.904135
67.006026 138.898444
67.503180 139.395598
67.503180 139.892752
68.000334 140.389906
68.000334 140.887060
68.497488 141.384214
68.497488 142.378523
68.994643 142.875677
69.491797 143.372831
69.491797 143.869985
69.988951 144.367139
70.486105 144.864293
70.983259 145.361448
71.480413 145.858602
71.977567 146.355756
72.474722 146.852910
72.971876 147.350064
73.966184 147.847218
74.463338 148.344372
74.960492 148.841527
75.457646 149.338681
75.954801 149.835835
76.451955 150.332989
76.949109 150.830143
77.943417 151.327297
78.440571 151.824452
78.937725 152.321606
79.434880 152.818760
79.932034 153.315914
80.429188 153.315914
80.926342 153.315914
81.423496 153.813068
81.920650 153.813068
82.417804 154.310222
82.914959 154.310222
83.412113 154.310222
83.909267 154.807376
84.903575 154.807376
85.400729 155.304531
85.897883 155.304531
86.395038 155.304531
86.892192 155.801685
87.389346 155.801685
87.886500 156.298839
88.383654 156.298839
88.880808 156.298839
89.377963 156.795993
89.875117 156.795993
90.372271 156.795993
90.869425 156.795993
91.863733 156.795993
92.360887 156.795993
92.858042 157.293147
93.355196 157.293147
93.852350 157.293147
94.349504 157.293147
95.343812 157.293147
95.840966 157.293147
96.338121 157.293147
96.835275 157.293147
97.332429 157.293147
97.829583 157.790301
98.823891 157.790301
99.321045 157.790301
99.818200 157.790301
100.315354 157.790301
100.812508 157.790301
101.309662 157.790301
102.303970 157.790301
102.801124 157.790301
103.298279 157.790301
103.795433 157.790301
104.789741 157.790301
105.286895 157.790301
105.784049 157.790301
106.281203 157.790301
106.778358 157.790301
107.772666 157.790301
108.269820 157.790301
108.766974 157.790301
109.264128 157.790301
110.258437 157.790301
110.755591 157.790301
111.252745 157.790301
111.749899 157.790301
112.247053 157.790301
113.241362 157.790301
113.738516 157.790301
114.235670 157.790301
114.732824 157.293147
115.229978 157.293147
115.727132 156.795993
116.224286 156.795993
116.721441 156.795993
117.218595 156.298839
117.218595 155.801685
116.721441 155.304531
116.224286 154.807376
116.224286 154.310222
115.727132 153.813068
115.229978 153.315914
114.732824 152.818760
114.732824 152.321606
114.235670 151.824452
113.738516 151.327297
113.241362 150.830143
113.241362 150.332989
112.744207 149.835835
112.247053 149.338681
111.749899 148.841527
111.749899 148.344372
111.252745 147.847218
110.755591 147.350064
110.755591 146.852910
110.258437 146.355756
109.761283 145.858602
109.264128 145.361448
109.264128 144.864293
108.766974 144.367139
108.269820 143.869985
107.772666 143.372831
107.772666 142.875677
107.275512 142.378523
106.778358 141.881369
106.281203 141.384214
106.281203 140.887060
105.784049 140.389906
105.286895 139.892752
105.286895 139.395598
104.789741 138.898444
104.789741 138.401290
104.789741 137.904135
104.292587 137.406981
104.292587 136.909827
103.795433 135.915519
103.795433 135.418365
103.795433 134.424056
103.795433 133.926902
103.298279 133.429748
103.298279 132.435440
103.298279 131.938286
103.298279 131.441132
102.801124 130.446823
102.801124 129.949669
102.801124 128.955361
102.303970 128.458207
102.303970 127.961052
102.303970 126.966744
102.303970 126.469590
101.806816 125.972436
101.806816 124.978128
101.806816 124.480973
101.806816 123.983819
101.309662 122.989511
101.309662 122.492357
100.812508 121.995203
100.812508 121.498049
100.812508 121.000894
100.812508 120.503740
100.315354 120.006586
100.315354 119.509432
100.315354 119.012278
99.818200 118.515124
99.818200 118.017970
99.818200 117.520815
99.818200 117.023661
99.321045 116.526507
99.321045 116.029353
99.321045 115.532199
99.321045 115.035045
99.321045 114.537891
99.321045 114.040736
98.823891 113.543582
98.823891 113.046428
98.823891 112.549274
98.823891 112.052120
98.823891 111.554966
98.823891 111.057812
98.823891 110.560657
98.823891 110.063503
98.823891 109.566349
98.823891 109.069195
98.823891 108.572041
98.823891 108.074887
98.823891 107.577732
98.823891 107.080578
98.823891 106.583424
98.823891 106.086270
98.823891 105.589116
98.823891 105.091962
98.823891 104.594808
98.823891 104.097653
98.823891 103.600499
98.823891 103.103345
98.823891 102.606191
98.823891 102.109037
98.823891 101.611883
98.823891 101.114729
99.321045 101.114729
99.321045 100.617574
99.321045 100.120420
99.321045 99.623266
99.321045 99.126112
99.321045 98.628958
99.818200 98.131804
99.818200 97.634650
99.818200 97.137495
99.818200 96.640341
99.818200 96.143187
99.818200 95.646033
99.818200 95.148879
100.315354 94.651725
100.315354 94.154571
100.315354 93.657416
100.315354 93.160262
100.315354 92.663108
100.315354 92.165954
100.315354 91.668800
100.812508 91.668800
100.812508 91.171646
100.812508 90.674491
100.812508 90.177337
101.309662 89.680183
101.309662 89.183029
101.309662 89.680183
101.309662 89.183029
101.309662 88.685875
101.806816 88.188721
101.806816 87.691567
101.806816 87.194412
101.806816 86.697258
102.303970 86.697258
102.303970 86.200104
102.303970 86.697258
102.303970 86.200104
102.801124 85.702950
102.801124 85.205796
102.801124 84.708642
103.298279 84.211488
103.298279 83.714333
103.795433 83.217179
103.795433 82.720025
104.292587 82.720025
104.292587 82.222871
104.292587 82.720025
104.292587 82.222871
104.789741 81.725717
104.789741 81.228563
104.789741 80.731409
104.789741 80.234254
104.292587 79.737100
103.795433 79.239946
103.795433 78.742792
103.298279 78.245638
103.298279 77.748484
102.801124 77.251330
102.801124 76.754175
102.303970 76.257021
102.303970 75.759867
101.806816 75.262713
101.806816 74.765559
101.309662 74.765559
100.812508 74.268405
100.315354 74.268405
99.818200 73.771251
99.321045 73.274096
98.823891 73.274096
98.326737 73.274096
97.829583 73.274096
97.332429 73.274096
96.835275 73.274096
96.338121 73.274096
95.840966 73.274096
95.343812 73.274096
94.846658 73.771251
94.349504 73.771251
93.852350 73.771251
93.355196 74.268405
92.858042 74.268405
92.360887 74.268405
91.863733 74.765559
90.869425 74.765559
90.372271 74.765559
89.875117 75.262713
89.377963 75.262713
88.880808 75.262713
88.383654 75.759867
87.886500 75.759867
87.389346 75.759867
87.389346 76.257021
