86.238403 88.660906
85.633040 88.660906
85.027677 88.660906
84.422314 89.266269
83.816952 89.266269
83.211589 89.266269
82.606226 89.266269
82.000863 89.871632
81.395501 89.871632
80.790138 89.871632
80.184775 89.871632
79.579412 89.871632
78.974050 90.476995
78.368687 90.476995
77.763324 90.476995
77.157961 90.476995
76.552599 90.476995
75.947236 91.082357
75.341873 91.082357
74.736510 91.082357
74.131148 91.082357
73.525785 91.687720
72.920422 91.687720
72.315060 91.687720
71.709697 91.687720
71.104334 92.293083
70.498971 92.293083
69.893609 92.898446
69.288246 92.898446
68.682883 92.898446
68.077520 92.898446
67.472158 93.503808
66.866795 93.503808
66.261432 93.503808
65.656069 94.109171
65.050707 94.109171
64.445344 94.714534
63.839981 95.319897
63.234618 95.925259
62.629256 96.530622
62.023893 97.135985
61.418530 97.135985
60.813167 97.741348
60.207805 98.346710
59.602442 98.952073
58.997079 99.557436
58.391716 100.162799
57.786354 100.768161
57.180991 101.373524
56.575628 101.978887
55.970265 101.978887
55.364903 102.584250
54.759540 103.189612
54.154177 103.794975
53.548814 104.400338
52.943452 105.005701
52.338089 105.611063
51.732726 106.216426
51.127363 106.821789
50.522001 107.427152
50.522001 108.032514
49.916638 108.637877
49.311275 109.243240
49.311275 109.848602
49.311275 110.453965
48.705912 111.059328
48.705912 111.664691
48.100550 112.270053
48.100550 112.875416
47.495187 113.480779
47.495187 114.086142
47.495187 114.691504
47.495187 115.296867
47.495187 115.902230
47.495187 116.507593
47.495187 117.112955
47.495187 117.718318
47.495187 118.323681
47.495187 118.929044
46.889824 119.534406
46.889824 120.139769
46.889824 120.745132
46.889824 121.350495
46.284461 121.955857
46.284461 122.561220
46.284461 123.771946
46.284461 124.377308
45.679099 124.982671
46.284461 125.588034
46.284461 126.193397
46.284461 126.798759
46.284461 127.404122
46.284461 128.009485
46.284461 128.614848
46.889824 129.220210
46.889824 129.825573
46.889824 130.430936
47.495187 131.036299
47.495187 131.641661
47.495187 132.247024
47.495187 132.852387
47.495187 133.457750
47.495187 134.063112
47.495187 134.668475
47.495187 135.273838
47.495187 135.879200
47.495187 136.484563
47.495187 137.089926
47.495187 137.695289
47.495187 138.300651
47.495187 138.906014
47.495187 139.511377
47.495187 140.116740
47.495187 140.722102
47.495187 141.327465
47.495187 141.932828
47.495187 142.538191
47.495187 143.143553
47.495187 143.748916
47.495187 144.354279
47.495187 144.959642
47.495187 145.565004
47.495187 146.170367
47.495187 146.775730
47.495187 147.381093
47.495187 147.986455
47.495187 148.591818
48.100550 149.197181
48.100550 149.802544
48.100550 150.407906
48.705912 151.013269
48.705912 151.618632
48.705912 152.223995
49.311275 152.829357
49.311275 153.434720
49.311275 154.040083
49.311275 154.645446
49.311275 155.250808
49.311275 155.856171
49.311275 156.461534
49.311275 157.066897
49.311275 157.672259
49.916638 158.277622
49.916638 158.882985
50.522001 159.488348
50.522001 160.093710
51.127363 160.699073
51.732726 161.304436
51.732726 161.909799
52.338089 162.515161
52.338089 163.120524
52.943452 163.725887
52.943452 164.331249
52.943452 164.936612
52.943452 165.541975
53.548814 166.147338
53.548814 166.752700
53.548814 167.358063
53.548814 167.963426
53.548814 168.568789
54.154177 169.174151
54.759540 169.779514
55.364903 170.384877
55.970265 170.990240
56.575628 171.595602
57.180991 172.200965
57.786354 172.806328
58.391716 173.411691
58.997079 174.017053
59.602442 174.622416
60.207805 175.227779
60.207805 175.833142
60.813167 176.438504
61.418530 177.043867
62.023893 177.649230
62.629256 178.254593
63.234618 178.859955
63.839981 179.465318
64.445344 180.070681
65.050707 180.676044
65.656069 181.281406
66.261432 181.886769
66.261432 182.492132
66.866795 183.097495
67.472158 183.702857
68.077520 184.308220
68.682883 184.308220
69.288246 184.308220
69.893609 184.913583
70.498971 184.913583
71.104334 184.913583
71.709697 184.913583
72.315060 185.518946
72.920422 185.518946
73.525785 185.518946
74.131148 185.518946
74.736510 186.124308
75.341873 186.124308
75.947236 186.124308
76.552599 186.124308
77.157961 186.729671
77.763324 186.729671
78.368687 186.729671
78.974050 186.729671
79.579412 187.335034
80.184775 187.335034
80.790138 187.335034
81.395501 187.335034
82.000863 187.335034
82.606226 187.335034
83.211589 187.335034
83.816952 186.729671
84.422314 186.729671
85.027677 186.729671
85.633040 186.729671
86.238403 186.729671
86.843765 186.729671
87.449128 186.729671
88.054491 186.729671
88.659854 186.729671
89.265216 186.729671
89.870579 186.729671
90.475942 186.729671
91.081305 186.729671
91.686667 186.729671
92.292030 186.729671
92.897393 187.335034
93.502756 187.335034
94.108118 187.335034
94.713481 187.335034
95.318844 187.335034
95.924207 187.335034
96.529569 187.335034
97.134932 187.335034
97.740295 186.729671
98.345658 186.729671
98.951020 186.124308
99.556383 186.124308
100.161746 186.124308
100.767108 186.124308
101.372471 185.518946
101.977834 185.518946
102.583197 185.518946
103.188559 184.913583
103.793922 184.913583
104.399285 184.913583
105.004648 184.308220
105.610010 184.308220
106.215373 184.308220
106.820736 183.702857
107.426099 183.702857
108.031461 183.702857
108.636824 183.097495
109.242187 183.097495
109.847550 182.492132
111.058275 182.492132
111.663638 182.492132
112.269001 181.886769
112.874363 181.886769
113.479726 181.281406
114.085089 180.676044
114.690452 180.676044
114.690452 180.070681
114.690452 179.465318
114.690452 178.859955
114.690452 178.254593
114.690452 177.649230
114.690452 177.043867
114.690452 176.438504
114.085089 175.833142
113.479726 175.227779
112.874363 174.622416
112.269001 174.017053
111.663638 173.411691
111.058275 172.806328
110.452912 172.200965
109.847550 172.200965
109.847550 171.595602
109.242187 170.990240
108.636824 170.384877
108.031461 169.779514
108.031461 169.174151
106.820736 168.568789
106.215373 167.963426
105.610010 167.358063
105.004648 166.752700
104.399285 166.147338
103.793922 165.541975
103.793922 164.936612
103.188559 164.331249
102.583197 163.725887
101.977834 163.120524
101.977834 162.515161
101.372471 161.909799
101.372471 161.304436
100.767108 160.699073
100.161746 160.093710
100.161746 159.488348
99.556383 158.882985
99.556383 158.277622
98.951020 157.672259
98.951020 157.066897
98.345658 156.461534
98.345658 155.856171
97.740295 155.250808
97.740295 154.645446
97.134932 154.040083
97.134932 153.434720
96.529569 152.829357
96.529569 152.223995
96.529569 151.618632
95.924207 151.013269
95.924207 150.407906
95.318844 149.802544
95.318844 149.197181
94.713481 148.591818
94.713481 147.986455
94.713481 147.381093
94.108118 146.775730
94.108118 146.170367
94.108118 145.565004
94.108118 144.959642
93.502756 144.354279
93.502756 143.748916
93.502756 143.143553
92.897393 142.538191
92.897393 141.932828
92.292030 141.327465
92.292030 140.722102
92.292030 140.116740
91.686667 139.511377
91.686667 138.906014
91.686667 138.300651
91.686667 137.695289
91.686667 137.089926
91.686667 136.484563
91.081305 135.879200
91.081305 135.273838
91.081305 134.668475
91.081305 134.063112
91.081305 133.457750
90.475942 132.852387
90.475942 132.247024
90.475942 131.641661
90.475942 131.036299
90.475942 130.430936
90.475942 129.825573
90.475942 129.220210
89.870579 128.614848
89.870579 128.009485
89.870579 127.404122
89.870579 126.798759
89.870579 126.193397
89.870579 125.588034
89.870579 124.982671
89.870579 124.377308
89.870579 123.771946
89.870579 123.166583
89.870579 122.561220
89.870579 121.955857
89.870579 121.350495
89.870579 120.745132
89.870579 120.139769
89.870579 119.534406
90.475942 118.929044
90.475942 118.323681
90.475942 117.718318
90.475942 117.112955
90.475942 116.507593
90.475942 115.902230
90.475942 115.296867
91.081305 114.691504
91.081305 114.086142
91.081305 113.480779
91.081305 112.875416
91.081305 112.270053
91.081305 111.664691
91.081305 111.059328
91.081305 110.453965
91.081305 109.848602
91.081305 109.243240
91.686667 108.637877
91.686667 108.032514
91.686667 107.427152
91.686667 106.821789
91.686667 106.216426
91.686667 105.611063
91.686667 105.005701
91.686667 104.400338
91.686667 103.794975
91.686667 103.189612
91.686667 102.584250
92.292030 101.978887
92.292030 101.373524
92.292030 100.768161
92.897393 100.162799
92.897393 99.557436
92.897393 98.952073
92.897393 98.346710
92.897393 97.741348
93.502756 97.135985
93.502756 96.530622
94.108118 95.925259
94.108118 95.319897
94.713481 94.714534
94.713481 94.109171
94.713481 93.503808
95.318844 92.898446
95.318844 92.293083
95.924207 91.687720
95.924207 91.082357
95.924207 90.476995
95.318844 89.871632
94.713481 89.266269
94.108118 89.266269
93.502756 89.266269
92.897393 89.266269
92.292030 88.660906
91.686667 88.660906
91.081305 88.660906
90.475942 88.660906
89.870579 88.660906
89.265216 88.660906
88.659854 88.055544
88.054491 88.055544
87.449128 88.055544
86.843765 88.660906
86.238403 88.660906
