86.127096 81.897496
85.520012 81.897496
84.912928 81.897496
84.305844 81.897496
83.698760 81.897496
83.091675 81.290412
82.484591 81.290412
81.877507 81.290412
81.270423 81.290412
80.663339 81.290412
79.449170 81.290412
78.842086 81.290412
78.235002 81.290412
77.627918 81.290412
77.020833 81.290412
76.413749 81.290412
75.806665 81.290412
74.592497 81.290412
73.985412 81.290412
73.378328 81.290412
72.771244 81.290412
72.164160 81.290412
71.557076 81.290412
70.949991 81.897496
69.735823 81.897496
69.128739 82.504580
68.521655 82.504580
67.914570 83.111664
67.307486 83.718748
66.700402 84.325833
66.093318 84.325833
65.486234 84.932917
64.879149 85.540001
64.272065 85.540001
63.664981 86.147085
63.057897 86.754169
62.450813 86.754169
61.843729 87.361254
61.236644 87.968338
60.629560 87.968338
60.022476 88.575422
59.415392 89.182506
58.808308 89.789590
58.201223 89.789590
57.594139 90.396674
56.987055 91.003759
56.379971 91.003759
55.772887 91.610843
55.165802 92.217927
54.558718 92.825011
53.951634 93.432095
53.951634 94.039180
53.344550 94.646264
52.737466 95.253348
52.130381 95.860432
52.130381 96.467516
51.523297 97.074601
50.916213 97.681685
50.916213 98.288769
50.309129 98.895853
49.702045 100.110022
49.702045 100.717106
49.094960 101.324190
49.094960 101.931274
48.487876 102.538358
47.880792 103.145443
47.880792 103.752527
47.273708 104.359611
46.666624 104.966695
46.666624 105.573779
46.666624 106.787948
46.666624 107.395032
46.666624 108.002116
46.666624 108.609200
46.666624 109.823369
46.666624 110.430453
46.059539 111.037537
46.059539 112.251706
46.059539 112.858790
46.059539 113.465874
46.059539 114.072958
46.059539 115.287127
46.059539 115.894211
46.059539 116.501295
46.059539 117.108379
46.059539 118.322547
46.059539 118.929632
46.059539 119.536716
46.059539 120.750884
46.059539 121.357968
45.452455 121.965053
45.452455 122.572137
45.452455 123.786305
45.452455 124.393389
45.452455 125.000474
45.452455 125.607558
45.452455 126.821726
45.452455 127.428810
45.452455 128.642979
45.452455 129.250063
45.452455 129.857147
45.452455 131.071316
45.452455 131.678400
45.452455 132.892568
45.452455 133.499652
46.059539 134.106737
46.059539 135.320905
46.059539 135.927989
46.059539 137.142158
46.059539 137.749242
46.059539 138.356326
46.059539 139.570494
46.059539 140.177579
46.059539 141.391747
46.059539 141.998831
46.059539 142.605915
46.059539 143.820084
46.059539 144.427168
46.059539 145.034252
46.059539 146.248420
46.059539 146.855505
46.059539 148.069673
46.059539 148.676757
46.059539 149.283841
46.059539 150.498010
46.059539 151.105094
46.059539 152.319262
46.059539 152.926347
46.666624 153.533431
46.666624 154.140515
46.666624 154.747599
47.273708 155.354683
47.273708 155.961768
47.880792 157.175936
47.880792 157.783020
47.880792 158.390104
48.487876 158.997189
48.487876 159.604273
49.094960 160.211357
49.094960 160.818441
49.094960 161.425525
49.702045 162.032610
49.702045 162.639694
50.309129 163.246778
50.309129 164.460946
50.309129 165.068031
50.916213 165.675115
50.916213 166.282199
51.523297 166.889283
51.523297 167.496367
52.130381 168.103452
52.737466 168.710536
52.737466 169.317620
53.344550 169.924704
53.344550 170.531788
53.951634 171.138872
54.558718 171.745957
54.558718 172.353041
55.165802 172.960125
55.165802 173.567209
55.772887 174.174293
56.379971 174.781378
56.379971 175.388462
56.987055 175.995546
56.987055 176.602630
57.594139 177.209714
58.201223 177.816799
58.201223 178.423883
58.808308 179.030967
59.415392 179.030967
60.022476 179.638051
60.629560 180.245135
61.236644 180.245135
61.843729 180.852220
62.450813 181.459304
63.057897 182.066388
63.664981 182.066388
64.879149 182.673472
65.486234 183.280556
66.093318 183.280556
66.700402 183.887641
67.307486 184.494725
67.914570 185.101809
68.521655 185.101809
69.128739 185.708893
69.735823 185.708893
70.342907 185.708893
71.557076 185.708893
72.164160 185.708893
72.771244 185.708893
73.985412 185.708893
74.592497 186.315977
75.199581 186.315977
76.413749 186.315977
77.020833 186.315977
77.627918 186.315977
78.842086 186.315977
79.449170 186.315977
80.056254 186.315977
80.663339 186.315977
81.877507 186.923062
82.484591 186.923062
83.091675 186.923062
84.305844 186.923062
84.912928 186.923062
85.520012 186.923062
86.734181 186.923062
87.341265 186.923062
87.948349 186.923062
89.162517 186.923062
89.769602 186.923062
90.376686 186.923062
90.983770 186.315977
92.197938 186.315977
92.805022 186.315977
93.412107 185.708893
94.019191 185.708893
94.626275 185.708893
95.840443 185.101809
96.447528 185.101809
97.054612 185.101809
97.661696 184.494725
98.875864 184.494725
99.482949 184.494725
100.090033 183.887641
100.697117 183.887641
101.911285 183.887641
102.518370 183.280556
103.125454 183.280556
103.732538 183.280556
104.946706 183.280556
105.553791 182.673472
106.160875 182.673472
106.767959 182.673472
107.375043 182.066388
107.982127 182.066388
108.589212 181.459304
109.196296 180.852220
109.803380 180.852220
110.410464 180.245135
111.017548 180.245135
111.017548 179.638051
111.624633 179.030967
111.624633 178.423883
111.624633 177.816799
111.624633 177.209714
111.624633 176.602630
112.231717 175.995546
112.231717 175.388462
112.231717 174.781378
112.838801 174.174293
112.838801 173.567209
112.838801 172.960125
112.231717 171.745957
111.624633 171.138872
111.017548 170.531788
110.410464 169.924704
109.803380 169.317620
109.196296 168.710536
108.589212 168.710536
108.589212 168.103452
108.589212 167.496367
107.982127 166.889283
107.375043 166.282199
106.767959 165.675115
106.160875 165.068031
106.160875 164.460946
105.553791 163.853862
104.946706 163.246778
104.339622 162.639694
104.339622 162.032610
103.732538 161.425525
103.125454 160.818441
103.125454 160.211357
102.518370 159.604273
102.518370 158.997189
101.911285 158.390104
101.911285 157.783020
101.304201 157.783020
101.304201 157.175936
101.304201 156.568852
100.697117 155.961768
100.697117 155.354683
100.090033 154.747599
100.090033 154.140515
99.482949 153.533431
99.482949 152.926347
99.482949 152.319262
98.875864 151.712178
98.875864 151.105094
98.875864 150.498010
98.268780 149.890926
98.268780 149.283841
98.268780 148.676757
98.268780 148.069673
97.661696 147.462589
97.661696 146.855505
97.661696 146.248420
97.054612 145.641336
97.054612 145.034252
96.447528 144.427168
96.447528 143.820084
96.447528 143.213000
96.447528 142.605915
96.447528 141.998831
95.840443 141.391747
95.840443 140.784663
95.840443 140.177579
95.840443 139.570494
95.840443 138.963410
95.840443 138.356326
95.840443 137.749242
95.233359 137.142158
95.233359 136.535073
95.233359 135.927989
95.233359 135.320905
95.233359 134.713821
94.626275 134.106737
94.626275 133.499652
94.626275 132.892568
94.626275 132.285484
94.626275 131.678400
94.626275 131.071316
94.626275 130.464231
94.626275 129.857147
94.626275 129.250063
94.626275 128.642979
94.626275 128.035895
94.626275 127.428810
94.626275 126.821726
94.626275 126.214642
94.626275 125.607558
94.626275 125.000474
94.626275 124.393389
94.626275 123.786305
94.626275 123.179221
94.626275 122.572137
94.626275 121.965053
94.626275 121.357968
94.626275 120.750884
94.626275 120.143800
94.626275 119.536716
94.626275 118.929632
94.626275 118.322547
94.626275 117.715463
94.626275 117.108379
94.626275 116.501295
94.626275 115.894211
94.626275 115.287127
94.626275 114.680042
94.626275 114.072958
94.626275 113.465874
95.233359 112.858790
95.233359 112.251706
95.233359 111.644621
95.233359 111.037537
95.233359 110.430453
95.840443 109.823369
95.840443 109.216285
95.840443 108.609200
96.447528 108.002116
96.447528 107.395032
96.447528 106.787948
96.447528 106.180864
97.054612 105.573779
97.054612 104.966695
97.054612 104.359611
97.054612 103.752527
97.661696 103.145443
97.661696 102.538358
97.661696 101.931274
97.054612 101.324190
97.054612 100.717106
97.054612 100.110022
97.054612 99.502937
97.054612 98.895853
97.054612 98.288769
97.054612 97.681685
97.054612 97.074601
97.054612 96.467516
97.054612 95.860432
97.054612 95.253348
97.054612 94.646264
97.054612 94.039180
97.054612 93.432095
97.054612 92.825011
97.054612 92.217927
97.661696 91.610843
97.054612 91.003759
96.447528 90.396674
95.840443 90.396674
95.233359 89.789590
94.626275 89.789590
94.626275 89.182506
94.019191 88.575422
93.412107 88.575422
93.412107 87.968338
92.805022 87.361254
92.197938 87.361254
92.197938 86.754169
91.590854 86.147085
90.983770 85.540001
90.376686 85.540001
89.769602 84.932917
89.162517 84.932917
89.162517 84.325833
88.555433 84.325833
87.948349 83.718748
87.341265 83.111664
86.734181 83.111664
86.734181 82.504580
86.127096 81.897496
