151.630599 84.264913
151.630599 84.849931
151.045581 86.019967
151.045581 86.604985
150.460563 87.190004
150.460563 87.775022
149.875545 88.945058
149.875545 89.530076
149.290527 90.115094
148.705508 90.115094
148.120490 90.115094
147.535472 90.115094
147.535472 90.700112
146.950454 90.700112
146.365436 91.285130
145.780418 91.285130
145.195400 91.285130
144.610382 91.285130
144.610382 91.870148
144.025364 91.870148
143.440346 91.870148
143.440346 92.455166
142.855328 92.455166
142.270309 92.455166
142.270309 93.040184
141.685291 93.040184
141.100273 93.625203
140.515255 94.210221
139.930237 94.210221
139.345219 94.795239
138.760201 94.795239
138.760201 95.380257
138.175183 95.380257
137.590165 95.965275
137.005147 96.550293
136.420129 96.550293
136.420129 97.135311
135.835110 97.135311
135.835110 97.720329
135.250092 97.720329
134.665074 98.305347
134.080056 98.890365
133.495038 99.475383
132.910020 99.475383
132.910020 100.060402
132.325002 100.645420
131.739984 101.230438
131.154966 101.815456
130.569948 102.400474
129.984930 102.985492
129.399911 103.570510
129.399911 104.155528
128.814893 104.740546
128.229875 105.325564
127.644857 105.910582
127.059839 106.495601
127.059839 107.080619
126.474821 107.665637
125.889803 108.250655
125.889803 108.835673
125.304785 109.420691
124.719767 110.005709
124.719767 110.590727
124.134749 111.175745
124.134749 111.760763
123.549731 112.345781
123.549731 112.930800
122.964712 113.515818
122.964712 114.100836
122.964712 114.685854
122.379694 115.270872
122.379694 115.855890
121.794676 116.440908
121.794676 117.025926
121.794676 117.610944
121.794676 118.195962
121.209658 118.780980
121.209658 119.365999
121.209658 119.951017
121.209658 120.536035
120.624640 121.121053
120.624640 121.706071
120.624640 122.291089
120.624640 122.876107
120.624640 123.461125
120.624640 124.046143
120.039622 124.631161
120.039622 125.216179
120.039622 125.801198
120.039622 126.386216
120.039622 126.971234
120.039622 127.556252
120.039622 128.141270
120.039622 128.726288
120.039622 129.311306
120.039622 129.896324
120.039622 130.481342
119.454604 131.066360
119.454604 131.651378
119.454604 132.236397
119.454604 132.821415
119.454604 133.406433
119.454604 133.991451
119.454604 134.576469
119.454604 135.161487
119.454604 135.746505
119.454604 136.331523
119.454604 136.916541
119.454604 137.501559
119.454604 138.086577
119.454604 138.671596
119.454604 139.256614
119.454604 139.841632
119.454604 140.426650
120.039622 140.426650
120.039622 141.011668
120.039622 141.596686
120.039622 142.181704
120.039622 142.766722
120.039622 143.351740
120.624640 143.936758
120.624640 144.521776
120.624640 145.106795
120.624640 145.691813
120.624640 146.276831
121.209658 146.276831
121.209658 146.861849
121.209658 147.446867
121.209658 148.031885
121.794676 148.616903
121.794676 149.201921
122.379694 149.786939
122.379694 150.371957
122.379694 150.956975
122.379694 151.541994
122.964712 151.541994
122.964712 152.127012
123.549731 152.712030
122.964712 153.297048
122.964712 153.882066
122.379694 155.052102
122.379694 155.637120
121.794676 156.222138
121.209658 156.807156
120.624640 157.392174
120.039622 157.392174
119.454604 157.977193
118.869586 158.562211
118.284568 159.147229
117.699550 159.147229
117.114532 159.732247
116.529513 160.317265
115.944495 160.902283
114.774459 160.317265
114.189441 160.317265
113.604423 160.317265
112.434387 159.732247
111.849369 159.732247
110.679333 159.732247
110.094314 159.147229
109.509296 159.147229
108.339260 159.147229
107.754242 158.562211
106.584206 158.562211
105.999188 158.562211
105.414170 157.977193
104.244134 157.977193
103.659115 157.977193
103.074097 157.392174
101.904061 157.392174
101.319043 156.807156
100.149007 156.807156
99.563989 156.807156
98.978971 156.222138
97.808935 156.222138
97.223916 156.222138
96.053880 155.637120
95.468862 155.637120
94.883844 155.637120
93.713808 155.052102
93.128790 155.052102
91.958754 155.052102
91.373736 154.467084
90.788717 154.467084
89.618681 154.467084
89.033663 153.882066
88.448645 153.882066
87.863627 153.297048
86.693591 153.297048
86.108573 152.712030
85.523555 152.712030
84.938537 152.127012
84.353518 152.127012
83.768500 151.541994
83.183482 151.541994
82.598464 150.956975
82.013446 150.956975
81.428428 150.371957
80.258392 150.371957
79.673374 149.786939
79.088356 149.786939
78.503338 149.201921
77.918319 149.201921
77.333301 148.616903
76.748283 148.616903
76.163265 148.031885
75.578247 148.031885
74.408211 147.446867
73.823193 147.446867
73.238175 146.861849
72.653157 146.861849
72.068139 146.276831
71.483120 146.276831
70.898102 145.691813
70.313084 145.691813
69.728066 145.106795
69.143048 145.106795
67.973012 144.521776
67.387994 144.521776
66.802976 143.936758
66.217958 143.351740
65.632940 142.766722
65.632940 142.181704
65.047921 141.596686
64.462903 141.011668
63.877885 140.426650
63.292867 139.841632
62.707849 138.671596
62.122831 138.086577
61.537813 137.501559
60.952795 136.916541
60.367777 136.331523
59.782759 135.746505
59.197741 135.161487
59.197741 134.576469
59.197741 133.991451
59.197741 133.406433
59.197741 132.821415
59.782759 132.236397
59.782759 131.651378
60.367777 130.481342
60.367777 129.896324
60.952795 129.311306
60.952795 128.726288
61.537813 128.141270
61.537813 127.556252
62.122831 126.971234
62.707849 126.386216
62.707849 125.801198
63.292867 125.216179
63.292867 124.046143
63.877885 123.461125
63.877885 122.876107
64.462903 122.291089
64.462903 121.706071
65.047921 121.121053
65.047921 120.536035
65.632940 119.951017
65.632940 119.365999
66.217958 118.195962
66.802976 117.610944
66.802976 117.025926
67.387994 116.440908
67.387994 115.855890
67.973012 115.270872
67.973012 114.685854
68.558030 114.100836
68.558030 113.515818
69.143048 112.345781
69.143048 111.760763
69.728066 111.175745
70.313084 110.590727
70.313084 110.005709
70.898102 109.420691
71.483120 108.835673
71.483120 108.250655
72.068139 107.665637
72.653157 107.080619
73.238175 105.910582
73.238175 105.325564
73.823193 104.740546
74.408211 104.155528
74.993229 103.570510
74.993229 102.985492
75.578247 102.400474
76.163265 101.815456
76.748283 101.230438
76.748283 100.060402
77.333301 99.475383
77.918319 98.890365
78.503338 98.305347
78.503338 97.720329
79.088356 97.135311
79.673374 96.550293
79.673374 95.965275
80.258392 95.380257
80.843410 94.795239
81.428428 93.625203
81.428428 93.040184
82.013446 92.455166
82.598464 91.870148
83.183482 91.285130
83.183482 90.700112
83.768500 90.115094
84.353518 89.530076
84.938537 88.945058
85.523555 87.775022
86.108573 87.190004
86.693591 86.604985
87.278609 86.019967
87.863627 85.434949
87.863627 84.264913
88.448645 83.679895
89.033663 83.094877
89.618681 82.509859
90.203699 81.924841
90.788717 81.339823
91.373736 80.169786
91.958754 79.584768
92.543772 78.999750
93.128790 78.414732
93.713808 77.829714
94.298826 76.659678
94.883844 76.074660
95.468862 75.489642
96.053880 74.904624
96.638898 74.319606
97.223916 73.734587
97.808935 73.149569
98.393953 73.149569
98.978971 72.564551
99.563989 71.979533
100.149007 71.394515
100.734025 70.809497
101.319043 70.224479
101.904061 69.639461
102.489079 69.054443
103.074097 68.469425
103.659115 67.884406
104.244134 67.299388
104.829152 67.299388
105.414170 66.714370
105.999188 66.129352
106.584206 66.129352
107.169224 66.129352
107.754242 65.544334
108.339260 65.544334
108.924278 65.544334
109.509296 64.959316
110.679333 64.959316
111.264351 64.959316
111.849369 64.374298
112.434387 64.374298
113.019405 64.374298
113.604423 64.374298
114.189441 63.789280
114.774459 63.789280
115.359477 63.789280
115.944495 63.204262
116.529513 63.204262
117.114532 63.204262
117.699550 62.619244
118.284568 63.204262
118.869586 63.204262
119.454604 63.204262
120.039622 63.204262
120.624640 63.204262
121.209658 63.789280
121.794676 63.789280
122.379694 63.789280
123.549731 63.789280
124.134749 63.789280
124.719767 63.789280
125.304785 63.789280
125.889803 63.789280
127.059839 63.789280
127.644857 63.789280
128.229875 63.789280
128.814893 63.789280
129.984930 63.789280
130.569948 63.789280
131.154966 63.789280
131.739984 63.789280
132.910020 63.789280
133.495038 63.789280
134.080056 63.789280
134.665074 63.789280
135.250092 63.789280
136.420129 63.789280
137.005147 63.789280
137.590165 64.374298
138.175183 64.959316
138.760201 65.544334
139.345219 66.129352
140.515255 66.714370
141.100273 67.299388
141.685291 67.884406
142.270309 68.469425
142.855328 69.054443
143.440346 69.054443
144.025364 69.639461
144.610382 70.224479
145.780418 70.809497
146.365436 71.394515
146.950454 71.979533
147.535472 72.564551
148.120490 73.149569
148.705508 73.734587
148.705508 74.319606
149.290527 74.904624
149.875545 75.489642
149.875545 76.659678
150.460563 77.244696
151.045581 77.829714
151.045581 78.414732
151.630599 78.999750
152.215617 79.584768
152.215617 80.169786
152.800635 80.754805
153.385653 81.924841
153.385653 82.509859
152.800635 83.094877
152.215617 83.679895
152.215617 84.264913
151.630599 84.264913
