151.933352 85.059804
151.364175 85.628982
150.794997 86.198159
150.794997 86.767337
150.225820 87.905692
149.656642 88.474869
149.656642 89.044047
149.087464 89.613225
148.518287 89.613225
147.949109 89.613225
147.379932 89.613225
147.379932 90.182402
146.810754 90.182402
146.241577 90.182402
145.672399 90.182402
145.103222 90.751580
144.534044 90.751580
143.964866 90.751580
143.395689 91.320757
142.826511 91.320757
142.257334 91.320757
141.688156 91.320757
141.688156 91.889935
141.118979 91.889935
140.549801 92.459112
139.980623 92.459112
139.411446 92.459112
138.842268 92.459112
138.842268 93.028290
138.273091 93.028290
137.703913 93.597467
137.134736 93.597467
136.565558 94.166645
135.996380 94.735823
135.427203 94.735823
134.858025 95.305000
134.288848 95.305000
134.288848 95.874178
133.719670 95.874178
133.150493 96.443355
132.581315 97.012533
132.012137 97.012533
131.442960 97.581710
130.873782 97.581710
130.873782 98.150888
130.304605 98.720066
129.735427 99.289243
129.166250 99.858421
128.597072 100.427598
128.027895 100.427598
128.027895 100.996776
127.458717 101.565953
126.889539 102.135131
126.320362 102.704309
125.751184 103.273486
125.182007 103.842664
124.612829 104.411841
124.612829 104.981019
124.043652 105.550196
123.474474 106.119374
123.474474 106.688552
122.905296 107.257729
122.336119 107.826907
122.336119 108.396084
121.766941 108.965262
121.197764 109.534439
121.197764 110.103617
120.628586 110.672794
120.059409 111.241972
120.059409 111.811150
119.490231 112.380327
119.490231 112.949505
118.921053 113.518682
118.921053 114.087860
118.921053 114.657037
118.351876 115.226215
118.351876 115.795393
117.782698 116.364570
117.782698 116.933748
117.782698 117.502925
117.213521 118.072103
117.213521 118.641280
117.213521 119.210458
116.644343 119.779636
116.644343 120.348813
116.644343 120.917991
116.644343 121.487168
116.075166 122.056346
116.075166 122.625523
116.075166 123.194701
116.075166 123.763879
116.075166 124.333056
115.505988 124.902234
115.505988 125.471411
115.505988 126.040589
115.505988 126.609766
115.505988 127.178944
115.505988 127.748121
115.505988 128.317299
115.505988 128.886477
115.505988 129.455654
115.505988 130.024832
115.505988 130.594009
115.505988 131.163187
115.505988 131.732364
115.505988 132.301542
115.505988 132.870720
115.505988 133.439897
115.505988 134.009075
115.505988 134.578252
115.505988 135.147430
115.505988 135.716607
115.505988 136.285785
115.505988 136.854963
115.505988 137.424140
115.505988 137.993318
115.505988 138.562495
115.505988 139.131673
115.505988 139.700850
115.505988 140.270028
115.505988 140.839206
115.505988 141.408383
115.505988 141.977561
115.505988 142.546738
116.075166 143.115916
116.075166 143.685093
116.075166 144.254271
116.075166 144.823449
116.075166 145.392626
116.644343 145.961804
116.644343 146.530981
116.644343 147.100159
116.644343 147.669336
117.213521 148.238514
117.213521 148.807691
117.213521 149.376869
117.213521 149.946047
116.644343 150.515224
116.644343 151.084402
116.075166 151.653579
116.075166 152.222757
115.505988 153.361112
114.936810 153.930290
114.936810 154.499467
113.798455 155.068645
113.229278 155.068645
112.660100 155.637822
112.090923 155.637822
111.521745 156.207000
110.952568 156.776177
110.383390 156.776177
109.814212 157.345355
109.245035 157.345355
108.675857 157.914533
108.106680 157.914533
107.537502 157.914533
106.968325 157.914533
106.399147 157.914533
105.829969 157.914533
105.260792 157.914533
104.691614 157.914533
104.122437 157.914533
102.984082 157.914533
102.414904 158.483710
101.845726 158.483710
101.276549 158.483710
100.707371 158.483710
100.138194 158.483710
99.569016 158.483710
98.999839 158.483710
98.430661 158.483710
97.861483 159.052888
97.292306 159.052888
96.723128 159.052888
96.153951 159.052888
95.584773 159.052888
95.015596 159.052888
94.446418 159.052888
93.877240 159.052888
93.308063 159.052888
92.169708 159.052888
91.600530 158.483710
91.031353 158.483710
90.462175 157.914533
89.892998 157.914533
89.323820 157.345355
88.754642 157.345355
88.185465 156.776177
87.047110 156.776177
86.477932 156.207000
85.908755 156.207000
85.339577 155.637822
84.770399 155.637822
84.201222 155.068645
83.632044 155.068645
83.062867 154.499467
81.924512 154.499467
81.355334 153.930290
80.786156 153.930290
80.216979 153.361112
79.647801 153.361112
79.078624 152.791934
78.509446 152.791934
77.940269 152.222757
76.801913 152.222757
76.232736 151.653579
76.232736 151.084402
75.663558 150.515224
75.094381 149.946047
74.525203 149.376869
73.956026 148.807691
73.956026 148.238514
73.386848 147.669336
72.817671 147.100159
72.248493 145.961804
71.679315 145.392626
71.679315 144.823449
71.110138 144.254271
70.540960 143.685093
69.971783 143.115916
69.402605 142.546738
68.833428 141.977561
68.833428 140.839206
68.264250 140.270028
67.695072 139.700850
67.125895 139.131673
66.556717 138.562495
65.987540 137.993318
65.987540 137.424140
65.418362 136.854963
65.418362 136.285785
65.418362 135.716607
65.418362 135.147430
65.418362 134.578252
65.418362 133.439897
65.418362 132.870720
65.418362 132.301542
65.418362 131.732364
65.987540 131.163187
65.987540 130.594009
65.987540 130.024832
65.987540 129.455654
65.987540 128.886477
65.987540 128.317299
65.987540 127.748121
65.987540 127.178944
66.556717 126.609766
66.556717 126.040589
66.556717 125.471411
66.556717 124.902234
66.556717 124.333056
66.556717 123.763879
66.556717 123.194701
66.556717 122.625523
66.556717 122.056346
67.125895 121.487168
67.125895 120.917991
67.125895 120.348813
67.125895 119.779636
67.125895 119.210458
67.125895 118.641280
67.125895 118.072103
67.125895 117.502925
67.125895 116.933748
67.695072 116.364570
67.695072 115.795393
67.695072 115.226215
67.695072 114.657037
67.695072 114.087860
68.264250 113.518682
68.833428 112.949505
68.833428 112.380327
69.402605 111.241972
69.971783 110.672794
70.540960 110.103617
70.540960 109.534439
71.110138 108.965262
71.679315 108.396084
72.248493 107.826907
72.817671 107.257729
73.386848 106.688552
73.956026 106.119374
73.956026 105.550196
74.525203 104.981019
75.094381 104.411841
75.663558 103.842664
76.232736 103.273486
76.801913 102.704309
76.801913 102.135131
77.371091 101.565953
77.940269 100.996776
78.509446 100.427598
79.078624 99.858421
79.647801 99.289243
79.647801 98.720066
80.216979 98.150888
80.786156 97.581710
81.355334 97.012533
81.924512 96.443355
82.493689 95.874178
83.062867 95.305000
83.062867 94.735823
83.632044 94.166645
84.201222 93.597467
84.770399 93.028290
85.339577 92.459112
85.339577 91.889935
85.908755 91.320757
85.908755 90.751580
86.477932 90.182402
86.477932 89.613225
87.047110 88.474869
87.047110 87.905692
87.616287 87.336514
88.185465 86.767337
88.754642 86.198159
88.754642 85.628982
89.323820 85.059804
89.892998 84.490626
89.892998 83.921449
90.462175 83.352271
91.031353 82.783094
91.031353 82.213916
91.600530 81.644739
92.169708 81.075561
92.738885 80.506383
92.738885 79.937206
93.308063 79.368028
93.877240 78.798851
93.877240 78.229673
94.446418 77.660496
95.015596 77.091318
95.015596 75.952963
95.584773 75.383785
96.153951 74.814608
96.723128 74.245430
96.723128 73.676253
97.292306 73.107075
97.861483 72.537898
98.430661 71.968720
98.999839 71.399542
99.569016 70.830365
100.138194 70.261187
100.707371 69.692010
101.276549 69.122832
101.845726 68.553655
102.414904 67.984477
102.984082 67.415299
103.553259 66.846122
104.122437 66.276944
104.122437 65.707767
104.691614 65.138589
105.260792 65.138589
105.829969 65.138589
106.399147 65.138589
106.399147 64.569412
106.968325 64.569412
107.537502 64.000234
108.106680 63.431056
108.675857 63.431056
109.245035 62.861879
109.814212 62.861879
110.383390 62.292701
110.952568 62.292701
111.521745 61.723524
112.090923 61.723524
112.660100 61.154346
113.229278 61.154346
113.798455 61.154346
114.367633 60.585169
114.936810 60.585169
115.505988 60.585169
116.644343 60.585169
117.213521 60.585169
117.782698 60.585169
118.921053 60.585169
119.490231 60.585169
120.059409 60.585169
121.197764 60.585169
121.766941 60.585169
122.336119 60.585169
123.474474 60.585169
124.043652 61.154346
124.612829 61.154346
125.751184 61.154346
126.320362 61.154346
126.889539 61.154346
128.027895 61.154346
128.597072 61.154346
129.166250 61.723524
129.735427 61.723524
130.304605 62.292701
130.873782 62.292701
131.442960 62.861879
132.012137 62.861879
132.581315 63.431056
133.150493 64.000234
133.719670 64.000234
134.288848 64.569412
134.858025 64.569412
135.427203 65.138589
135.996380 65.707767
137.134736 65.707767
137.703913 66.276944
138.273091 66.276944
138.842268 66.846122
139.411446 66.846122
139.980623 67.415299
140.549801 67.984477
141.118979 67.984477
141.688156 68.553655
142.257334 68.553655
142.826511 69.122832
143.395689 69.692010
143.964866 70.261187
143.964866 70.830365
144.534044 71.399542
145.103222 71.968720
145.103222 72.537898
145.672399 73.107075
146.241577 73.676253
146.810754 74.245430
146.810754 74.814608
147.379932 75.383785
147.949109 75.952963
147.949109 76.522140
148.518287 77.091318
149.087464 77.660496
149.087464 78.229673
149.656642 78.798851
150.225820 79.368028
150.225820 79.937206
150.794997 80.506383
151.364175 81.075561
151.364175 81.644739
151.364175 82.213916
151.364175 82.783094
151.364175 83.352271
151.364175 83.921449
151.364175 84.490626
151.933352 85.059804
