145.745452 81.814315
145.745452 82.348071
145.745452 82.881828
145.745452 83.415584
145.745452 83.949340
145.745452 84.483096
145.745452 85.016852
145.745452 85.550608
145.745452 86.084364
145.211696 86.618121
144.677940 86.618121
144.144183 87.151877
143.610427 87.685633
143.076671 87.685633
142.542915 87.685633
142.542915 88.219389
142.009159 88.219389
141.475403 88.753145
140.941646 88.753145
140.407890 88.753145
140.407890 89.286901
139.874134 89.820658
139.340378 89.820658
138.806622 90.354414
138.272866 90.888170
137.739109 91.421926
137.205353 91.421926
136.671597 91.421926
136.671597 91.955682
136.137841 92.489438
135.604085 93.023195
135.070329 93.023195
135.070329 93.556951
134.536572 94.090707
134.002816 94.090707
134.002816 94.624463
133.469060 94.624463
132.935304 95.158219
132.401548 95.691975
131.867792 95.691975
131.867792 96.225732
131.334035 96.225732
131.334035 96.759488
131.334035 97.293244
130.800279 97.827000
130.266523 98.360756
129.732767 98.360756
129.732767 98.894512
129.199011 99.428269
128.665255 99.962025
128.131498 100.495781
128.131498 101.029537
127.597742 101.563293
127.063986 102.097049
126.530230 102.630806
125.996474 103.164562
125.996474 103.698318
125.462718 104.232074
124.928962 104.765830
124.395205 105.299586
124.395205 105.833342
123.861449 106.367099
123.327693 106.900855
123.327693 107.434611
122.793937 107.968367
122.793937 108.502123
122.260181 109.035879
122.260181 109.569636
121.726425 110.103392
121.192668 110.637148
121.192668 111.170904
120.658912 111.704660
120.658912 112.238416
120.658912 112.772173
120.125156 113.305929
120.125156 113.839685
119.591400 114.373441
119.591400 114.907197
119.057644 115.440953
119.057644 115.974710
119.057644 116.508466
118.523888 117.042222
118.523888 117.575978
118.523888 118.109734
117.990131 118.643490
117.990131 119.177247
117.990131 119.711003
117.456375 120.244759
117.456375 120.778515
117.456375 121.312271
117.456375 121.846027
116.922619 122.379784
116.922619 122.913540
116.922619 123.447296
116.922619 123.981052
116.922619 124.514808
116.388863 125.048564
116.388863 125.582320
116.388863 126.116077
116.388863 126.649833
116.388863 127.183589
116.388863 127.717345
116.388863 128.251101
116.388863 128.784857
115.855107 129.318614
115.855107 129.852370
115.855107 130.386126
115.855107 130.919882
115.855107 131.453638
115.855107 131.987394
115.855107 132.521151
115.855107 133.054907
115.855107 133.588663
115.855107 134.122419
115.855107 134.656175
115.855107 135.189931
115.855107 135.723688
115.855107 136.257444
115.855107 136.791200
115.855107 137.324956
115.855107 137.858712
115.855107 138.392468
115.855107 138.926225
115.855107 139.459981
115.855107 139.993737
115.855107 140.527493
116.388863 141.061249
116.388863 141.595005
116.388863 142.128762
116.388863 142.662518
116.388863 143.196274
116.388863 143.730030
116.388863 144.263786
116.388863 144.797542
116.922619 145.331298
116.922619 145.865055
116.922619 146.398811
116.922619 146.932567
116.922619 147.466323
117.456375 148.000079
117.456375 148.533835
117.456375 149.067592
117.456375 149.601348
117.990131 150.135104
117.990131 150.668860
117.990131 151.202616
117.990131 151.736372
118.523888 151.736372
118.523888 152.270129
118.523888 152.803885
118.523888 153.337641
119.057644 153.337641
119.057644 153.871397
119.057644 154.405153
118.523888 154.405153
117.990131 154.405153
117.456375 154.405153
116.388863 154.405153
115.855107 154.405153
115.321351 154.405153
114.787594 154.405153
114.253838 154.405153
113.720082 154.405153
113.186326 154.405153
112.118814 154.405153
111.585057 154.405153
111.051301 154.405153
110.517545 154.405153
109.983789 154.405153
109.450033 153.871397
108.916277 153.871397
107.848764 153.871397
107.315008 153.871397
106.781252 153.871397
106.247496 153.871397
105.713740 153.871397
105.179984 153.871397
104.646227 153.337641
104.112471 153.337641
103.578715 153.337641
103.044959 153.337641
102.511203 153.337641
101.977447 153.337641
101.443690 153.337641
100.376178 153.337641
99.842422 152.803885
99.308666 152.803885
98.774910 152.270129
98.241153 152.270129
97.707397 152.270129
97.173641 151.736372
96.106129 151.736372
95.572373 151.202616
95.038616 151.202616
94.504860 150.668860
93.971104 150.668860
93.437348 150.135104
92.369836 150.135104
91.836079 150.135104
91.302323 149.601348
90.768567 149.601348
90.234811 149.067592
89.701055 149.067592
89.167299 148.533835
88.099786 148.533835
87.566030 148.533835
87.032274 148.000079
86.498518 148.000079
85.964762 147.466323
85.431006 147.466323
84.897249 146.932567
83.829737 146.932567
83.295981 146.932567
82.762225 146.398811
82.228469 146.398811
81.694712 145.865055
81.160956 145.865055
80.627200 145.331298
80.093444 145.331298
79.559688 145.331298
78.492175 144.797542
77.958419 144.797542
77.424663 144.263786
76.890907 144.263786
76.357151 143.730030
75.823395 143.730030
75.289638 143.196274
74.222126 143.196274
73.688370 142.662518
73.154614 142.662518
72.620858 142.128762
72.087101 142.128762
71.553345 141.595005
71.019589 141.595005
69.952077 141.061249
69.418321 141.061249
68.884564 140.527493
68.884564 139.993737
68.350808 139.459981
67.817052 138.392468
67.817052 137.858712
67.283296 137.324956
67.283296 136.791200
67.283296 136.257444
66.749540 135.723688
66.749540 135.189931
66.749540 134.656175
66.215784 134.122419
66.215784 133.588663
66.215784 133.054907
65.682028 132.521151
65.682028 131.987394
65.148271 131.453638
65.148271 130.919882
65.148271 130.386126
65.148271 129.852370
65.682028 129.318614
65.682028 128.251101
66.215784 127.717345
66.215784 127.183589
66.749540 126.649833
67.283296 126.116077
67.283296 125.582320
67.817052 125.048564
67.817052 124.514808
68.350808 123.447296
68.884564 122.913540
68.884564 122.379784
69.418321 121.846027
69.418321 121.312271
69.952077 120.778515
69.952077 120.244759
70.485833 119.711003
71.019589 119.177247
71.019589 118.109734
71.553345 117.575978
71.553345 117.042222
72.087101 116.508466
72.620858 115.974710
72.620858 115.440953
73.154614 114.907197
73.154614 114.373441
73.688370 113.305929
73.688370 112.772173
74.222126 112.238416
74.755882 111.704660
74.755882 111.170904
75.289638 110.637148
75.289638 110.103392
75.823395 109.569636
75.823395 108.502123
76.357151 107.968367
76.890907 107.434611
76.890907 106.900855
77.424663 106.367099
77.424663 105.833342
77.958419 105.299586
78.492175 104.765830
78.492175 104.232074
79.025932 103.164562
79.025932 102.630806
79.559688 102.097049
79.559688 101.563293
80.093444 101.029537
80.627200 100.495781
80.627200 99.962025
81.160956 98.894512
81.694712 98.360756
82.228469 97.827000
82.762225 97.293244
83.295981 96.759488
83.829737 95.691975
84.363493 95.158219
84.897249 94.624463
85.431006 94.090707
85.964762 93.556951
85.964762 92.489438
86.498518 91.955682
87.032274 91.421926
87.566030 90.888170
88.099786 89.820658
88.633542 89.286901
89.167299 88.753145
89.701055 88.219389
90.234811 87.685633
90.768567 86.618121
90.768567 86.084364
91.302323 85.550608
91.836079 85.016852
92.369836 84.483096
92.903592 83.415584
93.437348 82.881828
93.971104 82.348071
94.504860 81.814315
95.038616 80.746803
95.572373 80.213047
95.572373 79.679291
96.106129 79.145534
96.639885 78.611778
97.707397 78.078022
98.241153 77.544266
98.774910 77.010510
99.308666 76.476754
99.842422 76.476754
100.376178 75.942997
100.909934 75.409241
101.443690 74.875485
102.511203 74.341729
103.044959 74.341729
103.578715 73.807973
104.112471 73.274217
104.646227 72.740460
105.179984 72.206704
105.713740 71.672948
106.247496 71.672948
106.781252 71.139192
107.848764 70.605436
108.382520 70.071680
108.916277 69.537923
109.450033 69.004167
109.983789 69.004167
110.517545 68.470411
111.051301 67.936655
111.585057 67.936655
112.118814 67.936655
112.652570 67.936655
113.720082 67.936655
114.253838 67.936655
114.787594 67.936655
115.321351 67.936655
115.855107 67.936655
116.388863 67.936655
116.922619 67.936655
117.456375 67.936655
117.990131 67.936655
118.523888 67.936655
119.057644 67.936655
120.125156 67.936655
120.658912 67.936655
121.192668 67.936655
121.726425 67.936655
122.260181 67.936655
122.793937 67.936655
123.327693 67.936655
123.861449 67.936655
124.395205 67.936655
124.928962 67.936655
125.462718 67.936655
126.530230 68.470411
127.063986 68.470411
127.597742 68.470411
128.131498 68.470411
128.665255 68.470411
129.199011 68.470411
129.732767 68.470411
130.266523 68.470411
130.800279 68.470411
131.334035 68.470411
131.867792 68.470411
132.401548 68.470411
132.935304 69.004167
133.469060 69.004167
134.002816 69.004167
135.070329 69.537923
135.604085 70.071680
136.137841 70.071680
136.671597 70.605436
137.205353 71.139192
137.739109 71.672948
138.272866 72.206704
138.806622 72.206704
139.340378 72.740460
139.874134 73.274217
140.407890 73.807973
140.941646 73.807973
141.475403 74.341729
142.009159 74.875485
142.542915 75.409241
143.076671 75.942997
143.610427 75.942997
144.144183 76.476754
144.677940 77.010510
145.211696 77.544266
145.211696 78.078022
145.745452 78.611778
145.745452 79.145534
146.279208 79.679291
146.279208 80.213047
145.745452 80.746803
145.745452 81.280559
145.745452 81.814315
