146.419426 83.999695
146.419426 84.518638
146.419426 85.037582
146.419426 85.556525
145.900483 85.556525
145.381540 86.075468
144.862597 86.075468
144.343653 86.594412
143.824710 86.594412
143.305767 86.594412
142.786823 87.113355
142.267880 87.632298
141.748937 87.632298
141.229993 87.632298
140.711050 88.151241
140.192107 88.151241
139.673164 88.670185
139.154220 89.189128
138.635277 89.189128
138.116334 89.708071
137.597390 90.227015
137.078447 90.227015
136.559504 90.745958
136.040560 91.264901
135.521617 91.783844
134.483731 91.783844
134.483731 92.302788
133.964787 92.821731
133.445844 93.340674
132.926901 93.859618
132.407957 93.859618
131.889014 94.378561
131.370071 94.897504
130.851128 95.416448
130.332184 95.935391
129.813241 96.454334
129.294298 96.973277
129.294298 97.492221
128.775354 98.011164
128.256411 98.530107
127.737468 99.049051
127.218524 99.567994
127.218524 100.086937
126.699581 100.605881
126.180638 101.124824
125.661695 101.643767
125.661695 102.162710
125.142751 102.681654
124.623808 103.200597
124.623808 103.719540
124.104865 104.238484
123.585921 104.757427
123.585921 105.276370
123.066978 105.795314
123.066978 106.314257
122.548035 106.833200
122.548035 107.352143
122.548035 107.871087
122.029091 108.390030
122.029091 108.908973
122.029091 109.427917
121.510148 109.946860
121.510148 110.465803
121.510148 110.984747
120.991205 111.503690
120.991205 112.022633
120.991205 112.541576
120.472262 113.060520
120.472262 113.579463
120.472262 114.098406
119.953318 114.617350
119.953318 115.136293
119.953318 115.655236
119.434375 116.174179
119.434375 116.693123
119.434375 117.212066
118.915432 117.731009
118.915432 118.249953
118.915432 118.768896
118.915432 119.287839
118.915432 119.806783
118.396488 120.325726
118.396488 120.844669
118.396488 121.363612
117.877545 121.882556
117.877545 122.401499
117.877545 122.920442
117.358602 123.439386
117.358602 123.958329
117.358602 124.477272
117.358602 124.996216
116.839658 125.515159
116.839658 126.034102
116.839658 126.553045
116.839658 127.071989
116.320715 127.590932
116.320715 128.109875
116.320715 128.628819
116.320715 129.147762
116.320715 129.666705
116.320715 130.185649
116.320715 130.704592
116.320715 131.223535
115.801772 131.742478
115.801772 132.261422
115.801772 131.742478
115.801772 132.261422
115.801772 132.780365
115.801772 133.299308
115.801772 133.818252
115.801772 134.337195
115.801772 134.856138
115.801772 135.375082
115.801772 135.894025
115.801772 136.412968
115.801772 136.931911
115.801772 137.450855
115.801772 137.969798
115.801772 138.488741
115.801772 139.007685
115.801772 139.526628
116.320715 139.526628
116.320715 140.045571
116.320715 140.564514
116.320715 141.083458
116.320715 141.602401
116.320715 142.121344
116.320715 142.640288
116.320715 143.159231
116.839658 143.678174
116.839658 144.197118
116.839658 144.716061
116.839658 145.235004
117.358602 145.753947
117.358602 146.272891
117.358602 146.791834
117.358602 147.310777
117.358602 147.829721
116.839658 148.348664
116.320715 148.867607
115.801772 149.386551
115.801772 149.905494
115.801772 150.424437
115.282829 149.905494
114.763885 149.905494
114.244942 149.905494
113.725999 149.905494
113.207055 149.905494
112.688112 149.905494
112.169169 149.905494
111.650225 149.905494
111.131282 149.386551
110.612339 149.386551
110.093396 149.386551
109.574452 149.386551
109.055509 149.386551
108.536566 149.386551
108.017622 149.386551
107.498679 148.867607
106.979736 148.867607
106.460793 148.867607
105.941849 148.867607
105.422906 148.867607
104.903963 148.867607
104.385019 148.867607
103.866076 148.867607
103.347133 148.348664
102.828189 148.348664
102.309246 148.348664
101.790303 148.348664
101.271360 148.348664
100.752416 148.348664
100.233473 148.348664
99.714530 147.829721
99.195586 147.829721
98.676643 147.829721
98.157700 147.829721
97.638756 147.829721
97.119813 147.310777
96.600870 147.310777
96.081927 147.310777
95.562983 146.791834
95.044040 146.272891
94.525097 146.272891
94.006153 145.753947
93.487210 145.235004
92.968267 145.235004
92.449323 145.235004
91.930380 144.716061
91.411437 144.716061
90.892494 144.716061
90.373550 144.197118
89.854607 143.678174
89.335664 143.678174
88.816720 143.159231
88.297777 143.159231
87.778834 142.640288
87.259891 142.121344
86.740947 142.121344
86.222004 142.121344
85.703061 141.602401
85.184117 141.602401
84.665174 141.083458
84.146231 140.564514
83.627287 140.564514
83.108344 140.045571
82.589401 140.045571
82.070458 139.526628
81.551514 139.007685
81.032571 138.488741
80.513628 137.969798
79.994684 137.450855
79.475741 136.931911
78.956798 136.412968
78.437854 135.894025
77.918911 135.375082
77.918911 134.856138
77.399968 133.818252
76.881025 133.299308
76.362081 132.780365
75.843138 132.261422
75.324195 131.742478
75.324195 131.223535
74.805251 130.704592
74.805251 130.185649
74.805251 129.666705
74.286308 129.147762
74.286308 128.628819
74.286308 128.109875
73.767365 127.590932
73.767365 127.071989
73.767365 126.553045
73.248421 126.034102
73.248421 125.515159
73.248421 124.996216
72.729478 124.477272
72.729478 123.958329
72.729478 123.439386
72.729478 122.920442
72.729478 122.401499
72.729478 121.882556
72.729478 121.363612
72.729478 120.844669
72.729478 120.325726
72.729478 119.806783
73.248421 119.287839
73.248421 118.768896
73.248421 118.249953
73.248421 117.731009
73.767365 117.212066
73.767365 116.693123
73.767365 116.174179
74.286308 115.655236
74.286308 115.136293
74.286308 114.617350
74.286308 114.098406
74.805251 113.579463
74.805251 113.060520
74.805251 112.541576
75.324195 112.022633
75.324195 111.503690
75.324195 110.984747
75.843138 110.465803
75.843138 109.946860
76.362081 109.427917
76.881025 108.908973
77.399968 108.390030
77.918911 107.871087
77.918911 107.352143
78.437854 106.833200
78.956798 106.314257
79.475741 105.795314
79.994684 105.276370
80.513628 105.276370
81.032571 104.757427
81.551514 104.238484
82.070458 103.719540
82.589401 103.200597
82.589401 102.681654
83.108344 102.162710
83.627287 101.643767
84.146231 101.643767
84.665174 101.124824
85.184117 100.605881
85.703061 100.086937
86.222004 99.567994
86.222004 99.049051
86.740947 98.530107
87.259891 98.011164
87.778834 97.492221
88.297777 96.973277
88.816720 96.454334
89.335664 95.935391
89.854607 95.935391
90.373550 95.416448
90.892494 94.897504
91.411437 94.378561
91.411437 93.859618
91.930380 93.340674
92.449323 92.821731
92.968267 92.302788
94.006153 91.783844
94.006153 91.264901
94.525097 90.745958
95.044040 90.745958
95.562983 90.227015
96.081927 89.708071
96.081927 89.189128
96.600870 88.670185
97.119813 88.151241
97.638756 87.632298
98.157700 87.113355
98.676643 87.113355
99.195586 86.594412
99.195586 86.075468
99.714530 85.556525
100.233473 85.037582
100.752416 84.518638
101.271360 83.999695
101.790303 83.480752
102.309246 82.961808
102.309246 82.442865
102.828189 81.923922
103.347133 81.404979
103.866076 81.404979
104.385019 80.886035
104.903963 80.367092
105.422906 79.848149
105.941849 79.329205
106.460793 78.810262
106.979736 78.810262
107.498679 78.291319
108.017622 77.772375
108.536566 77.253432
109.055509 77.253432
109.574452 76.734489
110.093396 76.215546
110.612339 76.215546
111.131282 75.696602
111.650225 75.696602
112.169169 75.177659
112.688112 74.658716
113.207055 74.658716
113.725999 74.139772
114.244942 73.620829
114.763885 73.620829
115.282829 73.101886
115.801772 72.582942
116.320715 72.063999
116.839658 72.063999
117.358602 71.545056
117.877545 71.026113
118.396488 70.507169
118.915432 70.507169
119.434375 70.507169
119.953318 70.507169
120.472262 70.507169
120.991205 70.507169
121.510148 70.507169
122.029091 69.988226
122.548035 69.988226
123.066978 69.988226
123.585921 69.988226
124.104865 69.988226
124.623808 69.988226
125.142751 69.988226
125.661695 69.988226
126.180638 69.988226
126.699581 69.988226
127.218524 69.988226
127.737468 69.988226
128.256411 69.988226
128.775354 69.988226
129.294298 69.988226
129.813241 69.988226
130.332184 70.507169
130.851128 70.507169
131.370071 70.507169
131.889014 71.026113
132.407957 71.026113
132.926901 71.545056
133.445844 71.545056
133.964787 72.063999
134.483731 72.063999
135.002674 72.582942
135.521617 72.582942
136.040560 73.101886
136.559504 73.101886
137.078447 73.620829
137.597390 73.620829
138.116334 74.139772
138.635277 74.139772
139.154220 74.658716
139.673164 75.177659
140.192107 75.177659
140.711050 75.696602
141.229993 75.696602
141.748937 76.215546
142.267880 76.215546
142.786823 76.734489
143.305767 77.253432
143.305767 77.772375
143.824710 78.291319
143.824710 78.810262
144.343653 79.329205
144.862597 79.329205
145.381540 79.848149
145.900483 79.848149
146.419426 79.848149
146.938370 79.848149
147.457313 80.367092
146.938370 80.886035
146.938370 81.404979
146.938370 81.923922
146.938370 82.442865
146.938370 82.961808
146.419426 83.480752
146.419426 83.999695
