133.924099 95.148552
134.366018 95.590471
134.366018 96.032391
134.366018 96.474311
134.366018 96.916230
134.366018 97.358150
134.366018 97.800070
134.366018 98.241990
133.924099 98.683909
133.482179 98.683909
133.040259 99.125829
132.598339 99.125829
132.598339 99.567749
132.156420 99.567749
132.156420 100.009668
131.714500 100.451588
131.272580 100.451588
130.830661 100.893508
130.388741 101.335428
129.946821 101.777347
129.504901 101.777347
129.504901 102.219267
129.062982 102.661187
128.621062 103.103106
128.621062 103.545026
128.179142 103.986946
127.737223 103.986946
127.737223 104.428866
127.295303 104.870785
126.853383 104.870785
126.411463 105.312705
125.969544 105.312705
125.969544 105.754625
125.527624 106.196545
125.085704 106.196545
125.085704 106.638464
124.643784 107.080384
124.201865 107.522304
124.201865 107.964223
123.759945 108.406143
123.318025 108.848063
122.876106 109.289983
122.434186 109.731902
122.434186 110.173822
121.992266 110.615742
121.550346 111.057661
121.550346 111.499581
121.108427 111.941501
120.666507 112.383421
120.666507 112.825340
120.224587 113.267260
120.224587 113.709180
119.782668 114.151099
119.782668 114.593019
119.340748 115.034939
119.340748 115.476859
118.898828 115.918778
118.898828 116.360698
118.456908 116.802618
118.456908 117.244537
118.014989 117.686457
118.014989 118.128377
118.014989 118.570297
117.573069 119.012216
117.573069 119.454136
117.573069 119.896056
117.131149 120.337976
117.131149 120.779895
117.131149 121.221815
117.131149 121.663735
116.689230 122.105654
116.689230 122.547574
116.689230 122.989494
116.689230 123.431414
116.689230 123.873333
116.247310 124.315253
116.247310 124.757173
116.247310 125.199092
116.247310 125.641012
116.247310 126.082932
116.247310 126.524852
116.247310 126.966771
116.247310 127.408691
115.805390 127.850611
115.805390 128.292530
115.805390 128.734450
115.805390 129.176370
115.805390 129.618290
115.363470 130.060209
115.363470 130.502129
115.363470 130.944049
115.363470 131.385968
115.363470 131.827888
115.363470 132.269808
115.363470 132.711728
115.363470 133.153647
115.363470 133.595567
115.363470 134.037487
115.363470 134.479407
115.363470 134.921326
115.363470 135.363246
115.363470 135.805166
115.363470 136.247085
115.363470 136.689005
115.363470 137.130925
115.363470 137.572845
115.363470 138.014764
115.363470 138.456684
115.363470 138.898604
115.363470 139.340523
115.363470 139.782443
115.363470 140.224363
115.805390 140.666283
115.805390 141.108202
115.805390 141.550122
115.805390 141.992042
115.805390 142.433961
116.247310 142.875881
116.247310 143.317801
116.247310 143.759721
116.247310 144.201640
116.247310 144.643560
116.689230 144.643560
116.689230 145.085480
116.689230 145.527399
117.131149 145.969319
117.131149 146.411239
117.131149 146.853159
117.573069 147.295078
117.573069 147.736998
118.014989 148.178918
118.014989 148.620838
118.456908 149.062757
118.456908 149.504677
118.898828 149.946597
118.898828 150.388516
119.340748 150.830436
119.340748 151.272356
119.340748 152.156195
119.340748 152.598115
118.898828 153.040035
118.898828 153.923874
118.456908 154.365794
118.456908 154.807714
118.456908 155.691553
118.014989 156.133473
118.014989 157.017312
117.573069 157.017312
117.131149 157.017312
116.689230 157.017312
116.247310 157.017312
115.805390 157.017312
115.363470 157.017312
114.921551 157.017312
114.479631 157.017312
114.037711 157.017312
113.595792 157.017312
113.153872 157.017312
112.711952 157.017312
112.270032 157.017312
111.828113 157.017312
111.386193 157.017312
110.944273 157.017312
110.502353 157.017312
110.060434 157.017312
109.618514 157.017312
109.176594 157.459232
108.734675 157.459232
108.292755 157.459232
107.850835 157.459232
107.408915 157.459232
106.966996 157.459232
106.525076 157.017312
106.083156 157.017312
105.641237 157.017312
105.199317 157.017312
104.757397 156.575392
104.315477 156.575392
103.873558 156.575392
103.431638 156.133473
102.989718 156.133473
102.547799 156.133473
102.105879 155.691553
101.663959 155.691553
101.222039 155.691553
100.780120 155.691553
100.338200 155.249633
99.896280 155.249633
99.454360 155.249633
99.012441 154.807714
98.570521 154.807714
98.128601 154.807714
97.686682 154.365794
97.244762 154.365794
96.802842 154.365794
96.360922 154.365794
95.919003 153.923874
95.477083 153.923874
95.035163 153.923874
94.593244 153.481954
94.151324 153.481954
93.709404 153.481954
93.267484 153.040035
92.825565 153.040035
92.383645 153.040035
91.941725 153.040035
91.499806 152.598115
91.057886 152.598115
90.615966 152.598115
90.174046 152.156195
89.732127 152.156195
89.290207 152.156195
88.848287 151.714276
88.406368 151.714276
87.964448 151.714276
87.522528 151.714276
87.080608 151.272356
86.638689 151.272356
86.196769 151.272356
85.754849 150.830436
85.312929 150.830436
84.871010 150.830436
84.429090 150.388516
83.545251 149.946597
83.103331 149.504677
82.661411 149.062757
81.777572 148.620838
81.335652 148.178918
80.893732 147.736998
80.009893 147.295078
79.567973 146.853159
79.126053 146.411239
78.684134 145.969319
77.800294 145.527399
77.358375 145.085480
76.916455 144.643560
76.032615 144.201640
75.590696 143.759721
75.148776 143.317801
74.264937 142.875881
73.823017 142.433961
73.381097 141.992042
72.939177 141.550122
72.055338 141.108202
71.613418 140.666283
71.171498 140.224363
70.287659 139.782443
70.287659 139.340523
70.287659 138.456684
70.287659 138.014764
69.845739 137.572845
69.845739 137.130925
69.845739 136.689005
69.845739 136.247085
69.403820 135.805166
69.403820 135.363246
69.403820 134.479407
69.403820 134.037487
68.961900 133.595567
68.961900 133.153647
68.961900 132.711728
68.961900 132.269808
68.519980 131.827888
68.519980 131.385968
68.519980 130.502129
68.519980 130.060209
68.078060 129.618290
68.519980 129.176370
68.519980 128.734450
68.961900 128.292530
69.403820 127.850611
69.403820 126.966771
69.845739 126.524852
69.845739 126.082932
70.287659 125.641012
70.287659 125.199092
70.729579 124.757173
71.171498 123.873333
71.171498 123.431414
71.613418 122.989494
71.613418 122.547574
72.055338 122.105654
72.055338 121.663735
72.497258 120.779895
72.939177 120.337976
72.939177 119.896056
73.381097 119.454136
73.381097 119.012216
73.823017 118.570297
73.823017 117.686457
74.264937 117.244537
74.264937 116.802618
74.706856 116.360698
75.148776 115.918778
75.148776 115.476859
75.590696 114.593019
75.590696 114.151099
76.032615 113.709180
76.032615 113.267260
76.474535 112.825340
76.916455 112.383421
77.358375 111.499581
77.800294 111.057661
78.242214 110.615742
78.684134 110.173822
79.126053 109.289983
79.567973 108.848063
80.009893 108.406143
80.451813 107.522304
81.335652 107.080384
81.777572 106.638464
82.219491 105.754625
82.661411 105.312705
83.103331 104.870785
83.545251 104.428866
83.987170 103.545026
84.429090 103.103106
84.871010 102.661187
85.754849 101.777347
86.196769 101.335428
86.638689 100.893508
87.080608 100.009668
87.522528 99.567749
87.964448 99.125829
88.406368 98.683909
88.848287 97.800070
89.290207 97.800070
89.732127 97.358150
90.174046 96.916230
90.615966 96.474311
91.057886 96.032391
91.499806 96.032391
91.941725 95.590471
92.383645 95.148552
92.825565 94.706632
93.267484 94.264712
93.709404 93.822792
94.151324 93.822792
94.593244 93.380873
95.035163 92.938953
95.477083 92.497033
95.919003 92.055114
96.360922 92.055114
96.802842 91.613194
97.244762 91.171274
97.686682 91.171274
98.570521 91.171274
99.012441 90.729354
99.454360 90.729354
99.896280 90.729354
100.338200 90.729354
100.780120 90.729354
101.222039 90.729354
101.663959 90.729354
102.547799 90.729354
102.989718 90.729354
103.431638 90.729354
103.873558 90.729354
104.315477 90.729354
104.757397 90.729354
105.199317 90.287435
105.641237 90.287435
106.525076 90.287435
106.966996 90.287435
107.408915 90.287435
107.850835 90.287435
108.292755 90.287435
108.734675 90.287435
109.176594 90.287435
109.618514 90.287435
110.502353 90.287435
110.944273 90.287435
111.386193 90.287435
111.828113 89.845515
112.270032 89.845515
112.711952 89.845515
113.153872 89.845515
113.595792 89.845515
114.479631 89.845515
114.921551 89.845515
115.363470 89.845515
115.805390 89.845515
116.689230 89.845515
117.131149 89.845515
117.573069 89.845515
118.014989 89.845515
118.898828 89.845515
119.340748 89.845515
119.782668 89.845515
120.224587 89.845515
121.108427 89.845515
121.550346 89.845515
121.992266 89.845515
122.434186 89.845515
123.318025 89.845515
123.759945 89.845515
124.201865 89.845515
124.643784 89.845515
125.527624 89.845515
125.969544 89.845515
126.411463 89.845515
126.853383 89.845515
127.737223 89.845515
128.179142 89.845515
128.621062 90.287435
129.062982 90.729354
129.504901 91.171274
129.946821 91.613194
130.388741 92.055114
130.830661 92.497033
131.714500 92.497033
132.156420 92.938953
132.598339 93.380873
133.040259 93.822792
133.482179 94.264712
133.924099 94.706632
133.924099 95.148552
134.366018 95.590471
134.366018 96.032391
134.366018 95.590471
133.924099 95.148552
133.924099 94.706632
133.924099 94.264712
133.924099 93.822792
133.924099 94.264712
133.482179 94.706632
133.924099 95.148552
