123.711870 105.381445
123.318308 106.168569
122.924746 106.562131
122.924746 107.349255
122.531184 107.742817
122.531184 108.529941
122.137622 108.923503
121.744060 109.710627
121.744060 110.104189
121.350498 110.497751
120.956936 110.497751
120.956936 110.891313
120.563374 110.891313
120.169812 111.284875
119.776250 111.284875
119.776250 111.678437
119.382688 111.678437
118.989126 112.071999
118.595564 112.071999
118.202002 112.071999
118.202002 112.465561
117.808440 112.859123
117.414878 112.859123
117.021316 113.252685
116.627754 113.646247
116.234192 114.039809
115.840630 114.039809
115.840630 114.433371
115.447068 114.433371
115.447068 114.826933
115.053506 114.826933
114.659944 114.826933
114.659944 115.220495
114.266382 115.614057
113.872820 116.007619
113.479258 116.401181
113.085696 116.794743
112.692134 116.794743
112.692134 117.188305
112.298572 117.188305
111.905011 117.581867
111.511449 117.581867
111.511449 117.975429
111.117887 118.368991
110.724325 118.368991
110.724325 118.762553
110.330763 119.156115
109.937201 119.549677
109.937201 119.943239
109.543639 120.336801
109.150077 120.730362
108.756515 121.123924
108.362953 121.517486
107.969391 121.911048
107.969391 122.304610
107.575829 122.698172
107.575829 122.304610
107.969391 121.911048
107.969391 121.517486
108.362953 121.517486
108.756515 121.123924
108.362953 121.517486
107.969391 121.911048
107.969391 122.304610
107.575829 122.698172
107.575829 122.304610
107.969391 121.911048
107.969391 121.517486
108.362953 121.517486
108.756515 121.123924
109.150077 120.730362
108.756515 121.123924
108.362953 121.123924
108.362953 121.517486
107.969391 121.911048
107.969391 122.304610
107.575829 122.698172
107.575829 122.304610
107.969391 121.911048
107.969391 121.517486
108.362953 121.517486
108.756515 121.123924
109.150077 120.730362
108.756515 121.123924
108.362953 121.123924
108.362953 121.517486
107.969391 121.911048
107.969391 122.304610
107.575829 122.698172
107.575829 122.304610
107.969391 121.911048
107.969391 121.517486
108.362953 121.517486
108.756515 121.123924
109.150077 120.730362
108.756515 120.730362
108.756515 121.123924
108.362953 121.517486
107.969391 121.911048
107.969391 122.304610
107.575829 122.698172
107.575829 122.304610
107.969391 121.911048
107.969391 121.517486
108.362953 121.517486
108.756515 121.123924
109.150077 120.730362
109.150077 120.336801
109.543639 120.336801
109.150077 120.730362
108.756515 120.730362
108.756515 121.123924
108.362953 121.517486
107.969391 121.911048
107.969391 122.304610
107.575829 122.698172
107.575829 122.304610
107.969391 121.911048
107.969391 121.517486
108.362953 121.517486
108.756515 121.123924
109.150077 120.730362
109.150077 120.336801
109.543639 120.336801
109.543639 119.943239
109.937201 119.943239
109.543639 120.336801
109.150077 120.730362
108.756515 121.123924
108.362953 121.517486
107.969391 121.911048
107.969391 122.304610
107.575829 122.698172
107.575829 122.304610
107.969391 121.911048
107.969391 121.517486
108.362953 121.517486
108.756515 121.123924
108.756515 120.730362
109.150077 120.730362
109.543639 120.336801
109.543639 119.943239
109.543639 120.336801
109.150077 120.730362
108.756515 121.123924
108.362953 121.517486
107.969391 121.911048
107.969391 122.304610
107.575829 122.698172
107.575829 122.304610
107.969391 121.911048
107.969391 121.517486
108.362953 121.517486
108.756515 121.123924
108.756515 120.730362
109.150077 120.730362
109.543639 120.336801
109.543639 119.943239
109.543639 120.336801
109.150077 120.730362
108.756515 121.123924
108.362953 121.517486
107.969391 121.911048
107.969391 122.304610
107.575829 122.698172
107.969391 122.304610
107.969391 121.911048
108.362953 121.517486
108.362953 121.123924
108.756515 121.123924
109.150077 120.730362
109.150077 120.336801
109.543639 120.336801
109.937201 119.943239
109.937201 119.549677
110.330763 119.156115
110.724325 118.762553
111.117887 118.368991
110.724325 118.762553
110.330763 118.762553
110.330763 119.156115
109.937201 119.549677
109.937201 119.943239
109.543639 120.336801
109.150077 120.730362
108.756515 121.123924
108.362953 121.517486
107.969391 121.911048
107.969391 122.304610
107.575829 122.698172
107.969391 122.304610
107.969391 121.911048
108.362953 121.517486
108.362953 121.123924
108.756515 121.123924
109.150077 120.730362
109.150077 120.336801
109.543639 120.336801
109.937201 119.943239
109.937201 119.549677
110.330763 119.156115
109.937201 119.549677
109.937201 119.943239
109.543639 120.336801
109.150077 120.730362
108.756515 121.123924
108.362953 121.517486
107.969391 121.911048
107.969391 122.304610
107.575829 122.698172
107.969391 122.304610
107.969391 121.911048
108.362953 121.517486
108.362953 121.123924
108.756515 121.123924
109.150077 120.730362
109.150077 120.336801
109.543639 120.336801
109.937201 119.943239
109.937201 119.549677
110.330763 119.156115
109.937201 119.549677
109.937201 119.943239
109.543639 120.336801
109.150077 120.730362
108.756515 121.123924
108.362953 121.517486
107.969391 121.911048
107.969391 122.304610
107.575829 122.698172
107.969391 122.304610
107.969391 121.911048
108.362953 121.517486
108.362953 121.123924
108.756515 121.123924
109.150077 120.730362
109.150077 120.336801
109.543639 120.336801
109.937201 119.943239
109.937201 119.549677
110.330763 119.156115
110.724325 118.762553
111.117887 118.368991
110.724325 118.762553
110.330763 118.762553
110.330763 119.156115
109.937201 119.549677
109.937201 119.943239
109.543639 120.336801
109.150077 120.730362
108.756515 121.123924
108.362953 121.517486
107.969391 121.911048
107.969391 122.304610
107.575829 122.698172
107.575829 122.304610
107.969391 121.911048
108.362953 121.517486
108.362953 121.123924
108.756515 121.123924
109.150077 120.730362
109.543639 120.336801
109.543639 119.943239
109.937201 119.943239
109.937201 119.549677
110.330763 119.156115
110.724325 118.762553
110.330763 119.156115
109.937201 119.156115
109.937201 119.549677
109.937201 119.943239
109.543639 120.336801
109.150077 120.730362
108.756515 121.123924
108.362953 121.517486
107.969391 121.911048
107.969391 122.304610
107.575829 122.698172
107.575829 122.304610
107.969391 121.911048
108.362953 121.517486
108.362953 121.123924
108.756515 121.123924
109.150077 120.730362
109.543639 120.336801
109.543639 119.943239
109.937201 119.943239
109.937201 119.549677
110.330763 119.156115
110.724325 118.762553
110.330763 119.156115
109.937201 119.156115
109.937201 119.549677
109.937201 119.943239
109.543639 120.336801
109.150077 120.730362
108.756515 121.123924
108.362953 121.517486
107.969391 121.911048
107.969391 122.304610
107.575829 122.698172
107.575829 122.304610
107.969391 121.911048
108.362953 121.517486
108.362953 121.123924
108.756515 121.123924
109.150077 120.730362
109.543639 120.336801
109.543639 119.943239
109.937201 119.943239
109.937201 119.549677
110.330763 119.156115
110.724325 118.762553
110.330763 118.762553
110.330763 119.156115
109.937201 119.549677
109.937201 119.943239
109.543639 120.336801
109.150077 120.730362
108.756515 121.123924
108.362953 121.517486
107.969391 121.911048
107.969391 122.304610
107.575829 122.698172
107.182267 123.091734
107.182267 123.485296
106.788705 123.878858
106.788705 124.272420
106.395143 124.665982
106.001581 125.059544
106.001581 125.453106
105.608019 125.846668
105.608019 126.240230
105.608019 125.846668
106.001581 125.453106
106.001581 125.059544
106.001581 124.665982
106.395143 124.665982
106.788705 124.272420
106.788705 123.878858
107.182267 123.485296
107.182267 123.091734
107.575829 122.698172
107.969391 122.304610
107.969391 121.911048
108.362953 121.517486
108.362953 121.123924
108.756515 121.123924
109.150077 120.730362
109.543639 120.336801
109.543639 119.943239
109.937201 119.943239
109.937201 119.549677
110.330763 119.156115
110.724325 118.762553
110.330763 118.762553
110.330763 119.156115
109.937201 119.549677
109.937201 119.943239
109.543639 120.336801
109.150077 120.730362
108.756515 121.123924
108.362953 121.517486
107.969391 121.911048
107.969391 122.304610
107.575829 122.698172
107.182267 123.091734
107.182267 123.485296
106.788705 123.878858
106.788705 124.272420
106.395143 124.665982
106.001581 125.059544
106.001581 125.453106
105.608019 125.846668
105.608019 126.240230
105.608019 125.846668
106.001581 125.453106
106.001581 125.059544
106.001581 124.665982
106.395143 124.665982
106.788705 124.272420
106.788705 123.878858
107.182267 123.485296
107.182267 123.091734
107.575829 122.698172
107.969391 122.304610
107.969391 121.911048
108.362953 121.517486
108.362953 121.123924
108.756515 121.123924
109.150077 120.730362
109.543639 120.336801
109.543639 119.943239
109.937201 119.943239
109.937201 119.549677
110.330763 119.156115
110.724325 118.762553
110.330763 118.762553
110.330763 119.156115
109.937201 119.549677
109.937201 119.943239
109.543639 120.336801
109.150077 120.730362
108.756515 121.123924
108.362953 121.517486
107.969391 121.911048
107.969391 122.304610
107.575829 122.698172
107.182267 123.091734
107.182267 123.485296
106.788705 123.878858
106.788705 124.272420
106.395143 124.665982
106.001581 125.059544
106.001581 125.453106
105.608019 125.846668
105.608019 126.240230
105.608019 125.846668
106.001581 125.453106
106.001581 125.059544
106.001581 124.665982
106.395143 124.665982
106.788705 124.272420
106.788705 123.878858
107.182267 123.485296
107.182267 123.091734
107.575829 122.698172
107.575829 122.304610
107.969391 122.304610
107.969391 121.911048
108.362953 121.517486
108.756515 121.123924
108.756515 120.730362
109.150077 120.336801
109.543639 120.336801
109.937201 119.943239
109.937201 119.549677
110.330763 119.156115
110.330763 118.762553
110.724325 118.762553
110.724325 118.368991
111.117887 118.368991
110.724325 118.368991
110.330763 118.762553
110.330763 119.156115
109.937201 119.549677
109.937201 119.943239
109.543639 120.336801
109.150077 120.730362
108.756515 121.123924
108.362953 121.517486
107.969391 121.911048
107.969391 122.304610
107.575829 122.698172
107.182267 123.091734
107.182267 123.485296
106.788705 123.878858
106.788705 124.272420
106.395143 124.665982
106.001581 125.059544
106.001581 125.453106
105.608019 125.846668
105.608019 126.240230
105.608019 125.846668
106.001581 125.453106
106.001581 125.059544
106.001581 124.665982
106.395143 124.665982
106.788705 124.272420
106.788705 123.878858
107.182267 123.485296
107.182267 123.091734
107.575829 122.698172
107.575829 122.304610
107.969391 121.911048
107.969391 121.517486
108.362953 121.517486
108.756515 121.123924
108.756515 120.730362
109.150077 120.730362
109.543639 120.336801
109.543639 119.943239
109.937201 119.943239
109.937201 119.549677
110.330763 119.156115
110.724325 118.762553
111.117887 118.368991
111.511449 117.975429
111.905011 117.581867
112.298572 117.188305
112.692134 117.188305
112.298572 117.188305
111.905011 117.188305
111.905011 117.581867
111.511449 117.975429
111.117887 118.368991
110.724325 118.368991
110.724325 118.762553
110.330763 119.156115
109.937201 119.549677
109.937201 119.943239
109.543639 120.336801
109.150077 120.730362
108.756515 120.730362
108.756515 121.123924
108.362953 121.517486
107.969391 121.911048
107.969391 122.304610
107.575829 122.698172
107.182267 123.091734
107.182267 123.485296
106.788705 123.878858
106.788705 124.272420
106.395143 124.665982
106.001581 125.059544
106.001581 125.453106
105.608019 125.846668
105.608019 126.240230
105.214457 126.633792
105.214457 127.027354
105.214457 127.420916
105.214457 127.027354
105.214457 126.633792
105.608019 126.240230
105.608019 125.846668
105.608019 125.453106
106.001581 125.453106
106.001581 125.059544
106.395143 124.665982
106.788705 124.272420
106.788705 123.878858
107.182267 123.485296
107.182267 123.091734
107.575829 122.698172
107.575829 122.304610
107.969391 122.304610
107.969391 121.911048
108.362953 121.517486
108.756515 121.123924
108.756515 120.730362
109.150077 120.336801
109.543639 120.336801
109.937201 119.943239
109.937201 119.549677
110.330763 119.156115
110.330763 118.762553
110.724325 118.762553
111.117887 118.368991
111.511449 117.975429
111.905011 117.581867
112.298572 117.188305
112.692134 117.188305
112.298572 117.188305
111.905011 117.581867
111.511449 117.975429
111.117887 118.368991
110.724325 118.368991
110.724325 118.762553
110.330763 119.156115
109.937201 119.549677
109.937201 119.943239
109.543639 120.336801
109.150077 120.730362
108.756515 120.730362
108.756515 121.123924
108.362953 121.517486
107.969391 121.911048
107.969391 122.304610
107.575829 122.698172
107.182267 123.091734
107.182267 123.485296
106.788705 123.878858
106.788705 124.272420
106.395143 124.665982
106.001581 125.059544
106.001581 125.453106
105.608019 125.846668
105.608019 126.240230
105.214457 126.633792
105.214457 127.027354
105.214457 127.420916
105.214457 127.027354
105.214457 126.633792
105.608019 126.240230
105.608019 125.846668
105.608019 125.453106
106.001581 125.453106
106.001581 125.059544
106.395143 124.665982
106.788705 124.272420
106.788705 123.878858
107.182267 123.485296
107.182267 123.091734
107.575829 122.698172
107.969391 122.304610
107.969391 121.911048
108.362953 121.517486
108.756515 121.123924
108.756515 120.730362
109.150077 120.730362
109.543639 120.336801
109.543639 119.943239
109.937201 119.943239
109.937201 119.549677
110.330763 119.156115
110.724325 118.762553
111.117887 118.368991
111.511449 117.975429
111.905011 117.581867
111.511449 117.975429
111.117887 117.975429
111.117887 118.368991
110.724325 118.762553
110.330763 118.762553
110.330763 119.156115
109.937201 119.549677
109.937201 119.943239
109.543639 120.336801
109.150077 120.730362
108.756515 121.123924
108.362953 121.517486
107.969391 121.911048
107.969391 122.304610
107.575829 122.698172
107.182267 123.091734
107.182267 123.485296
106.788705 123.878858
106.788705 124.272420
106.395143 124.665982
106.001581 125.059544
106.001581 125.453106
105.608019 125.846668
105.608019 126.240230
105.214457 126.633792
105.214457 127.027354
105.214457 127.420916
105.214457 127.027354
105.214457 126.633792
105.214457 126.240230
105.608019 126.240230
105.608019 125.846668
106.001581 125.453106
106.001581 125.059544
106.395143 124.665982
106.788705 124.272420
106.788705 123.878858
107.182267 123.485296
107.182267 123.091734
107.575829 122.698172
107.969391 122.304610
107.969391 121.911048
108.362953 121.517486
108.362953 121.123924
108.756515 121.123924
109.150077 120.730362
109.543639 120.336801
109.543639 119.943239
109.937201 119.549677
109.937201 119.156115
110.330763 119.156115
110.724325 118.762553
111.117887 118.368991
111.511449 117.975429
111.905011 117.581867
111.511449 117.581867
111.511449 117.975429
111.117887 117.975429
111.117887 118.368991
110.724325 118.762553
110.330763 119.156115
109.937201 119.549677
109.937201 119.943239
109.543639 120.336801
109.150077 120.730362
108.756515 120.730362
108.756515 121.123924
108.362953 121.517486
107.969391 121.911048
107.969391 122.304610
107.575829 122.698172
107.182267 123.091734
107.182267 123.485296
106.788705 123.878858
106.788705 124.272420
106.395143 124.665982
106.001581 125.059544
106.001581 125.453106
105.608019 125.846668
105.608019 126.240230
105.214457 126.633792
105.214457 127.027354
105.214457 127.420916
105.214457 127.027354
105.214457 126.633792
105.214457 126.240230
105.608019 126.240230
105.608019 125.846668
106.001581 125.453106
106.001581 125.059544
106.395143 124.665982
106.788705 124.272420
106.788705 123.878858
107.182267 123.485296
107.182267 123.091734
107.575829 122.698172
107.969391 122.304610
107.969391 121.911048
108.362953 121.517486
108.362953 121.123924
108.756515 121.123924
109.150077 120.730362
109.543639 120.336801
109.543639 119.943239
109.937201 119.549677
109.937201 119.156115
110.330763 119.156115
110.724325 118.762553
111.117887 118.368991
111.511449 117.975429
111.905011 117.581867
111.511449 117.581867
111.511449 117.975429
111.117887 117.975429
111.117887 118.368991
110.724325 118.762553
110.330763 119.156115
109.937201 119.549677
109.937201 119.943239
109.543639 120.336801
109.150077 120.730362
108.756515 120.730362
108.756515 121.123924
108.362953 121.517486
107.969391 121.911048
107.969391 122.304610
107.575829 122.698172
107.182267 123.091734
107.182267 123.485296
106.788705 123.878858
106.788705 124.272420
106.395143 124.665982
106.001581 125.059544
106.001581 125.453106
105.608019 125.846668
105.608019 126.240230
105.214457 126.633792
105.214457 127.027354
105.214457 127.420916
105.214457 127.027354
105.214457 126.633792
105.214457 126.240230
105.608019 126.240230
105.608019 125.846668
106.001581 125.453106
106.001581 125.059544
106.001581 124.665982
106.395143 124.665982
106.788705 124.272420
106.788705 123.878858
107.182267 123.485296
107.182267 123.091734
107.575829 122.698172
107.575829 122.304610
107.969391 122.304610
107.969391 121.911048
108.362953 121.517486
108.362953 121.123924
108.756515 121.123924
109.150077 120.730362
109.150077 120.336801
109.543639 120.336801
109.937201 119.943239
109.937201 119.549677
110.330763 119.156115
110.724325 118.762553
111.117887 118.368991
111.511449 117.975429
111.117887 117.975429
111.117887 118.368991
110.724325 118.762553
110.330763 119.156115
109.937201 119.549677
109.937201 119.943239
109.543639 120.336801
109.150077 120.730362
108.756515 121.123924
108.362953 121.517486
107.969391 121.911048
107.969391 122.304610
107.575829 122.698172
107.182267 123.091734
107.182267 123.485296
106.788705 123.878858
106.788705 124.272420
106.395143 124.665982
106.001581 125.059544
106.001581 125.453106
105.608019 125.846668
105.608019 126.240230
105.214457 126.633792
105.214457 127.027354
105.214457 126.633792
105.608019 126.240230
105.608019 125.846668
106.001581 125.453106
106.001581 125.059544
106.395143 124.665982
106.788705 124.272420
106.788705 123.878858
106.788705 123.485296
107.182267 123.485296
107.182267 123.091734
107.182267 122.698172
107.575829 122.698172
107.969391 122.304610
107.969391 121.911048
107.969391 121.517486
108.362953 121.517486
108.756515 121.123924
109.150077 120.730362
109.150077 120.336801
109.543639 120.336801
109.937201 119.943239
109.937201 119.549677
110.330763 119.156115
109.937201 119.156115
109.937201 119.549677
109.937201 119.943239
109.543639 120.336801
109.150077 120.730362
108.756515 121.123924
108.362953 121.517486
107.969391 121.911048
107.969391 122.304610
107.575829 122.698172
107.182267 123.091734
107.182267 123.485296
106.788705 123.878858
106.788705 124.272420
106.395143 124.665982
106.001581 125.059544
106.001581 125.453106
105.608019 125.846668
105.608019 126.240230
105.214457 126.633792
105.214457 127.027354
105.214457 126.633792
105.608019 126.240230
105.608019 125.846668
106.001581 125.453106
106.001581 125.059544
106.395143 124.665982
106.788705 124.272420
106.788705 123.878858
106.788705 123.485296
107.182267 123.485296
107.182267 123.091734
107.182267 122.698172
107.575829 122.698172
107.182267 123.091734
107.182267 123.485296
106.788705 123.878858
106.788705 124.272420
106.395143 124.665982
106.395143 124.272420
106.788705 124.272420
106.788705 123.878858
106.788705 124.272420
106.395143 124.665982
106.001581 125.059544
106.001581 125.453106
105.608019 125.846668
105.608019 126.240230
105.214457 126.633792
105.214457 127.027354
105.214457 127.420916
104.820895 127.814478
104.820895 128.208040
104.427333 128.601602
104.427333 128.995164
104.427333 129.388726
104.033771 129.782288
104.033771 130.175850
104.033771 130.569412
103.640209 130.569412
103.246647 130.962974
103.246647 131.356536
103.246647 130.962974
103.640209 130.569412
103.246647 130.175850
103.640209 129.782288
104.033771 129.782288
104.033771 129.388726
104.033771 129.782288
103.640209 130.175850
103.640209 130.569412
103.246647 130.962974
103.246647 131.356536
102.853085 131.750098
102.853085 132.143660
102.459523 132.537222
102.459523 132.930784
102.459523 133.324346
102.065961 133.717908
102.065961 134.111470
102.065961 134.505032
101.672399 134.898594
101.672399 135.292156
101.672399 135.685718
101.278837 136.079280
101.278837 136.472842
101.278837 136.866404
101.278837 137.259965
100.885275 137.653527
100.885275 138.047089
100.885275 138.440651
100.885275 138.834213
100.885275 139.227775
100.491713 139.621337
100.491713 140.014899
100.491713 140.408461
100.491713 140.802023
100.491713 141.195585
100.491713 141.589147
100.491713 141.982709
100.491713 142.376271
100.098151 142.769833
100.098151 143.163395
100.098151 143.556957
100.098151 143.950519
100.098151 144.344081
100.098151 144.737643
100.098151 145.131205
100.098151 145.524767
100.098151 145.918329
100.098151 146.311891
100.098151 146.705453
100.098151 147.099015
100.098151 147.492577
100.098151 147.886139
100.098151 148.279701
100.491713 148.673263
100.491713 149.066825
100.491713 149.460387
100.491713 149.853949
100.491713 150.247511
100.491713 150.641073
100.491713 151.034635
100.491713 151.428197
100.491713 151.821759
100.885275 151.821759
100.885275 152.215321
100.885275 152.608883
100.885275 153.002445
100.885275 153.396007
100.885275 153.789568
101.278837 153.789568
101.278837 154.183130
101.278837 154.576692
101.278837 154.970254
101.278837 155.363816
101.672399 155.363816
101.672399 155.757378
101.672399 156.150940
101.672399 156.544502
102.065961 156.544502
102.065961 156.938064
102.065961 157.331626
102.065961 157.725188
102.459523 157.725188
102.459523 158.118750
102.459523 158.512312
102.459523 159.299436
102.065961 159.692998
102.065961 160.480122
101.672399 160.873684
101.278837 161.660808
101.278837 162.054370
100.885275 162.841494
100.885275 163.235056
100.491713 164.022180
100.491713 164.415742
99.704589 164.415742
99.311027 164.415742
98.917465 164.415742
98.523903 164.415742
98.130341 164.022180
97.343217 164.022180
96.949655 164.022180
96.556093 164.022180
96.162531 164.022180
95.768970 164.022180
95.375408 163.628618
94.588284 163.628618
94.194722 163.628618
93.801160 163.628618
93.407598 163.628618
93.014036 163.628618
92.226912 163.235056
91.833350 163.235056
91.439788 163.235056
91.046226 163.235056
90.652664 163.235056
90.259102 163.235056
89.471978 162.841494
89.078416 162.841494
88.684854 162.841494
88.291292 162.447932
87.504168 162.054370
87.110606 161.660808
86.323482 161.267246
85.929920 160.873684
85.142796 160.480122
84.749234 160.086560
84.355672 159.692998
83.568548 159.299436
83.174986 158.905874
82.387862 158.512312
81.994300 157.725188
81.207176 157.331626
80.813614 156.938064
80.420052 156.544502
79.632928 156.150940
79.239367 155.757378
78.452243 155.363816
78.058681 154.970254
77.271557 154.576692
76.877995 154.183130
76.484433 153.789568
75.697309 153.396007
75.303747 153.002445
74.516623 152.608883
74.123061 152.215321
73.335937 151.821759
72.942375 151.428197
72.155251 151.034635
71.761689 150.641073
71.368127 149.853949
70.581003 149.460387
70.187441 149.066825
69.793879 148.673263
69.400317 148.279701
69.006755 147.886139
68.613193 147.492577
68.613193 147.099015
68.219631 146.705453
68.219631 146.311891
68.219631 145.524767
68.219631 145.131205
67.826069 144.737643
67.826069 144.344081
67.826069 143.556957
67.826069 143.163395
67.826069 142.769833
67.432507 141.982709
67.432507 141.589147
67.432507 141.195585
67.432507 140.802023
67.432507 140.014899
67.432507 139.621337
67.038945 139.227775
67.038945 138.440651
67.038945 138.047089
67.038945 137.653527
67.038945 136.866404
67.038945 136.472842
66.645383 136.079280
66.645383 135.685718
66.645383 134.898594
66.645383 134.505032
66.645383 134.111470
66.645383 133.717908
67.038945 133.324346
67.038945 132.930784
67.432507 132.537222
67.432507 132.143660
67.432507 131.750098
67.826069 131.356536
68.219631 130.569412
68.613193 130.175850
69.006755 129.388726
69.006755 128.995164
69.400317 128.601602
69.793879 127.814478
70.187441 127.420916
70.581003 126.633792
70.974565 126.240230
71.368127 125.846668
71.761689 125.059544
72.155251 124.665982
72.155251 123.878858
72.548813 123.485296
72.942375 123.091734
73.335937 122.304610
73.729499 121.911048
74.123061 121.517486
74.516623 120.730362
74.910185 120.336801
75.303747 119.549677
75.303747 119.156115
75.697309 118.762553
76.090871 117.975429
76.484433 117.581867
76.877995 116.794743
77.271557 116.401181
77.665119 116.007619
78.058681 115.220495
78.452243 114.826933
78.452243 114.039809
78.845805 113.646247
79.239367 113.252685
79.632928 112.465561
80.420052 112.071999
80.813614 111.678437
81.207176 110.891313
81.994300 110.497751
82.387862 109.710627
82.781424 109.317065
83.568548 108.923503
83.962110 108.136379
84.355672 107.742817
85.142796 106.955693
85.536358 106.562131
85.929920 106.168569
86.323482 105.381445
87.110606 104.987883
87.504168 104.200760
87.897730 103.807198
88.684854 103.413636
89.078416 102.626512
89.471978 102.232950
90.259102 101.445826
90.652664 101.052264
91.046226 100.658702
91.833350 99.871578
92.226912 99.478016
92.620474 99.084454
93.014036 98.297330
93.801160 97.903768
94.194722 97.116644
94.588284 96.723082
95.375408 96.329520
95.768970 95.542396
96.162531 95.148834
96.556093 94.755272
96.949655 94.755272
97.736779 94.755272
98.130341 94.755272
98.523903 94.755272
98.917465 94.755272
99.311027 94.755272
99.704589 94.755272
100.098151 94.755272
100.491713 94.361710
100.885275 94.361710
101.278837 94.361710
101.672399 94.361710
102.065961 94.361710
102.459523 94.361710
102.853085 94.361710
103.246647 94.361710
103.640209 94.361710
104.033771 94.361710
104.427333 94.361710
104.820895 94.361710
105.608019 93.968148
106.001581 93.968148
106.395143 93.968148
106.788705 93.968148
107.182267 93.968148
107.575829 93.968148
107.969391 93.968148
108.362953 93.968148
108.756515 93.968148
109.150077 93.968148
109.543639 93.968148
109.937201 93.968148
110.330763 93.968148
110.724325 93.968148
111.511449 94.361710
111.905011 94.755272
112.298572 95.148834
113.085696 95.148834
113.479258 95.542396
113.872820 95.935958
114.266382 96.329520
115.053506 96.329520
115.447068 96.723082
115.840630 97.116644
116.627754 97.116644
117.021316 97.510206
117.414878 97.903768
118.202002 98.297330
118.595564 98.297330
118.989126 98.690892
119.382688 99.084454
120.169812 99.478016
120.563374 99.478016
120.956936 99.871578
121.744060 100.265140
122.137622 100.265140
122.531184 100.658702
122.924746 101.052264
122.924746 101.445826
122.924746 101.839388
123.318308 102.232950
123.318308 102.626512
123.318308 103.020074
123.318308 103.413636
123.318308 103.807198
123.318308 104.200760
123.318308 104.594321
123.318308 104.987883
123.711870 105.381445
