116.526595 108.806139
116.185778 109.146956
115.844961 109.487773
115.504144 109.487773
115.163327 109.828590
114.822510 109.828590
114.822510 110.169407
114.481693 110.169407
114.140876 110.510224
113.800059 110.510224
113.800059 110.851041
113.459242 111.191858
113.118425 111.191858
113.118425 111.532675
112.777608 111.532675
112.436791 111.532675
112.436791 111.873492
112.095974 112.214309
111.755157 112.214309
111.755157 112.555126
111.414340 112.555126
111.414340 112.895943
111.073523 113.236760
110.732706 113.577576
110.391889 113.918393
110.051072 114.259210
109.710255 114.600027
109.369438 114.940844
109.028621 115.281661
108.687804 115.622478
108.346987 115.963295
108.006170 116.304112
107.665353 116.644929
107.324537 116.985746
106.983720 117.326563
106.983720 117.667380
106.642903 118.008197
106.302086 118.349014
105.961269 118.689831
105.620452 119.030648
105.620452 119.371465
105.279635 119.712282
104.938818 120.053099
104.938818 120.393916
104.598001 120.734733
104.257184 121.075550
104.257184 121.416367
103.916367 121.757184
103.575550 122.098001
103.575550 122.438818
103.234733 122.779635
102.893916 123.120452
102.893916 123.461269
102.553099 123.802086
102.553099 124.142902
102.212282 124.483719
102.212282 124.824536
101.871465 125.165353
101.871465 125.506170
101.530648 125.846987
101.530648 126.187804
101.189831 126.528621
101.189831 126.869438
100.849014 127.210255
100.849014 127.551072
100.508197 127.891889
100.508197 128.232706
100.167380 128.573523
100.167380 128.914340
100.167380 129.255157
99.826563 129.595974
99.826563 129.936791
99.485746 130.277608
99.485746 130.618425
99.485746 130.959242
99.144929 131.300059
99.144929 131.640876
99.144929 131.981693
98.804112 132.322510
98.804112 132.663327
98.804112 133.004144
98.463295 133.344961
98.463295 133.685778
98.463295 134.026595
98.463295 134.367412
98.122478 134.708228
98.122478 135.049045
98.122478 135.389862
98.122478 135.730679
97.781661 136.071496
97.781661 136.412313
97.781661 136.753130
97.781661 137.093947
97.781661 137.434764
97.440844 137.775581
97.440844 138.116398
97.440844 138.457215
97.440844 138.798032
97.440844 139.138849
97.440844 139.479666
97.100027 139.820483
97.100027 140.161300
97.100027 140.502117
97.100027 140.842934
97.100027 141.183751
97.100027 141.524568
97.100027 141.865385
97.100027 142.206202
97.100027 142.547019
97.100027 142.887836
96.759211 143.228653
96.759211 143.569470
96.759211 143.910287
96.759211 144.251104
96.759211 144.591921
96.759211 144.932738
96.759211 145.273554
96.759211 145.614371
96.759211 145.955188
96.759211 146.296005
96.759211 146.636822
96.759211 146.977639
96.759211 147.318456
96.759211 147.659273
96.759211 148.000090
96.759211 148.340907
96.759211 148.681724
97.100027 149.022541
97.100027 149.363358
97.100027 149.704175
97.100027 150.044992
97.100027 150.385809
97.100027 150.726626
97.100027 151.067443
97.100027 151.408260
97.100027 151.749077
97.100027 152.089894
97.100027 151.749077
97.100027 152.089894
97.100027 152.430711
97.440844 152.430711
97.440844 152.771528
97.440844 152.430711
97.440844 152.771528
97.440844 153.112345
97.440844 153.453162
97.440844 153.793979
97.440844 154.134796
97.781661 154.475613
97.781661 154.816430
97.781661 155.157247
97.781661 155.498064
97.781661 155.838881
97.781661 156.179697
98.122478 156.179697
98.122478 156.520514
98.122478 156.861331
98.122478 157.202148
98.463295 157.542965
98.122478 157.883782
98.463295 158.224599
98.463295 158.565416
98.463295 158.906233
98.804112 158.906233
98.463295 159.247050
98.804112 159.587867
99.144929 159.928684
98.804112 159.587867
98.463295 159.247050
98.122478 159.247050
97.781661 158.906233
97.440844 158.565416
97.100027 158.565416
96.759211 158.224599
96.077577 158.224599
95.736760 157.883782
95.395943 157.542965
95.055126 157.542965
94.714309 157.202148
94.373492 157.202148
93.691858 156.861331
93.351041 156.861331
93.010224 156.520514
92.669407 156.179697
92.328590 156.179697
91.987773 155.838881
91.306139 155.838881
90.965322 155.498064
90.624505 155.498064
90.283688 155.157247
89.942871 155.157247
89.602054 154.816430
89.261237 154.816430
88.920420 154.816430
88.579603 154.475613
88.238786 154.134796
87.897969 154.134796
87.557152 153.793979
87.216335 153.453162
86.534701 153.112345
86.193884 153.112345
85.853068 152.771528
85.512251 152.430711
85.171434 152.430711
84.830617 152.089894
84.489800 151.749077
84.148983 151.408260
83.467349 151.408260
83.126532 151.067443
82.785715 150.726626
82.444898 150.385809
82.104081 150.385809
81.763264 150.044992
81.422447 149.704175
81.081630 149.363358
80.399996 149.363358
80.059179 149.022541
79.718362 148.681724
79.377545 148.681724
79.036728 148.340907
78.695911 148.000090
78.355094 147.659273
78.014277 147.659273
77.673460 147.318456
76.991826 146.977639
76.651009 146.636822
76.310192 146.636822
75.969375 146.296005
75.969375 145.955188
75.969375 145.614371
75.628558 145.273554
75.628558 144.932738
75.628558 144.591921
75.287742 144.251104
75.287742 143.910287
75.287742 143.569470
75.287742 143.228653
74.946925 142.887836
74.946925 142.547019
74.946925 142.206202
74.946925 141.865385
74.606108 141.183751
74.606108 140.842934
74.606108 140.502117
74.606108 140.161300
74.265291 139.820483
74.265291 139.479666
74.265291 139.138849
74.265291 138.798032
73.924474 138.457215
73.924474 138.116398
73.924474 137.775581
73.924474 137.434764
73.924474 137.093947
73.924474 136.753130
74.265291 136.412313
74.265291 136.071496
74.606108 135.730679
74.606108 135.389862
74.946925 135.049045
74.946925 134.708228
75.287742 134.026595
75.628558 133.685778
75.969375 133.344961
76.310192 133.004144
76.991826 132.322510
77.332643 131.981693
77.673460 131.640876
78.014277 131.300059
78.355094 130.959242
78.695911 130.277608
79.036728 129.936791
79.377545 129.595974
79.718362 129.255157
80.059179 128.914340
80.399996 128.232706
80.740813 127.891889
81.081630 127.551072
81.422447 127.210255
81.763264 126.528621
82.444898 126.187804
82.785715 125.846987
83.126532 125.506170
83.467349 125.165353
83.808166 124.483719
84.148983 124.142902
84.489800 123.802086
84.830617 123.461269
85.171434 122.779635
85.512251 122.438818
85.853068 122.098001
86.193884 121.757184
86.534701 121.416367
86.875518 120.734733
87.216335 120.393916
87.557152 120.053099
87.897969 119.712282
87.897969 119.030648
88.238786 118.689831
88.579603 118.349014
88.579603 118.008197
88.920420 117.326563
89.261237 116.985746
89.261237 116.644929
89.602054 115.963295
89.942871 115.622478
89.942871 115.281661
90.283688 114.940844
90.624505 114.259210
90.624505 113.918393
90.965322 113.577576
91.306139 113.236760
91.306139 112.555126
91.646956 112.214309
91.987773 111.873492
91.987773 111.532675
92.328590 110.851041
92.669407 110.510224
93.010224 110.169407
93.010224 109.487773
93.351041 109.146956
93.691858 108.806139
93.691858 108.465322
94.032675 107.783688
94.373492 107.442871
94.373492 107.102054
94.714309 106.761237
95.055126 106.420420
95.395943 106.079603
95.736760 105.738786
96.077577 105.397969
96.418394 105.057152
97.100027 104.716335
97.440844 104.034701
97.781661 103.693884
98.122478 103.353067
98.463295 103.012250
98.804112 102.671434
99.144929 102.330617
99.485746 101.989800
100.167380 101.648983
100.508197 101.308166
100.849014 101.308166
101.189831 100.967349
101.530648 100.967349
101.871465 100.626532
102.212282 100.285715
102.553099 100.285715
102.893916 99.944898
103.234733 99.944898
103.575550 99.944898
103.916367 99.944898
104.598001 99.944898
104.938818 99.604081
105.279635 99.604081
105.620452 99.604081
105.961269 99.604081
106.302086 99.604081
106.983720 99.604081
107.324537 99.944898
107.324537 100.285715
107.665353 100.285715
107.665353 100.626532
108.006170 100.967349
108.346987 101.308166
108.687804 101.648983
109.028621 101.648983
109.028621 101.989800
109.369438 101.989800
109.710255 102.330617
110.051072 102.671434
110.391889 103.012250
110.732706 103.353067
111.073523 103.693884
111.414340 103.693884
111.755157 104.034701
112.095974 104.375518
112.436791 104.375518
112.777608 104.716335
113.118425 105.057152
113.459242 105.057152
113.800059 105.397969
114.140876 105.738786
114.481693 105.738786
114.822510 106.079603
115.163327 106.079603
115.504144 106.420420
115.844961 106.420420
116.185778 106.761237
116.185778 107.102054
116.185778 107.442871
116.526595 107.783688
116.526595 108.124505
116.526595 108.465322
116.867412 108.806139
116.526595 108.806139
