153.035467 82.439159
152.477219 82.997407
151.918972 83.555654
151.918972 84.113902
151.360724 84.113902
150.802476 84.672150
150.244228 84.672150
149.685980 84.672150
149.685980 85.230398
149.127732 85.230398
148.569485 85.788646
148.011237 85.788646
147.452989 86.346894
146.894741 86.346894
146.894741 86.905141
146.336493 86.905141
145.778246 87.463389
145.219998 87.463389
145.219998 88.021637
144.661750 88.021637
144.103502 88.579885
143.545254 88.579885
143.545254 89.138133
142.987006 89.138133
142.987006 89.696381
142.428759 89.696381
141.870511 90.254628
141.312263 90.254628
141.312263 90.812876
140.754015 91.371124
140.195767 91.929372
139.637519 91.929372
139.637519 92.487620
139.079272 93.045867
138.521024 93.045867
138.521024 93.604115
137.962776 94.162363
137.404528 94.720611
136.846280 94.720611
136.288033 94.720611
136.288033 95.278859
135.729785 95.837107
135.171537 95.837107
135.171537 96.395354
134.613289 96.953602
134.055041 96.953602
134.055041 97.511850
133.496793 97.511850
132.938546 98.070098
132.380298 98.628346
131.822050 99.186594
131.263802 99.744841
130.705554 100.303089
130.705554 100.861337
130.147306 101.419585
129.589059 101.977833
129.030811 102.536080
128.472563 103.094328
127.914315 103.652576
127.914315 104.210824
127.356067 104.769072
126.797819 105.327320
126.797819 105.885567
126.239572 106.443815
125.681324 107.002063
125.681324 107.560311
125.123076 108.118559
124.564828 108.676807
124.564828 109.235054
124.006580 109.793302
124.006580 110.351550
123.448333 110.909798
123.448333 111.468046
122.890085 112.026294
122.890085 112.584541
122.890085 113.142789
122.331837 113.701037
122.331837 114.259285
121.773589 114.817533
121.773589 115.375780
121.773589 115.934028
121.215341 116.492276
121.215341 117.050524
121.215341 117.608772
120.657093 118.167020
120.657093 118.725267
120.657093 119.283515
120.657093 119.841763
120.098846 120.400011
120.098846 120.958259
120.098846 121.516507
120.098846 122.074754
119.540598 122.633002
119.540598 123.191250
119.540598 123.749498
119.540598 124.307746
119.540598 124.865993
119.540598 125.424241
119.540598 125.982489
119.540598 126.540737
118.982350 127.098985
118.982350 127.657233
118.982350 128.215480
118.982350 128.773728
118.982350 129.331976
118.982350 129.890224
118.982350 130.448472
118.982350 131.006720
118.982350 131.564967
118.982350 132.123215
118.982350 132.681463
118.982350 133.239711
118.982350 133.797959
119.540598 134.356206
119.540598 134.914454
119.540598 135.472702
119.540598 136.030950
119.540598 136.589198
119.540598 137.147446
119.540598 137.705693
119.540598 138.263941
120.098846 138.822189
120.098846 139.380437
120.098846 139.938685
120.098846 140.496933
120.098846 141.055180
120.657093 141.055180
120.657093 141.613428
120.657093 142.171676
120.657093 142.729924
120.657093 143.288172
121.215341 143.288172
121.215341 143.846420
121.215341 144.404667
121.773589 144.962915
121.773589 145.521163
121.773589 146.079411
121.773589 146.637659
122.331837 146.637659
122.331837 147.195906
122.890085 147.754154
122.890085 148.312402
122.331837 148.870650
122.331837 149.987146
121.773589 150.545393
121.215341 151.103641
121.215341 151.661889
120.657093 152.220137
120.657093 153.336633
120.098846 153.894880
120.098846 154.453128
119.540598 155.011376
118.982350 155.011376
118.424102 155.569624
117.865854 155.569624
117.307606 155.569624
116.749359 155.569624
116.191111 156.127872
115.632863 156.127872
115.074615 156.127872
114.516367 156.127872
113.958120 156.686119
112.841624 156.686119
112.283376 156.686119
111.725128 156.686119
111.166880 157.244367
110.608633 157.244367
110.050385 157.244367
109.492137 157.244367
108.933889 156.686119
108.375641 156.127872
107.817393 156.127872
107.259146 155.569624
106.700898 155.569624
106.142650 155.569624
105.584402 155.011376
105.026154 155.011376
104.467907 155.011376
103.909659 155.011376
103.351411 154.453128
102.793163 154.453128
102.234915 154.453128
101.676667 154.453128
101.118420 153.894880
100.560172 153.894880
100.001924 153.894880
99.443676 153.894880
98.885428 153.894880
98.327180 153.336633
97.768933 153.336633
97.210685 153.336633
96.652437 153.336633
96.094189 152.778385
95.535941 152.778385
94.977693 152.778385
94.419446 152.778385
93.861198 152.220137
93.302950 152.220137
92.186454 152.220137
91.628207 152.220137
91.069959 151.661889
90.511711 151.661889
89.953463 151.661889
89.395215 151.661889
88.836967 151.103641
88.278720 151.103641
87.720472 150.545393
87.162224 149.987146
86.603976 149.428898
85.487480 148.870650
84.929233 148.312402
84.370985 147.754154
83.812737 147.195906
83.254489 146.637659
82.137994 146.079411
81.579746 145.521163
81.021498 144.962915
80.463250 144.404667
79.905002 143.846420
79.346754 143.846420
78.230259 143.288172
77.672011 142.729924
77.113763 142.171676
76.555515 141.613428
75.997267 141.055180
74.880772 140.496933
74.322524 139.938685
73.764276 139.380437
73.206028 138.822189
72.647780 138.263941
72.089533 137.705693
71.531285 137.147446
70.973037 136.589198
70.414789 136.030950
70.414789 135.472702
69.856541 134.914454
69.856541 133.797959
69.856541 133.239711
69.298294 132.681463
69.298294 132.123215
69.298294 131.564967
68.740046 131.006720
68.740046 130.448472
68.740046 129.331976
68.181798 128.773728
68.181798 128.215480
68.181798 127.657233
67.623550 127.098985
67.623550 126.540737
67.065302 125.424241
67.065302 124.865993
67.065302 124.307746
66.507054 123.749498
66.507054 123.191250
66.507054 122.633002
65.948807 122.074754
65.948807 120.958259
65.948807 120.400011
65.390559 119.841763
65.390559 119.283515
65.390559 118.725267
65.390559 118.167020
65.390559 117.608772
65.390559 117.050524
65.948807 116.492276
65.948807 115.934028
66.507054 114.817533
67.065302 114.259285
67.065302 113.701037
67.623550 113.142789
68.181798 112.584541
68.181798 112.026294
68.740046 111.468046
69.298294 110.909798
69.298294 109.793302
69.856541 109.235054
70.414789 108.676807
70.414789 108.118559
70.973037 107.560311
70.973037 107.002063
71.531285 106.443815
72.089533 105.327320
72.089533 104.769072
72.647780 104.210824
73.206028 103.652576
73.764276 103.094328
73.764276 102.536080
74.322524 101.977833
75.439020 101.419585
75.997267 100.303089
76.555515 99.744841
77.113763 99.186594
78.230259 98.628346
78.788507 98.070098
79.346754 97.511850
79.905002 96.395354
81.021498 95.837107
81.579746 95.278859
82.137994 94.720611
83.254489 94.162363
83.812737 93.045867
84.370985 92.487620
84.929233 91.929372
86.045728 91.371124
86.603976 90.812876
87.162224 89.696381
87.720472 89.138133
88.836967 88.579885
89.395215 88.021637
89.953463 87.463389
90.511711 86.905141
91.628207 85.788646
92.186454 85.230398
92.186454 84.672150
92.744702 84.113902
92.744702 83.555654
92.744702 82.997407
93.302950 82.439159
93.861198 81.880911
93.861198 81.322663
94.419446 80.764415
94.977693 80.206167
94.977693 79.647920
95.535941 79.089672
95.535941 78.531424
96.094189 77.973176
96.652437 77.414928
96.652437 76.856681
97.210685 76.298433
97.768933 75.740185
97.768933 75.181937
98.327180 74.623689
98.885428 73.507194
98.885428 72.948946
99.443676 72.390698
100.001924 71.832450
100.001924 71.274202
100.560172 70.715954
101.118420 70.157707
101.676667 69.599459
102.234915 69.041211
102.793163 68.482963
103.351411 67.924715
103.909659 67.366468
104.467907 67.366468
105.026154 66.808220
105.584402 66.249972
106.142650 65.691724
106.700898 65.133476
107.259146 64.575228
107.817393 64.016981
108.933889 63.458733
109.492137 62.900485
110.050385 62.342237
110.608633 61.783989
111.166880 61.783989
111.725128 61.225741
112.283376 61.225741
112.841624 60.667494
113.399872 60.667494
113.958120 60.667494
114.516367 60.667494
115.074615 60.667494
115.632863 60.667494
116.749359 60.667494
117.307606 60.667494
117.865854 60.667494
118.424102 60.667494
118.982350 60.667494
119.540598 60.667494
120.098846 60.667494
121.215341 60.667494
121.773589 60.667494
122.331837 61.225741
122.890085 61.225741
123.448333 61.225741
124.006580 61.225741
124.564828 61.225741
125.681324 61.225741
126.239572 61.225741
126.797819 61.225741
127.356067 61.225741
127.914315 61.783989
128.472563 61.783989
129.030811 62.342237
129.589059 62.342237
130.147306 62.342237
130.705554 62.900485
131.263802 63.458733
131.822050 63.458733
132.380298 64.016981
132.938546 64.575228
133.496793 65.133476
134.613289 65.691724
135.171537 66.249972
135.729785 66.249972
136.288033 66.808220
136.846280 67.366468
137.404528 67.924715
137.962776 68.482963
139.079272 69.041211
139.637519 69.041211
140.195767 69.599459
140.754015 70.157707
141.312263 70.715954
141.870511 71.274202
142.428759 71.832450
143.545254 72.390698
143.545254 72.948946
144.103502 73.507194
144.661750 74.065441
145.219998 74.623689
145.778246 74.623689
146.336493 75.181937
146.894741 75.740185
147.452989 76.298433
148.011237 76.298433
148.569485 76.856681
149.127732 77.414928
150.244228 77.973176
150.802476 78.531424
151.360724 78.531424
151.918972 79.089672
152.477219 79.647920
153.035467 80.206167
153.035467 80.764415
153.035467 81.322663
153.035467 81.880911
153.035467 82.439159
