133.052461 94.279132
133.052461 94.657841
133.052461 95.036550
133.052461 95.415259
133.052461 95.793969
133.052461 96.172678
133.052461 96.551387
133.052461 96.930096
133.052461 97.687514
132.673752 98.066223
132.673752 98.823642
132.673752 99.202351
132.295043 99.581060
131.916334 99.959769
131.537625 99.959769
131.158916 100.338478
130.780207 100.717187
130.401498 100.717187
130.022788 100.717187
130.022788 101.095896
129.644079 101.474605
129.265370 101.853315
128.886661 102.232024
128.507952 102.232024
128.129243 102.610733
127.750534 102.989442
127.371825 102.989442
127.371825 103.368151
126.993115 103.746860
126.614406 103.746860
126.614406 104.125569
126.235697 104.504278
125.856988 104.882988
125.478279 105.261697
125.099570 105.640406
124.720861 106.019115
124.342152 106.397824
124.342152 106.776533
123.963442 107.155242
123.584733 107.533951
123.206024 107.912661
122.827315 108.291370
122.827315 108.670079
122.448606 109.048788
122.069897 109.427497
122.069897 109.806206
121.691188 110.184915
121.691188 110.563624
121.312479 110.942334
121.312479 111.321043
120.933769 111.699752
120.933769 112.078461
120.555060 112.457170
120.555060 112.835879
120.176351 113.214588
120.176351 113.593297
119.797642 113.972007
119.797642 114.350716
119.797642 114.729425
119.418933 115.108134
119.418933 115.486843
119.040224 115.865552
119.040224 116.244261
119.040224 116.622970
118.661515 117.001680
118.661515 117.380389
118.282806 117.759098
118.282806 118.137807
118.282806 118.516516
118.282806 118.895225
117.904096 119.273934
117.904096 119.652643
117.904096 120.031353
117.904096 120.410062
117.525387 120.788771
117.525387 121.167480
117.525387 121.546189
117.525387 121.924898
117.525387 122.303607
117.525387 122.682316
117.146678 123.061026
117.146678 123.439735
117.146678 123.818444
117.146678 124.197153
117.146678 124.575862
117.146678 124.954571
117.146678 125.333280
117.146678 125.711989
117.146678 126.090699
117.146678 126.469408
117.146678 126.848117
117.146678 127.226826
117.146678 127.605535
117.146678 127.984244
117.146678 128.362953
117.146678 128.741662
117.146678 129.120372
117.146678 129.499081
117.146678 129.877790
117.146678 130.256499
117.146678 130.635208
117.146678 131.013917
117.146678 130.635208
117.146678 131.013917
117.146678 131.392626
117.146678 131.771335
117.146678 132.150045
117.146678 132.528754
117.525387 132.907463
117.525387 133.286172
117.525387 133.664881
117.525387 134.043590
117.525387 134.422299
117.525387 134.801008
117.525387 135.179718
117.904096 135.179718
117.904096 135.558427
117.904096 135.179718
117.904096 135.558427
117.904096 135.179718
117.904096 135.558427
117.904096 135.937136
117.904096 136.315845
117.904096 136.694554
118.282806 136.694554
118.282806 137.073263
118.282806 136.694554
118.282806 137.073263
118.282806 137.451972
118.282806 137.830681
118.282806 138.209391
118.661515 138.209391
118.661515 138.588100
118.661515 138.966809
119.040224 138.966809
119.040224 139.345518
119.040224 139.724227
119.418933 140.102936
119.418933 140.481645
119.797642 140.860354
120.176351 140.860354
120.176351 141.239064
120.555060 141.239064
120.933769 141.617773
121.312479 141.996482
121.691188 142.375191
121.691188 142.753900
122.069897 143.132609
122.069897 143.511318
122.448606 143.890027
122.448606 144.268737
122.448606 143.890027
122.448606 144.268737
122.448606 144.647446
122.448606 145.026155
122.448606 145.404864
122.448606 145.783573
122.448606 146.162282
122.069897 146.540991
122.069897 146.919700
121.691188 147.298410
121.691188 147.677119
121.312479 148.055828
120.933769 148.434537
120.555060 148.813246
120.176351 148.813246
119.797642 149.191955
119.418933 149.191955
119.040224 149.570664
118.661515 149.570664
118.282806 149.570664
117.904096 149.570664
117.525387 149.570664
117.146678 149.570664
116.767969 149.570664
116.389260 149.949373
116.010551 149.949373
115.631842 150.328083
115.253133 150.328083
114.874423 150.706792
114.495714 151.085501
114.117005 151.085501
113.738296 151.464210
113.359587 151.464210
112.980878 151.464210
112.602169 151.464210
112.223460 151.464210
111.844750 151.464210
111.087332 151.464210
110.708623 151.464210
110.329914 151.464210
109.951205 151.464210
109.572496 151.464210
109.193787 151.464210
108.815077 151.464210
108.057659 151.464210
107.678950 151.464210
107.300241 151.464210
106.921532 151.464210
106.542823 151.464210
106.164114 151.464210
105.785404 151.464210
105.406695 151.464210
104.649277 151.464210
104.270568 151.464210
103.891859 151.085501
103.513150 151.085501
103.134441 150.706792
102.755731 150.706792
102.377022 150.328083
101.998313 150.328083
101.619604 150.328083
101.240895 149.949373
100.862186 149.949373
100.483477 149.570664
100.104768 149.570664
99.726058 149.570664
99.347349 149.570664
98.968640 149.191955
98.589931 149.191955
98.211222 149.191955
97.832513 149.191955
97.453804 148.813246
97.075095 148.813246
96.696385 148.813246
96.317676 148.813246
95.938967 148.813246
95.560258 148.434537
95.181549 148.434537
94.802840 148.434537
94.424131 148.434537
94.045422 148.434537
93.666712 148.434537
93.288003 148.434537
92.909294 148.434537
92.530585 148.434537
92.151876 148.434537
91.773167 148.434537
91.394458 148.434537
91.015749 148.434537
90.637039 148.434537
90.258330 148.434537
89.879621 148.434537
89.500912 148.434537
89.122203 148.434537
88.743494 148.055828
88.364785 148.055828
87.986076 147.677119
87.607366 147.298410
86.849948 146.919700
86.471239 146.919700
86.092530 146.540991
85.713821 146.162282
85.335112 146.162282
84.577693 145.783573
84.198984 145.404864
83.820275 145.404864
83.441566 145.026155
83.062857 144.647446
82.684148 144.268737
81.926730 144.268737
81.548020 143.890027
81.548020 143.511318
81.169311 143.132609
80.790602 142.753900
80.411893 142.375191
80.033184 141.996482
79.654475 141.617773
79.275766 141.239064
78.897057 140.860354
78.518347 140.481645
78.139638 140.102936
78.139638 139.724227
78.139638 139.345518
78.139638 138.966809
78.139638 138.588100
78.139638 138.209391
77.760929 137.451972
77.760929 137.073263
77.760929 136.694554
77.760929 136.315845
77.760929 135.937136
77.760929 135.558427
77.760929 134.801008
77.760929 134.422299
77.760929 134.043590
77.760929 133.664881
77.760929 133.286172
77.760929 132.907463
77.760929 132.528754
77.760929 132.150045
77.760929 131.771335
77.760929 131.392626
77.760929 131.013917
77.760929 130.635208
77.760929 129.877790
77.760929 129.499081
78.139638 129.120372
78.139638 128.741662
78.518347 128.362953
78.518347 127.984244
78.897057 127.605535
78.897057 127.226826
79.275766 126.848117
79.275766 126.469408
79.654475 126.090699
79.654475 125.711989
80.033184 125.333280
80.033184 124.575862
80.411893 124.197153
80.411893 123.818444
80.790602 123.439735
80.790602 123.061026
81.169311 122.682316
81.169311 122.303607
81.548020 121.924898
81.548020 121.546189
81.926730 121.167480
81.926730 120.788771
82.305439 120.410062
82.305439 119.652643
82.684148 119.273934
82.684148 118.895225
83.062857 118.516516
83.062857 118.137807
83.441566 117.759098
83.441566 117.380389
83.820275 117.001680
83.820275 116.622970
84.198984 116.244261
84.577693 115.865552
84.956403 115.865552
84.956403 115.486843
84.577693 115.486843
84.577693 115.108134
84.956403 114.350716
85.335112 114.729425
85.713821 114.729425
86.092530 114.350716
86.471239 113.972007
86.849948 113.593297
87.228657 113.214588
87.607366 112.835879
87.986076 112.457170
87.986076 112.078461
88.364785 111.699752
88.743494 111.321043
89.122203 110.942334
89.500912 110.563624
89.879621 110.184915
89.879621 109.806206
90.258330 109.427497
90.637039 109.048788
90.637039 108.670079
91.015749 108.291370
91.394458 107.912661
91.394458 107.533951
91.773167 107.155242
92.151876 106.776533
92.151876 106.397824
92.530585 106.019115
92.530585 105.640406
92.909294 105.261697
93.288003 104.882988
93.288003 104.504278
93.666712 104.125569
94.045422 103.746860
94.424131 103.368151
94.802840 102.989442
95.181549 102.610733
95.560258 102.232024
95.938967 101.853315
96.317676 101.474605
96.696385 101.095896
97.075095 100.717187
97.453804 100.338478
97.832513 99.959769
98.211222 99.581060
98.589931 99.581060
99.347349 99.202351
99.726058 98.823642
100.104768 98.444932
100.483477 98.066223
100.862186 97.687514
101.240895 97.308805
101.619604 96.930096
101.998313 96.930096
102.377022 96.551387
102.755731 96.172678
103.134441 95.793969
103.513150 95.415259
103.891859 95.036550
104.270568 94.657841
104.649277 94.279132
105.027986 94.279132
105.406695 93.900423
105.785404 93.900423
106.164114 93.900423
106.542823 93.521714
106.921532 93.521714
107.300241 93.143005
107.678950 93.143005
108.057659 93.143005
108.436368 93.143005
108.815077 93.143005
109.193787 93.143005
109.572496 92.764296
109.951205 92.764296
110.329914 92.764296
110.708623 92.764296
111.087332 92.764296
111.466041 92.764296
111.844750 92.764296
112.223460 92.764296
112.602169 92.385586
112.980878 92.385586
113.359587 92.385586
113.738296 92.385586
114.117005 92.385586
114.495714 92.385586
114.874423 92.385586
115.253133 92.006877
115.631842 92.006877
116.010551 92.006877
116.389260 92.006877
116.767969 92.006877
117.146678 92.006877
117.525387 92.006877
117.904096 92.006877
118.282806 91.628168
118.661515 91.628168
119.040224 91.628168
119.418933 91.628168
119.797642 91.628168
120.555060 91.628168
120.933769 91.628168
121.312479 91.628168
121.691188 91.628168
122.448606 91.628168
122.827315 91.628168
123.206024 91.628168
123.584733 91.628168
124.342152 91.628168
124.720861 91.628168
125.099570 91.628168
125.478279 91.628168
125.856988 91.628168
126.614406 91.628168
126.993115 91.628168
127.371825 91.628168
127.750534 91.628168
128.507952 91.628168
128.886661 91.628168
129.265370 91.628168
129.644079 91.628168
130.022788 91.628168
130.401498 92.006877
130.780207 92.006877
131.158916 92.385586
131.916334 92.385586
132.295043 92.385586
132.673752 92.764296
133.052461 92.764296
133.431171 93.143005
133.809880 93.143005
133.809880 93.521714
133.431171 93.900423
133.052461 94.279132
