152.015706 78.967393
152.015706 79.647375
152.015706 80.327357
152.015706 81.007340
151.335723 81.687322
150.655741 82.367305
149.975758 83.047287
149.295776 83.047287
148.615794 83.047287
147.935811 83.047287
147.255829 83.047287
146.575846 83.047287
145.895864 83.047287
145.215882 83.727270
144.535899 83.727270
143.855917 83.727270
143.175934 84.407252
142.495952 84.407252
141.815969 85.087234
141.135987 85.087234
140.456005 85.767217
139.776022 85.767217
139.096040 86.447199
138.416057 87.127182
137.736075 87.807164
137.056093 87.807164
136.376110 88.487146
135.696128 89.167129
135.016145 89.847111
134.336163 90.527094
133.656181 90.527094
132.976198 91.207076
132.296216 91.887058
131.616233 91.887058
131.616233 92.567041
130.936251 93.247023
130.936251 93.927006
130.256268 94.606988
129.576286 95.286971
128.896304 95.966953
128.896304 96.646935
128.216321 97.326918
127.536339 98.006900
126.856356 98.686883
126.856356 99.366865
126.176374 100.046847
125.496392 100.726830
125.496392 101.406812
124.816409 102.086795
124.816409 102.766777
124.136427 103.446760
124.136427 104.126742
123.456444 104.806724
123.456444 105.486707
122.776462 106.166689
122.776462 106.846672
122.096479 107.526654
122.096479 108.206636
121.416497 108.886619
120.736515 109.566601
120.736515 110.246584
120.056532 110.926566
119.376550 111.606548
119.376550 112.286531
118.696567 112.966513
118.696567 113.646496
118.016585 114.326478
118.016585 115.006461
117.336603 115.686443
117.336603 116.366425
116.656620 117.046408
116.656620 117.726390
116.656620 118.406373
115.976638 119.086355
115.976638 119.766337
115.976638 120.446320
115.296655 121.126302
115.296655 121.806285
115.296655 122.486267
115.296655 123.166250
114.616673 123.846232
114.616673 124.526214
114.616673 125.206197
114.616673 125.886179
114.616673 126.566162
114.616673 127.246144
114.616673 127.926126
114.616673 128.606109
114.616673 129.286091
114.616673 129.966074
114.616673 130.646056
114.616673 131.326038
114.616673 132.006021
114.616673 132.686003
114.616673 133.365986
114.616673 134.045968
114.616673 134.725951
114.616673 135.405933
114.616673 136.085915
114.616673 136.765898
114.616673 137.445880
114.616673 138.125863
114.616673 138.805845
114.616673 139.485827
115.296655 140.165810
115.296655 140.845792
115.296655 141.525775
115.296655 142.205757
115.976638 142.885740
115.976638 143.565722
115.976638 144.245704
115.976638 144.925687
116.656620 144.925687
116.656620 145.605669
116.656620 146.285652
117.336603 146.965634
117.336603 147.645616
117.336603 148.325599
117.336603 149.005581
117.336603 150.365546
116.656620 151.045528
115.976638 151.725511
115.976638 152.405493
115.976638 153.085476
115.296655 153.765458
114.616673 154.445441
113.936691 155.125423
113.936691 155.805405
113.936691 156.485388
113.256708 157.165370
112.576726 157.845353
112.576726 158.525335
111.896743 159.205317
111.896743 159.885300
111.216761 160.565282
111.216761 161.245265
110.536778 161.245265
109.856796 161.245265
109.176814 161.245265
108.496831 161.245265
107.816849 161.245265
107.136866 161.245265
106.456884 161.245265
105.776902 160.565282
105.096919 160.565282
104.416937 160.565282
103.736954 160.565282
103.056972 160.565282
102.376989 160.565282
101.697007 160.565282
101.017025 160.565282
100.337042 160.565282
99.657060 160.565282
98.977077 159.885300
98.297095 159.885300
97.617113 159.885300
96.937130 159.885300
96.257148 159.885300
95.577165 159.885300
94.897183 159.885300
94.217201 159.885300
93.537218 159.205317
92.857236 159.205317
92.177253 159.205317
91.497271 158.525335
90.817288 157.845353
90.137306 157.845353
89.457324 157.165370
88.777341 157.165370
88.097359 156.485388
87.417376 155.805405
86.737394 155.805405
86.057412 155.125423
85.377429 155.125423
84.697447 154.445441
84.017464 153.765458
83.337482 153.765458
82.657500 153.085476
81.977517 152.405493
81.297535 152.405493
80.617552 151.725511
79.937570 151.725511
79.257587 151.725511
78.577605 151.045528
77.897623 150.365546
77.217640 150.365546
76.537658 149.685564
75.857675 149.685564
75.177693 149.005581
74.497711 148.325599
73.817728 148.325599
73.137746 147.645616
72.457763 147.645616
71.777781 146.965634
71.097798 146.965634
70.417816 146.965634
69.737834 146.285652
69.057851 145.605669
68.377869 144.925687
67.697886 144.925687
67.017904 144.245704
66.337922 144.245704
65.657939 144.245704
64.977957 143.565722
64.297974 143.565722
63.617992 142.885740
62.938010 142.885740
62.938010 142.205757
62.938010 141.525775
62.258027 140.845792
62.258027 140.165810
62.258027 139.485827
62.258027 138.805845
61.578045 138.125863
61.578045 137.445880
61.578045 136.765898
61.578045 136.085915
61.578045 135.405933
61.578045 134.725951
60.898062 134.045968
60.898062 133.365986
60.898062 132.686003
60.898062 132.006021
60.898062 131.326038
60.898062 130.646056
60.898062 129.966074
60.898062 129.286091
61.578045 128.606109
61.578045 127.926126
61.578045 127.246144
61.578045 126.566162
61.578045 125.886179
61.578045 125.206197
61.578045 124.526214
61.578045 123.846232
61.578045 123.166250
61.578045 122.486267
61.578045 121.806285
61.578045 121.126302
61.578045 120.446320
61.578045 119.766337
62.258027 119.086355
62.258027 118.406373
62.258027 117.726390
62.258027 117.046408
62.258027 116.366425
62.258027 115.686443
62.258027 115.006461
62.258027 114.326478
62.258027 113.646496
62.938010 112.966513
63.617992 112.286531
63.617992 111.606548
64.297974 110.926566
64.977957 110.246584
65.657939 109.566601
65.657939 108.886619
66.337922 108.206636
67.017904 107.526654
67.697886 106.846672
68.377869 106.166689
68.377869 105.486707
69.057851 104.806724
69.737834 104.126742
70.417816 103.446760
70.417816 102.766777
71.097798 102.086795
71.777781 101.406812
72.457763 100.726830
73.137746 100.046847
73.817728 99.366865
74.497711 99.366865
75.177693 98.686883
75.857675 98.006900
76.537658 98.006900
77.217640 97.326918
77.897623 96.646935
78.577605 95.966953
79.257587 95.286971
79.937570 94.606988
79.937570 93.927006
80.617552 93.247023
80.617552 92.567041
81.297535 91.887058
81.977517 91.207076
82.657500 90.527094
83.337482 89.847111
83.337482 89.167129
84.017464 88.487146
84.697447 88.487146
84.697447 87.807164
85.377429 87.127182
86.057412 86.447199
86.057412 85.767217
86.737394 85.087234
87.417376 84.407252
87.417376 83.727270
87.417376 83.047287
88.097359 82.367305
88.777341 81.687322
88.777341 81.007340
89.457324 80.327357
89.457324 79.647375
90.137306 78.967393
90.817288 78.287410
91.497271 77.607428
91.497271 76.927445
92.177253 76.247463
92.857236 75.567481
93.537218 74.887498
93.537218 74.207516
93.537218 73.527533
93.537218 72.847551
94.217201 72.167568
94.897183 71.487586
94.897183 70.807604
95.577165 70.127621
95.577165 69.447639
95.577165 68.767656
95.577165 68.087674
96.257148 67.407692
96.937130 66.727709
97.617113 66.047727
98.297095 65.367744
98.977077 64.687762
99.657060 64.007780
100.337042 63.327797
101.017025 62.647815
101.017025 61.967832
101.697007 61.287850
102.376989 60.607867
103.056972 60.607867
103.736954 59.927885
104.416937 59.927885
105.096919 59.927885
105.776902 59.247903
106.456884 58.567920
106.456884 57.887938
107.136866 57.887938
107.816849 57.207955
108.496831 57.207955
109.176814 56.527973
109.856796 56.527973
110.536778 56.527973
111.216761 56.527973
111.896743 55.847991
112.576726 55.847991
113.256708 55.847991
113.936691 55.847991
114.616673 55.847991
115.296655 55.847991
115.976638 55.847991
116.656620 55.847991
117.336603 55.847991
118.016585 55.847991
118.696567 55.847991
119.376550 55.847991
120.056532 55.847991
120.736515 55.847991
121.416497 55.847991
122.096479 55.847991
122.776462 55.847991
123.456444 55.847991
124.136427 55.847991
124.816409 55.847991
125.496392 55.847991
126.176374 55.847991
126.856356 55.847991
127.536339 55.847991
128.216321 55.847991
128.896304 55.847991
129.576286 55.847991
130.256268 56.527973
130.936251 56.527973
131.616233 56.527973
132.296216 57.207955
132.976198 57.207955
133.656181 57.207955
134.336163 57.887938
135.016145 57.887938
135.696128 57.887938
136.376110 58.567920
137.056093 58.567920
137.736075 59.247903
138.416057 59.247903
139.096040 59.927885
139.776022 60.607867
140.456005 61.287850
141.135987 61.287850
141.815969 61.967832
142.495952 62.647815
143.175934 63.327797
143.175934 64.007780
143.855917 64.687762
143.855917 65.367744
144.535899 65.367744
145.215882 66.047727
145.895864 66.727709
146.575846 67.407692
147.255829 68.087674
147.935811 68.087674
148.615794 68.767656
149.295776 69.447639
149.975758 70.127621
150.655741 70.807604
151.335723 71.487586
152.015706 72.167568
152.695688 72.847551
153.375671 73.527533
153.375671 74.207516
153.375671 74.887498
154.055653 75.567481
153.375671 76.247463
153.375671 76.927445
152.695688 77.607428
152.695688 78.287410
152.015706 78.967393
