127.455274 107.654592
127.216166 107.893700
127.216166 108.132809
127.216166 108.371917
126.977058 108.611025
126.977058 108.850134
126.977058 109.328350
126.977058 109.567459
126.737949 109.806567
126.498841 110.045675
126.259733 110.045675
126.020625 110.284783
125.781516 110.284783
125.781516 110.523892
125.542408 110.763000
125.303300 110.763000
125.303300 111.002108
125.064191 111.002108
124.825083 111.002108
124.825083 111.241217
124.585975 111.480325
124.346866 111.719433
124.107758 111.719433
124.107758 111.958542
123.868650 112.197650
123.629541 112.436758
123.390433 112.675867
123.151325 112.914975
122.912216 112.914975
122.912216 113.154083
122.912216 113.393192
122.673108 113.632300
122.434000 113.871408
122.194891 114.110517
121.955783 114.349625
121.955783 114.588733
121.716675 114.827842
121.477566 115.066950
121.238458 115.306058
121.238458 115.545167
120.999350 115.784275
120.760241 116.023383
120.760241 116.262492
120.521133 116.501600
120.282025 116.740708
120.282025 116.979816
120.042916 117.218925
120.042916 117.458033
119.803808 117.697141
119.803808 117.936250
119.564700 118.175358
119.564700 118.414466
119.325591 118.653575
119.325591 118.892683
119.086483 119.131791
119.086483 119.370900
118.847375 119.610008
118.847375 119.849116
118.608267 120.088225
118.608267 120.327333
118.369158 120.566441
118.369158 120.805550
118.369158 121.044658
118.130050 121.283766
118.130050 121.522875
117.890942 121.761983
117.890942 122.001091
117.890942 122.240200
117.651833 122.479308
117.651833 122.718416
117.651833 122.957525
117.651833 123.196633
117.412725 123.435741
117.412725 123.674850
117.173617 123.913958
117.173617 124.153066
117.173617 124.392174
116.934508 124.631283
116.934508 124.870391
116.695400 125.109499
116.695400 125.348608
116.695400 125.587716
116.456292 125.826824
116.456292 126.065933
116.456292 126.305041
116.456292 126.544149
116.217183 126.783258
116.217183 127.022366
116.217183 127.261474
116.217183 127.022366
116.217183 127.261474
115.978075 127.500583
115.978075 127.739691
115.978075 127.978799
115.978075 128.217908
115.978075 128.457016
115.738967 128.696124
115.738967 128.935233
115.738967 129.174341
115.738967 129.413449
115.738967 129.652558
115.738967 129.413449
115.738967 129.652558
115.738967 129.891666
115.499858 130.130774
115.499858 130.369883
115.499858 130.608991
115.499858 130.848099
115.499858 131.087207
115.499858 131.326316
115.499858 131.565424
115.499858 131.804532
115.499858 132.043641
115.499858 132.282749
115.499858 132.521857
115.499858 132.760966
115.499858 133.000074
115.499858 133.239182
115.499858 133.478291
115.499858 133.717399
115.499858 133.956507
115.499858 134.195616
115.499858 134.434724
115.499858 134.673832
115.499858 134.912941
115.499858 135.152049
115.499858 135.391157
115.499858 135.630266
115.499858 135.869374
115.499858 136.108482
115.499858 136.347591
115.499858 136.586699
115.499858 136.825807
115.499858 136.586699
115.499858 136.825807
115.499858 137.064916
115.738967 137.304024
115.738967 137.543132
115.738967 137.782241
115.738967 137.543132
115.738967 137.782241
115.738967 138.021349
115.738967 138.260457
115.738967 138.021349
115.738967 138.260457
115.738967 138.499565
115.978075 138.738674
115.978075 138.977782
115.978075 139.216890
115.978075 139.455999
115.978075 139.695107
115.978075 139.455999
115.978075 139.695107
116.217183 139.934215
116.217183 140.173324
116.217183 140.412432
116.217183 140.651540
116.456292 140.651540
116.456292 140.890649
116.456292 141.129757
116.456292 141.368865
116.456292 141.129757
116.456292 141.368865
116.695400 141.607974
116.695400 141.847082
116.695400 142.086190
116.695400 142.325299
116.934508 142.325299
116.934508 142.564407
117.173617 142.803515
117.173617 143.042624
117.173617 143.281732
117.412725 143.520840
117.412725 143.759949
117.651833 143.999057
117.651833 144.238165
117.890942 144.477274
117.890942 144.955490
117.651833 145.194598
117.651833 145.672815
117.651833 145.911923
117.412725 146.390140
117.173617 146.390140
116.934508 146.629248
116.695400 146.868357
116.456292 146.868357
115.978075 147.107465
115.738967 147.346573
115.499858 147.346573
115.260750 147.585682
115.021642 147.824790
114.782533 148.063898
114.304317 148.063898
114.065208 148.303007
113.826100 148.542115
113.586992 148.542115
113.347883 148.781223
113.108775 149.020332
112.869667 149.020332
112.391450 149.259440
112.152342 149.498548
111.913234 149.498548
111.674125 149.498548
111.435017 149.498548
110.956800 149.498548
110.717692 149.259440
110.478584 149.259440
110.239475 149.259440
109.761259 149.259440
109.522150 149.020332
109.283042 149.020332
109.043934 149.020332
108.565717 148.781223
108.326609 148.781223
108.087500 148.781223
107.848392 148.781223
107.370175 148.542115
107.131067 148.542115
106.891959 148.542115
106.652850 148.303007
106.174634 148.303007
105.935525 148.303007
105.696417 148.303007
105.457309 148.063898
104.979092 148.063898
104.739984 148.063898
104.500876 148.063898
104.261767 147.824790
103.783551 147.824790
103.544442 147.824790
103.305334 147.585682
103.066226 147.585682
102.588009 147.585682
102.348901 147.585682
102.109792 147.346573
101.870684 147.346573
101.631576 147.107465
101.392467 146.868357
101.153359 146.868357
100.914251 146.629248
100.675142 146.629248
100.436034 146.390140
100.196926 146.151032
99.957817 146.151032
99.479601 145.911923
99.240492 145.672815
99.001384 145.672815
98.762276 145.433707
98.523167 145.194598
98.284059 145.194598
98.044951 144.955490
97.805843 144.716382
97.566734 144.716382
97.327626 144.477274
97.088518 144.238165
96.849409 144.238165
96.610301 143.999057
96.371193 143.999057
96.132084 143.759949
95.892976 143.520840
95.892976 143.281732
95.892976 143.042624
95.653868 142.803515
95.653868 142.564407
95.653868 142.325299
95.653868 141.847082
95.653868 141.607974
95.653868 141.368865
95.414759 141.129757
95.414759 140.890649
95.414759 140.651540
95.414759 140.412432
95.414759 140.173324
95.175651 139.934215
95.175651 139.455999
95.175651 139.216890
95.175651 138.977782
95.175651 138.738674
94.936543 138.499565
94.936543 138.260457
94.936543 138.021349
94.936543 137.782241
94.936543 137.543132
94.936543 137.064916
94.697434 136.825807
94.936543 136.586699
94.936543 136.347591
94.936543 136.108482
94.936543 135.869374
95.175651 135.630266
95.175651 135.391157
95.175651 135.152049
95.414759 134.912941
95.414759 134.673832
95.414759 134.434724
95.414759 134.195616
95.653868 133.956507
95.653868 133.717399
95.653868 133.478291
95.892976 133.239182
95.892976 133.000074
95.892976 132.760966
95.892976 132.521857
96.132084 132.282749
96.132084 131.804532
96.132084 131.565424
96.132084 131.326316
96.371193 131.087207
96.371193 130.848099
96.371193 130.608991
96.610301 130.369883
96.610301 130.130774
96.610301 129.891666
96.610301 129.652558
96.849409 129.413449
96.849409 129.174341
96.849409 128.935233
97.088518 128.696124
97.088518 128.457016
97.088518 128.217908
97.327626 127.978799
97.327626 127.739691
97.566734 127.500583
97.566734 127.261474
97.566734 127.022366
97.805843 126.783258
97.805843 126.544149
98.044951 126.305041
98.044951 126.065933
98.284059 125.587716
98.284059 125.348608
98.523167 125.109499
98.762276 124.631283
98.762276 124.392174
99.001384 124.153066
99.240492 123.913958
99.479601 123.435741
99.479601 123.196633
99.718709 122.957525
99.957817 122.718416
99.957817 122.240200
100.196926 122.001091
100.436034 121.761983
100.436034 121.522875
100.675142 121.044658
100.914251 120.805550
100.914251 120.566441
101.153359 120.327333
101.392467 120.088225
101.631576 119.610008
101.631576 119.370900
101.870684 119.131791
102.109792 118.892683
102.109792 118.414466
102.348901 118.175358
102.588009 117.936250
102.588009 117.697141
102.827117 117.218925
103.066226 116.979816
103.305334 116.740708
103.305334 116.501600
103.544442 116.023383
103.783551 115.784275
104.022659 115.545167
104.261767 115.306058
104.739984 115.066950
104.979092 114.827842
105.218200 114.588733
105.457309 114.349625
105.935525 114.110517
106.174634 113.871408
106.413742 113.632300
106.891959 113.393192
107.131067 113.154083
107.370175 112.914975
107.848392 112.675867
108.087500 112.436758
108.326609 112.197650
108.565717 111.958542
109.043934 111.719433
109.283042 111.480325
109.522150 111.241217
110.000367 111.002108
110.239475 110.763000
110.478584 110.523892
110.717692 110.284783
111.195909 110.045675
111.435017 109.806567
111.913234 109.806567
112.152342 109.806567
112.391450 109.806567
112.630558 109.567459
112.869667 109.567459
113.347883 109.567459
113.586992 109.567459
113.826100 109.567459
114.065208 109.567459
114.304317 109.567459
114.782533 109.328350
115.021642 109.328350
115.260750 109.328350
115.499858 109.328350
115.738967 109.328350
116.217183 109.328350
116.456292 109.328350
116.695400 109.089242
116.934508 109.089242
117.173617 109.089242
117.651833 109.089242
117.890942 109.089242
118.130050 109.089242
118.369158 109.089242
118.608267 108.850134
119.086483 108.850134
119.325591 108.850134
119.564700 108.850134
119.803808 108.850134
120.042916 108.850134
120.521133 108.850134
120.760241 108.611025
120.999350 108.611025
121.238458 108.611025
121.477566 108.611025
121.955783 108.611025
122.194891 108.611025
122.434000 108.611025
122.673108 108.611025
122.912216 108.371917
123.390433 108.371917
123.629541 108.371917
123.868650 108.371917
124.107758 108.371917
124.346866 108.371917
124.825083 108.371917
125.064191 108.132809
125.303300 108.132809
125.542408 108.132809
125.781516 108.132809
126.020625 108.132809
126.259733 107.893700
126.498841 107.893700
126.737949 107.893700
126.977058 107.654592
127.455274 107.654592
