120.718828 104.441999
120.927471 104.441999
121.136113 104.650642
121.344756 104.650642
121.136113 104.859285
120.927471 105.067928
120.718828 105.276571
120.718828 105.485214
120.510185 105.693857
120.301542 105.902500
120.092899 106.111142
120.092899 106.319785
119.884256 106.528428
119.675613 106.737071
119.675613 106.945714
119.466970 107.154357
119.258327 107.363000
119.258327 107.571643
119.049684 107.780286
119.049684 107.988929
118.841042 108.197571
118.632399 108.406214
118.632399 108.614857
118.423756 108.823500
118.423756 109.032143
118.215113 109.240786
118.215113 109.449429
118.006470 109.658072
118.006470 109.866715
117.797827 110.075358
117.797827 110.284000
117.589184 110.492643
117.589184 110.701286
117.380541 110.909929
117.380541 111.118572
117.380541 111.327215
117.171898 111.535858
117.171898 111.744501
117.171898 111.535858
117.171898 111.744501
116.963255 111.953144
116.963255 112.161787
116.963255 112.370429
116.754613 112.579072
116.754613 112.787715
116.754613 112.996358
116.545970 113.205001
116.545970 113.413644
116.545970 113.622287
116.337327 113.830930
116.337327 114.039573
116.337327 113.830930
116.337327 114.039573
116.337327 114.248216
116.128684 114.456858
116.128684 114.665501
116.128684 114.874144
116.128684 115.082787
115.920041 115.291430
115.920041 115.500073
115.920041 115.708716
115.920041 115.917359
115.711398 116.126002
115.711398 116.334645
115.711398 116.543287
115.711398 116.751930
115.711398 116.960573
115.502755 117.169216
115.502755 117.377859
115.502755 117.586502
115.502755 117.377859
115.502755 117.586502
115.502755 117.795145
115.502755 118.003788
115.502755 118.212431
115.294112 118.421074
115.294112 118.629716
115.294112 118.838359
115.294112 119.047002
115.294112 119.255645
115.294112 119.464288
115.294112 119.672931
115.294112 119.881574
115.294112 120.090217
115.294112 120.298860
115.294112 120.507503
115.294112 120.298860
115.294112 120.507503
115.294112 120.716145
115.085469 120.924788
115.085469 121.133431
115.085469 121.342074
115.085469 121.550717
115.085469 121.759360
115.085469 121.550717
115.085469 121.759360
115.085469 121.968003
115.085469 122.176646
115.085469 122.385289
115.085469 122.593932
115.085469 122.802574
115.085469 122.593932
115.085469 122.802574
115.085469 123.011217
115.085469 123.219860
115.085469 123.428503
115.085469 123.637146
115.085469 123.428503
115.085469 123.637146
115.085469 123.428503
115.085469 123.637146
115.085469 123.845789
115.294112 123.845789
115.294112 124.054432
115.294112 124.263075
115.294112 124.054432
115.294112 123.845789
115.294112 124.054432
115.294112 124.263075
115.294112 124.054432
115.294112 124.263075
115.294112 124.471718
115.294112 124.263075
115.294112 124.054432
115.294112 124.263075
115.294112 124.471718
115.294112 124.680361
115.294112 124.889003
115.294112 124.680361
115.294112 124.889003
115.294112 124.680361
115.294112 124.889003
115.294112 124.680361
115.294112 124.889003
115.294112 125.097646
115.294112 125.306289
115.294112 125.514932
115.294112 125.723575
115.294112 125.932218
115.294112 126.140861
115.502755 126.349504
115.502755 126.558147
115.502755 126.349504
115.502755 126.558147
115.502755 126.766790
115.502755 126.975432
115.502755 127.184075
115.502755 127.392718
115.711398 127.601361
115.711398 127.810004
115.711398 128.018647
115.711398 128.227290
115.711398 128.018647
115.711398 128.227290
115.711398 128.435933
115.920041 128.644576
115.920041 128.853219
115.920041 129.061861
115.920041 129.270504
115.920041 129.479147
116.128684 129.479147
116.128684 129.687790
116.128684 129.896433
116.128684 130.105076
116.337327 130.313719
116.337327 130.522362
116.337327 130.731005
116.337327 130.939648
116.545970 130.939648
116.545970 131.148290
116.545970 131.356933
116.754613 131.565576
116.754613 131.774219
116.754613 131.982862
116.963255 132.191505
116.963255 132.400148
116.963255 132.608791
117.171898 132.817434
117.171898 133.026077
117.380541 133.234719
117.380541 133.443362
117.380541 133.652005
117.589184 133.860648
117.589184 134.069291
117.797827 134.277934
117.797827 134.486577
118.006470 134.695220
118.006470 134.903863
118.215113 135.112506
118.215113 135.321148
118.215113 135.529791
118.423756 135.529791
118.423756 135.738434
118.423756 135.947077
118.632399 135.947077
118.632399 136.155720
118.632399 136.364363
118.841042 136.364363
119.049684 136.573006
119.049684 136.781649
119.258327 136.990292
119.258327 137.198935
119.466970 137.407577
119.675613 137.616220
119.675613 137.824863
119.675613 138.033506
119.884256 138.033506
120.092899 138.242149
120.092899 138.450792
120.301542 138.659435
120.510185 138.868078
120.718828 139.076721
120.718828 139.285364
120.927471 139.494006
121.136113 139.702649
121.136113 139.911292
121.344756 139.911292
121.553399 140.119935
121.553399 140.328578
121.553399 140.537221
121.762042 140.537221
121.970685 140.745864
122.179328 140.954507
122.387971 141.163150
122.596614 141.371793
122.805257 141.580435
122.596614 141.371793
122.387971 141.580435
122.179328 141.580435
121.970685 141.580435
121.762042 141.580435
121.553399 141.580435
121.344756 141.580435
121.136113 141.789078
120.927471 141.789078
120.718828 141.789078
120.510185 141.789078
120.301542 141.789078
120.092899 141.789078
119.884256 141.789078
119.675613 141.997721
119.466970 141.997721
119.258327 141.997721
119.049684 141.997721
118.841042 141.997721
118.632399 141.997721
118.423756 142.206364
118.215113 142.206364
118.006470 142.206364
117.797827 142.206364
117.589184 142.206364
117.380541 142.206364
116.963255 142.415007
116.754613 142.415007
116.545970 142.415007
116.337327 142.415007
116.128684 142.415007
115.920041 142.206364
115.711398 141.997721
115.502755 141.789078
115.294112 141.580435
115.085469 141.580435
114.876826 141.371793
114.668184 141.163150
114.459541 140.954507
114.250898 140.745864
114.042255 140.537221
113.624969 140.328578
113.416326 139.911292
112.999040 139.702649
112.790397 139.285364
112.581755 139.076721
112.164469 138.868078
111.955826 138.450792
111.747183 138.242149
111.329897 137.824863
111.121254 137.616220
110.912611 137.198935
110.495326 136.990292
110.286683 136.781649
110.078040 136.364363
109.660754 136.155720
109.452111 135.738434
109.243468 135.529791
108.826182 135.112506
108.617539 134.903863
108.408897 134.695220
107.991611 134.277934
107.782968 134.069291
107.365682 133.652005
107.157039 133.443362
106.948396 133.026077
106.531110 132.817434
106.322468 132.608791
106.113825 132.191505
105.696539 131.982862
105.487896 131.565576
105.279253 131.356933
104.861967 130.939648
104.653324 130.731005
104.444681 130.522362
104.236039 130.313719
104.027396 130.105076
103.818753 129.687790
103.818753 129.479147
103.610110 129.270504
103.401467 129.061861
103.192824 128.853219
102.984181 128.435933
102.775538 128.227290
102.566895 128.018647
102.358252 127.810004
102.149610 127.601361
101.940967 127.184075
101.732324 126.975432
101.523681 126.766790
101.315038 126.558147
101.315038 126.349504
101.106395 126.140861
100.897752 125.723575
100.897752 125.514932
101.106395 125.306289
101.106395 125.097646
101.315038 124.889003
101.315038 124.680361
101.315038 124.471718
101.523681 124.263075
101.523681 124.054432
101.732324 123.845789
101.732324 123.637146
101.940967 123.428503
101.940967 123.219860
101.940967 123.011217
102.149610 122.802574
102.149610 122.593932
102.358252 122.385289
102.358252 121.968003
102.566895 121.759360
102.566895 121.550717
102.775538 121.342074
102.775538 121.133431
102.984181 120.924788
102.984181 120.716145
103.192824 120.507503
103.192824 120.298860
103.401467 120.090217
103.401467 119.881574
103.610110 119.672931
103.610110 119.464288
103.818753 119.255645
103.818753 119.047002
104.027396 118.838359
104.027396 118.629716
104.027396 118.421074
104.236039 118.212431
104.236039 118.003788
104.444681 117.795145
104.444681 117.586502
104.653324 117.377859
104.653324 117.169216
104.861967 116.960573
104.861967 116.751930
105.070610 116.543287
105.070610 116.334645
105.279253 116.126002
105.279253 115.708716
105.487896 115.500073
105.487896 115.291430
105.487896 115.082787
105.696539 114.874144
105.696539 114.665501
105.905182 114.456858
105.905182 114.248216
106.113825 114.039573
106.113825 113.830930
106.113825 113.622287
106.322468 113.413644
106.322468 113.205001
106.531110 112.996358
106.531110 112.579072
106.739753 112.370429
106.948396 112.161787
106.948396 111.953144
107.157039 111.535858
107.365682 111.327215
107.365682 111.118572
107.574325 110.701286
107.782968 110.492643
107.782968 110.284000
107.991611 110.075358
107.991611 109.658072
108.200254 109.449429
108.408897 109.240786
108.408897 109.032143
108.617539 108.614857
108.826182 108.406214
108.826182 108.197571
109.034825 107.780286
109.243468 107.571643
109.243468 107.363000
109.452111 107.154357
109.452111 106.737071
109.660754 106.528428
109.869397 106.319785
110.078040 106.319785
110.286683 106.319785
110.495326 106.111142
110.912611 106.111142
111.121254 105.902500
111.329897 105.902500
111.538540 105.693857
111.747183 105.693857
111.955826 105.693857
112.164469 105.485214
112.373112 105.485214
112.581755 105.276571
112.790397 105.276571
112.999040 105.067928
113.207683 105.067928
113.416326 105.067928
113.624969 104.859285
113.833612 104.859285
114.042255 104.650642
114.459541 104.650642
114.668184 104.441999
114.876826 104.441999
115.085469 104.441999
115.294112 104.233356
115.502755 104.233356
115.711398 104.024713
115.920041 104.024713
116.128684 104.024713
116.337327 103.816071
116.545970 103.816071
116.754613 103.816071
116.963255 103.816071
117.171898 103.816071
117.380541 104.024713
117.589184 104.024713
117.380541 104.024713
117.589184 104.024713
117.797827 104.024713
118.006470 104.024713
118.215113 104.024713
118.423756 104.233356
118.632399 104.233356
118.841042 104.233356
119.049684 104.233356
119.258327 104.233356
119.049684 104.233356
119.258327 104.233356
119.049684 104.233356
118.841042 104.233356
119.049684 104.233356
119.258327 104.233356
119.466970 104.441999
119.675613 104.441999
119.884256 104.441999
120.092899 104.441999
119.884256 104.441999
120.092899 104.441999
120.301542 104.441999
120.510185 104.441999
120.718828 104.441999
120.510185 104.441999
120.718828 104.441999
120.510185 104.441999
120.301542 104.441999
120.510185 104.441999
120.718828 104.441999
120.510185 104.441999
120.301542 104.441999
120.510185 104.441999
120.718828 104.441999
120.927471 104.441999
121.136113 104.650642
121.344756 104.650642
121.136113 104.650642
121.344756 104.650642
121.136113 104.650642
120.927471 104.650642
120.927471 104.441999
120.718828 104.650642
120.927471 104.441999
121.136113 104.650642
121.344756 104.650642
121.136113 104.650642
120.927471 104.441999
120.718828 104.441999
120.510185 104.441999
120.301542 104.441999
120.510185 104.650642
120.718828 104.441999
