156.352455 81.508654
155.655823 82.205286
155.655823 82.901917
154.959192 84.295181
154.262560 84.295181
154.262560 84.991813
153.565928 84.991813
152.869296 85.688444
152.172665 85.688444
151.476033 85.688444
150.779401 85.688444
150.779401 86.385076
150.082769 86.385076
149.386137 87.081708
148.689506 87.081708
147.992874 87.081708
147.992874 87.778340
147.296242 87.778340
146.599610 87.778340
145.902979 87.778340
145.206347 87.778340
145.206347 88.474971
144.509715 88.474971
143.813083 88.474971
143.813083 89.171603
143.116452 89.171603
142.419820 89.171603
141.723188 89.171603
141.723188 89.868235
141.026556 89.868235
140.329925 89.868235
140.329925 90.564867
139.633293 90.564867
138.936661 91.261498
138.240029 91.261498
138.240029 91.958130
137.543398 91.958130
136.846766 92.654762
136.150134 92.654762
136.150134 93.351394
135.453502 93.351394
134.756871 94.048025
134.060239 94.744657
133.363607 94.744657
133.363607 95.441289
132.666975 95.441289
131.970344 96.137921
131.273712 96.834552
130.577080 96.834552
130.577080 97.531184
129.880448 98.227816
129.183817 98.924448
128.487185 99.621079
128.487185 100.317711
127.790553 101.014343
127.093921 101.710975
126.397290 102.407606
126.397290 103.104238
125.700658 103.800870
125.004026 104.497502
125.004026 105.194133
124.307394 105.890765
123.610763 106.587397
123.610763 107.284029
122.914131 107.980660
122.914131 108.677292
122.217499 109.373924
122.217499 110.070556
122.217499 110.767187
121.520867 111.463819
121.520867 112.160451
120.824236 112.857083
120.824236 113.553714
120.824236 114.250346
120.824236 114.946978
120.127604 115.643610
120.127604 116.340241
120.127604 117.036873
120.127604 117.733505
119.430972 118.430137
119.430972 119.126768
119.430972 119.823400
119.430972 120.520032
119.430972 121.216664
119.430972 121.913295
119.430972 122.609927
119.430972 123.306559
119.430972 124.003191
119.430972 124.699822
119.430972 125.396454
119.430972 126.093086
119.430972 126.789718
119.430972 127.486349
119.430972 128.182981
119.430972 128.879613
119.430972 129.576245
119.430972 130.272876
119.430972 130.969508
119.430972 131.666140
119.430972 132.362772
119.430972 133.059403
119.430972 133.756035
119.430972 134.452667
119.430972 135.149299
119.430972 135.845931
119.430972 136.542562
119.430972 137.239194
119.430972 137.935826
119.430972 138.632458
120.127604 138.632458
120.127604 139.329089
120.127604 140.025721
120.127604 140.722353
120.824236 141.418985
120.824236 142.115616
120.824236 142.812248
120.824236 143.508880
120.824236 144.205512
121.520867 144.205512
121.520867 144.902143
122.217499 145.598775
122.217499 146.295407
122.217499 146.992039
122.217499 147.688670
122.217499 148.385302
122.914131 149.081934
122.914131 149.778566
122.914131 150.475197
122.914131 151.171829
122.914131 151.868461
122.914131 152.565093
122.217499 153.261724
122.217499 154.654988
121.520867 155.351620
121.520867 156.048251
120.824236 156.744883
120.824236 157.441515
120.127604 158.138147
120.127604 158.834778
119.430972 160.228042
119.430972 160.924674
118.037709 160.924674
117.341077 161.621305
116.644445 162.317937
115.947813 163.014569
115.251182 163.711201
114.554550 163.711201
113.857918 164.407832
113.161286 165.104464
112.464655 165.801096
111.768023 165.801096
111.071391 166.497728
110.374759 166.497728
109.678128 166.497728
108.981496 166.497728
108.284864 166.497728
107.588232 166.497728
106.891601 166.497728
106.194969 166.497728
105.498337 166.497728
104.105074 166.497728
103.408442 165.801096
102.711810 165.801096
102.015178 165.801096
100.621915 165.104464
99.925283 165.104464
99.228651 165.104464
98.532020 164.407832
97.138756 164.407832
96.442124 164.407832
95.745493 163.711201
95.048861 163.711201
94.352229 163.014569
92.958966 163.014569
92.262334 163.014569
91.565702 162.317937
90.869070 162.317937
89.475807 162.317937
88.779175 161.621305
88.082543 161.621305
87.385912 161.621305
86.689280 161.621305
85.992648 160.924674
85.296016 160.924674
84.599385 160.228042
83.902753 160.228042
83.206121 159.531410
82.509489 159.531410
81.812858 158.834778
81.116226 158.834778
80.419594 158.138147
79.722962 158.138147
79.026331 157.441515
78.329699 156.744883
77.633067 156.744883
76.936435 156.048251
76.239804 156.048251
75.543172 155.351620
74.846540 155.351620
74.149908 154.654988
72.756645 154.654988
72.060013 153.958356
71.363381 153.261724
70.666750 153.261724
69.970118 152.565093
69.273486 152.565093
68.576854 151.868461
67.880223 151.868461
67.183591 151.171829
66.486959 151.171829
65.790327 150.475197
65.093696 150.475197
64.397064 149.778566
63.700432 149.081934
63.003800 149.081934
62.307169 148.385302
61.610537 148.385302
60.913905 147.688670
60.217273 146.992039
59.520641 146.295407
59.520641 145.598775
58.824010 144.902143
58.824010 144.205512
58.127378 142.812248
58.127378 142.115616
57.430746 141.418985
57.430746 140.722353
56.734114 140.025721
56.734114 139.329089
56.734114 138.632458
56.037483 137.239194
56.037483 136.542562
55.340851 135.845931
55.340851 135.149299
54.644219 134.452667
54.644219 133.756035
54.644219 133.059403
54.644219 132.362772
54.644219 131.666140
54.644219 130.969508
54.644219 129.576245
54.644219 128.879613
54.644219 128.182981
54.644219 127.486349
54.644219 126.789718
54.644219 126.093086
54.644219 125.396454
54.644219 124.699822
54.644219 124.003191
54.644219 123.306559
54.644219 122.609927
54.644219 121.913295
55.340851 120.520032
55.340851 119.823400
55.340851 119.126768
55.340851 118.430137
55.340851 117.733505
55.340851 117.036873
55.340851 116.340241
55.340851 115.643610
55.340851 114.946978
55.340851 114.250346
55.340851 113.553714
55.340851 112.857083
55.340851 112.160451
56.037483 111.463819
56.734114 110.767187
57.430746 109.373924
58.127378 108.677292
58.127378 107.980660
58.824010 107.284029
59.520641 106.587397
59.520641 105.890765
60.217273 105.194133
60.913905 104.497502
60.913905 103.800870
61.610537 103.104238
62.307169 102.407606
62.307169 101.710975
63.003800 101.014343
63.700432 100.317711
63.700432 99.621079
64.397064 98.924448
65.093696 98.227816
65.093696 97.531184
65.790327 96.834552
66.486959 96.137921
66.486959 95.441289
67.183591 94.744657
67.880223 94.048025
67.880223 93.351394
68.576854 92.654762
69.273486 91.958130
69.273486 91.261498
69.970118 90.564867
70.666750 89.868235
70.666750 89.171603
71.363381 88.474971
72.060013 87.778340
72.060013 87.081708
72.756645 85.688444
73.453277 84.991813
73.453277 84.295181
74.149908 83.598549
74.846540 82.901917
75.543172 82.205286
76.239804 81.508654
76.239804 80.812022
76.936435 80.115390
77.633067 79.418759
78.329699 78.722127
79.026331 78.025495
79.026331 77.328863
79.722962 76.632232
80.419594 75.935600
81.116226 75.238968
81.812858 74.542336
81.812858 73.845705
82.509489 73.149073
83.206121 72.452441
83.902753 71.755809
84.599385 70.362546
84.599385 69.665914
85.296016 68.969282
85.992648 68.272651
86.689280 67.576019
87.385912 66.879387
88.082543 66.182755
88.779175 65.486124
89.475807 64.789492
90.172439 64.092860
90.869070 62.699597
91.565702 62.002965
92.262334 61.306333
92.958966 60.609701
93.655597 59.913070
94.352229 59.216438
95.048861 58.519806
95.745493 57.126543
96.442124 56.429911
97.138756 55.733279
97.835388 55.036647
98.532020 54.340016
99.228651 53.643384
99.925283 53.643384
100.621915 52.946752
101.318547 52.946752
102.015178 52.250120
102.711810 52.250120
103.408442 51.553489
104.105074 50.856857
104.801705 50.856857
105.498337 50.160225
106.194969 50.160225
106.891601 49.463593
107.588232 49.463593
108.284864 48.766962
108.981496 48.070330
109.678128 48.070330
110.374759 48.070330
111.071391 48.070330
111.768023 48.070330
112.464655 48.070330
113.161286 48.070330
113.857918 47.373698
114.554550 47.373698
115.251182 47.373698
115.947813 47.373698
116.644445 47.373698
117.341077 47.373698
118.037709 47.373698
118.734340 47.373698
119.430972 47.373698
120.127604 47.373698
120.824236 47.373698
121.520867 47.373698
122.217499 47.373698
122.914131 47.373698
123.610763 47.373698
124.307394 47.373698
125.004026 47.373698
125.700658 47.373698
126.397290 47.373698
127.790553 47.373698
128.487185 47.373698
129.183817 47.373698
129.880448 47.373698
130.577080 47.373698
131.273712 47.373698
131.970344 47.373698
132.666975 47.373698
133.363607 47.373698
134.060239 47.373698
134.756871 47.373698
135.453502 47.373698
136.150134 48.070330
136.846766 48.070330
137.543398 48.070330
138.240029 48.070330
138.936661 48.070330
140.329925 48.070330
141.026556 48.766962
141.723188 48.766962
142.419820 49.463593
143.116452 49.463593
143.813083 50.160225
144.509715 50.160225
145.206347 50.856857
145.902979 50.856857
146.599610 51.553489
147.296242 52.250120
147.992874 52.250120
148.689506 52.946752
149.386137 52.946752
150.082769 53.643384
150.779401 54.340016
151.476033 55.036647
151.476033 55.733279
152.172665 56.429911
152.869296 57.126543
153.565928 57.823174
153.565928 58.519806
154.262560 59.216438
154.959192 59.913070
155.655823 60.609701
155.655823 61.306333
156.352455 62.002965
157.049087 62.699597
157.049087 63.396228
157.745719 64.092860
157.745719 64.789492
157.745719 65.486124
157.745719 66.879387
158.442350 67.576019
158.442350 68.272651
158.442350 68.969282
158.442350 69.665914
159.138982 70.362546
159.138982 71.059178
159.138982 71.755809
159.138982 72.452441
159.835614 73.149073
159.835614 73.845705
159.835614 74.542336
159.835614 75.238968
159.835614 75.935600
159.835614 76.632232
159.835614 77.328863
159.835614 78.025495
159.138982 78.722127
158.442350 79.418759
157.745719 80.115390
157.049087 80.812022
156.352455 81.508654
