136.895501 106.677555
136.383383 107.189673
135.871265 107.189673
135.359147 107.189673
134.847029 107.189673
134.334911 107.701791
133.822792 107.701791
133.310674 108.213909
132.798556 108.213909
132.286438 108.213909
132.286438 108.726027
131.774320 108.726027
131.262202 109.238145
130.750084 109.238145
130.237966 109.750263
129.725848 109.750263
129.213730 110.262381
128.701612 110.262381
128.189494 110.774499
127.677376 110.774499
127.677376 111.286617
127.165258 111.286617
126.653140 111.798735
126.141022 111.798735
125.628904 111.798735
125.628904 112.310853
125.116786 112.822971
124.604668 112.822971
124.604668 113.335089
124.092550 113.335089
123.580432 113.847207
123.068314 114.359325
122.556196 114.871443
122.044078 114.871443
122.044078 115.383561
121.531960 115.895679
121.019842 115.895679
120.507724 116.407797
119.995606 116.407797
119.995606 116.919915
119.483488 116.919915
119.483488 117.432033
118.971370 117.944151
118.459252 118.456269
117.947134 118.456269
117.947134 118.968387
117.947134 119.480505
117.435016 119.992623
116.922898 120.504741
116.410780 121.016860
115.898662 121.528978
115.386544 122.041096
115.386544 122.553214
114.874426 123.065332
114.362307 123.577450
113.850189 124.089568
113.850189 124.601686
113.338071 125.113804
113.338071 125.625922
112.825953 126.138040
112.313835 126.650158
112.313835 127.162276
111.801717 127.674394
111.801717 128.186512
111.289599 128.698630
111.289599 129.210748
110.777481 129.722866
110.777481 130.234984
110.265363 130.747102
110.265363 131.259220
110.265363 131.771338
109.753245 132.283456
109.753245 132.795574
109.753245 133.307692
109.241127 133.819810
109.241127 134.331928
109.241127 134.844046
108.729009 135.356164
108.729009 135.868282
108.729009 136.380400
108.216891 136.892518
108.216891 137.404636
108.216891 137.916754
108.216891 138.428872
107.704773 138.940990
107.704773 139.453108
107.704773 139.965226
107.704773 140.477344
107.192655 140.989463
107.192655 141.501581
107.192655 142.013699
107.192655 142.525817
107.192655 143.037935
107.192655 143.550053
107.192655 144.062171
107.192655 144.574289
107.192655 145.086407
106.680537 145.598525
106.680537 146.110643
106.680537 146.622761
106.680537 147.134879
106.680537 147.646997
106.680537 148.159115
106.680537 148.671233
106.680537 149.183351
106.680537 149.695469
106.680537 150.207587
106.680537 150.719705
106.680537 151.231823
107.192655 151.231823
107.192655 151.743941
107.192655 152.256059
107.192655 152.768177
107.192655 153.280295
107.192655 153.792413
107.192655 154.304531
107.192655 154.816649
107.192655 155.328767
107.192655 155.840885
107.704773 155.840885
107.704773 156.353003
107.704773 156.865121
107.704773 157.377239
107.704773 157.889357
108.216891 157.889357
108.216891 158.401475
108.216891 158.913593
108.216891 159.425711
108.729009 159.937829
108.729009 160.449948
108.729009 160.962066
108.729009 161.474184
109.241127 161.474184
109.241127 161.986302
109.241127 162.498420
109.241127 163.010538
109.753245 163.010538
109.753245 163.522656
109.753245 164.034774
110.265363 164.546892
109.753245 165.059010
109.753245 165.571128
109.241127 166.083246
108.729009 167.107482
108.729009 167.619600
108.216891 168.131718
108.216891 168.643836
107.704773 169.668072
107.704773 170.180190
107.192655 170.180190
106.168419 170.180190
105.656301 170.180190
105.144183 170.180190
104.632065 170.692308
104.119947 170.692308
103.607829 170.692308
103.095711 170.692308
102.583593 170.692308
102.071475 170.692308
101.559357 170.692308
101.047239 170.692308
100.535121 170.692308
100.023003 170.692308
99.510885 170.692308
98.998767 170.692308
98.486649 170.692308
97.974531 170.692308
97.462413 170.692308
96.950295 170.692308
96.438177 170.692308
95.926059 170.692308
95.413941 170.692308
94.901823 170.692308
94.389704 170.692308
93.877586 170.692308
93.365468 170.692308
92.853350 170.692308
92.341232 170.692308
91.829114 170.692308
91.316996 170.692308
90.804878 170.692308
90.292760 170.692308
89.780642 170.692308
89.268524 170.692308
88.756406 170.692308
88.244288 170.692308
87.732170 170.692308
87.220052 170.692308
86.707934 170.692308
86.195816 170.692308
85.683698 170.692308
85.171580 170.692308
84.659462 170.692308
84.147344 170.692308
83.635226 170.692308
83.123108 170.180190
82.610990 170.180190
82.098872 169.668072
81.586754 169.668072
80.562518 169.155954
80.050400 169.155954
79.538282 168.643836
79.026164 168.131718
78.514046 168.131718
78.001928 167.619600
77.489810 167.619600
76.977692 167.107482
76.465574 167.107482
75.953456 166.595364
75.441338 166.595364
74.929219 166.083246
74.417101 166.083246
73.904983 165.571128
73.392865 165.571128
72.880747 165.059010
72.368629 165.059010
71.856511 164.546892
71.344393 164.546892
70.832275 164.034774
70.320157 163.522656
69.808039 163.522656
69.295921 163.010538
68.271685 162.498420
67.759567 161.986302
67.247449 161.474184
66.735331 160.962066
66.223213 160.962066
65.711095 160.449948
65.198977 159.937829
64.686859 159.425711
64.174741 158.913593
63.662623 158.401475
63.150505 158.401475
62.638387 157.889357
62.638387 157.377239
62.638387 156.865121
62.126269 156.353003
62.126269 155.840885
62.126269 154.816649
62.126269 154.304531
62.126269 153.792413
62.126269 153.280295
62.126269 152.768177
62.126269 152.256059
62.126269 151.743941
62.126269 151.231823
62.126269 150.719705
62.126269 150.207587
62.126269 149.695469
62.126269 149.183351
62.126269 148.671233
62.126269 148.159115
62.126269 147.646997
62.126269 147.134879
62.126269 146.622761
62.126269 146.110643
62.126269 145.598525
62.126269 145.086407
62.126269 144.574289
62.126269 144.062171
62.126269 143.550053
62.126269 143.037935
62.126269 142.525817
62.126269 142.013699
62.126269 141.501581
62.126269 140.989463
62.126269 140.477344
62.126269 139.965226
62.126269 139.453108
62.126269 138.940990
62.126269 138.428872
62.126269 137.916754
62.126269 137.404636
62.638387 136.892518
62.638387 136.380400
63.150505 135.868282
63.150505 135.356164
63.150505 134.844046
63.662623 134.331928
63.662623 133.819810
64.174741 133.307692
64.174741 132.795574
64.174741 132.283456
64.686859 131.771338
64.686859 131.259220
65.198977 130.234984
65.711095 129.722866
65.711095 129.210748
66.223213 128.698630
66.735331 128.186512
66.735331 127.674394
67.247449 127.162276
67.759567 126.650158
67.759567 126.138040
68.271685 125.625922
68.783803 125.113804
68.783803 124.601686
69.295921 124.089568
69.808039 123.577450
69.808039 122.553214
70.320157 122.041096
70.320157 121.528978
70.832275 121.016860
71.344393 120.504741
71.344393 119.992623
71.856511 119.480505
72.368629 118.968387
72.368629 118.456269
72.880747 117.944151
73.392865 117.432033
73.392865 116.919915
73.904983 116.407797
74.417101 115.895679
74.417101 115.383561
74.929219 114.359325
75.441338 113.847207
75.441338 113.335089
75.953456 112.822971
76.465574 112.310853
76.977692 111.798735
77.489810 111.286617
78.001928 110.774499
78.514046 109.750263
79.026164 109.238145
79.538282 108.726027
80.050400 108.213909
81.074636 107.189673
81.586754 106.677555
82.098872 106.165437
82.610990 105.141201
83.123108 104.629083
83.635226 104.116965
84.659462 103.092729
85.171580 102.580611
85.683698 102.068493
86.195816 101.556375
86.707934 100.532138
87.220052 100.020020
87.732170 99.507902
88.756406 98.483666
89.268524 97.971548
89.780642 97.459430
90.292760 96.947312
90.804878 95.923076
91.316996 95.410958
92.341232 94.898840
92.853350 94.386722
93.365468 93.874604
93.877586 93.362486
94.389704 93.362486
94.901823 92.850368
95.926059 92.338250
96.438177 91.826132
96.950295 91.826132
97.462413 91.314014
97.974531 90.801896
98.486649 90.289778
99.510885 90.289778
100.023003 89.777660
100.535121 89.265542
101.047239 88.753424
101.559357 88.241306
102.071475 88.241306
102.583593 88.241306
103.095711 88.241306
103.607829 88.241306
104.119947 88.241306
104.632065 88.241306
105.144183 88.241306
106.168419 88.241306
106.680537 88.241306
107.192655 88.241306
107.704773 88.241306
108.216891 88.753424
108.729009 88.753424
109.241127 88.753424
109.753245 88.753424
110.265363 88.753424
110.777481 88.753424
111.289599 88.753424
111.801717 88.753424
112.313835 88.753424
112.825953 88.753424
113.338071 88.753424
113.850189 88.753424
114.362307 89.265542
114.874426 89.265542
115.386544 89.265542
115.898662 89.265542
116.410780 89.265542
116.922898 89.265542
117.435016 89.265542
118.459252 89.265542
118.971370 89.265542
119.483488 89.265542
119.995606 89.777660
120.507724 89.777660
121.019842 89.777660
121.531960 89.777660
122.044078 89.777660
122.556196 89.777660
123.068314 89.777660
123.580432 89.777660
124.092550 89.777660
124.604668 90.289778
125.116786 90.289778
125.628904 90.289778
126.141022 90.289778
126.653140 90.289778
127.165258 90.289778
127.677376 90.289778
128.189494 90.289778
128.701612 90.801896
129.213730 90.801896
129.725848 91.314014
130.237966 91.314014
130.750084 91.826132
131.262202 92.338250
131.774320 92.850368
132.798556 92.850368
133.310674 93.362486
133.822792 93.874604
134.334911 94.386722
134.847029 94.898840
135.359147 94.898840
135.871265 95.410958
136.383383 95.923076
137.407619 96.435194
136.895501 96.947312
136.895501 97.459430
136.895501 97.971548
136.895501 98.483666
136.895501 98.995784
136.895501 98.483666
136.895501 98.995784
136.895501 99.507902
136.895501 100.020020
136.895501 100.532138
136.895501 101.044256
136.895501 101.556375
136.895501 102.068493
136.895501 102.580611
136.895501 103.092729
136.895501 103.604847
136.895501 104.116965
137.407619 104.629083
137.407619 105.141201
137.407619 105.653319
137.407619 106.165437
136.895501 106.677555
