158.073488 80.472936
158.073488 81.140923
157.405500 81.808911
157.405500 83.144886
156.737513 83.812873
156.069525 84.480861
155.401538 84.480861
154.733550 84.480861
154.065563 84.480861
153.397575 85.148849
152.729588 85.148849
152.061600 85.148849
151.393612 85.148849
150.725625 85.816836
150.057637 85.816836
149.389650 85.816836
148.721662 86.484824
148.053675 86.484824
147.385687 86.484824
146.717700 87.152811
146.049712 87.152811
145.381725 87.820799
144.713737 87.820799
144.045749 87.820799
143.377762 88.488786
142.709774 88.488786
142.709774 89.156774
142.041787 89.156774
141.373799 89.824761
140.705812 89.824761
140.037824 89.824761
140.037824 90.492749
139.369837 90.492749
139.369837 91.160736
138.701849 91.160736
138.033862 91.828724
137.365874 91.828724
137.365874 92.496712
136.697886 92.496712
136.029899 93.164699
135.361911 93.832687
134.693924 94.500674
134.025936 95.168662
133.357949 95.836649
132.689961 95.836649
132.689961 96.504637
132.021974 97.172624
131.353986 97.840612
130.685999 98.508599
130.018011 99.176587
130.018011 99.844575
129.350023 100.512562
128.682036 101.180550
128.682036 101.848537
128.014048 102.516525
127.346061 103.184512
127.346061 103.852500
126.678073 104.520487
126.678073 105.188475
126.010086 105.856462
125.342098 106.524450
125.342098 107.192438
125.342098 107.860425
124.674111 108.528413
124.674111 109.196400
124.006123 109.864388
124.006123 110.532375
124.006123 111.200363
123.338136 111.868350
123.338136 112.536338
123.338136 113.204326
122.670148 113.872313
122.670148 114.540301
122.670148 115.208288
122.670148 115.876276
122.002160 116.544263
122.002160 117.212251
122.002160 117.880238
122.002160 118.548226
122.002160 119.216213
122.002160 119.884201
122.002160 120.552189
122.002160 121.220176
122.002160 121.888164
121.334173 122.556151
121.334173 123.224139
121.334173 123.892126
121.334173 124.560114
120.666185 125.228101
120.666185 125.896089
120.666185 126.564076
119.998198 127.232064
119.998198 127.900052
119.998198 128.568039
119.330210 129.236027
119.330210 129.904014
119.330210 130.572002
119.330210 131.239989
118.662223 131.907977
118.662223 132.575964
118.662223 133.243952
118.662223 133.911939
118.662223 134.579927
118.662223 135.247915
118.662223 135.915902
118.662223 136.583890
118.662223 137.251877
117.994235 137.919865
117.994235 138.587852
117.994235 139.255840
117.994235 139.923827
117.994235 140.591815
117.994235 141.259802
118.662223 141.927790
118.662223 142.595778
118.662223 143.263765
118.662223 143.931753
118.662223 144.599740
118.662223 145.267728
118.662223 145.935715
118.662223 146.603703
118.662223 147.271690
118.662223 147.939678
119.330210 147.939678
119.330210 148.607666
119.330210 149.275653
119.330210 149.943641
119.998198 150.611628
119.998198 151.279616
119.998198 151.947603
120.666185 152.615591
120.666185 153.283578
120.666185 153.951566
120.666185 154.619553
119.998198 155.287541
119.998198 155.955529
119.330210 156.623516
118.662223 157.959491
118.662223 158.627479
117.994235 159.295466
117.994235 159.963454
117.326248 161.299429
116.658260 161.967416
115.990272 161.967416
115.322285 161.967416
114.654297 162.635404
113.986310 162.635404
113.318322 162.635404
112.650335 163.303392
111.982347 163.303392
111.314360 163.303392
110.646372 163.971379
109.978385 163.971379
108.642409 163.971379
107.974422 163.971379
107.306434 163.971379
106.638447 163.971379
105.970459 163.971379
105.302472 163.971379
104.634484 163.971379
103.966497 163.971379
103.298509 163.971379
102.630522 163.971379
101.294546 163.971379
100.626559 163.971379
99.958571 163.971379
99.290584 163.971379
98.622596 163.971379
97.954609 163.971379
97.286621 163.971379
96.618634 163.971379
95.950646 163.971379
95.282659 163.303392
94.614671 163.303392
93.278696 163.303392
92.610708 162.635404
91.942721 162.635404
91.274733 161.967416
90.606746 161.967416
89.938758 161.299429
88.602783 161.299429
87.934796 161.299429
87.266808 160.631441
86.598820 160.631441
85.930833 159.963454
85.262845 159.963454
84.594858 159.295466
83.926870 159.295466
83.258883 158.627479
82.590895 157.959491
81.922908 157.959491
81.254920 157.291504
80.586933 157.291504
79.250957 156.623516
78.582970 156.623516
77.914982 155.955529
77.246995 155.955529
76.579007 155.287541
75.911020 155.287541
75.243032 154.619553
74.575045 154.619553
73.907057 153.951566
73.239069 153.951566
72.571082 153.283578
71.903094 153.283578
71.235107 152.615591
70.567119 152.615591
69.899132 151.947603
69.231144 151.947603
68.563157 151.279616
67.895169 151.279616
67.227182 150.611628
66.559194 149.943641
65.891206 149.275653
65.223219 148.607666
64.555231 147.939678
63.219256 147.271690
62.551269 146.603703
61.883281 145.935715
61.215294 145.267728
60.547306 144.599740
59.879319 143.931753
59.211331 143.263765
58.543343 143.263765
57.875356 142.595778
57.207368 141.927790
56.539381 140.591815
55.871393 139.923827
55.871393 139.255840
55.871393 138.587852
55.871393 137.919865
55.871393 136.583890
55.871393 135.915902
55.871393 135.247915
55.203406 134.579927
55.203406 133.243952
55.203406 132.575964
55.203406 131.907977
55.203406 131.239989
55.203406 129.904014
55.203406 129.236027
54.535418 128.568039
54.535418 127.900052
54.535418 126.564076
54.535418 125.896089
54.535418 125.228101
54.535418 124.560114
54.535418 123.224139
54.535418 122.556151
53.867431 121.888164
53.867431 121.220176
53.867431 119.884201
53.867431 119.216213
54.535418 118.548226
54.535418 117.880238
55.203406 117.212251
55.203406 116.544263
55.871393 115.876276
55.871393 115.208288
56.539381 113.872313
56.539381 113.204326
57.207368 112.536338
57.207368 111.868350
57.875356 111.200363
57.875356 110.532375
58.543343 109.864388
59.211331 109.196400
59.211331 108.528413
59.879319 107.860425
59.879319 107.192438
60.547306 106.524450
60.547306 105.856462
61.215294 104.520487
61.215294 103.852500
61.883281 103.184512
62.551269 102.516525
62.551269 101.848537
63.219256 101.180550
63.887244 100.512562
65.223219 99.844575
65.891206 99.176587
66.559194 98.508599
67.227182 97.840612
67.895169 97.172624
68.563157 96.504637
69.231144 95.168662
69.899132 94.500674
70.567119 93.832687
71.235107 93.164699
71.903094 92.496712
73.239069 91.828724
73.907057 91.160736
74.575045 90.492749
75.243032 89.824761
75.911020 89.156774
76.579007 88.488786
77.246995 87.152811
77.914982 86.484824
78.582970 85.816836
79.250957 85.148849
79.918945 84.480861
81.254920 83.812873
81.254920 83.144886
81.922908 82.476898
82.590895 81.140923
83.258883 80.472936
83.258883 79.804948
83.926870 79.136961
84.594858 77.800986
85.262845 77.132998
85.262845 76.465010
85.930833 75.797023
86.598820 74.461048
86.598820 73.793060
87.266808 73.125073
87.934796 72.457085
88.602783 71.121110
88.602783 70.453122
89.270771 69.785135
89.938758 69.117147
90.606746 67.781172
90.606746 67.113185
91.942721 66.445197
92.610708 65.777210
93.278696 65.109222
93.946683 64.441235
94.614671 63.773247
95.282659 63.105259
95.950646 62.437272
96.618634 61.769284
97.286621 61.101297
97.954609 60.433309
98.622596 59.765322
99.290584 58.429347
99.958571 58.429347
100.626559 57.761359
101.294546 57.093372
101.962534 56.425384
102.630522 56.425384
103.298509 55.757396
104.634484 55.089409
105.302472 54.421421
105.970459 54.421421
106.638447 53.753434
107.306434 53.085446
107.974422 53.085446
108.642409 53.085446
109.310397 52.417459
109.978385 52.417459
110.646372 52.417459
111.314360 52.417459
111.982347 52.417459
112.650335 52.417459
113.986310 52.417459
114.654297 52.417459
115.322285 52.417459
115.990272 52.417459
116.658260 52.417459
117.326248 52.417459
117.994235 52.417459
118.662223 52.417459
119.330210 52.417459
119.998198 51.749471
121.334173 51.749471
122.002160 51.749471
122.670148 51.749471
123.338136 51.749471
124.006123 51.749471
124.674111 51.749471
125.342098 51.749471
126.010086 51.749471
126.678073 51.749471
127.346061 51.749471
128.014048 52.417459
128.682036 52.417459
129.350023 52.417459
130.018011 52.417459
130.685999 52.417459
131.353986 53.085446
132.689961 53.085446
133.357949 53.085446
134.025936 53.085446
134.693924 53.085446
135.361911 53.753434
136.029899 53.753434
136.697886 53.753434
137.365874 53.753434
138.033862 53.753434
138.701849 54.421421
139.369837 54.421421
140.037824 54.421421
140.705812 55.089409
141.373799 55.757396
142.041787 55.757396
142.709774 56.425384
143.377762 57.093372
144.045749 57.761359
144.713737 58.429347
145.381725 58.429347
146.049712 59.097334
146.717700 59.765322
147.385687 60.433309
148.053675 61.101297
149.389650 61.101297
150.057637 61.769284
150.725625 62.437272
151.393612 63.105259
152.061600 63.773247
152.061600 64.441235
152.729588 65.109222
152.729588 65.777210
153.397575 66.445197
154.065563 67.113185
154.065563 67.781172
154.733550 68.449160
154.733550 69.117147
155.401538 69.785135
156.069525 71.121110
156.069525 71.789098
156.737513 72.457085
156.737513 73.125073
157.405500 73.793060
157.405500 74.461048
158.073488 75.129035
158.741476 75.797023
158.741476 76.465010
159.409463 77.132998
159.409463 77.800986
159.409463 78.468973
158.741476 79.136961
158.741476 79.804948
158.073488 80.472936
