128.000901 96.630643
128.000901 97.030741
127.600803 97.030741
127.600803 97.430839
127.200705 97.430839
126.800607 97.830937
126.400509 98.231035
126.000411 98.631133
125.600313 98.631133
125.600313 99.031231
125.200215 99.431329
124.800117 99.831427
124.400019 100.231525
124.400019 100.631623
123.999921 101.031721
123.599823 101.431819
123.199725 101.831917
122.799627 102.232015
122.399529 102.632113
121.999431 103.032211
121.999431 103.432309
121.599333 103.832407
121.199235 104.232505
120.799137 104.632603
120.799137 105.032701
120.399039 105.432799
119.998941 105.832897
119.598843 106.232995
119.598843 106.633093
119.198745 107.033191
119.198745 107.433289
118.798647 107.833387
118.398549 108.233485
118.398549 108.633583
117.998451 109.033681
117.598353 109.433779
117.598353 109.833877
117.198255 110.233975
117.198255 110.634073
116.798157 111.034171
116.798157 111.434269
116.398059 111.834367
116.398059 112.234465
115.997961 112.634563
115.997961 113.034661
115.597863 113.434759
115.597863 113.834857
115.197765 114.234955
115.197765 114.635053
115.197765 115.035151
114.797667 115.435249
114.797667 115.835347
114.397569 116.235445
114.397569 116.635543
114.397569 117.035641
114.397569 116.635543
114.397569 117.035641
113.997471 117.435739
113.997471 117.835837
113.997471 118.235935
113.597373 118.636033
113.597373 119.036131
113.597373 119.436229
113.197275 119.836327
113.197275 120.236425
113.197275 120.636523
112.797177 121.036621
112.797177 121.436719
112.797177 121.836817
112.797177 122.236915
112.397079 122.637013
112.397079 123.037111
112.397079 123.437209
112.397079 123.837307
111.996981 124.237405
111.996981 124.637503
111.996981 125.037601
111.996981 125.437699
111.996981 125.837797
111.996981 126.237895
111.596883 126.637993
111.596883 127.038091
111.596883 127.438189
111.596883 127.838287
111.596883 128.238385
111.596883 128.638483
111.596883 129.038581
111.596883 129.438679
111.196785 129.838777
111.196785 130.238875
111.196785 130.638973
111.196785 131.039071
111.196785 131.439169
111.196785 131.839267
111.196785 132.239365
111.196785 132.639463
111.196785 133.039561
111.196785 133.439659
111.196785 133.839757
111.196785 134.239855
111.196785 134.639953
111.196785 135.040051
111.196785 135.440149
111.196785 135.840247
111.196785 136.240345
111.196785 136.640443
111.196785 137.040541
111.196785 137.440639
111.196785 137.840737
111.196785 138.240835
111.196785 138.640933
111.196785 139.041031
111.596883 139.441129
111.596883 139.841227
111.596883 140.241325
111.596883 140.641423
111.596883 141.041521
111.596883 141.441619
111.596883 141.841717
111.596883 142.241815
111.996981 142.641913
111.596883 143.042011
111.996981 143.442109
111.996981 143.042011
111.996981 143.442109
111.996981 143.842207
111.996981 144.242305
111.996981 144.642403
112.397079 145.042501
112.397079 145.442599
112.397079 145.842697
112.397079 146.242795
112.797177 146.642893
112.397079 147.042991
112.797177 147.443089
112.797177 147.843187
113.197275 148.243285
113.197275 148.643383
113.197275 149.043481
113.197275 149.443579
113.597373 149.443579
113.597373 149.843677
113.597373 150.243775
113.997471 150.643873
113.997471 151.043971
113.997471 151.444069
113.997471 151.844167
114.397569 151.844167
113.997471 152.244265
114.397569 152.644363
114.397569 153.044461
114.797667 153.044461
114.797667 153.444559
115.197765 153.844657
114.797667 153.444559
114.397569 153.444559
113.997471 153.444559
113.597373 153.444559
112.797177 153.444559
112.397079 153.444559
111.996981 153.444559
111.596883 153.044461
110.796687 153.044461
110.396589 153.044461
109.996491 153.044461
109.196295 153.044461
108.796197 153.044461
108.396099 153.044461
107.996001 153.044461
107.195805 153.044461
106.795707 153.044461
106.395609 153.044461
105.595413 153.044461
105.195315 153.044461
104.795217 153.044461
104.395119 153.044461
103.594923 153.044461
103.194825 153.044461
102.794727 153.044461
101.994531 153.044461
101.594433 152.644363
101.194335 152.644363
100.394139 152.244265
99.994041 152.244265
99.193845 151.844167
98.793747 151.844167
98.393649 151.444069
97.593453 151.444069
97.193355 151.043971
96.393159 151.043971
95.993061 150.643873
95.192865 150.243775
94.792767 150.243775
94.392669 149.843677
93.592473 149.843677
93.192375 149.443579
92.392179 149.443579
91.992081 149.043481
91.591983 149.043481
90.791787 148.643383
90.391689 148.643383
89.591493 148.243285
89.191395 148.243285
88.791297 147.843187
87.991101 147.443089
87.591003 147.443089
86.790807 147.042991
86.390709 147.042991
85.990611 146.642893
85.190415 146.642893
84.790317 146.242795
83.990121 146.242795
83.590023 145.842697
83.189925 145.842697
82.389729 145.042501
81.989631 144.642403
81.589533 144.242305
81.189435 143.842207
80.389239 143.442109
79.989141 143.042011
79.589043 142.641913
79.188945 142.241815
78.788847 141.841717
77.988651 141.041521
77.588553 140.641423
77.188455 140.241325
76.788357 139.841227
75.988161 139.441129
75.588063 139.041031
75.187965 138.640933
74.787867 138.240835
73.987671 137.840737
73.587573 137.440639
73.187475 136.640443
73.187475 136.240345
72.787377 135.840247
72.787377 135.440149
72.787377 134.639953
72.787377 134.239855
72.387279 133.839757
72.387279 133.439659
72.387279 132.639463
72.387279 132.239365
72.787377 131.839267
72.787377 131.439169
73.187475 131.039071
73.587573 130.638973
73.987671 130.638973
73.987671 130.238875
74.387769 129.838777
74.787867 129.438679
75.187965 129.038581
75.187965 128.638483
75.588063 128.238385
75.988161 128.238385
75.988161 127.838287
76.388259 127.438189
76.788357 127.038091
76.788357 126.637993
77.188455 126.237895
77.588553 126.237895
77.588553 125.837797
77.588553 125.437699
77.988651 125.037601
78.388749 124.637503
78.388749 124.237405
78.788847 123.837307
79.188945 123.437209
79.188945 123.037111
79.589043 122.637013
79.589043 122.236915
79.989141 121.836817
80.389239 121.436719
80.389239 121.036621
80.789337 120.636523
80.789337 120.236425
81.189435 119.836327
81.189435 119.436229
81.589533 119.036131
81.589533 118.636033
81.989631 118.235935
81.989631 117.835837
82.389729 117.435739
82.389729 117.035641
82.389729 116.635543
82.789827 116.235445
82.789827 115.835347
83.189925 115.435249
83.189925 115.035151
83.189925 114.635053
83.590023 114.234955
83.590023 113.834857
83.990121 113.434759
83.990121 113.034661
83.990121 112.634563
84.390219 112.234465
84.390219 111.834367
84.390219 111.434269
84.790317 111.034171
84.790317 110.634073
84.790317 110.233975
84.790317 109.833877
85.190415 109.433779
85.190415 109.033681
85.190415 108.633583
85.590513 108.233485
85.990611 107.833387
86.390709 107.033191
87.190905 106.633093
87.591003 105.832897
87.991101 105.432799
88.791297 104.632603
89.191395 104.632603
89.591493 104.232505
89.991591 103.832407
90.391689 103.432309
90.791787 103.032211
91.191885 102.632113
91.591983 102.232015
91.992081 101.831917
92.392179 101.831917
92.792277 101.431819
93.192375 101.031721
93.592473 100.631623
93.992571 100.231525
94.392669 99.831427
95.192865 99.431329
95.592963 99.031231
95.993061 98.631133
96.393159 98.631133
96.793257 98.231035
97.193355 97.830937
97.593453 97.430839
97.993551 97.030741
98.393649 96.630643
98.793747 96.230545
99.193845 95.830447
99.593943 95.830447
99.994041 95.830447
100.394139 95.830447
100.794237 95.830447
101.194335 95.430349
101.594433 95.430349
102.394629 95.430349
102.794727 95.430349
103.194825 95.430349
103.594923 95.430349
103.995021 95.030251
104.395119 95.030251
104.795217 95.030251
105.195315 95.030251
105.595413 95.030251
105.995511 95.030251
106.395609 94.630153
106.795707 94.630153
107.195805 94.630153
107.595903 94.630153
107.996001 94.630153
108.396099 94.630153
108.796197 94.230055
109.196295 94.230055
109.596393 94.230055
109.996491 94.230055
110.396589 94.230055
110.796687 94.230055
111.196785 93.829957
111.596883 93.829957
112.397079 93.829957
112.797177 93.829957
113.197275 93.829957
113.597373 93.829957
113.997471 93.429859
114.397569 93.429859
114.797667 93.429859
115.197765 93.429859
115.597863 93.429859
115.997961 93.429859
116.398059 93.029761
116.798157 93.429859
117.198255 93.429859
117.998451 93.429859
118.398549 93.429859
118.798647 93.429859
119.198745 93.429859
119.998941 93.429859
120.399039 93.429859
120.799137 93.429859
121.599333 93.429859
121.999431 93.429859
122.399529 93.429859
122.799627 93.429859
123.599823 93.429859
123.999921 93.429859
124.400019 93.429859
124.800117 93.429859
125.600313 93.429859
126.000411 93.829957
126.400509 93.829957
127.200705 93.829957
127.600803 93.829957
128.000901 94.230055
128.000901 94.630153
128.000901 95.030251
128.400999 95.030251
128.400999 95.430349
128.400999 95.830447
128.801097 96.230545
128.400999 96.630643
128.000901 96.630643
