151.397029 84.921324
150.825294 85.493059
150.253559 86.064794
149.681825 86.064794
149.110090 86.636528
148.538355 86.636528
147.966620 86.636528
147.394885 87.208263
146.823151 87.208263
146.251416 87.208263
145.679681 87.208263
145.679681 87.779998
145.107946 87.779998
144.536211 88.351733
143.964477 88.351733
143.392742 88.351733
142.821007 88.923468
142.249272 88.923468
141.677538 89.495202
141.105803 89.495202
140.534068 90.066937
139.962333 90.066937
139.390598 90.638672
138.818864 90.638672
138.247129 91.210407
137.675394 91.210407
137.675394 91.782142
137.103659 91.782142
136.531924 92.353876
135.960190 92.353876
135.960190 92.925611
135.388455 92.925611
134.816720 93.497346
134.244985 93.497346
134.244985 94.069081
133.673250 94.069081
133.101516 94.640816
132.529781 94.640816
132.529781 95.212550
131.958046 95.212550
131.958046 95.784285
131.386311 95.784285
131.386311 96.356020
130.814576 96.356020
130.242842 96.927755
129.671107 97.499490
129.099372 98.071224
128.527637 98.642959
127.955902 98.642959
127.955902 99.214694
127.384168 99.786429
126.812433 100.358164
126.240698 100.929898
125.668963 101.501633
125.668963 102.073368
125.097229 102.645103
124.525494 103.216837
123.953759 103.788572
123.382024 104.360307
123.382024 104.932042
122.810289 105.503777
122.238555 106.075511
122.238555 106.647246
121.666820 107.218981
121.095085 107.790716
121.095085 108.362451
120.523350 108.934185
119.951615 109.505920
119.951615 110.077655
119.379881 110.649390
119.379881 111.221125
118.808146 111.792859
118.808146 112.364594
118.236411 112.936329
118.236411 113.508064
117.664676 114.079799
117.664676 114.651533
117.664676 115.223268
117.092941 115.795003
117.092941 116.366738
116.521207 116.938472
116.521207 117.510207
116.521207 118.081942
115.949472 118.653677
115.949472 119.225412
115.949472 119.797146
115.377737 120.368881
115.377737 120.940616
115.377737 121.512351
115.377737 122.084086
114.806002 122.655820
114.806002 123.227555
114.806002 123.799290
114.806002 124.371025
114.234267 124.942760
114.234267 125.514494
114.234267 126.086229
114.234267 126.657964
114.234267 127.229699
114.234267 127.801434
114.234267 128.373168
113.662533 128.944903
113.662533 129.516638
113.662533 130.088373
113.662533 130.660108
113.662533 131.231842
113.662533 131.803577
113.662533 132.375312
113.662533 132.947047
113.662533 133.518781
113.662533 134.090516
113.662533 134.662251
113.662533 135.233986
113.662533 135.805721
113.662533 136.377455
113.662533 136.949190
113.662533 137.520925
113.662533 138.092660
113.662533 138.664395
113.662533 139.236129
113.662533 139.807864
113.662533 140.379599
113.662533 140.951334
114.234267 141.523069
114.234267 142.094803
114.234267 142.666538
114.234267 143.238273
114.234267 143.810008
114.234267 144.381743
114.234267 144.953477
114.806002 145.525212
114.806002 146.096947
114.806002 146.668682
114.806002 147.240416
115.377737 147.812151
115.377737 148.383886
115.377737 148.955621
115.377737 149.527356
115.949472 150.099090
115.949472 150.670825
115.949472 151.242560
116.521207 151.814295
116.521207 152.386030
116.521207 152.957764
117.092941 153.529499
117.092941 154.101234
117.092941 154.672969
117.664676 154.672969
117.664676 155.244704
117.664676 155.816438
117.664676 156.388173
117.092941 156.959908
117.092941 158.103378
116.521207 158.675112
115.949472 159.246847
115.949472 160.390317
115.377737 160.390317
114.234267 160.390317
113.662533 160.390317
113.090798 160.390317
112.519063 160.390317
111.375594 160.390317
110.803859 160.390317
110.232124 160.390317
109.660389 160.390317
109.088654 160.390317
107.945185 160.390317
107.373450 160.390317
106.801715 160.390317
106.229980 160.390317
105.658246 160.390317
104.514776 160.390317
103.943041 160.390317
103.371306 160.390317
102.799572 160.390317
102.227837 160.390317
101.656102 160.390317
101.084367 160.390317
100.512632 160.390317
99.369163 160.390317
98.797428 160.390317
98.225693 159.818582
97.653958 159.818582
96.510489 159.246847
95.938754 158.675112
95.367019 158.103378
94.223550 157.531643
93.651815 156.959908
93.080080 156.388173
92.508345 156.388173
91.364876 155.816438
90.793141 155.244704
90.221406 154.672969
89.077937 154.101234
88.506202 153.529499
87.934467 153.529499
86.790997 152.957764
86.219263 152.386030
85.647528 151.814295
84.504058 151.242560
83.932323 150.670825
83.360589 150.099090
82.217119 150.099090
81.645384 149.527356
81.073650 148.955621
80.501915 148.383886
79.930180 148.383886
79.358445 147.812151
78.786710 147.812151
78.214976 147.812151
77.643241 147.240416
77.071506 147.240416
76.499771 147.240416
75.928036 147.240416
75.356302 147.240416
74.784567 147.240416
74.212832 147.240416
73.641097 147.240416
73.069362 147.240416
71.925893 147.240416
71.354158 146.668682
70.782423 146.668682
70.210688 146.096947
69.638954 146.096947
69.067219 145.525212
68.495484 145.525212
67.923749 145.525212
67.352014 144.953477
66.780280 144.953477
66.208545 144.381743
65.636810 144.381743
65.065075 143.810008
64.493341 143.810008
63.921606 143.238273
63.921606 142.666538
63.921606 142.094803
63.349871 141.523069
63.349871 140.951334
63.349871 140.379599
62.778136 139.807864
62.778136 139.236129
62.778136 138.664395
62.206401 138.092660
62.206401 136.949190
62.206401 136.377455
61.634667 135.805721
61.634667 135.233986
61.634667 134.662251
61.634667 134.090516
61.634667 133.518781
61.634667 132.947047
61.634667 132.375312
61.634667 131.803577
62.206401 131.231842
62.778136 130.088373
63.349871 129.516638
63.349871 128.373168
63.921606 127.801434
64.493341 126.657964
64.493341 126.086229
65.065075 124.942760
65.636810 124.371025
65.636810 123.227555
66.208545 122.655820
66.780280 121.512351
66.780280 120.940616
67.352014 119.797146
67.923749 119.225412
68.495484 118.653677
68.495484 117.510207
69.067219 116.938472
69.638954 115.795003
69.638954 115.223268
70.210688 114.079799
70.782423 113.508064
70.782423 112.364594
71.354158 111.792859
71.925893 110.649390
72.497628 110.077655
72.497628 108.934185
73.069362 108.362451
73.641097 107.218981
73.641097 106.647246
74.212832 105.503777
74.784567 104.932042
75.356302 103.788572
75.928036 103.216837
76.499771 102.645103
77.071506 102.073368
77.643241 101.501633
78.214976 100.929898
78.786710 99.786429
79.358445 99.214694
79.930180 98.642959
80.501915 98.071224
81.073650 97.499490
81.645384 96.356020
82.217119 95.784285
82.788854 95.212550
83.360589 94.640816
83.932323 94.069081
84.504058 92.925611
85.075793 92.353876
85.647528 91.782142
86.219263 91.210407
86.790997 90.638672
87.362732 89.495202
87.934467 88.923468
88.506202 88.351733
89.077937 87.779998
89.649671 87.208263
90.221406 86.636528
90.793141 85.493059
91.364876 84.921324
91.936611 84.349589
92.508345 83.777855
93.080080 83.206120
93.651815 82.062650
94.223550 81.490915
94.795285 80.919181
95.367019 80.347446
95.367019 79.775711
95.938754 79.203976
96.510489 78.632241
96.510489 78.060507
97.082224 77.488772
97.653958 76.917037
98.225693 75.773567
98.225693 75.201833
98.797428 74.630098
99.369163 74.058363
99.940898 73.486628
99.940898 72.914893
100.512632 72.343159
101.084367 72.343159
101.656102 71.771424
102.799572 71.199689
103.371306 70.627954
103.943041 70.627954
104.514776 70.056220
105.086511 69.484485
105.658246 69.484485
106.229980 68.912750
106.801715 68.341015
107.373450 68.341015
107.945185 67.769280
108.516920 67.197546
109.088654 67.197546
109.660389 66.625811
110.232124 66.054076
110.803859 66.054076
111.375594 65.482341
111.947328 64.910606
112.519063 64.910606
113.090798 64.910606
113.662533 64.910606
114.806002 64.910606
115.377737 64.910606
115.949472 64.910606
116.521207 64.910606
117.092941 64.910606
118.236411 64.910606
118.808146 64.910606
119.379881 64.910606
119.951615 64.910606
120.523350 64.910606
121.666820 64.910606
122.238555 64.910606
122.810289 64.910606
123.382024 64.910606
123.953759 64.910606
125.097229 64.910606
125.668963 64.910606
126.240698 64.910606
126.812433 64.910606
127.384168 64.910606
127.955902 64.910606
128.527637 64.910606
129.099372 65.482341
129.671107 65.482341
130.242842 66.054076
130.814576 66.625811
131.386311 66.625811
131.958046 67.197546
132.529781 67.769280
133.101516 67.769280
133.673250 68.341015
134.244985 68.341015
134.816720 68.912750
135.388455 69.484485
135.960190 69.484485
136.531924 70.056220
137.103659 70.627954
137.675394 70.627954
138.247129 71.199689
138.818864 71.771424
139.390598 71.771424
139.962333 72.343159
140.534068 72.914893
141.105803 73.486628
141.677538 74.058363
142.821007 74.630098
143.392742 75.773567
143.964477 76.345302
144.536211 76.917037
145.107946 77.488772
145.679681 78.060507
146.251416 78.632241
146.823151 79.775711
147.394885 80.347446
147.966620 80.919181
148.538355 81.490915
149.110090 82.062650
149.681825 82.634385
150.253559 83.206120
150.825294 84.349589
151.397029 84.921324
152.540499 85.493059
151.968764 84.921324
151.397029 84.921324
