130.598525 104.210253
130.598525 104.507120
130.301658 104.803987
130.004791 105.100854
129.707924 105.397722
130.004791 105.397722
130.301658 105.694589
130.598525 105.991456
130.598525 106.288323
130.895392 106.585190
130.895392 106.882057
131.192259 107.178924
131.192259 107.475791
131.192259 107.772658
131.192259 108.069525
131.192259 108.366392
131.192259 108.663259
131.192259 108.960126
130.895392 109.256993
130.895392 109.553860
130.598525 109.850727
130.598525 110.147594
130.301658 110.444461
130.004791 110.741328
129.707924 110.741328
129.411057 111.038195
129.114190 111.038195
128.817323 111.335062
128.520456 111.335062
128.223589 111.335062
127.926722 111.335062
127.629855 111.631929
127.629855 111.928796
127.629855 112.522530
127.629855 112.819397
127.332988 113.116264
127.332988 113.709998
127.332988 114.006865
127.332988 114.600600
127.036121 114.897467
126.739254 115.194334
126.442386 115.491201
126.145519 115.788068
125.848652 116.084935
125.551785 116.381802
125.254918 116.678669
124.958051 116.975536
124.661184 117.272403
124.661184 117.569270
124.364317 117.866137
124.067450 118.163004
124.067450 118.459871
123.770583 118.756738
123.473716 119.053605
123.473716 119.350472
123.176849 119.647339
122.879982 119.944206
122.879982 120.241073
122.583115 120.537940
122.583115 120.834807
122.286248 121.131674
122.286248 121.428541
121.989381 121.725408
121.989381 122.022275
121.692514 122.319142
121.692514 122.616009
121.395647 122.912876
121.395647 123.209743
121.098780 123.506611
121.098780 123.803478
120.801913 124.100345
120.801913 124.397212
120.801913 124.694079
120.505046 124.990946
120.505046 125.287813
120.505046 125.584680
120.208179 125.881547
120.208179 126.178414
120.208179 126.475281
119.911312 126.772148
119.911312 127.069015
119.911312 127.365882
119.911312 127.662749
119.911312 127.959616
119.614445 128.256483
119.614445 128.553350
119.614445 128.850217
119.614445 129.147084
119.614445 129.443951
119.614445 129.740818
119.317578 130.037685
119.317578 130.334552
119.317578 130.631419
119.317578 130.928286
119.317578 131.225153
119.317578 131.522020
119.317578 131.818887
119.317578 132.115754
119.317578 132.412622
119.317578 132.709489
119.317578 133.006356
119.317578 133.303223
119.317578 133.600090
119.317578 133.896957
119.317578 134.193824
119.317578 134.490691
119.317578 134.787558
119.317578 135.084425
119.614445 135.084425
119.614445 135.381292
119.614445 135.678159
119.614445 135.975026
119.614445 136.271893
119.614445 136.568760
119.614445 136.865627
119.911312 136.865627
119.911312 137.162494
119.911312 137.459361
119.911312 137.756228
119.911312 138.053095
119.911312 138.349962
120.208179 138.349962
120.208179 138.646829
120.208179 138.349962
120.208179 138.646829
120.208179 138.943696
120.505046 139.240563
120.505046 139.537430
120.505046 139.834297
120.505046 140.131164
120.801913 140.131164
120.801913 140.428031
120.801913 140.724898
121.098780 141.021765
121.098780 141.318633
121.395647 141.615500
121.395647 141.912367
121.692514 142.209234
121.692514 142.506101
121.989381 142.802968
121.989381 143.099835
122.286248 143.396702
121.989381 143.990436
121.989381 144.287303
121.989381 144.881037
121.989381 145.177904
121.692514 145.474771
121.692514 146.068505
121.692514 146.365372
121.692514 146.959106
121.395647 147.255973
121.395647 147.552840
121.395647 148.146574
121.395647 148.443441
121.098780 148.740308
120.801913 149.037175
120.505046 149.334042
120.208179 149.630909
119.911312 149.927776
119.614445 150.224644
119.317578 150.521511
119.020711 150.818378
118.723844 151.115245
118.130110 151.412112
117.833243 151.412112
117.536375 151.412112
117.239508 151.412112
116.942641 151.412112
116.645774 151.412112
116.348907 151.708979
116.052040 151.708979
115.458306 151.708979
115.161439 151.708979
114.864572 151.708979
114.567705 151.708979
114.270838 151.708979
113.973971 152.005846
113.677104 152.005846
113.380237 152.005846
112.786503 152.005846
112.489636 152.005846
112.192769 152.005846
111.895902 152.302713
111.599035 152.302713
111.302168 152.302713
111.005301 152.302713
110.708434 152.302713
110.411567 152.302713
109.817833 152.302713
109.520966 152.302713
109.224099 152.302713
108.927232 152.005846
108.630364 152.005846
108.036630 152.005846
107.739763 152.005846
107.442896 151.708979
107.146029 151.708979
106.849162 151.708979
106.552295 151.708979
105.958561 151.708979
105.661694 151.412112
105.364827 151.412112
105.067960 151.412112
104.771093 151.412112
104.474226 151.115245
103.880492 151.115245
103.583625 151.115245
103.286758 151.115245
102.989891 151.115245
102.693024 150.818378
102.396157 150.818378
101.802423 150.818378
101.505556 150.818378
101.208689 150.521511
100.911822 150.521511
100.614955 150.521511
100.021221 150.521511
99.724353 150.521511
99.427486 150.224644
99.130619 150.224644
98.833752 150.224644
98.536885 149.927776
98.240018 149.630909
97.943151 149.334042
97.646284 149.037175
97.646284 148.740308
97.349417 148.443441
97.052550 148.146574
96.755683 147.849707
96.458816 147.255973
96.161949 146.959106
95.568215 146.662239
95.271348 146.365372
94.974481 146.068505
94.677614 145.474771
94.380747 145.177904
93.787013 144.881037
93.490146 144.584170
93.193279 144.287303
92.896412 143.693569
92.599545 143.396702
92.005811 143.099835
91.708944 142.802968
91.412077 142.209234
91.115210 141.912367
90.521475 141.615500
90.224608 141.318633
89.927741 141.021765
89.927741 140.428031
89.927741 140.131164
89.927741 139.537430
89.927741 139.240563
89.927741 138.646829
89.927741 138.349962
89.927741 137.756228
89.927741 137.459361
89.927741 137.162494
89.927741 136.568760
89.927741 136.271893
89.927741 135.678159
89.927741 135.381292
89.927741 134.787558
89.927741 134.490691
89.927741 133.896957
90.224608 133.600090
90.224608 133.006356
90.224608 132.709489
90.224608 132.412622
90.224608 131.818887
90.224608 131.522020
90.224608 130.928286
90.224608 130.631419
90.224608 130.037685
90.224608 129.740818
90.224608 129.147084
90.224608 128.850217
90.224608 128.553350
90.224608 127.959616
90.224608 127.662749
90.224608 127.069015
90.224608 126.772148
90.224608 126.475281
90.521475 126.178414
90.521475 125.881547
90.818343 125.584680
90.818343 125.287813
91.115210 124.990946
91.115210 124.397212
91.115210 124.100345
91.412077 123.803478
91.412077 123.506611
91.708944 123.209743
92.005811 122.912876
92.302678 122.319142
92.599545 122.022275
92.599545 121.725408
92.896412 121.131674
93.193279 120.834807
93.490146 120.537940
93.787013 119.944206
94.083880 119.647339
94.083880 119.350472
94.380747 118.756738
94.677614 118.459871
94.974481 118.163004
95.271348 117.569270
95.568215 117.272403
95.568215 116.975536
95.865082 116.381802
96.161949 116.084935
96.458816 115.788068
96.755683 115.194334
97.052550 114.897467
97.052550 114.600600
97.349417 114.006865
97.646284 113.709998
97.943151 113.413131
98.240018 112.819397
98.536885 112.522530
98.536885 112.225663
98.833752 111.631929
99.130619 111.335062
99.427486 111.038195
99.724353 110.444461
100.021221 110.147594
100.318088 110.147594
100.614955 109.850727
101.208689 109.553860
101.505556 109.553860
101.802423 109.256993
102.099290 108.960126
102.693024 108.960126
102.989891 108.663259
103.286758 108.366392
103.583625 108.366392
103.880492 108.069525
104.474226 107.772658
104.771093 107.772658
105.067960 107.475791
105.364827 107.178924
105.958561 107.178924
106.255428 106.882057
106.552295 106.585190
106.849162 106.585190
107.442896 106.288323
107.739763 105.991456
108.036630 105.991456
108.333497 105.694589
108.630364 105.397722
109.224099 105.397722
109.520966 105.100854
109.817833 104.803987
110.114700 104.507120
110.708434 104.507120
111.005301 104.210253
111.302168 103.913386
111.599035 103.913386
112.192769 103.616519
112.489636 103.616519
112.786503 103.616519
113.083370 103.616519
113.677104 103.616519
113.973971 103.616519
114.270838 103.616519
114.864572 103.616519
115.161439 103.616519
115.458306 103.616519
115.755173 103.616519
116.348907 103.616519
116.645774 103.616519
116.942641 103.616519
117.536375 103.616519
117.833243 103.616519
118.130110 103.319652
118.426977 103.319652
119.020711 103.319652
119.317578 103.319652
119.614445 103.319652
120.208179 103.319652
120.505046 103.319652
120.801913 103.319652
121.098780 103.319652
121.692514 103.319652
121.989381 103.319652
122.286248 103.319652
122.879982 103.319652
123.176849 103.319652
123.473716 103.319652
123.770583 103.319652
124.364317 103.319652
124.661184 103.319652
124.958051 103.319652
125.254918 103.319652
125.551785 103.319652
125.848652 103.319652
126.145519 103.319652
126.442386 103.616519
126.739254 103.616519
127.036121 103.616519
127.332988 103.616519
127.629855 103.616519
127.926722 103.913386
128.223589 103.913386
128.520456 103.913386
128.817323 103.913386
129.114190 103.913386
129.411057 103.913386
129.707924 104.210253
130.004791 104.210253
130.301658 104.210253
130.598525 104.210253
