155.464392 85.901415
155.464392 86.528589
154.837218 87.782938
154.837218 88.410112
154.210043 88.410112
153.582869 88.410112
152.955695 88.410112
152.328521 88.410112
151.701346 88.410112
151.074172 88.410112
150.446998 88.410112
150.446998 89.037287
149.819823 89.037287
149.192649 89.037287
148.565475 89.037287
147.938301 89.664461
147.311126 89.664461
146.683952 89.664461
146.056778 89.664461
146.056778 90.291635
145.429603 90.291635
144.802429 90.918810
144.175255 90.918810
143.548080 90.918810
142.920906 91.545984
142.293732 91.545984
141.666558 91.545984
141.666558 92.173158
141.039383 92.173158
140.412209 92.800332
139.785035 92.800332
139.785035 93.427507
139.157860 93.427507
138.530686 94.054681
137.903512 94.054681
137.903512 94.681855
137.276338 94.681855
136.649163 94.681855
136.649163 95.309030
136.021989 95.309030
136.021989 95.936204
135.394815 95.936204
135.394815 96.563378
134.767640 97.190552
134.140466 97.817727
133.513292 98.444901
132.886118 99.072075
132.258943 99.072075
132.258943 99.699250
131.631769 99.699250
131.631769 100.326424
131.004595 100.953598
130.377420 101.580772
129.750246 102.207947
129.750246 102.835121
129.123072 103.462295
128.495898 104.089470
128.495898 104.716644
127.868723 105.343818
127.241549 105.970992
126.614375 106.598167
125.987200 107.225341
125.360026 107.852515
124.732852 108.479690
124.105678 109.106864
124.105678 109.734038
123.478503 110.361212
122.851329 110.988387
122.851329 111.615561
122.224155 112.242735
121.596980 112.869910
121.596980 113.497084
120.969806 114.124258
120.969806 114.751432
120.342632 115.378607
120.342632 116.005781
120.342632 116.632955
119.715458 117.260130
119.715458 117.887304
119.088283 118.514478
119.088283 119.141652
119.088283 119.768827
118.461109 120.396001
118.461109 121.023175
118.461109 121.650350
118.461109 122.277524
117.833935 122.904698
117.833935 123.531872
117.833935 124.159047
117.833935 124.786221
117.833935 125.413395
117.833935 126.040570
117.833935 126.667744
117.206760 127.294918
117.206760 127.922092
117.206760 128.549267
117.206760 129.176441
117.206760 129.803615
117.206760 130.430790
117.206760 131.057964
117.206760 131.685138
117.206760 132.312312
117.206760 132.939487
117.206760 133.566661
117.206760 134.193835
117.206760 134.821010
117.206760 135.448184
117.206760 136.075358
117.206760 136.702532
117.206760 137.329707
117.206760 137.956881
117.206760 138.584055
117.206760 139.211230
117.206760 139.838404
117.833935 140.465578
117.833935 141.092753
117.833935 141.719927
117.833935 142.347101
117.833935 142.974275
117.833935 143.601450
117.833935 144.228624
117.833935 144.855798
118.461109 144.855798
118.461109 145.482973
118.461109 146.110147
118.461109 146.737321
118.461109 147.364495
119.088283 147.364495
119.088283 147.991670
119.088283 148.618844
119.088283 149.246018
119.715458 149.246018
119.715458 149.873193
120.342632 150.500367
120.342632 151.127541
120.342632 151.754715
120.969806 152.381890
120.969806 153.009064
121.596980 153.636238
121.596980 154.263413
122.224155 154.890587
122.224155 155.517761
122.851329 156.144935
122.851329 156.772110
122.851329 157.399284
122.851329 158.026458
122.224155 158.653633
122.224155 159.280807
121.596980 160.535155
120.969806 161.162330
120.969806 161.789504
120.342632 162.416678
120.342632 163.671027
119.715458 163.671027
119.088283 164.298201
117.833935 164.298201
117.206760 164.925375
116.579586 164.925375
115.952412 165.552550
115.325238 165.552550
114.698063 166.179724
114.070889 166.179724
113.443715 166.806898
112.189366 166.806898
111.562192 167.434073
110.935018 167.434073
110.307843 167.434073
109.680669 167.434073
109.053495 167.434073
108.426320 167.434073
107.799146 167.434073
107.171972 166.806898
106.544798 166.806898
105.917623 166.806898
105.290449 166.179724
104.036100 166.179724
103.408926 166.179724
102.781752 165.552550
102.154578 165.552550
101.527403 165.552550
100.900229 164.925375
100.273055 164.925375
99.018706 164.298201
98.391532 164.298201
97.764357 164.298201
97.137183 163.671027
96.510009 163.671027
95.882835 163.671027
95.255660 163.043853
94.001312 163.043853
93.374137 163.043853
92.746963 162.416678
92.119789 161.789504
91.492615 161.162330
90.865440 161.162330
90.238266 160.535155
89.611092 159.907981
88.983917 159.280807
88.356743 159.280807
87.729569 158.653633
87.102395 158.026458
86.475220 158.026458
85.848046 157.399284
85.220872 156.772110
84.593697 156.144935
83.339349 156.144935
82.712175 155.517761
82.085000 154.890587
81.457826 154.890587
80.830652 154.263413
80.203477 153.636238
79.576303 153.636238
78.949129 153.009064
78.321955 152.381890
77.694780 152.381890
77.067606 152.381890
76.440432 151.754715
75.813257 151.754715
75.186083 151.754715
74.558909 151.754715
73.931735 151.127541
72.677386 151.127541
72.050212 150.500367
71.423037 150.500367
70.795863 150.500367
70.168689 149.873193
69.541515 149.873193
68.914340 149.246018
67.659992 149.246018
67.032817 149.246018
66.405643 148.618844
65.778469 148.618844
65.151295 147.991670
64.524120 147.991670
63.896946 147.991670
62.642597 147.364495
62.015423 147.364495
61.388249 146.737321
60.761075 146.110147
60.761075 145.482973
60.133900 144.855798
60.133900 144.228624
59.506726 143.601450
59.506726 142.974275
59.506726 142.347101
58.879552 141.719927
58.879552 141.092753
58.252377 139.838404
58.252377 139.211230
57.625203 138.584055
57.625203 137.956881
57.625203 137.329707
56.998029 136.702532
56.998029 136.075358
56.998029 135.448184
56.998029 134.821010
56.998029 134.193835
57.625203 132.939487
57.625203 132.312312
58.252377 131.685138
58.252377 131.057964
58.252377 130.430790
58.879552 129.803615
58.879552 129.176441
58.879552 127.922092
59.506726 127.294918
59.506726 126.667744
59.506726 126.040570
60.133900 125.413395
60.133900 124.786221
60.761075 124.159047
60.761075 122.904698
60.761075 122.277524
61.388249 121.650350
61.388249 121.023175
61.388249 120.396001
62.015423 119.768827
62.015423 119.141652
62.642597 118.514478
62.642597 117.260130
62.642597 116.632955
63.269772 116.005781
63.269772 115.378607
63.269772 114.751432
63.896946 114.124258
63.896946 113.497084
64.524120 112.242735
64.524120 111.615561
64.524120 110.988387
65.151295 110.361212
65.151295 109.734038
65.778469 109.106864
66.405643 108.479690
67.032817 107.852515
67.659992 107.225341
68.287166 106.598167
68.914340 105.343818
69.541515 104.716644
70.168689 104.089470
70.168689 103.462295
70.795863 102.835121
71.423037 102.207947
72.050212 101.580772
72.677386 100.953598
73.304560 100.326424
73.931735 99.699250
74.558909 99.072075
75.186083 98.444901
75.813257 97.190552
76.440432 96.563378
77.067606 95.936204
77.694780 95.309030
77.694780 94.681855
78.321955 94.054681
78.949129 93.427507
79.576303 92.800332
80.203477 92.173158
80.830652 91.545984
81.457826 90.918810
82.085000 90.291635
82.712175 89.037287
83.339349 88.410112
83.966523 87.782938
84.593697 87.155764
85.220872 86.528589
85.848046 85.901415
85.848046 85.274241
86.475220 84.647067
87.102395 84.019892
87.729569 82.765544
87.729569 82.138369
88.356743 81.511195
88.983917 80.884021
88.983917 80.256847
89.611092 79.629672
90.238266 79.002498
90.238266 77.748149
90.865440 77.120975
91.492615 76.493801
92.119789 75.866627
92.119789 75.239452
92.746963 74.612278
93.374137 73.985104
93.374137 72.730755
94.001312 72.103581
94.628486 71.476407
95.255660 70.849232
95.882835 70.222058
96.510009 69.594884
97.137183 69.594884
97.764357 68.967709
98.391532 68.340535
99.018706 67.713361
99.645880 67.086187
100.273055 67.086187
100.900229 66.459012
101.527403 65.831838
102.154578 65.204664
102.781752 64.577489
104.036100 64.577489
104.663275 63.950315
105.290449 63.323141
105.917623 62.695967
106.544798 62.695967
107.171972 62.695967
107.799146 62.695967
108.426320 62.695967
109.053495 62.068792
110.307843 62.068792
110.935018 62.068792
111.562192 62.068792
112.189366 62.068792
112.816540 61.441618
113.443715 61.441618
114.070889 61.441618
115.325238 61.441618
115.952412 61.441618
116.579586 61.441618
117.206760 60.814444
117.833935 60.814444
118.461109 60.814444
119.088283 60.814444
120.342632 60.814444
120.969806 60.814444
121.596980 60.814444
122.224155 60.814444
122.851329 60.814444
123.478503 60.814444
124.105678 60.814444
124.732852 60.814444
125.360026 60.814444
125.987200 60.814444
126.614375 60.814444
127.241549 60.814444
127.868723 60.814444
128.495898 60.814444
129.123072 60.814444
129.750246 60.814444
131.004595 60.814444
131.631769 61.441618
132.258943 61.441618
132.886118 61.441618
133.513292 61.441618
134.140466 61.441618
134.767640 62.068792
135.394815 62.695967
136.021989 63.323141
136.649163 63.323141
137.276338 63.950315
137.903512 64.577489
139.157860 65.204664
139.785035 65.831838
140.412209 65.831838
141.039383 66.459012
141.666558 67.086187
142.293732 67.713361
143.548080 68.340535
144.175255 68.340535
144.802429 68.967709
145.429603 69.594884
146.056778 70.222058
146.683952 70.849232
147.311126 70.849232
148.565475 71.476407
148.565475 72.103581
149.192649 72.730755
149.192649 73.357929
149.819823 73.985104
149.819823 74.612278
150.446998 75.239452
150.446998 75.866627
151.074172 77.120975
151.074172 77.748149
151.701346 78.375324
151.701346 79.002498
152.328521 79.629672
152.955695 80.256847
152.955695 80.884021
153.582869 81.511195
153.582869 82.138369
154.210043 82.765544
154.210043 83.392718
154.837218 84.019892
154.837218 84.647067
155.464392 85.274241
155.464392 85.901415
