125.545576 96.378906
125.213178 96.711305
125.213178 97.043704
124.880779 97.376103
124.880779 97.708501
124.548380 98.040900
124.548380 98.373299
124.215982 98.705697
124.215982 99.038096
123.883583 99.370495
123.883583 99.702894
123.883583 100.035292
123.551184 100.367691
123.551184 100.700090
123.551184 101.032488
123.218785 101.364887
123.218785 101.697286
123.218785 102.029685
123.218785 102.362083
122.886387 102.694482
122.553988 103.026881
122.553988 103.359279
122.221589 103.691678
121.889191 104.024077
121.556792 104.356475
121.556792 104.688874
121.224393 105.021273
120.891994 105.353672
120.891994 105.686070
120.559596 105.686070
120.559596 106.018469
120.227197 106.350868
119.894798 106.683266
119.894798 107.015665
119.562400 107.348064
119.230001 107.680463
119.230001 108.012861
118.897602 108.345260
118.565204 108.677659
118.565204 109.010057
118.232805 109.342456
118.232805 109.674855
117.900406 110.007254
117.900406 110.339652
117.568007 110.672051
117.568007 111.004450
117.235609 111.336848
117.235609 111.669247
116.903210 112.001646
116.903210 112.334044
116.570811 112.666443
116.570811 112.998842
116.570811 113.331241
116.238413 113.663639
116.238413 113.996038
116.238413 114.328437
115.906014 114.660835
115.906014 114.993234
115.906014 115.325633
115.573615 115.658032
115.573615 115.990430
115.573615 116.322829
115.573615 116.655228
115.241216 116.987626
115.241216 117.320025
115.241216 117.652424
115.241216 117.984822
115.241216 118.317221
114.908818 118.649620
114.908818 118.982019
114.908818 119.314417
114.908818 119.646816
114.908818 119.979215
114.908818 120.311613
114.908818 120.644012
114.908818 120.976411
114.576419 121.308810
114.576419 121.641208
114.576419 121.973607
114.576419 122.306006
114.576419 122.638404
114.576419 122.970803
114.576419 123.303202
114.576419 123.635601
114.576419 123.967999
114.576419 123.635601
114.576419 123.967999
114.576419 123.635601
114.576419 123.967999
114.576419 124.300398
114.576419 124.632797
114.576419 124.965195
114.576419 125.297594
114.576419 125.629993
114.576419 125.962391
114.576419 126.294790
114.576419 126.627189
114.576419 126.959588
114.576419 127.291986
114.576419 127.624385
114.576419 127.956784
114.576419 128.289182
114.576419 128.621581
114.576419 128.953980
114.576419 129.286379
114.576419 129.618777
114.576419 129.951176
114.576419 130.283575
114.576419 130.615973
114.576419 130.948372
114.576419 131.280771
114.576419 131.613169
114.576419 131.945568
114.576419 132.277967
114.576419 132.610366
114.576419 132.942764
114.576419 133.275163
114.576419 133.607562
114.576419 133.275163
114.576419 133.607562
114.576419 133.939960
114.576419 134.272359
114.908818 134.604758
114.908818 134.937157
114.908818 135.269555
114.908818 135.601954
114.908818 135.934353
114.908818 136.266751
114.908818 136.599150
114.908818 136.931549
115.241216 137.263948
115.241216 137.596346
115.241216 137.928745
115.241216 138.261144
115.241216 138.593542
115.573615 138.925941
115.573615 139.258340
115.573615 139.590738
115.573615 139.923137
115.906014 140.255536
115.906014 140.587935
115.906014 140.920333
115.906014 141.252732
115.906014 141.585131
115.906014 141.917529
115.573615 142.582327
115.573615 142.914726
115.241216 143.247124
115.241216 143.579523
115.241216 144.244320
114.908818 144.576719
114.908818 144.909118
114.908818 145.241517
114.576419 145.906314
114.576419 146.238713
114.244020 146.571111
114.244020 146.903510
114.244020 147.568307
113.911622 147.568307
113.579223 147.900706
113.246824 148.233105
112.582027 148.565504
112.249628 148.897902
111.917229 149.230301
111.584831 149.562700
111.252432 149.895098
110.920033 150.227497
110.587635 150.227497
110.255236 150.559896
109.922837 150.559896
109.590438 150.559896
109.258040 150.227497
108.925641 150.227497
108.593242 150.227497
107.928445 149.895098
107.596046 149.895098
107.263647 149.895098
106.931249 149.562700
106.598850 149.562700
106.266451 149.562700
105.934053 149.230301
105.601654 149.230301
105.269255 149.230301
104.936857 148.897902
104.272059 148.897902
103.939660 148.897902
103.607262 148.897902
103.274863 148.565504
102.942464 148.565504
102.610066 148.565504
102.277667 148.233105
101.945268 148.233105
101.612869 148.233105
101.280471 147.900706
100.615673 147.900706
100.283275 147.900706
99.950876 147.568307
99.618477 147.568307
99.286078 147.568307
98.953680 147.235909
98.621281 147.235909
98.288882 147.235909
97.956484 146.903510
97.624085 146.903510
97.291686 146.903510
96.626889 146.571111
96.294490 146.571111
95.962091 146.571111
95.629693 146.238713
95.297294 146.238713
94.964895 146.238713
94.632497 145.906314
94.300098 145.906314
93.967699 145.906314
93.635300 145.573915
92.970503 145.573915
92.638104 145.573915
92.305706 145.241517
91.973307 145.241517
91.640908 144.909118
91.308510 144.576719
90.976111 144.244320
90.643712 143.911922
90.311313 143.579523
89.978915 142.914726
89.646516 142.582327
89.314117 142.249928
88.981719 141.917529
88.649320 141.585131
88.649320 141.252732
88.316921 140.920333
87.984522 140.587935
87.652124 140.255536
87.319725 139.923137
87.319725 139.590738
86.987326 139.258340
86.654928 138.925941
86.322529 138.593542
86.322529 138.261144
85.990130 137.596346
85.657731 137.263948
85.325333 136.931549
84.992934 136.599150
84.992934 136.266751
84.660535 135.934353
84.328137 135.601954
83.995738 135.269555
83.663339 134.937157
83.663339 134.604758
83.330941 134.272359
82.998542 133.939960
82.998542 133.607562
82.666143 133.275163
82.666143 132.942764
82.333744 132.610366
82.333744 131.945568
82.333744 131.613169
82.001346 131.280771
82.001346 130.948372
82.001346 130.615973
82.001346 129.951176
82.001346 129.618777
82.001346 129.286379
82.001346 128.621581
82.001346 128.289182
82.001346 127.956784
82.001346 127.291986
82.001346 126.959588
82.001346 126.627189
82.001346 125.962391
82.001346 125.629993
82.001346 125.297594
82.001346 124.632797
82.001346 124.300398
82.001346 123.967999
82.001346 123.303202
82.001346 122.970803
82.001346 122.638404
82.001346 121.973607
82.001346 121.641208
82.001346 121.308810
82.001346 120.644012
82.001346 120.311613
82.333744 119.979215
82.333744 119.646816
82.666143 118.982019
82.666143 118.649620
82.998542 118.317221
82.998542 117.984822
83.330941 117.320025
83.330941 116.987626
83.663339 116.655228
83.663339 116.322829
83.995738 115.658032
83.995738 115.325633
84.328137 114.993234
84.328137 114.660835
84.660535 113.996038
84.660535 113.663639
84.992934 113.331241
84.992934 112.998842
85.325333 112.334044
85.325333 112.001646
85.657731 111.669247
85.990130 111.336848
86.322529 111.336848
86.654928 111.004450
86.987326 110.672051
87.652124 110.339652
87.984522 110.007254
88.316921 109.674855
88.649320 109.342456
88.981719 109.010057
89.646516 108.677659
89.978915 108.345260
90.311313 107.680463
90.643712 107.348064
91.308510 107.015665
91.640908 106.683266
91.973307 106.350868
92.305706 106.018469
92.970503 105.353672
93.302902 105.021273
93.635300 104.688874
93.967699 104.356475
94.632497 104.024077
94.964895 103.691678
95.297294 103.026881
95.629693 102.694482
95.962091 102.362083
96.294490 102.029685
96.626889 101.697286
96.959288 101.364887
97.291686 101.032488
97.624085 100.700090
97.956484 100.367691
98.288882 100.035292
98.621281 99.702894
98.953680 99.370495
99.286078 99.038096
99.618477 98.705697
99.618477 98.373299
99.950876 98.040900
100.615673 97.708501
100.948072 97.376103
101.280471 97.376103
101.612869 97.376103
101.945268 97.043704
102.277667 97.043704
102.610066 97.043704
103.274863 96.711305
103.607262 96.711305
103.939660 96.711305
104.272059 96.378906
104.604458 96.378906
104.936857 96.378906
105.269255 96.046508
105.601654 96.046508
106.266451 96.046508
106.598850 95.714109
106.931249 95.714109
107.263647 95.714109
107.596046 95.381710
107.928445 95.381710
108.260844 95.381710
108.925641 95.049312
109.258040 95.049312
109.590438 95.049312
109.922837 94.716913
110.255236 94.716913
110.587635 94.716913
110.920033 94.716913
111.252432 94.716913
111.584831 94.716913
111.917229 94.716913
112.582027 94.716913
112.914426 94.716913
113.246824 94.716913
113.579223 94.716913
113.911622 94.716913
114.244020 94.716913
114.908818 94.716913
115.241216 94.716913
115.573615 94.716913
115.906014 94.716913
116.238413 94.716913
116.903210 94.716913
117.235609 94.384514
117.568007 94.384514
117.900406 94.384514
118.232805 94.384514
118.897602 94.384514
119.230001 94.384514
119.562400 94.384514
119.894798 94.384514
120.227197 94.384514
120.559596 94.384514
121.224393 94.052116
121.556792 94.052116
121.889191 94.052116
122.221589 94.052116
122.553988 94.052116
123.218785 94.052116
123.551184 94.052116
123.883583 94.052116
124.215982 94.052116
124.548380 94.052116
125.213178 93.719717
125.545576 93.719717
125.877975 93.719717
126.210374 93.719717
126.542773 94.052116
126.542773 94.384514
126.542773 94.716913
126.210374 95.049312
125.877975 95.381710
125.877975 95.714109
125.545576 96.046508
125.545576 96.378906
