124.697143 101.559131
124.697143 101.823945
124.697143 102.088759
124.697143 102.353573
124.697143 102.618386
124.697143 102.883200
124.697143 103.148014
124.697143 103.412828
124.697143 103.677642
124.697143 103.942455
124.697143 104.207269
124.697143 104.472083
124.697143 104.736897
124.697143 105.001711
124.697143 105.266524
124.697143 105.531338
124.697143 105.796152
124.697143 106.060966
124.697143 106.325779
124.697143 106.590593
124.697143 106.855407
124.697143 107.120221
124.697143 107.385035
124.697143 107.649848
124.697143 107.914662
124.432329 108.179476
124.167515 108.444290
123.902701 108.709104
123.902701 108.973917
123.637888 109.238731
123.373074 109.503545
123.108260 109.768359
123.108260 110.033173
122.843446 110.297986
122.843446 110.562800
122.578633 110.827614
122.313819 111.092428
122.313819 111.357242
122.049005 111.622055
122.049005 111.886869
121.784191 112.151683
121.784191 112.416497
121.519377 112.681311
121.519377 112.946124
121.254564 113.210938
121.254564 113.475752
120.989750 113.740566
120.989750 114.005379
120.989750 114.270193
120.724936 114.535007
120.724936 114.799821
120.724936 115.064635
120.460122 115.329448
120.460122 115.594262
120.460122 115.859076
120.195308 116.123890
120.195308 116.388704
120.195308 116.653517
120.195308 116.918331
120.195308 117.183145
119.930495 117.447959
119.930495 117.712773
119.930495 117.447959
119.930495 117.712773
119.930495 117.447959
119.930495 117.712773
119.930495 117.977586
119.930495 118.242400
119.930495 118.507214
119.930495 118.772028
119.930495 119.036842
119.930495 119.301655
119.930495 119.036842
119.930495 119.301655
119.930495 119.036842
119.930495 119.301655
119.665681 119.566469
119.665681 119.831283
119.665681 120.096097
119.665681 120.360911
119.665681 120.625724
119.665681 120.890538
119.665681 121.155352
119.665681 121.420166
119.665681 121.684980
119.665681 121.420166
119.665681 121.684980
119.665681 121.949793
119.665681 122.214607
119.665681 122.479421
119.665681 122.744235
119.665681 122.479421
119.665681 122.744235
119.665681 123.009048
119.665681 123.273862
119.665681 123.009048
119.665681 123.273862
119.665681 123.538676
119.665681 123.803490
119.665681 124.068304
119.665681 124.333117
119.665681 124.597931
119.665681 124.862745
119.665681 125.127559
119.665681 125.392373
119.665681 125.657186
119.665681 125.922000
119.665681 126.186814
119.665681 126.451628
119.665681 126.716442
119.665681 126.981255
119.665681 127.246069
119.665681 127.510883
119.665681 127.775697
119.665681 128.040511
119.665681 128.305324
119.665681 128.570138
119.930495 128.570138
119.930495 128.834952
119.930495 129.099766
119.930495 129.364580
119.930495 129.629393
119.930495 129.894207
119.930495 130.159021
119.930495 130.423835
120.195308 130.688648
120.195308 130.953462
120.195308 131.218276
120.195308 131.483090
120.195308 131.747904
120.195308 132.012717
120.460122 132.012717
120.460122 132.277531
120.460122 132.542345
120.724936 132.807159
120.724936 133.071973
120.724936 133.336786
120.989750 133.601600
120.989750 133.866414
120.989750 134.131228
121.254564 134.396042
121.254564 134.660855
121.519377 134.925669
121.519377 135.190483
121.784191 135.455297
121.784191 135.720111
122.049005 135.984924
122.049005 136.249738
122.313819 136.249738
122.313819 136.514552
122.578633 136.779366
122.578633 137.044180
122.578633 137.308993
122.843446 137.308993
123.108260 137.573807
123.373074 137.838621
123.373074 138.103435
123.637888 138.368249
123.637888 138.633062
123.902701 138.633062
124.167515 138.897876
124.167515 139.162690
124.432329 139.162690
124.432329 139.427504
124.697143 139.427504
124.961957 139.692317
125.226770 139.957131
125.226770 140.221945
125.226770 140.486759
125.226770 140.751573
125.226770 141.281200
125.226770 141.546014
125.226770 141.810828
125.226770 142.075642
125.226770 142.605269
125.226770 142.870083
125.226770 143.134897
125.226770 143.399711
125.226770 143.664524
125.226770 144.194152
124.961957 144.194152
124.697143 144.458966
124.432329 144.458966
124.167515 144.723780
123.902701 144.723780
123.637888 144.988593
123.373074 144.988593
123.108260 145.253407
122.843446 145.253407
122.578633 145.518221
122.313819 145.518221
122.049005 145.783035
121.784191 145.783035
121.519377 146.047849
121.254564 146.047849
120.989750 146.312662
120.724936 146.312662
120.460122 146.577476
120.195308 146.577476
119.930495 146.842290
119.665681 146.842290
119.400867 147.107104
119.136053 147.107104
118.871239 147.371918
118.606426 147.371918
118.341612 147.371918
118.076798 147.107104
117.811984 147.107104
117.547170 147.107104
117.282357 146.842290
117.017543 146.842290
116.752729 146.577476
116.223101 146.577476
115.958288 146.577476
115.693474 146.312662
115.428660 146.312662
115.163846 146.312662
114.899033 146.047849
114.634219 146.047849
114.369405 145.783035
114.104591 145.783035
113.839777 145.783035
113.574964 145.518221
113.310150 145.518221
113.045336 145.518221
112.780522 145.253407
112.515708 145.253407
112.250895 144.988593
111.986081 144.988593
111.721267 144.988593
111.456453 144.723780
111.191639 144.723780
110.926826 144.723780
110.662012 144.458966
110.132384 144.458966
109.867570 144.194152
109.602757 144.194152
109.337943 144.194152
109.073129 143.929338
108.808315 143.929338
108.543501 143.929338
108.278688 143.664524
108.013874 143.664524
107.749060 143.399711
107.484246 143.399711
107.219432 143.399711
106.954619 143.134897
106.689805 143.134897
106.424991 143.134897
106.160177 142.870083
105.895364 142.870083
105.630550 142.605269
105.365736 142.605269
105.100922 142.605269
104.836108 142.340455
104.571295 142.075642
104.306481 141.810828
104.306481 141.546014
104.041667 141.281200
103.776853 141.016386
103.776853 140.751573
103.512039 140.486759
103.247226 140.221945
103.247226 139.957131
102.982412 139.692317
102.717598 139.427504
102.717598 139.162690
102.452784 138.897876
102.187970 138.633062
102.187970 138.368249
101.923157 138.103435
101.658343 137.838621
101.658343 137.573807
101.393529 137.044180
101.128715 136.779366
101.128715 136.514552
100.863901 136.249738
100.599088 135.984924
100.599088 135.720111
100.334274 135.455297
100.069460 135.190483
100.069460 134.925669
99.804646 134.660855
99.539832 134.396042
99.539832 134.131228
99.275019 133.866414
99.010205 133.601600
99.010205 133.336786
98.745391 133.071973
98.480577 132.807159
98.480577 132.542345
98.215764 132.277531
97.950950 132.012717
97.950950 131.747904
97.686136 131.483090
97.421322 131.218276
97.421322 130.688648
97.156508 130.423835
96.891695 130.159021
96.891695 129.894207
96.626881 129.629393
96.362067 129.364580
96.362067 129.099766
96.097253 128.834952
95.832439 128.570138
95.832439 128.305324
95.567626 128.040511
95.567626 127.775697
95.567626 127.510883
95.302812 127.246069
95.302812 126.981255
95.037998 126.716442
95.037998 126.451628
94.773184 126.186814
94.773184 125.922000
94.773184 125.657186
94.773184 125.127559
94.773184 124.862745
94.773184 124.597931
94.773184 124.333117
94.773184 124.068304
94.773184 123.803490
94.773184 123.538676
94.773184 123.009048
94.773184 122.744235
94.773184 122.479421
94.773184 122.214607
94.773184 121.949793
94.773184 121.684980
94.773184 121.155352
94.773184 120.890538
94.773184 120.625724
94.773184 120.360911
94.773184 120.096097
94.773184 119.831283
94.773184 119.566469
95.037998 119.301655
95.037998 119.036842
95.302812 118.772028
95.302812 118.507214
95.567626 117.977586
95.567626 117.712773
95.567626 117.447959
95.832439 117.183145
95.832439 116.918331
96.097253 116.653517
96.097253 116.388704
96.362067 116.123890
96.626881 115.859076
96.626881 115.329448
96.891695 115.064635
96.891695 114.799821
97.156508 114.535007
97.156508 114.270193
97.421322 114.005379
97.686136 113.475752
97.686136 113.210938
97.950950 112.946124
97.950950 112.681311
98.215764 112.416497
98.480577 112.151683
98.480577 111.622055
98.745391 111.357242
98.745391 111.092428
99.010205 110.827614
99.010205 110.562800
99.275019 110.297986
99.539832 109.768359
99.539832 109.503545
99.804646 109.238731
100.069460 108.973917
100.334274 108.709104
100.599088 108.444290
100.863901 107.914662
101.128715 107.649848
101.393529 107.385035
101.658343 107.120221
102.187970 106.855407
102.452784 106.590593
102.717598 106.060966
102.982412 105.796152
103.247226 105.531338
103.512039 105.266524
103.776853 105.001711
104.041667 104.736897
104.306481 104.207269
104.571295 103.942455
104.836108 103.677642
105.100922 103.412828
105.630550 103.148014
105.895364 102.883200
106.160177 102.353573
106.424991 102.088759
106.689805 101.823945
106.954619 101.559131
107.219432 101.559131
107.484246 101.294317
107.749060 101.294317
108.013874 101.294317
108.278688 101.294317
108.543501 101.294317
108.808315 101.029504
109.073129 101.029504
109.337943 101.029504
109.602757 101.029504
110.132384 101.029504
110.397198 100.764690
110.662012 100.764690
110.926826 100.764690
111.191639 100.764690
111.456453 100.764690
111.721267 100.764690
111.986081 100.764690
112.515708 100.764690
112.780522 100.499876
113.045336 100.499876
113.310150 100.499876
113.574964 100.499876
113.839777 100.499876
114.104591 100.499876
114.369405 100.499876
114.899033 100.499876
115.163846 100.235062
115.428660 100.235062
115.693474 100.235062
115.958288 100.235062
116.223101 100.235062
116.487915 100.235062
116.752729 100.235062
117.282357 100.235062
117.547170 99.970248
117.811984 99.970248
118.076798 99.970248
118.341612 99.970248
118.606426 99.970248
118.871239 99.970248
119.136053 99.970248
119.665681 99.970248
119.930495 99.705435
120.195308 99.705435
120.460122 99.705435
120.724936 99.705435
120.989750 99.705435
121.254564 99.705435
121.784191 99.705435
122.049005 99.705435
122.313819 99.440621
122.578633 99.440621
122.843446 99.440621
123.108260 99.440621
123.373074 99.440621
123.637888 99.440621
124.167515 99.440621
124.432329 99.440621
124.697143 99.175807
124.697143 99.440621
124.697143 99.705435
124.697143 99.970248
124.697143 100.235062
124.697143 100.499876
124.697143 100.764690
124.697143 101.029504
124.697143 101.294317
124.697143 101.559131
