147.385941 84.305362
146.887211 84.804092
146.388481 85.801552
145.889750 85.801552
145.391020 85.801552
144.892290 85.801552
144.393560 85.801552
144.393560 86.300282
143.894830 86.300282
143.396100 86.300282
142.897370 86.300282
142.398640 86.300282
142.398640 86.799012
141.899910 86.799012
141.401180 86.799012
140.902450 86.799012
140.902450 87.297742
140.403720 87.297742
139.904990 87.796472
139.406260 87.796472
138.907529 87.796472
138.408799 87.796472
138.408799 88.295203
137.910069 88.295203
137.411339 88.295203
137.411339 88.793933
136.912609 88.793933
136.413879 89.292663
135.915149 89.292663
135.416419 89.292663
135.416419 89.791393
134.917689 89.791393
134.418959 90.290123
133.920229 90.290123
133.421499 90.788853
132.922769 91.287583
132.424039 91.287583
131.925308 91.287583
131.925308 91.786313
131.426578 92.285043
130.927848 92.285043
130.429118 92.285043
130.429118 92.783773
129.930388 93.282503
129.431658 93.282503
128.932928 93.781233
128.434198 94.279963
127.935468 94.279963
127.935468 94.778693
127.436738 94.778693
127.436738 95.277423
126.938008 95.776154
126.439278 95.776154
125.940548 96.274884
125.441818 96.773614
124.943087 96.773614
124.943087 97.272344
124.444357 97.771074
123.945627 98.269804
123.945627 98.768534
123.446897 99.267264
122.948167 99.765994
122.449437 100.264724
121.950707 100.763454
121.451977 101.262184
121.451977 101.760914
120.953247 102.259644
120.454517 102.758375
120.454517 103.257105
119.955787 103.755835
119.457057 104.254565
119.457057 104.753295
118.958327 105.252025
118.459597 105.750755
118.459597 106.249485
117.960866 106.748215
117.960866 107.246945
117.462136 107.745675
117.462136 108.244405
116.963406 108.743135
116.963406 109.241865
116.464676 109.740596
116.464676 110.239326
116.464676 110.738056
115.965946 111.236786
115.965946 111.735516
115.467216 112.234246
115.467216 112.732976
115.467216 113.231706
114.968486 113.730436
114.968486 114.229166
114.968486 114.727896
114.968486 115.226626
114.469756 115.725356
114.469756 116.224086
114.469756 116.722817
114.469756 117.221547
113.971026 117.720277
113.971026 118.219007
113.971026 118.717737
113.971026 119.216467
113.971026 119.715197
113.971026 120.213927
113.472296 120.712657
113.472296 121.211387
113.472296 121.710117
113.472296 122.208847
113.472296 122.707577
113.472296 123.206307
112.973566 123.705038
112.973566 124.203768
112.973566 124.702498
112.973566 125.201228
112.474836 125.699958
112.474836 126.198688
112.474836 126.697418
112.474836 127.196148
112.474836 127.694878
112.474836 128.193608
111.976106 128.692338
111.976106 129.191068
111.976106 129.689798
111.976106 130.188528
111.976106 130.687259
111.976106 131.185989
111.976106 131.684719
111.976106 132.183449
111.976106 132.682179
111.976106 133.180909
111.976106 133.679639
111.976106 134.178369
111.976106 134.677099
111.976106 135.175829
111.976106 135.674559
111.976106 136.173289
111.976106 136.672019
111.976106 137.170749
111.976106 137.669480
111.976106 138.168210
111.976106 138.666940
112.474836 139.165670
112.474836 139.664400
112.474836 140.163130
112.474836 140.661860
112.474836 141.160590
112.474836 141.659320
112.474836 141.160590
112.474836 141.659320
112.973566 142.158050
112.973566 142.656780
112.973566 143.155510
112.973566 143.654240
112.973566 144.152970
113.472296 144.152970
113.472296 144.651701
113.472296 145.150431
113.472296 145.649161
113.472296 145.150431
113.472296 145.649161
113.971026 146.147891
113.971026 146.646621
113.971026 147.145351
114.469756 147.644081
114.469756 148.142811
114.469756 148.641541
113.971026 149.639001
113.472296 150.137731
112.973566 150.137731
112.474836 150.636461
111.976106 150.636461
111.477376 151.135191
110.978645 151.135191
109.981185 151.135191
109.482455 151.633922
108.983725 151.633922
108.484995 152.132652
107.986265 152.132652
107.487535 152.132652
106.988805 152.631382
106.490075 152.631382
105.492615 153.130112
104.993885 153.130112
104.495155 153.130112
103.996425 153.628842
103.497694 153.628842
102.998964 153.628842
102.500234 153.628842
102.001504 153.628842
101.502774 153.628842
101.004044 153.628842
100.505314 154.127572
100.006584 154.127572
99.009124 154.127572
98.510394 154.127572
98.011664 154.127572
97.512934 154.127572
97.014204 154.127572
96.515473 154.127572
96.016743 154.127572
95.518013 154.626302
95.019283 154.626302
94.520553 154.626302
94.021823 154.626302
93.523093 154.626302
93.024363 154.127572
92.026903 154.127572
91.528173 153.628842
91.029443 153.628842
90.530713 153.130112
90.031983 153.130112
89.034522 152.631382
88.535792 152.631382
88.037062 152.132652
87.538332 152.132652
87.039602 151.633922
86.042142 151.633922
85.543412 151.135191
85.044682 151.135191
84.545952 150.636461
84.047222 150.636461
83.049762 150.137731
82.551031 150.137731
82.052301 149.639001
81.553571 149.639001
81.054841 149.140271
80.057381 149.140271
79.558651 148.641541
79.059921 148.641541
78.561191 148.142811
78.062461 147.644081
77.563731 147.145351
77.065001 146.147891
77.065001 145.649161
76.566271 145.150431
76.067541 144.651701
75.568810 143.654240
75.070080 143.155510
74.571350 142.656780
74.571350 142.158050
74.072620 141.659320
73.573890 140.661860
73.075160 140.163130
72.576430 139.664400
72.077700 139.165670
72.077700 138.168210
71.578970 137.669480
71.080240 137.170749
70.581510 136.672019
70.581510 136.173289
70.581510 135.674559
70.581510 135.175829
70.581510 134.677099
70.581510 134.178369
70.581510 133.180909
70.581510 132.682179
70.581510 132.183449
70.581510 131.684719
70.581510 131.185989
71.080240 130.687259
71.080240 129.689798
71.080240 129.191068
71.080240 128.692338
71.578970 128.193608
71.578970 127.694878
71.578970 126.697418
71.578970 126.198688
71.578970 125.699958
72.077700 125.201228
72.077700 124.702498
72.077700 123.705038
72.077700 123.206307
72.576430 122.707577
72.576430 122.208847
72.576430 121.710117
72.576430 120.712657
72.576430 120.213927
73.075160 119.715197
73.075160 119.216467
73.075160 118.717737
73.075160 118.219007
73.573890 117.720277
73.573890 117.221547
73.573890 116.224086
73.573890 115.725356
73.573890 115.226626
74.072620 114.727896
74.571350 114.229166
75.070080 113.730436
76.067541 112.732976
76.566271 112.234246
77.065001 111.735516
77.563731 111.236786
78.062461 110.239326
78.561191 109.740596
79.059921 109.241865
79.558651 108.244405
80.556111 107.745675
81.054841 107.246945
81.553571 106.249485
82.052301 105.750755
82.551031 105.252025
83.049762 104.753295
83.548492 103.755835
84.545952 103.257105
85.044682 102.758375
85.543412 101.760914
86.042142 101.262184
86.540872 100.763454
87.039602 100.264724
87.538332 99.267264
88.037062 98.768534
89.034522 98.269804
89.533252 97.272344
90.031983 96.773614
90.530713 96.274884
91.029443 95.277423
91.528173 94.778693
92.026903 94.279963
92.525633 93.781233
93.024363 93.282503
93.523093 92.285043
94.021823 91.786313
94.520553 91.287583
95.019283 90.788853
95.518013 90.290123
95.518013 89.791393
96.016743 89.292663
96.515473 88.793933
97.014204 88.295203
97.512934 87.796472
98.011664 87.297742
98.510394 86.799012
98.510394 86.300282
99.009124 85.801552
99.507854 85.302822
100.006584 84.804092
100.505314 83.806632
101.004044 83.307902
101.502774 82.809172
102.001504 82.310442
102.001504 81.811712
102.500234 81.312982
102.998964 80.814251
103.497694 80.315521
103.996425 79.816791
104.495155 79.318061
104.993885 78.819331
104.993885 78.320601
105.492615 77.821871
105.991345 77.323141
106.490075 76.824411
106.988805 76.325681
107.487535 75.826951
107.986265 75.328221
108.484995 74.829491
108.983725 74.330761
109.482455 74.330761
110.479915 73.832030
110.978645 73.333300
111.477376 72.834570
111.976106 72.834570
112.474836 72.335840
112.973566 71.837110
113.472296 71.338380
113.971026 70.839650
114.469756 70.839650
115.467216 70.340920
115.965946 69.842190
116.464676 69.343460
116.963406 69.343460
117.462136 68.844730
117.960866 68.346000
118.459597 68.346000
118.958327 68.346000
119.955787 68.346000
120.454517 68.346000
120.953247 68.346000
121.451977 68.346000
121.950707 68.346000
122.449437 68.346000
123.446897 68.346000
123.945627 68.346000
124.444357 68.346000
124.943087 68.346000
125.441818 68.346000
125.940548 68.346000
126.938008 68.346000
127.436738 68.844730
127.935468 68.844730
128.434198 68.844730
128.932928 68.844730
129.431658 69.343460
130.429118 69.343460
130.927848 69.343460
131.426578 69.842190
131.925308 69.842190
132.424039 69.842190
132.922769 70.340920
133.920229 70.340920
134.418959 70.340920
134.917689 70.340920
135.416419 70.839650
135.915149 70.839650
136.413879 70.839650
136.912609 70.839650
137.411339 70.839650
137.910069 71.338380
138.408799 71.837110
138.907529 72.335840
139.406260 72.834570
139.406260 73.333300
139.904990 73.832030
140.403720 74.330761
140.902450 74.829491
141.401180 75.328221
141.899910 75.826951
141.899910 76.325681
142.398640 76.824411
142.897370 77.323141
143.396100 77.821871
143.894830 78.320601
144.393560 79.318061
144.393560 79.816791
144.892290 80.315521
145.391020 80.814251
145.889750 81.312982
146.388481 81.811712
146.388481 82.310442
146.887211 82.809172
147.385941 83.307902
147.884671 83.307902
147.884671 83.806632
147.884671 84.305362
147.385941 84.305362
