132.936844 102.808462
132.936844 103.298189
132.447117 103.787916
132.447117 104.277643
132.447117 104.767370
131.957390 105.746824
131.467663 106.236551
130.977936 106.236551
130.488209 106.236551
129.998482 106.726278
129.508755 106.726278
129.019027 106.726278
128.529300 106.726278
128.529300 107.216006
128.039573 107.216006
127.549846 107.216006
127.060119 107.216006
127.060119 107.705733
126.570392 107.705733
126.080665 108.195460
125.590938 108.195460
125.101211 108.195460
125.101211 108.685187
124.611484 108.685187
124.121757 108.685187
124.121757 109.174914
123.632030 109.174914
123.142303 109.664641
122.652576 109.664641
122.162849 110.154368
121.673122 110.154368
121.673122 110.644095
121.183394 110.644095
120.693667 111.133822
120.203940 111.623549
119.714213 111.623549
119.224486 112.113276
118.734759 112.603003
118.245032 113.092730
117.755305 113.582457
117.265578 113.582457
116.775851 114.072184
116.286124 114.072184
116.286124 114.561911
115.796397 115.051639
115.306670 115.541366
114.816943 115.541366
114.816943 116.031093
114.327216 116.520820
113.837489 117.010547
113.347761 117.500274
113.347761 117.990001
112.858034 118.479728
112.368307 118.969455
111.878580 119.459182
111.388853 119.948909
111.388853 120.438636
110.899126 120.928363
110.409399 121.418090
110.409399 121.907817
109.919672 122.397544
109.429945 122.887272
109.429945 123.376999
108.940218 123.866726
108.940218 124.356453
108.450491 124.846180
108.450491 125.335907
107.960764 125.825634
107.960764 126.315361
107.471037 126.805088
107.471037 127.294815
106.981310 127.784542
106.981310 128.274269
106.981310 128.763996
106.491583 129.253723
106.491583 129.743450
106.491583 130.233177
106.001856 130.722905
106.001856 131.212632
106.001856 131.702359
105.512128 132.192086
105.512128 132.681813
105.512128 133.171540
105.512128 133.661267
105.512128 134.150994
105.022401 134.640721
105.022401 135.130448
105.022401 135.620175
105.022401 136.109902
105.022401 136.599629
105.022401 137.089356
104.532674 137.579083
104.532674 138.068810
104.532674 138.558538
104.532674 139.048265
104.532674 139.537992
104.532674 140.027719
104.532674 140.517446
104.042947 141.007173
104.042947 141.496900
104.042947 141.986627
104.042947 142.476354
103.553220 142.966081
103.553220 143.455808
103.553220 143.945535
103.553220 144.435262
103.553220 144.924989
103.063493 145.414716
103.063493 145.904443
103.063493 146.394171
103.063493 146.883898
103.063493 147.373625
103.063493 147.863352
103.063493 148.353079
103.063493 148.842806
103.063493 149.332533
103.063493 149.822260
103.063493 150.311987
103.063493 150.801714
103.063493 151.291441
103.063493 151.781168
103.063493 152.270895
103.063493 152.760622
103.063493 153.250349
103.063493 153.740076
103.063493 154.229804
103.063493 154.719531
103.063493 155.209258
103.553220 155.698985
103.553220 156.188712
103.553220 156.678439
103.553220 157.168166
103.553220 157.657893
104.042947 158.147620
104.042947 158.637347
104.042947 159.127074
104.532674 159.616801
104.532674 160.106528
104.532674 160.596255
105.022401 161.085982
105.022401 161.575709
105.022401 162.065436
105.512128 162.555164
105.512128 163.044891
106.001856 163.534618
106.001856 164.024345
105.512128 164.514072
105.022401 165.003799
105.022401 165.493526
105.022401 165.983253
104.532674 166.472980
104.532674 166.962707
104.042947 167.452434
103.553220 167.452434
103.063493 166.962707
102.573766 166.962707
102.084039 166.962707
101.594312 166.962707
101.104585 166.962707
100.614858 166.962707
100.125131 166.472980
99.635404 166.472980
99.145677 166.472980
98.655950 165.983253
98.166223 165.983253
97.676496 165.983253
97.186768 165.983253
96.697041 165.983253
96.207314 165.983253
95.717587 165.493526
95.227860 165.493526
94.738133 165.493526
94.248406 165.493526
93.758679 165.493526
93.268952 165.003799
92.779225 165.003799
92.289498 165.003799
91.799771 165.003799
91.310044 165.003799
90.820317 164.514072
90.330590 164.514072
89.840863 164.514072
89.351135 164.514072
88.861408 164.024345
88.371681 164.024345
87.881954 164.024345
87.392227 164.024345
86.902500 164.024345
86.412773 163.534618
85.923046 163.534618
85.433319 163.534618
84.943592 163.534618
84.453865 163.534618
83.964138 163.534618
83.474411 163.044891
82.984684 163.044891
82.494957 163.044891
82.005230 163.044891
81.515502 163.044891
81.025775 163.044891
80.536048 163.044891
80.046321 163.044891
79.556594 163.044891
79.066867 163.044891
78.577140 163.044891
78.087413 162.555164
77.597686 162.555164
77.107959 162.555164
76.618232 162.555164
76.128505 162.555164
75.638778 162.065436
75.149051 162.065436
74.659324 162.065436
74.169597 162.065436
73.679869 161.575709
73.190142 161.085982
72.700415 160.596255
72.210688 160.106528
71.720961 159.616801
71.231234 159.127074
70.741507 158.637347
70.251780 158.147620
69.762053 157.657893
69.272326 157.168166
68.782599 156.678439
68.292872 156.188712
68.292872 155.698985
67.803145 155.209258
67.313418 154.719531
66.823691 154.229804
66.333964 153.740076
66.333964 153.250349
66.333964 152.760622
66.333964 152.270895
66.333964 151.781168
66.333964 151.291441
66.333964 150.801714
66.333964 150.311987
66.333964 149.822260
66.333964 149.332533
66.823691 148.842806
66.823691 148.353079
66.823691 147.863352
66.823691 147.373625
66.823691 146.883898
67.313418 146.394171
67.313418 145.904443
67.313418 145.414716
67.313418 144.924989
67.313418 144.435262
67.313418 143.945535
67.803145 143.455808
67.803145 142.966081
67.803145 142.476354
67.803145 141.986627
67.803145 141.496900
68.292872 141.007173
68.292872 140.517446
68.292872 140.027719
68.292872 139.537992
68.292872 139.048265
68.292872 138.558538
68.782599 138.068810
68.782599 137.579083
68.782599 137.089356
68.782599 136.599629
69.272326 136.109902
69.272326 135.620175
69.762053 135.130448
69.762053 134.640721
70.251780 134.150994
70.251780 133.661267
70.251780 133.171540
70.741507 132.681813
70.741507 132.192086
71.231234 131.702359
71.231234 131.212632
71.720961 130.722905
72.210688 130.233177
72.700415 129.743450
72.700415 129.253723
72.700415 128.763996
73.190142 128.274269
73.679869 127.784542
73.679869 127.294815
74.169597 126.805088
74.659324 126.315361
74.659324 125.825634
75.149051 125.335907
75.638778 124.846180
75.638778 124.356453
75.638778 123.866726
76.128505 123.376999
76.618232 122.887272
76.618232 122.397544
77.107959 121.907817
77.107959 121.418090
77.597686 120.928363
78.087413 120.438636
78.087413 119.948909
78.087413 119.459182
78.577140 118.969455
79.066867 118.479728
79.556594 117.990001
79.556594 117.500274
79.556594 117.010547
80.046321 116.520820
80.536048 116.031093
81.025775 115.541366
81.515502 115.051639
82.005230 114.561911
82.005230 114.072184
82.494957 113.582457
82.984684 113.092730
83.474411 112.603003
83.474411 112.113276
83.474411 111.623549
83.964138 111.133822
84.453865 110.644095
84.943592 110.154368
84.943592 109.664641
85.433319 109.174914
85.923046 108.685187
86.412773 108.195460
86.902500 107.705733
86.902500 107.216006
87.392227 106.726278
87.881954 106.236551
88.371681 105.746824
88.861408 105.257097
88.861408 104.767370
89.351135 104.277643
89.840863 103.787916
89.840863 103.298189
89.840863 102.808462
90.330590 102.318735
90.820317 101.829008
91.310044 101.339281
91.310044 100.849554
91.799771 100.359827
92.289498 99.870100
92.779225 99.380373
93.268952 98.890645
93.268952 98.400918
93.758679 97.911191
94.248406 97.911191
94.738133 97.421464
95.227860 96.931737
95.717587 96.442010
96.207314 96.442010
96.697041 96.442010
97.186768 95.952283
97.676496 95.462556
98.166223 94.972829
98.655950 94.972829
99.145677 94.483102
99.635404 93.993375
100.125131 93.503648
100.614858 93.503648
101.104585 93.013921
101.594312 93.013921
102.084039 93.013921
102.573766 93.013921
103.063493 92.524194
103.553220 92.524194
104.042947 92.524194
104.532674 92.524194
105.512128 92.524194
106.001856 92.524194
106.491583 92.524194
106.981310 92.524194
107.471037 92.524194
107.960764 92.524194
108.450491 92.524194
108.940218 92.524194
109.429945 92.524194
109.919672 92.524194
110.409399 92.524194
110.899126 92.034467
111.388853 92.034467
111.878580 92.034467
112.368307 92.034467
112.858034 92.034467
113.347761 92.034467
113.837489 92.034467
114.327216 92.034467
114.816943 92.034467
115.306670 92.034467
115.796397 92.034467
116.286124 92.034467
116.775851 92.524194
117.265578 92.524194
117.755305 92.524194
118.245032 92.524194
118.734759 93.013921
119.224486 93.013921
119.714213 93.013921
120.203940 93.013921
120.693667 93.013921
121.183394 93.503648
121.673122 93.503648
122.162849 93.993375
122.652576 93.993375
123.142303 93.993375
123.632030 94.483102
124.121757 94.483102
124.611484 94.483102
125.101211 94.483102
125.590938 94.972829
126.080665 94.972829
126.570392 94.972829
127.060119 95.462556
127.549846 95.462556
128.039573 95.462556
128.529300 95.462556
129.019027 95.952283
129.508755 96.442010
129.998482 96.442010
130.488209 96.442010
130.977936 96.931737
131.467663 97.421464
131.957390 97.911191
132.447117 97.911191
132.936844 98.400918
133.426571 98.890645
133.916298 98.890645
133.916298 99.380373
133.916298 99.870100
133.916298 100.359827
133.426571 100.849554
133.426571 101.339281
133.426571 101.829008
132.936844 102.318735
132.936844 102.808462
