152.753040 80.822400
152.753040 81.465947
152.109494 82.109493
151.465947 82.109493
150.822401 82.109493
150.178854 82.753040
149.535308 82.753040
148.891761 82.753040
149.535308 82.753040
148.891761 82.753040
148.248214 82.753040
147.604668 82.753040
147.604668 83.396586
146.961121 83.396586
146.317575 83.396586
145.674028 83.396586
145.030482 84.040133
144.386935 84.040133
143.743388 84.683679
143.099842 84.683679
142.456295 84.683679
141.812749 84.683679
141.812749 85.327226
141.169202 85.327226
140.525656 85.327226
140.525656 85.970773
139.882109 85.970773
139.238562 85.970773
139.238562 86.614319
138.595016 86.614319
137.951469 86.614319
137.951469 87.257866
137.307923 87.257866
136.664376 87.901412
136.020830 87.901412
136.020830 88.544959
135.377283 88.544959
134.733737 89.188505
134.090190 89.188505
134.090190 89.832052
133.446643 89.832052
132.803097 90.475599
132.159550 90.475599
132.159550 91.119145
131.516004 91.119145
131.516004 91.762692
130.872457 91.762692
130.228911 92.406238
129.585364 93.049785
128.941817 93.049785
128.941817 93.693331
128.298271 94.336878
127.654724 94.980425
127.011178 95.623971
126.367631 96.267518
125.724085 96.911064
125.080538 97.554611
125.080538 98.198157
124.436991 98.841704
123.793445 99.485250
123.149898 100.128797
123.149898 100.772344
122.506352 101.415890
121.862805 102.059437
121.862805 102.702983
121.219259 103.346530
120.575712 103.990076
120.575712 104.633623
119.932165 105.277170
119.932165 105.920716
119.288619 106.564263
119.288619 107.207809
118.645072 107.851356
118.645072 108.494902
118.001526 109.138449
118.001526 109.781996
118.001526 110.425542
117.357979 111.069089
117.357979 111.712635
116.714433 112.356182
116.714433 112.999728
116.714433 113.643275
116.714433 114.286822
116.070886 114.930368
116.070886 115.573915
116.070886 116.217461
116.070886 116.861008
115.427339 117.504554
115.427339 118.148101
115.427339 118.791648
115.427339 119.435194
115.427339 120.078741
114.783793 120.722287
114.783793 121.365834
114.783793 122.009380
114.783793 122.652927
114.783793 123.296474
114.783793 123.940020
114.783793 124.583567
114.783793 125.227113
114.783793 125.870660
114.783793 126.514206
114.783793 127.157753
114.783793 127.801299
114.783793 128.444846
114.783793 129.088393
114.783793 129.731939
114.783793 130.375486
114.783793 131.019032
114.783793 131.662579
114.783793 132.306125
114.783793 132.949672
114.783793 133.593219
114.783793 134.236765
115.427339 134.880312
115.427339 135.523858
115.427339 136.167405
115.427339 136.810951
115.427339 137.454498
116.070886 138.098045
116.070886 138.741591
116.070886 139.385138
116.070886 140.028684
116.714433 140.672231
116.714433 141.315777
116.714433 141.959324
116.714433 142.602871
117.357979 143.246417
117.357979 143.889964
117.357979 144.533510
117.357979 145.177057
118.001526 145.820603
118.001526 146.464150
118.001526 147.107697
118.645072 147.107697
118.645072 147.751243
118.645072 148.394790
118.645072 149.038336
118.645072 149.681883
119.288619 149.681883
119.288619 150.325429
119.288619 150.968976
119.288619 151.612523
119.288619 152.899616
118.645072 153.543162
118.001526 154.186709
118.001526 154.830255
117.357979 156.117348
117.357979 156.760895
116.714433 157.404442
116.070886 158.047988
116.070886 159.335081
115.427339 159.978628
115.427339 160.622174
114.783793 160.622174
113.496700 160.622174
112.853153 160.622174
112.209607 160.622174
111.566060 160.622174
110.922513 160.622174
110.278967 160.622174
109.635420 160.622174
108.991874 160.622174
108.348327 160.622174
107.061234 160.622174
106.417688 160.622174
105.774141 160.622174
105.130594 159.978628
104.487048 159.978628
103.843501 159.978628
103.199955 159.978628
102.556408 159.978628
101.269315 159.978628
100.625768 159.978628
99.982222 159.978628
99.338675 159.978628
98.695129 159.978628
98.051582 159.978628
97.408036 159.978628
96.764489 159.978628
96.120942 159.978628
95.477396 159.978628
94.190303 159.335081
93.546756 159.335081
92.903210 158.691535
92.259663 158.691535
90.972570 158.047988
90.329023 158.047988
89.685477 157.404442
89.041930 157.404442
88.398384 157.404442
87.111290 156.760895
86.467744 156.760895
85.824197 156.117348
85.180651 156.117348
83.893558 155.473802
83.250011 155.473802
82.606464 154.830255
81.962918 154.830255
80.675825 154.830255
80.032278 154.186709
79.388732 154.186709
78.745185 153.543162
77.458092 153.543162
76.814545 152.899616
76.170999 152.899616
75.527452 152.256069
74.883906 152.256069
74.240359 152.256069
73.596813 151.612523
72.953266 150.968976
72.309719 150.325429
71.666173 149.681883
71.022626 149.038336
70.379080 148.394790
69.735533 147.751243
69.091987 147.107697
68.448440 146.464150
67.804893 145.820603
67.161347 145.177057
66.517800 145.177057
65.874254 144.533510
65.230707 143.246417
64.587161 142.602871
63.943614 141.959324
63.300067 141.315777
62.656521 140.672231
62.656521 140.028684
62.012974 139.385138
61.369428 138.098045
60.725881 137.454498
60.082335 136.810951
59.438788 136.167405
59.438788 135.523858
58.795241 134.880312
58.151695 134.236765
57.508148 133.593219
57.508148 132.949672
57.508148 132.306125
57.508148 131.662579
57.508148 130.375486
58.151695 129.731939
58.151695 129.088393
58.151695 128.444846
58.151695 127.801299
58.151695 127.157753
58.151695 125.870660
58.795241 125.227113
58.795241 124.583567
58.795241 123.940020
58.795241 123.296474
58.795241 122.652927
58.795241 122.009380
59.438788 120.722287
59.438788 120.078741
59.438788 119.435194
59.438788 118.791648
59.438788 118.148101
59.438788 117.504554
60.082335 116.217461
60.082335 115.573915
60.082335 114.930368
60.082335 114.286822
60.082335 113.643275
60.082335 112.999728
60.725881 112.356182
61.369428 111.712635
62.012974 110.425542
62.656521 109.781996
62.656521 109.138449
63.300067 108.494902
63.943614 107.207809
64.587161 106.564263
65.230707 105.920716
65.874254 105.277170
66.517800 103.990076
67.161347 103.346530
67.161347 102.702983
67.804893 101.415890
68.448440 100.772344
69.091987 100.128797
69.735533 99.485250
70.379080 98.198157
71.022626 97.554611
71.666173 96.911064
71.666173 96.267518
72.309719 94.980425
72.953266 94.336878
73.596813 93.693331
74.240359 93.049785
74.883906 91.762692
75.527452 91.119145
76.170999 90.475599
76.170999 89.832052
76.814545 88.544959
77.458092 87.901412
78.101639 87.257866
78.745185 85.970773
79.388732 85.327226
80.032278 84.683679
80.675825 84.040133
81.319371 82.753040
81.962918 82.109493
82.606464 81.465947
83.250011 80.822400
83.893558 79.535307
84.537104 78.891760
85.180651 78.248214
85.180651 77.604667
85.824197 76.317574
86.467744 75.674027
87.111290 75.030481
87.754837 73.743388
88.398384 73.099841
89.041930 72.456295
89.685477 71.812748
90.329023 70.525655
90.972570 69.882108
91.616116 69.238562
92.259663 68.595015
92.903210 67.307922
93.546756 66.664376
94.190303 66.020829
94.833849 64.733736
95.477396 64.090189
96.120942 63.446643
96.120942 62.803096
96.764489 62.159550
97.408036 61.516003
98.695129 61.516003
99.338675 60.872456
99.982222 60.228910
100.625768 59.585363
101.269315 58.941817
102.556408 58.941817
103.199955 58.298270
103.843501 57.654724
104.487048 57.011177
105.130594 56.367630
106.417688 56.367630
107.061234 55.724084
107.704781 55.080537
108.348327 54.436991
108.991874 53.793444
110.278967 53.149898
110.922513 53.149898
111.566060 52.506351
112.209607 51.862804
112.853153 51.862804
113.496700 51.862804
114.140246 51.862804
114.783793 51.862804
115.427339 51.862804
116.070886 51.862804
116.714433 51.862804
117.357979 51.862804
118.001526 51.862804
118.645072 51.219258
119.288619 51.219258
120.575712 51.219258
121.219259 51.219258
121.862805 51.219258
122.506352 51.219258
123.149898 51.219258
123.793445 51.219258
124.436991 51.219258
125.080538 51.219258
125.724085 51.219258
126.367631 51.219258
127.011178 51.219258
127.654724 51.219258
128.298271 51.219258
128.941817 51.219258
129.585364 51.219258
130.228911 51.219258
130.872457 51.862804
132.159550 51.862804
132.803097 51.862804
133.446643 51.862804
134.090190 51.862804
134.733737 52.506351
135.377283 52.506351
136.664376 52.506351
137.307923 52.506351
137.951469 52.506351
138.595016 53.149898
139.238562 53.149898
140.525656 53.149898
141.169202 53.149898
141.812749 53.149898
142.456295 53.793444
143.099842 54.436991
143.743388 55.080537
144.386935 55.724084
145.030482 56.367630
145.674028 57.011177
146.317575 57.654724
146.961121 57.654724
147.604668 58.298270
148.248214 58.941817
148.891761 59.585363
149.535308 60.228910
150.178854 60.872456
150.822401 61.516003
151.465947 62.159550
152.109494 62.159550
152.753040 62.803096
153.396587 64.090189
153.396587 64.733736
153.396587 65.377282
154.040134 66.020829
154.040134 66.664376
154.040134 67.307922
154.683680 67.951469
154.683680 69.238562
155.327227 69.882108
155.327227 70.525655
155.327227 71.169201
155.970773 71.812748
155.970773 72.456295
155.970773 73.099841
155.970773 73.743388
155.970773 74.386934
155.970773 75.030481
155.970773 76.317574
155.970773 76.961121
155.970773 77.604667
155.970773 78.248214
155.327227 78.248214
154.683680 78.891760
154.040134 79.535307
153.396587 80.178853
152.753040 80.822400
