129.617032 95.536010
129.617032 95.864430
129.617032 96.192849
129.945452 96.521268
129.617032 96.849688
129.288613 97.178107
128.960193 97.506526
128.631774 97.834946
128.303355 98.163365
127.974935 98.491784
127.646516 98.820204
127.318097 99.148623
126.989677 99.477042
126.661258 99.805462
126.661258 100.133881
126.332839 100.462300
126.004419 100.790720
125.676000 101.119139
125.347581 101.447558
125.019161 101.775978
124.690742 102.104397
124.362323 102.432816
124.033903 102.761236
123.705484 103.089655
123.377065 103.418074
123.048645 103.746494
122.720226 104.074913
122.720226 104.403332
122.391807 104.731752
122.063387 105.060171
121.734968 105.388590
121.734968 105.717010
121.406549 106.045429
121.078129 106.373849
120.749710 106.702268
120.749710 107.030687
120.421291 107.359107
120.092871 107.687526
120.092871 108.015945
119.764452 108.344365
119.764452 108.672784
119.436033 109.001203
119.107613 109.329623
119.107613 109.658042
118.779194 109.986461
118.779194 110.314881
118.450775 110.643300
118.450775 110.971719
118.122355 111.300139
118.122355 111.628558
117.793936 111.956977
117.793936 112.285397
117.793936 111.956977
117.793936 112.285397
117.465517 112.613816
117.465517 112.942235
117.137097 113.270655
117.137097 113.599074
117.137097 113.927493
116.808678 114.255913
116.808678 114.584332
116.480259 114.912751
116.480259 115.241171
116.480259 115.569590
116.151839 115.898009
116.151839 116.226429
116.151839 116.554848
115.823420 116.883267
115.823420 117.211687
115.823420 117.540106
115.823420 117.868525
115.495001 118.196945
115.495001 118.525364
115.495001 118.853783
115.495001 119.182203
115.166581 119.510622
115.166581 119.839041
115.166581 120.167461
115.166581 120.495880
114.838162 120.824300
114.838162 121.152719
114.838162 121.481138
114.838162 121.809558
114.838162 122.137977
114.838162 122.466396
114.509742 122.794816
114.509742 123.123235
114.509742 123.451654
114.509742 123.780074
114.509742 124.108493
114.509742 124.436912
114.509742 124.765332
114.509742 125.093751
114.509742 125.422170
114.509742 125.750590
114.181323 126.079009
114.181323 126.407428
114.181323 126.735848
114.181323 127.064267
114.181323 127.392686
114.181323 127.721106
114.181323 128.049525
114.181323 128.377944
114.181323 128.706364
114.181323 129.034783
114.181323 129.363202
114.181323 129.691622
114.181323 130.020041
114.181323 130.348460
114.509742 130.348460
114.509742 130.676880
114.509742 131.005299
114.509742 131.333718
114.509742 131.662138
114.509742 131.990557
114.509742 132.318976
114.509742 132.647396
114.509742 132.975815
114.509742 133.304234
114.509742 132.975815
114.509742 133.304234
114.509742 133.632654
114.838162 133.632654
114.838162 133.961073
114.838162 134.289492
114.838162 134.617912
114.838162 134.946331
114.838162 135.274751
115.166581 135.603170
115.166581 135.931589
115.166581 136.260009
115.166581 136.588428
115.166581 136.260009
115.166581 136.588428
115.166581 136.916847
115.495001 136.916847
115.495001 137.245267
115.495001 136.916847
115.495001 137.245267
115.495001 136.916847
115.495001 137.245267
115.495001 137.573686
115.495001 137.902105
115.823420 138.230525
115.823420 138.558944
115.823420 138.887363
115.823420 139.215783
116.151839 139.544202
116.151839 139.872621
116.151839 140.201041
116.480259 140.529460
116.480259 140.857879
116.480259 141.186299
116.480259 141.514718
116.808678 141.514718
116.808678 141.843137
116.808678 141.514718
116.808678 141.843137
117.137097 142.171557
117.137097 142.499976
117.137097 142.171557
117.137097 142.499976
117.137097 142.828395
117.137097 143.156815
117.465517 143.156815
117.465517 143.485234
117.465517 143.813653
117.793936 143.813653
117.793936 144.142073
118.122355 144.470492
118.122355 144.798911
118.450775 145.127331
118.450775 145.455750
118.122355 146.112589
118.122355 146.441008
118.122355 146.769427
117.793936 146.769427
117.465517 146.769427
117.137097 146.769427
116.808678 146.441008
116.480259 146.441008
116.151839 146.441008
115.823420 146.441008
115.495001 146.441008
114.838162 146.441008
114.509742 146.441008
114.181323 146.441008
113.852904 146.441008
113.524484 146.441008
113.196065 146.441008
112.539226 146.441008
112.210807 146.441008
111.882388 146.441008
111.553968 146.441008
111.225549 146.441008
110.897130 146.441008
110.568710 146.441008
109.911872 146.441008
109.583452 146.769427
109.255033 146.769427
108.926614 146.769427
108.598194 146.769427
108.269775 146.769427
107.941356 146.769427
107.284517 146.769427
106.956098 146.769427
106.627678 146.769427
106.299259 146.769427
105.970840 146.769427
105.642420 146.769427
105.314001 146.769427
104.985582 146.769427
104.657162 146.769427
104.328743 146.769427
104.000324 146.441008
103.671904 146.441008
103.343485 146.441008
103.015066 146.441008
102.686646 146.441008
102.029808 146.441008
101.701388 146.441008
101.372969 146.441008
101.044550 146.112589
100.716130 146.112589
100.387711 146.112589
100.059291 146.112589
99.730872 146.112589
99.402453 146.112589
99.074033 146.112589
98.745614 145.784169
98.417195 145.784169
98.088775 145.784169
97.760356 145.784169
97.431937 145.784169
97.103517 145.784169
96.775098 145.784169
96.446679 145.455750
96.118259 145.455750
95.789840 145.455750
95.461421 145.455750
95.133001 145.455750
94.804582 145.455750
94.476163 145.455750
94.147743 145.455750
93.819324 145.127331
93.490905 145.127331
93.162485 145.127331
92.834066 145.127331
92.505647 145.127331
92.177227 145.127331
91.848808 145.127331
91.520389 144.798911
91.191969 144.798911
90.863550 144.798911
90.535131 144.798911
90.206711 144.798911
89.878292 144.798911
89.549873 144.798911
89.221453 144.798911
88.893034 144.142073
88.564615 143.813653
88.236195 143.485234
87.907776 143.156815
87.250937 142.828395
86.922518 142.499976
86.594099 142.171557
86.265679 141.843137
85.937260 141.514718
85.608841 141.186299
85.280421 140.857879
84.623582 140.529460
84.295163 140.201041
83.966744 139.544202
83.638324 139.215783
83.309905 138.887363
82.981486 138.558944
82.324647 138.230525
81.996228 137.902105
81.667808 137.573686
81.339389 137.245267
81.010970 136.916847
80.682550 136.588428
80.354131 136.260009
79.697292 135.931589
80.025712 135.603170
80.025712 134.946331
80.354131 134.617912
80.354131 134.289492
80.682550 133.961073
81.010970 133.632654
81.010970 133.304234
81.339389 132.975815
81.339389 132.647396
81.667808 132.318976
81.667808 131.990557
81.996228 131.662138
81.996228 131.333718
82.324647 131.005299
82.324647 130.676880
82.653066 130.348460
82.653066 130.020041
82.981486 129.363202
82.981486 129.034783
83.309905 128.706364
83.309905 128.377944
83.638324 128.049525
83.638324 127.721106
83.966744 127.392686
83.966744 127.064267
84.295163 126.735848
84.295163 126.407428
84.623582 126.079009
84.623582 125.750590
84.952002 125.422170
84.952002 125.093751
85.280421 124.765332
85.280421 124.436912
85.280421 124.108493
85.608841 123.780074
85.608841 123.451654
85.608841 123.123235
85.608841 122.794816
85.608841 122.466396
85.937260 121.809558
85.937260 121.481138
85.937260 121.152719
86.265679 120.824300
86.594099 120.495880
86.922518 120.167461
87.250937 119.839041
87.579357 119.510622
87.907776 119.182203
88.236195 118.853783
88.564615 118.525364
88.893034 118.196945
89.221453 117.868525
89.549873 117.540106
89.878292 117.211687
90.206711 116.883267
90.535131 116.554848
90.863550 116.226429
91.191969 115.898009
91.191969 115.569590
91.520389 115.241171
91.848808 114.912751
92.177227 114.584332
92.505647 114.255913
92.834066 113.927493
93.162485 113.599074
93.490905 113.270655
93.819324 112.942235
94.147743 112.613816
94.476163 111.956977
95.133001 111.628558
95.461421 111.300139
95.789840 110.971719
96.118259 110.643300
96.446679 110.314881
96.775098 109.658042
97.103517 109.329623
97.431937 109.001203
97.760356 108.672784
98.088775 108.344365
98.417195 108.015945
99.074033 107.359107
99.402453 107.030687
99.730872 106.702268
100.059291 106.373849
100.387711 106.045429
100.716130 105.388590
101.044550 105.060171
101.372969 105.060171
101.701388 104.731752
102.029808 104.403332
102.358227 104.074913
103.015066 103.746494
103.343485 103.418074
103.671904 103.418074
104.000324 103.089655
104.328743 102.761236
104.657162 102.432816
104.985582 102.104397
105.314001 101.775978
105.642420 101.775978
105.970840 101.447558
106.627678 101.119139
106.956098 100.790720
107.284517 100.462300
107.612936 100.133881
107.941356 99.805462
108.269775 99.805462
108.598194 99.477042
108.926614 99.477042
109.255033 99.148623
109.583452 99.148623
110.240291 98.820204
110.568710 98.820204
110.897130 98.491784
111.225549 98.491784
111.553968 98.163365
111.882388 97.834946
112.539226 97.834946
112.867646 97.506526
113.196065 97.506526
113.524484 97.178107
113.852904 97.178107
114.181323 96.849688
114.509742 96.849688
115.166581 96.521268
115.495001 96.521268
115.823420 96.192849
116.151839 96.192849
116.480259 95.864430
116.808678 95.536010
117.137097 95.536010
117.793936 95.536010
118.122355 95.536010
118.450775 95.536010
118.779194 95.207591
119.107613 95.207591
119.436033 95.207591
119.764452 95.207591
120.421291 95.207591
120.749710 95.207591
121.078129 95.207591
121.406549 95.207591
121.734968 95.207591
122.063387 95.207591
122.391807 95.207591
123.048645 95.207591
123.377065 95.207591
123.705484 95.207591
124.033903 95.207591
124.362323 94.879172
124.690742 94.879172
125.019161 94.879172
125.676000 94.879172
126.004419 94.879172
126.332839 94.879172
126.661258 94.879172
126.989677 94.879172
127.318097 94.879172
127.646516 95.207591
127.974935 95.207591
128.303355 95.207591
128.631774 95.207591
128.960193 95.207591
129.288613 95.536010
129.617032 95.536010
