120.760194 98.194211
120.760194 98.489131
120.465274 98.784052
120.170353 99.078972
120.170353 99.373893
119.875433 99.668813
119.875433 99.963734
119.580512 100.258654
119.285591 100.553575
119.285591 100.848495
118.990671 101.143416
118.990671 101.438336
118.695750 101.733257
118.400830 102.028177
118.400830 102.323098
118.105909 102.618019
118.105909 102.912939
117.810989 103.207860
117.516068 103.502780
117.516068 103.797701
117.221148 103.797701
117.516068 103.797701
117.516068 103.502780
117.810989 103.207860
117.810989 102.912939
118.105909 102.912939
118.105909 102.618019
118.400830 102.323098
118.105909 102.618019
118.105909 102.912939
117.810989 103.207860
117.516068 103.502780
117.516068 103.797701
117.221148 104.092621
117.516068 103.797701
117.516068 103.502780
117.810989 103.207860
117.810989 102.912939
118.105909 102.912939
117.810989 102.912939
117.810989 103.207860
117.810989 102.912939
118.105909 102.912939
118.105909 102.618019
118.400830 102.323098
118.400830 102.028177
118.695750 101.733257
118.400830 102.028177
118.400830 102.323098
118.105909 102.618019
118.105909 102.912939
117.810989 103.207860
117.516068 103.502780
117.516068 103.797701
117.221148 104.092621
117.221148 104.387542
116.926227 104.682462
116.926227 104.977383
116.631307 105.272303
116.631307 105.567224
116.631307 105.272303
116.926227 104.977383
116.926227 104.682462
116.926227 104.387542
117.221148 104.387542
117.221148 104.092621
117.221148 103.797701
117.516068 103.797701
117.516068 103.502780
117.810989 103.207860
117.810989 102.912939
118.105909 102.912939
118.105909 102.618019
118.400830 102.323098
118.400830 102.028177
118.400830 101.733257
118.695750 101.733257
118.400830 101.733257
118.695750 101.733257
118.400830 102.028177
118.400830 102.323098
118.105909 102.618019
118.105909 102.912939
117.810989 103.207860
117.516068 103.502780
117.516068 103.797701
117.221148 104.092621
117.221148 104.387542
116.926227 104.682462
116.926227 104.977383
116.631307 105.272303
116.631307 105.567224
116.631307 105.272303
116.926227 104.977383
116.926227 104.682462
116.926227 104.387542
117.221148 104.387542
117.221148 104.092621
117.221148 103.797701
117.516068 103.797701
117.516068 103.502780
117.810989 103.207860
117.810989 102.912939
118.105909 102.912939
118.105909 102.618019
118.400830 102.323098
118.400830 102.028177
118.400830 101.733257
118.695750 101.733257
118.400830 101.733257
118.695750 101.733257
118.400830 102.028177
118.400830 102.323098
118.105909 102.618019
118.105909 102.912939
117.810989 103.207860
117.516068 103.502780
117.516068 103.797701
117.221148 104.092621
117.221148 104.387542
116.926227 104.682462
116.926227 104.977383
116.631307 105.272303
116.631307 105.567224
116.631307 105.272303
116.926227 104.977383
116.926227 104.682462
116.926227 104.387542
117.221148 104.387542
117.221148 104.092621
117.516068 103.797701
117.516068 103.502780
117.810989 103.207860
117.810989 102.912939
118.105909 102.912939
118.105909 102.618019
118.400830 102.323098
118.400830 102.028177
118.695750 101.733257
118.695750 101.438336
118.990671 101.438336
118.990671 101.143416
118.990671 101.438336
118.990671 101.143416
118.990671 101.438336
118.695750 101.733257
118.400830 102.028177
118.400830 102.323098
118.105909 102.618019
118.105909 102.912939
117.810989 103.207860
117.516068 103.502780
117.516068 103.797701
117.221148 104.092621
117.516068 103.797701
117.516068 103.502780
117.516068 103.207860
117.810989 103.207860
117.810989 102.912939
118.105909 102.912939
118.105909 102.618019
118.105909 102.323098
118.400830 102.323098
118.400830 102.028177
118.695750 101.733257
118.990671 101.438336
118.990671 101.143416
118.990671 100.848495
119.285591 100.848495
119.285591 100.553575
119.285591 100.848495
119.285591 100.553575
119.285591 100.848495
119.285591 100.553575
119.285591 100.848495
118.990671 101.143416
118.990671 101.438336
118.695750 101.733257
118.400830 102.028177
118.400830 102.323098
118.105909 102.618019
118.105909 102.912939
117.810989 103.207860
117.516068 103.502780
117.516068 103.797701
117.221148 104.092621
117.516068 103.797701
117.516068 103.502780
117.516068 103.207860
117.810989 103.207860
117.810989 102.912939
118.105909 102.912939
118.105909 102.618019
118.105909 102.323098
118.400830 102.323098
118.400830 102.028177
118.695750 101.733257
118.990671 101.438336
118.990671 101.143416
118.990671 100.848495
119.285591 100.848495
119.285591 100.553575
119.285591 100.848495
119.285591 100.553575
119.285591 100.848495
119.285591 100.553575
119.285591 100.848495
118.990671 101.143416
118.990671 101.438336
118.695750 101.733257
118.400830 102.028177
118.400830 102.323098
118.105909 102.618019
118.105909 102.912939
117.810989 103.207860
117.516068 103.502780
117.516068 103.797701
117.221148 104.092621
117.516068 103.797701
117.516068 103.502780
117.516068 103.207860
117.810989 103.207860
117.810989 102.912939
118.105909 102.912939
118.105909 102.618019
118.105909 102.323098
118.400830 102.323098
118.400830 102.028177
118.695750 101.733257
118.990671 101.438336
118.990671 101.143416
118.990671 100.848495
119.285591 100.848495
119.285591 100.553575
119.285591 100.848495
119.285591 100.553575
119.285591 100.848495
119.285591 100.553575
119.285591 100.848495
118.990671 101.143416
118.990671 101.438336
118.695750 101.733257
118.400830 102.028177
118.400830 102.323098
118.105909 102.618019
118.105909 102.912939
117.810989 103.207860
117.516068 103.502780
117.516068 103.797701
117.221148 104.092621
117.516068 103.797701
117.516068 103.502780
117.516068 103.207860
117.810989 103.207860
117.810989 102.912939
118.105909 102.912939
118.105909 102.618019
118.105909 102.323098
118.400830 102.323098
118.400830 102.028177
118.695750 101.733257
118.695750 101.438336
118.990671 101.438336
118.990671 101.143416
118.990671 101.438336
118.990671 101.143416
118.990671 100.848495
119.285591 100.848495
119.285591 100.553575
119.580512 100.258654
119.580512 99.963734
119.580512 100.258654
119.285591 100.258654
119.285591 100.553575
119.285591 100.848495
118.990671 101.143416
118.990671 101.438336
118.695750 101.733257
118.400830 102.028177
118.400830 102.323098
118.105909 102.618019
118.105909 102.912939
117.810989 103.207860
117.516068 103.502780
117.516068 103.797701
117.221148 104.092621
117.221148 104.387542
116.926227 104.682462
116.926227 104.977383
116.631307 105.272303
116.631307 105.567224
116.631307 105.272303
116.926227 104.977383
116.926227 104.682462
116.926227 104.387542
117.221148 104.387542
117.221148 104.092621
117.516068 103.797701
117.516068 103.502780
117.516068 103.207860
117.810989 103.207860
117.810989 102.912939
118.105909 102.912939
118.105909 102.618019
118.400830 102.323098
118.400830 102.028177
118.695750 101.733257
118.695750 101.438336
118.990671 101.438336
118.990671 101.143416
118.990671 101.438336
118.990671 101.143416
118.990671 101.438336
118.990671 101.143416
118.990671 101.438336
118.695750 101.733257
118.400830 102.028177
118.400830 102.323098
118.105909 102.618019
118.105909 102.912939
117.810989 103.207860
117.516068 103.502780
117.516068 103.797701
117.221148 104.092621
117.221148 104.387542
116.926227 104.682462
116.926227 104.977383
116.631307 105.272303
116.631307 105.567224
116.631307 105.272303
116.926227 104.977383
116.926227 104.682462
116.926227 104.387542
117.221148 104.387542
117.221148 104.092621
117.516068 103.797701
117.516068 103.502780
117.810989 103.207860
117.810989 102.912939
118.105909 102.912939
118.105909 102.618019
118.105909 102.323098
118.400830 102.323098
118.400830 102.028177
118.695750 101.733257
118.695750 101.438336
118.990671 101.438336
118.990671 101.143416
118.990671 101.438336
118.990671 101.143416
119.285591 100.848495
119.285591 100.553575
119.580512 100.258654
119.580512 99.963734
119.875433 99.963734
119.875433 99.668813
119.875433 99.963734
119.580512 100.258654
119.285591 100.553575
119.285591 100.848495
118.990671 101.143416
118.990671 101.438336
118.695750 101.733257
118.400830 102.028177
118.400830 102.323098
118.105909 102.618019
118.105909 102.912939
117.810989 103.207860
117.516068 103.502780
117.516068 103.797701
117.221148 104.092621
117.221148 104.387542
116.926227 104.682462
116.926227 104.977383
116.631307 105.272303
116.631307 105.567224
116.631307 105.272303
116.926227 104.977383
116.926227 104.682462
116.926227 104.387542
117.221148 104.387542
117.221148 104.092621
117.516068 103.797701
117.516068 103.502780
117.810989 103.207860
117.810989 102.912939
118.105909 102.912939
118.105909 102.618019
118.400830 102.323098
118.400830 102.028177
118.695750 101.733257
118.695750 101.438336
118.990671 101.438336
118.990671 101.143416
118.990671 101.438336
118.990671 101.143416
119.285591 100.848495
119.285591 100.553575
119.580512 100.258654
119.580512 99.963734
119.875433 99.963734
119.875433 99.668813
119.875433 99.963734
119.580512 100.258654
119.285591 100.553575
119.285591 100.848495
118.990671 101.143416
118.990671 101.438336
118.695750 101.733257
118.400830 102.028177
118.400830 102.323098
118.105909 102.618019
118.105909 102.912939
117.810989 103.207860
117.516068 103.502780
117.516068 103.797701
117.221148 104.092621
117.221148 104.387542
116.926227 104.682462
116.926227 104.977383
116.631307 105.272303
116.631307 105.567224
116.631307 105.272303
116.926227 104.977383
116.926227 104.682462
116.926227 104.387542
117.221148 104.387542
117.221148 104.092621
117.516068 103.797701
117.516068 103.502780
117.810989 103.207860
117.810989 102.912939
118.105909 102.912939
118.105909 102.618019
118.105909 102.323098
118.400830 102.323098
118.400830 102.028177
118.695750 101.733257
118.695750 101.438336
118.990671 101.143416
118.990671 100.848495
119.285591 100.848495
119.285591 100.553575
119.285591 100.848495
119.285591 100.553575
119.285591 100.848495
119.285591 100.553575
119.285591 100.848495
118.990671 101.143416
118.990671 101.438336
118.695750 101.733257
118.400830 102.028177
118.400830 102.323098
118.105909 102.618019
118.105909 102.912939
117.810989 103.207860
117.516068 103.502780
117.516068 103.797701
117.221148 104.092621
117.221148 104.387542
116.926227 104.682462
116.926227 104.977383
116.631307 105.272303
116.631307 105.567224
116.336386 105.862144
116.336386 106.157065
116.336386 106.451986
116.041466 106.746906
116.041466 107.041827
116.041466 106.746906
116.336386 106.451986
116.336386 106.157065
116.336386 105.862144
116.336386 105.567224
116.631307 105.567224
116.631307 105.272303
116.631307 104.977383
116.926227 104.977383
116.926227 104.682462
116.926227 104.387542
117.221148 104.387542
117.221148 104.092621
117.221148 103.797701
117.516068 103.797701
117.516068 103.502780
117.810989 103.207860
117.810989 102.912939
118.105909 102.912939
118.105909 102.618019
118.400830 102.323098
118.400830 102.028177
118.695750 101.733257
118.990671 101.438336
118.990671 101.143416
119.285591 100.848495
119.285591 100.553575
119.285591 100.848495
118.990671 101.143416
118.990671 101.438336
118.695750 101.733257
118.400830 102.028177
118.400830 102.323098
118.105909 102.618019
118.105909 102.912939
117.810989 103.207860
117.516068 103.502780
117.516068 103.797701
117.221148 104.092621
117.221148 104.387542
116.926227 104.682462
116.926227 104.977383
116.631307 105.272303
116.631307 105.567224
116.336386 105.862144
116.336386 106.157065
116.336386 106.451986
116.041466 106.746906
116.041466 107.041827
116.041466 106.746906
116.336386 106.451986
116.336386 106.157065
116.336386 105.862144
116.336386 105.567224
116.631307 105.567224
116.631307 105.272303
116.631307 104.977383
116.926227 104.977383
116.926227 104.682462
116.926227 104.387542
117.221148 104.387542
117.221148 104.092621
117.221148 103.797701
117.516068 103.797701
117.516068 103.502780
117.810989 103.207860
117.810989 102.912939
118.105909 102.912939
118.105909 102.618019
118.400830 102.323098
118.400830 102.028177
118.695750 101.733257
118.990671 101.438336
118.990671 101.143416
119.285591 100.848495
119.285591 100.553575
119.285591 100.848495
118.990671 101.143416
118.990671 101.438336
118.695750 101.733257
118.400830 102.028177
118.400830 102.323098
118.105909 102.618019
118.105909 102.912939
117.810989 103.207860
117.516068 103.502780
117.516068 103.797701
117.221148 104.092621
117.221148 104.387542
116.926227 104.682462
116.926227 104.977383
116.631307 105.272303
116.631307 105.567224
116.336386 105.862144
116.336386 106.157065
116.336386 106.451986
116.041466 106.746906
116.041466 107.041827
116.041466 106.746906
116.336386 106.451986
116.336386 106.157065
116.336386 105.862144
116.336386 105.567224
116.631307 105.567224
116.631307 105.272303
116.631307 104.977383
116.926227 104.977383
116.926227 104.682462
116.926227 104.387542
117.221148 104.387542
117.221148 104.092621
117.221148 103.797701
117.516068 103.797701
117.516068 103.502780
117.810989 103.207860
117.810989 102.912939
118.105909 102.912939
118.105909 102.618019
118.400830 102.323098
118.400830 102.028177
118.400830 101.733257
118.695750 101.733257
118.695750 101.438336
118.990671 101.143416
118.990671 100.848495
119.285591 100.848495
119.285591 100.553575
119.285591 100.258654
119.580512 100.258654
119.580512 99.963734
119.875433 99.963734
119.580512 100.258654
119.285591 100.553575
119.285591 100.848495
118.990671 101.143416
118.990671 101.438336
118.695750 101.733257
118.400830 102.028177
118.400830 102.323098
118.105909 102.618019
118.105909 102.912939
117.810989 103.207860
117.516068 103.502780
117.516068 103.797701
117.221148 104.092621
117.221148 104.387542
116.926227 104.682462
116.926227 104.977383
116.631307 105.272303
116.631307 105.567224
116.336386 105.862144
116.336386 106.157065
116.336386 106.451986
116.336386 106.157065
116.336386 105.862144
116.336386 105.567224
116.631307 105.567224
116.631307 105.272303
116.631307 104.977383
116.926227 104.977383
116.926227 104.682462
116.926227 104.387542
117.221148 104.387542
117.221148 104.092621
117.516068 103.797701
117.516068 103.502780
117.516068 103.207860
117.810989 103.207860
118.105909 102.912939
117.810989 102.912939
118.105909 102.618019
118.105909 102.323098
118.400830 102.323098
118.400830 102.028177
118.400830 101.733257
118.695750 101.733257
118.695750 101.438336
118.990671 101.143416
119.285591 100.848495
119.285591 100.553575
119.285591 100.848495
118.990671 101.143416
118.990671 101.438336
118.695750 101.733257
118.400830 102.028177
118.400830 102.323098
118.105909 102.618019
118.105909 102.912939
117.810989 103.207860
117.516068 103.502780
117.516068 103.797701
117.221148 104.092621
117.221148 104.387542
116.926227 104.682462
116.926227 104.977383
116.631307 105.272303
116.631307 105.567224
116.336386 105.862144
116.336386 106.157065
116.336386 106.451986
116.041466 106.746906
116.041466 107.041827
116.041466 106.746906
116.336386 106.451986
116.336386 106.157065
116.336386 105.862144
116.336386 105.567224
116.631307 105.567224
116.631307 105.272303
116.631307 104.977383
116.926227 104.977383
116.926227 104.682462
117.221148 104.387542
117.221148 104.092621
117.516068 103.797701
117.516068 103.502780
117.810989 103.207860
117.810989 102.912939
118.105909 102.912939
118.105909 102.618019
118.105909 102.323098
118.400830 102.323098
118.400830 102.028177
118.400830 101.733257
118.695750 101.733257
118.990671 101.438336
118.990671 101.143416
118.990671 101.438336
118.695750 101.733257
118.400830 102.028177
118.400830 102.323098
118.105909 102.618019
118.105909 102.912939
117.810989 103.207860
117.516068 103.502780
117.516068 103.797701
117.221148 104.092621
117.221148 104.387542
116.926227 104.682462
116.926227 104.977383
116.631307 105.272303
116.631307 105.567224
116.336386 105.862144
116.336386 106.157065
116.336386 106.451986
116.336386 106.157065
116.336386 105.862144
116.336386 105.567224
116.631307 105.567224
116.631307 105.272303
116.631307 104.977383
116.926227 104.977383
116.926227 104.682462
116.926227 104.387542
117.221148 104.387542
117.221148 104.092621
117.516068 103.797701
117.516068 103.502780
117.516068 103.207860
117.810989 103.207860
117.810989 102.912939
118.105909 102.912939
118.105909 102.618019
118.400830 102.323098
118.105909 102.323098
118.400830 102.323098
118.105909 102.618019
118.105909 102.912939
117.810989 103.207860
117.516068 103.502780
117.516068 103.797701
117.221148 104.092621
117.221148 104.387542
116.926227 104.682462
116.926227 104.977383
116.631307 105.272303
116.631307 105.567224
116.336386 105.862144
116.336386 106.157065
116.336386 106.451986
116.336386 106.157065
116.336386 105.862144
116.336386 105.567224
116.631307 105.567224
116.631307 105.272303
116.631307 104.977383
116.926227 104.977383
116.926227 104.682462
116.926227 104.387542
117.221148 104.387542
117.221148 104.092621
117.221148 103.797701
117.516068 103.797701
117.221148 104.092621
117.221148 104.387542
116.926227 104.682462
116.926227 104.977383
116.631307 105.272303
116.631307 105.567224
116.336386 105.862144
116.336386 106.157065
116.336386 106.451986
116.041466 106.746906
116.041466 107.041827
115.746545 107.336747
115.746545 107.631668
115.746545 107.926588
115.746545 107.631668
115.746545 107.336747
115.746545 107.041827
116.041466 107.041827
116.041466 106.746906
116.041466 106.451986
116.336386 106.451986
116.336386 106.157065
116.336386 105.862144
116.336386 105.567224
116.631307 105.567224
116.336386 105.862144
116.336386 106.157065
116.336386 106.451986
116.041466 106.746906
116.041466 107.041827
115.746545 107.336747
115.746545 107.631668
115.746545 107.926588
115.451624 108.221509
115.451624 108.516429
115.451624 108.811350
115.156704 109.106270
115.156704 109.401191
115.156704 109.696111
115.156704 109.991032
114.861783 110.285952
114.861783 110.580873
114.861783 110.875794
114.861783 111.170714
114.566863 111.465635
114.566863 111.760555
114.271942 112.055476
114.271942 112.350396
113.977022 112.645317
113.977022 112.940237
113.682101 113.235158
113.682101 113.530078
113.387181 113.824999
113.387181 114.119919
113.092260 114.414840
113.092260 114.709761
112.797340 115.004681
112.797340 115.299602
112.502419 115.594522
112.502419 115.889443
112.207499 116.184363
112.207499 116.479284
112.207499 116.774204
111.912578 117.069125
111.912578 117.364045
111.912578 117.658966
111.617658 117.953886
111.617658 118.248807
111.617658 118.543728
111.322737 118.838648
111.322737 119.133569
111.322737 119.428489
111.027816 119.723410
111.027816 120.018330
111.027816 120.313251
110.732896 120.608171
110.732896 120.903092
110.732896 121.198012
110.732896 121.492933
110.437975 121.787853
110.437975 122.082774
110.437975 122.377694
110.437975 122.082774
110.437975 122.377694
110.437975 122.672615
110.143055 122.967536
110.143055 123.262456
110.143055 123.557377
110.143055 123.852297
110.143055 124.147218
110.143055 124.442138
109.848134 124.737059
109.848134 125.031979
109.848134 125.326900
109.848134 125.621820
109.848134 125.916741
109.848134 126.211661
109.553214 126.506582
109.553214 126.801503
109.553214 127.096423
109.553214 127.391344
109.553214 127.686264
109.553214 127.981185
109.553214 128.276105
109.553214 128.571026
109.553214 128.865946
109.553214 129.160867
109.553214 129.455787
109.553214 129.750708
109.553214 130.045628
109.553214 130.340549
109.553214 130.635469
109.553214 130.930390
109.553214 131.225311
109.553214 131.520231
109.553214 131.815152
109.553214 132.110072
109.553214 132.404993
109.553214 132.699913
109.553214 132.994834
109.553214 133.289754
109.553214 133.584675
109.553214 133.879595
109.553214 134.174516
109.553214 134.469436
109.553214 134.764357
109.553214 135.059278
109.553214 135.354198
109.553214 135.649119
109.553214 135.944039
109.553214 136.238960
109.848134 136.238960
109.848134 136.533880
109.848134 136.828801
109.848134 137.123721
109.848134 137.418642
109.848134 137.713562
109.848134 137.418642
109.848134 137.713562
110.143055 138.008483
110.143055 138.303403
110.143055 138.598324
110.143055 138.893244
110.143055 139.188165
110.143055 139.483086
110.437975 139.778006
110.437975 140.072927
110.437975 139.778006
110.437975 140.072927
110.437975 140.367847
110.437975 140.662768
110.437975 140.957688
110.732896 140.957688
110.732896 141.252609
110.732896 141.547529
110.732896 141.842450
111.027816 142.137370
111.027816 142.432291
111.027816 142.727211
111.322737 143.022132
111.322737 143.317053
111.322737 143.611973
111.617658 143.906894
111.617658 144.201814
111.617658 144.496735
111.617658 144.791655
111.617658 145.086576
111.617658 145.381496
111.322737 145.676417
111.027816 145.676417
110.732896 145.676417
110.437975 145.676417
110.143055 145.381496
109.848134 145.381496
109.258293 145.381496
108.963373 145.381496
108.668452 145.086576
108.373532 145.086576
108.078611 145.086576
107.783691 145.086576
107.488770 145.086576
107.193849 144.791655
106.604008 144.791655
106.309088 144.791655
106.014167 144.791655
105.719247 144.496735
105.424326 144.496735
105.129406 144.496735
104.834485 144.496735
104.539565 144.496735
103.949724 144.201814
103.654803 144.201814
103.359883 144.201814
103.064962 144.201814
102.770041 143.906894
102.475121 143.906894
102.180200 143.906894
101.885280 143.906894
101.295439 143.611973
101.000518 143.611973
100.705598 143.611973
100.410677 143.611973
100.115757 143.317053
99.820836 143.022132
99.525916 142.432291
98.936074 142.137370
98.641154 141.842450
98.346233 141.547529
98.051313 141.252609
97.756392 140.662768
97.461472 140.367847
97.166551 140.072927
96.871631 139.778006
96.281790 139.483086
95.986869 138.893244
95.691949 138.598324
95.397028 138.303403
95.102108 138.008483
94.807187 137.713562
94.512266 137.123721
94.217346 136.828801
93.627505 136.533880
93.332584 136.238960
93.037664 135.944039
92.742743 135.354198
92.447823 135.059278
92.152902 134.764357
91.857982 134.469436
91.563061 134.174516
91.268141 133.879595
91.268141 133.584675
90.973220 133.289754
90.678299 132.994834
90.383379 132.699913
90.383379 132.404993
90.088458 132.110072
89.793538 131.815152
89.498617 131.520231
89.498617 131.225311
89.203697 130.930390
88.908776 130.635469
88.613856 130.045628
88.613856 129.750708
88.318935 129.455787
88.024015 129.160867
87.729094 128.865946
87.729094 128.571026
87.434174 128.276105
87.434174 127.981185
87.434174 127.686264
87.139253 127.391344
87.139253 127.096423
87.139253 126.801503
86.844333 126.211661
86.844333 125.916741
86.844333 125.621820
86.549412 125.326900
86.549412 125.031979
86.549412 124.737059
86.254491 124.442138
86.254491 124.147218
86.254491 123.557377
85.959571 123.262456
85.959571 122.967536
86.254491 122.672615
86.254491 122.377694
86.549412 122.082774
86.844333 121.787853
86.844333 121.492933
87.139253 121.198012
87.434174 120.903092
87.434174 120.608171
87.729094 120.313251
88.024015 120.018330
88.318935 119.723410
88.318935 119.428489
88.613856 118.838648
88.908776 118.543728
88.908776 118.248807
89.203697 117.953886
89.498617 117.658966
89.498617 117.364045
89.793538 117.069125
90.088458 116.774204
90.088458 116.479284
90.383379 116.184363
90.678299 115.889443
90.678299 115.594522
90.973220 115.299602
91.268141 115.004681
91.268141 114.709761
91.563061 114.414840
91.563061 114.119919
91.857982 113.824999
92.152902 113.530078
92.152902 113.235158
92.447823 112.940237
92.742743 112.645317
93.037664 112.350396
93.332584 112.055476
93.627505 111.760555
93.922425 111.760555
94.217346 111.465635
94.512266 111.170714
95.102108 110.875794
95.397028 110.875794
95.691949 110.580873
95.986869 110.285952
96.281790 109.991032
96.576710 109.991032
96.871631 109.696111
97.166551 109.401191
97.756392 109.106270
98.051313 109.106270
98.346233 108.811350
98.641154 108.516429
98.936074 108.221509
99.230995 108.221509
99.525916 107.926588
99.820836 107.631668
100.410677 107.336747
100.705598 107.336747
101.000518 107.041827
101.295439 106.746906
101.295439 106.451986
101.590359 105.862144
101.885280 105.567224
102.180200 105.272303
102.180200 104.977383
102.475121 104.682462
102.770041 104.387542
103.064962 104.092621
103.064962 103.797701
103.359883 103.502780
103.654803 103.207860
103.949724 102.912939
103.949724 102.618019
104.244644 102.323098
104.539565 102.028177
104.834485 101.733257
104.834485 101.438336
105.129406 101.143416
105.424326 100.848495
105.719247 100.553575
105.719247 100.258654
106.014167 99.963734
106.309088 99.668813
106.604008 99.373893
106.898929 99.078972
107.193849 99.078972
107.488770 99.078972
107.783691 99.078972
108.078611 99.078972
108.373532 99.078972
108.668452 99.078972
108.963373 99.078972
109.258293 99.078972
109.553214 99.078972
109.848134 99.078972
110.143055 99.078972
110.437975 99.078972
110.732896 99.078972
111.027816 99.078972
111.322737 99.078972
111.617658 99.078972
111.912578 99.078972
111.912578 98.784052
112.207499 98.784052
112.502419 98.784052
112.797340 98.784052
113.092260 98.784052
113.387181 98.784052
113.682101 98.784052
113.977022 98.784052
114.271942 98.489131
114.566863 98.489131
114.861783 98.489131
115.156704 98.489131
115.451624 98.489131
115.746545 98.489131
115.746545 98.194211
116.041466 98.194211
116.336386 98.194211
116.631307 98.194211
116.926227 98.194211
116.926227 97.899290
117.221148 97.899290
117.516068 97.899290
117.810989 97.899290
118.105909 97.899290
118.400830 97.604369
118.695750 97.604369
118.990671 97.604369
119.285591 97.604369
119.580512 97.309449
119.875433 97.309449
120.170353 97.309449
120.465274 97.604369
120.760194 97.604369
121.055115 97.604369
121.350035 97.604369
121.055115 97.899290
120.760194 98.194211
