143.706574 91.599315
143.706574 92.246766
143.059123 92.894217
142.411672 92.894217
141.764221 93.541668
141.116770 93.541668
140.469319 94.189119
139.821868 94.189119
139.174416 94.836570
138.526965 94.836570
137.879514 95.484021
137.232063 95.484021
136.584612 96.131472
135.937161 96.778923
135.289710 97.426374
134.642259 97.426374
133.994808 98.073825
133.347357 98.721277
132.699906 99.368728
132.052455 100.016179
132.052455 100.663630
131.405003 101.311081
130.757552 101.958532
130.110101 102.605983
129.462650 103.253434
129.462650 103.900885
128.815199 104.548336
128.167748 104.548336
127.520297 105.195787
127.520297 105.843238
126.872846 106.490690
126.872846 107.138141
126.225395 107.785592
126.225395 108.433043
125.577944 109.080494
125.577944 109.727945
124.930493 110.375396
124.930493 111.022847
124.283041 111.670298
124.283041 112.317749
123.635590 112.965200
122.988139 113.612652
122.340688 114.260103
122.340688 114.907554
121.693237 115.555005
121.045786 116.202456
121.045786 116.849907
120.398335 117.497358
120.398335 118.144809
119.750884 118.792260
119.750884 119.439711
119.103433 120.087162
119.103433 120.734613
118.455982 121.382065
118.455982 122.029516
117.808531 122.676967
117.808531 123.324418
117.808531 123.971869
117.161080 124.619320
117.161080 125.266771
117.161080 125.914222
116.513628 126.561673
116.513628 127.209124
116.513628 127.856575
116.513628 128.504026
115.866177 129.151478
115.866177 129.798929
115.866177 130.446380
115.866177 131.093831
115.218726 131.741282
115.218726 132.388733
115.218726 133.036184
115.218726 133.683635
115.218726 134.331086
115.218726 134.978537
115.218726 135.625988
115.218726 136.273440
115.218726 136.920891
115.218726 137.568342
115.218726 138.215793
115.218726 138.863244
115.218726 139.510695
115.218726 140.158146
115.218726 140.805597
115.218726 141.453048
115.218726 142.100499
115.218726 142.747950
115.218726 143.395401
115.218726 144.042853
115.866177 144.690304
115.866177 145.337755
115.866177 145.985206
115.866177 146.632657
115.866177 147.280108
116.513628 147.927559
116.513628 148.575010
116.513628 149.222461
116.513628 149.869912
117.161080 150.517363
117.161080 151.164815
117.161080 151.812266
117.161080 152.459717
117.161080 153.107168
117.161080 153.754619
117.161080 154.402070
117.161080 155.049521
117.161080 155.696972
117.161080 156.344423
117.161080 156.991874
117.161080 157.639325
117.161080 158.286776
117.161080 158.934228
117.808531 159.581679
117.808531 160.229130
117.808531 160.876581
117.808531 161.524032
117.808531 162.171483
118.455982 162.818934
118.455982 163.466385
118.455982 164.113836
119.103433 164.761287
118.455982 165.408738
117.808531 165.408738
117.161080 165.408738
116.513628 165.408738
115.866177 165.408738
115.218726 165.408738
114.571275 166.056190
113.923824 166.056190
113.276373 166.056190
112.628922 166.056190
111.981471 166.056190
111.334020 166.056190
110.686569 166.703641
110.039118 166.703641
109.391666 166.703641
108.744215 166.703641
108.096764 167.351092
107.449313 167.351092
106.801862 167.351092
106.154411 167.351092
105.506960 167.351092
104.859509 167.351092
104.212058 166.703641
103.564607 166.703641
102.917156 166.703641
102.269705 166.056190
101.622253 166.056190
100.974802 165.408738
100.327351 165.408738
99.679900 165.408738
99.032449 164.761287
98.384998 164.761287
97.737547 164.761287
97.090096 164.113836
96.442645 164.113836
95.795194 164.113836
95.147743 163.466385
94.500291 163.466385
93.852840 163.466385
93.205389 162.818934
92.557938 162.818934
91.910487 162.818934
91.263036 162.171483
90.615585 162.171483
89.968134 162.171483
89.320683 162.171483
88.673232 161.524032
88.025781 161.524032
87.378330 161.524032
86.730878 160.876581
86.083427 160.876581
85.435976 160.876581
84.788525 160.229130
84.141074 160.229130
83.493623 159.581679
82.846172 158.934228
82.198721 158.286776
81.551270 157.639325
80.903819 156.991874
80.256368 156.344423
79.608916 155.696972
79.608916 155.049521
79.608916 154.402070
78.961465 153.754619
78.314014 153.107168
77.666563 152.459717
77.019112 151.812266
76.371661 151.164815
76.371661 150.517363
76.371661 149.869912
75.724210 149.222461
75.076759 148.575010
74.429308 147.927559
73.781857 147.280108
73.781857 146.632657
73.134406 145.985206
73.134406 145.337755
73.134406 144.690304
73.134406 144.042853
73.134406 143.395401
73.134406 142.747950
73.134406 142.100499
73.134406 141.453048
73.134406 140.805597
73.134406 140.158146
73.134406 139.510695
73.134406 138.863244
73.134406 138.215793
73.134406 137.568342
73.134406 136.920891
73.134406 136.273440
73.134406 135.625988
73.134406 134.978537
73.134406 134.331086
73.134406 133.683635
73.134406 133.036184
73.134406 132.388733
73.134406 131.741282
73.134406 131.093831
73.134406 130.446380
73.134406 129.798929
73.134406 129.151478
73.134406 128.504026
73.134406 127.856575
73.781857 127.209124
73.781857 126.561673
73.781857 125.914222
73.781857 125.266771
73.781857 124.619320
73.781857 123.971869
73.781857 123.324418
73.781857 122.676967
74.429308 122.029516
74.429308 121.382065
74.429308 120.734613
75.076759 120.087162
75.076759 119.439711
75.724210 118.792260
76.371661 118.144809
76.371661 117.497358
77.019112 116.849907
77.019112 116.202456
77.019112 115.555005
77.666563 114.907554
77.666563 114.260103
78.314014 113.612652
78.961465 112.965200
79.608916 112.965200
80.256368 112.317749
80.903819 111.670298
81.551270 111.022847
82.198721 110.375396
82.846172 109.727945
83.493623 109.727945
84.141074 109.727945
84.788525 109.080494
85.435976 108.433043
86.083427 107.785592
86.730878 107.785592
87.378330 107.785592
88.025781 107.138141
88.673232 107.138141
89.320683 107.138141
89.968134 106.490690
90.615585 106.490690
91.263036 106.490690
91.910487 105.843238
92.557938 105.843238
93.205389 105.195787
93.852840 105.195787
94.500291 105.195787
95.147743 104.548336
95.795194 104.548336
96.442645 104.548336
97.090096 104.548336
97.737547 103.900885
98.384998 103.253434
99.032449 102.605983
99.679900 102.605983
100.327351 101.958532
100.974802 101.311081
101.622253 100.663630
102.269705 100.016179
102.917156 99.368728
102.917156 98.721277
102.269705 98.073825
102.269705 97.426374
101.622253 96.778923
100.974802 96.131472
100.974802 95.484021
100.327351 94.836570
100.327351 94.189119
99.679900 93.541668
99.679900 92.894217
99.679900 92.246766
100.327351 91.599315
100.327351 90.951863
100.327351 90.304412
100.327351 89.656961
100.974802 89.009510
100.974802 88.362059
100.974802 87.714608
100.974802 87.067157
100.974802 86.419706
100.974802 85.772255
101.622253 85.124804
101.622253 84.477353
101.622253 83.829902
101.622253 83.182450
102.269705 82.534999
102.269705 81.887548
102.269705 81.240097
102.269705 80.592646
102.917156 79.945195
102.917156 79.297744
103.564607 78.650293
104.212058 78.002842
104.859509 77.355391
105.506960 76.707940
106.154411 76.060488
106.801862 75.413037
107.449313 74.765586
108.096764 74.118135
108.744215 73.470684
109.391666 72.823233
110.039118 72.175782
110.686569 71.528331
111.334020 70.880880
111.981471 70.233429
112.628922 69.585978
113.276373 68.938527
113.276373 68.291075
113.923824 67.643624
114.571275 66.996173
115.218726 66.996173
115.866177 66.348722
116.513628 66.348722
117.161080 65.701271
117.808531 65.701271
118.455982 65.701271
119.103433 65.053820
119.750884 65.053820
120.398335 65.053820
121.045786 64.406369
121.693237 64.406369
122.340688 63.758918
122.988139 63.758918
123.635590 63.111467
124.283041 63.111467
124.930493 63.111467
125.577944 62.464016
126.225395 62.464016
126.872846 62.464016
127.520297 62.464016
128.167748 62.464016
128.815199 61.816565
129.462650 61.816565
130.110101 61.816565
130.757552 61.816565
131.405003 61.816565
132.052455 61.816565
132.699906 61.816565
133.347357 61.816565
133.994808 62.464016
134.642259 62.464016
135.289710 63.111467
135.937161 63.758918
136.584612 63.758918
137.232063 63.758918
137.879514 64.406369
138.526965 65.053820
139.174416 65.053820
139.821868 65.701271
140.469319 65.701271
141.764221 66.348722
142.411672 66.996173
143.059123 66.996173
143.706574 66.996173
144.354025 67.643624
145.001476 68.291075
145.648927 68.291075
146.296378 68.938527
146.943829 68.938527
147.591281 69.585978
148.238732 69.585978
148.886183 69.585978
149.533634 69.585978
150.181085 70.233429
150.828536 70.233429
151.475987 70.880880
152.123438 70.880880
152.770889 70.880880
152.770889 71.528331
152.770889 72.175782
152.770889 72.823233
152.770889 73.470684
153.418340 74.118135
153.418340 74.765586
153.418340 75.413037
153.418340 76.060488
153.418340 76.707940
152.770889 77.355391
152.123438 78.002842
151.475987 78.650293
151.475987 79.297744
150.828536 79.945195
150.828536 80.592646
150.181085 81.240097
149.533634 81.887548
148.886183 82.534999
148.238732 83.182450
148.238732 83.829902
147.591281 84.477353
146.943829 85.124804
146.943829 85.772255
146.296378 86.419706
145.648927 87.067157
145.001476 87.714608
145.001476 88.362059
145.001476 89.009510
144.354025 89.656961
144.354025 90.304412
144.354025 90.951863
143.706574 91.599315
