115.939797 118.206825
115.939797 118.559770
115.939797 118.912714
115.939797 119.265658
115.939797 119.618602
115.939797 119.971546
115.939797 120.324490
115.939797 120.677435
115.939797 121.030379
115.939797 121.383323
115.939797 122.089211
115.939797 122.442155
115.939797 122.795100
116.292741 123.500988
116.292741 123.853932
116.292741 124.559820
116.292741 124.912764
116.645685 125.618653
116.645685 125.971597
116.645685 126.324541
116.645685 127.030429
116.998630 127.383374
116.998630 128.089262
116.998630 128.442206
116.998630 128.795150
117.351574 129.501039
117.351574 129.853983
117.351574 130.559871
117.351574 130.912815
117.704518 131.618704
117.704518 131.971648
117.704518 132.324592
117.704518 133.030480
118.057462 133.383424
118.057462 134.089313
118.057462 134.442257
118.057462 135.148145
118.410406 135.501089
118.410406 135.854034
118.410406 136.559922
118.410406 136.912866
118.410406 137.265810
118.410406 137.618754
118.410406 137.971699
118.763350 137.971699
118.763350 138.677587
118.410406 138.324643
118.057462 138.324643
118.057462 138.677587
117.704518 139.030531
117.704518 139.383475
117.704518 139.736419
117.704518 140.089364
117.351574 140.442308
117.351574 140.795252
117.351574 141.148196
117.351574 141.501140
116.998630 141.854084
116.998630 142.207029
116.998630 142.559973
116.998630 142.912917
116.998630 143.265861
116.998630 143.618805
116.998630 143.971749
116.998630 144.324694
116.645685 144.677638
116.645685 145.030582
116.645685 145.383526
116.645685 145.736470
116.645685 146.089414
116.645685 146.442359
116.645685 146.795303
116.645685 147.148247
116.645685 147.501191
116.645685 147.854135
116.645685 148.207079
116.645685 148.560023
116.645685 148.912968
116.998630 149.265912
116.998630 149.618856
116.998630 149.971800
116.998630 150.324744
116.998630 150.677688
116.998630 151.030633
116.998630 151.383577
116.998630 151.736521
116.998630 152.089465
117.351574 152.089465
117.351574 152.442409
117.351574 152.089465
117.351574 152.442409
117.351574 152.795353
117.351574 153.148298
117.351574 153.501242
117.704518 153.501242
117.704518 153.854186
117.704518 154.207130
117.704518 154.560074
118.057462 154.913018
118.057462 155.265963
118.057462 155.618907
118.057462 155.971851
118.410406 155.971851
118.410406 156.324795
118.410406 156.677739
118.763350 157.030683
118.763350 157.383628
118.763350 157.736572
119.116295 157.736572
119.116295 158.089516
119.116295 157.736572
119.116295 158.089516
119.469239 158.442460
119.469239 158.795404
119.469239 159.148348
119.822183 159.501293
119.822183 159.854237
120.175127 159.854237
120.175127 160.207181
120.175127 159.854237
120.175127 160.207181
120.528071 160.560125
120.528071 160.913069
120.881015 161.266013
120.881015 161.618958
121.233960 161.971902
121.233960 162.324846
121.586904 162.324846
121.586904 162.677790
121.586904 163.030734
121.939848 163.030734
122.292792 163.383678
122.645736 163.736623
122.645736 164.089567
122.645736 164.442511
122.998680 164.442511
123.351625 164.795455
123.351625 165.148399
123.704569 165.854288
123.704569 166.207232
123.704569 166.560176
123.704569 167.266064
124.057513 167.619008
124.057513 168.324897
124.057513 168.677841
124.057513 169.383729
124.410457 169.736673
124.410457 170.089618
124.410457 170.795506
124.410457 171.148450
124.763401 171.854338
124.410457 172.207283
124.057513 172.560227
124.057513 172.913171
123.704569 173.266115
123.351625 173.619059
123.351625 173.972003
122.998680 174.324947
122.645736 174.677892
122.645736 175.383780
122.292792 175.736724
121.939848 176.089668
121.939848 176.442612
121.586904 176.795557
121.233960 177.148501
120.881015 177.148501
120.528071 177.501445
120.175127 177.501445
119.822183 177.501445
119.469239 177.501445
119.116295 177.501445
118.763350 177.501445
118.410406 177.854389
118.057462 177.854389
117.704518 177.854389
116.998630 177.854389
116.645685 177.854389
116.292741 177.854389
115.939797 177.854389
115.586853 178.207333
115.233909 178.207333
114.880965 178.207333
114.528020 178.207333
114.175076 178.207333
113.822132 178.207333
113.116244 178.560277
112.763300 178.560277
112.410356 178.560277
112.057411 178.560277
111.704467 178.560277
111.351523 178.560277
110.998579 178.560277
110.645635 178.560277
110.292691 178.560277
109.939746 178.560277
109.233858 178.560277
108.880914 178.913222
108.527970 178.913222
108.175026 178.913222
107.822081 178.913222
107.469137 178.913222
107.116193 178.913222
106.763249 178.913222
106.410305 178.913222
106.057361 178.913222
105.704416 178.913222
105.351472 179.266166
104.645584 179.266166
104.292640 179.266166
103.939696 179.266166
103.586751 179.266166
103.233807 179.266166
102.880863 179.266166
102.527919 179.266166
102.174975 179.266166
101.822031 179.266166
101.469086 179.266166
101.116142 179.619110
100.410254 179.266166
100.057310 178.913222
99.704366 178.560277
99.351421 178.560277
98.645533 178.207333
98.292589 177.854389
97.939645 177.501445
97.586701 177.148501
96.880812 177.148501
96.527868 176.795557
96.174924 176.442612
95.469036 176.089668
95.116091 175.736724
94.763147 175.736724
94.410203 175.383780
93.704315 175.030836
93.351371 174.677892
92.998426 174.324947
92.645482 174.324947
91.939594 173.972003
91.586650 173.619059
91.233706 173.266115
90.880761 172.913171
90.174873 172.913171
89.821929 172.560227
89.468985 172.207283
88.763096 171.854338
88.410152 171.501394
88.057208 171.501394
87.704264 171.148450
86.998376 170.795506
86.645432 170.442562
86.292487 170.089618
85.939543 170.089618
85.586599 169.736673
85.233655 169.030785
84.880711 168.677841
84.527767 168.324897
84.527767 167.971953
84.174822 167.619008
83.821878 166.913120
83.468934 166.560176
83.115990 166.207232
82.763046 165.854288
82.410102 165.501343
82.057157 165.148399
82.057157 164.442511
81.704213 164.089567
81.351269 163.736623
80.998325 163.383678
80.645381 163.030734
80.292437 162.677790
79.939492 161.971902
79.939492 161.618958
79.939492 161.266013
79.939492 160.913069
79.939492 160.560125
79.939492 160.207181
79.939492 159.854237
79.939492 159.501293
79.939492 159.148348
79.939492 158.795404
79.939492 158.442460
80.292437 158.089516
80.292437 157.736572
80.292437 157.383628
80.292437 157.030683
80.292437 156.677739
80.292437 156.324795
80.292437 155.971851
80.292437 155.618907
80.292437 155.265963
80.292437 154.913018
80.292437 154.560074
80.645381 154.207130
80.645381 153.854186
80.998325 153.501242
80.998325 153.148298
81.351269 152.795353
81.351269 152.442409
81.704213 152.089465
81.704213 151.383577
82.057157 151.030633
82.057157 150.677688
82.410102 150.324744
82.410102 149.971800
82.763046 149.618856
82.763046 149.265912
83.115990 148.912968
83.115990 148.560023
83.468934 148.207079
83.821878 148.207079
84.174822 147.854135
84.527767 147.854135
85.233655 147.501191
85.586599 147.501191
85.939543 147.148247
86.292487 146.795303
86.645432 146.795303
86.998376 146.442359
87.351320 146.442359
88.057208 146.089414
88.410152 146.089414
88.763096 145.736470
89.116041 145.383526
89.468985 145.383526
89.821929 145.030582
90.174873 145.030582
90.527817 145.030582
90.880761 145.030582
91.233706 145.030582
91.586650 145.030582
91.939594 145.030582
92.292538 145.030582
92.645482 144.677638
92.998426 144.677638
93.351371 144.677638
93.704315 144.677638
94.057259 144.677638
94.057259 144.324694
94.057259 143.971749
94.057259 143.618805
94.057259 143.265861
94.057259 142.912917
94.057259 142.559973
94.057259 141.854084
94.057259 141.501140
94.057259 141.148196
94.057259 140.795252
94.057259 140.442308
94.057259 140.089364
94.057259 139.736419
94.057259 139.383475
94.057259 139.030531
94.057259 138.677587
94.057259 138.324643
94.057259 137.971699
94.057259 137.618754
94.057259 137.265810
94.057259 136.912866
94.057259 136.206978
94.057259 135.854034
94.057259 135.501089
94.057259 135.148145
94.057259 134.795201
94.057259 134.442257
94.057259 134.089313
94.057259 133.736369
94.057259 133.383424
94.057259 133.030480
94.057259 132.677536
94.057259 131.971648
94.057259 131.618704
94.057259 131.265759
94.057259 130.912815
94.057259 130.559871
94.057259 130.206927
94.057259 129.853983
94.410203 129.501039
94.763147 129.148094
95.116091 128.795150
95.469036 128.442206
95.821980 128.089262
96.174924 127.736318
96.174924 127.383374
96.527868 127.030429
96.880812 126.677485
97.233756 126.324541
97.586701 125.971597
97.939645 125.618653
98.292589 125.265709
98.645533 124.912764
98.998477 124.559820
99.351421 123.853932
99.704366 123.500988
100.057310 123.148044
100.410254 122.795100
100.763198 122.442155
101.469086 122.089211
101.822031 121.736267
102.174975 121.383323
102.527919 121.030379
102.880863 120.677435
103.233807 119.971546
103.586751 119.618602
103.939696 119.618602
104.292640 119.618602
104.998528 119.618602
105.351472 119.618602
105.704416 119.618602
106.057361 119.618602
106.410305 119.618602
107.116193 119.618602
107.469137 119.618602
107.822081 119.618602
108.175026 119.618602
108.527970 119.618602
108.880914 119.618602
109.586802 119.618602
109.939746 119.618602
110.292691 119.618602
110.645635 119.618602
110.998579 119.618602
111.351523 119.618602
112.057411 119.618602
112.410356 119.618602
112.763300 119.265658
113.116244 118.912714
113.469188 118.559770
113.822132 118.559770
114.175076 118.206825
114.528020 118.206825
114.880965 118.206825
115.233909 118.206825
115.586853 118.206825
115.939797 118.206825
