155.041309 89.117862
155.041309 89.777031
154.382139 90.436201
154.382139 91.095370
153.722970 91.754540
153.063800 92.413710
153.063800 93.072879
152.404631 93.072879
151.745461 93.072879
151.745461 93.732049
151.086292 93.732049
150.427122 94.391218
149.767953 94.391218
149.108783 95.050388
148.449614 95.050388
148.449614 95.709557
147.790444 95.709557
147.131274 96.368727
146.472105 96.368727
146.472105 97.027896
145.812935 97.027896
145.153766 97.687066
144.494596 97.687066
143.835427 97.687066
143.835427 98.346235
143.176257 98.346235
142.517088 99.005405
141.857918 99.664575
141.198749 99.664575
140.539579 100.323744
139.880409 100.982914
139.221240 100.982914
138.562070 101.642083
137.902901 101.642083
137.902901 102.301253
137.243731 102.960422
136.584562 102.960422
136.584562 103.619592
135.925392 103.619592
135.266223 104.278761
134.607053 104.278761
134.607053 104.937931
133.947884 105.597100
133.288714 105.597100
133.288714 106.256270
132.629544 106.915440
131.970375 107.574609
131.970375 108.233779
131.311205 108.892948
130.652036 109.552118
129.992866 110.211287
129.333697 110.870457
129.333697 111.529626
128.674527 112.188796
128.015358 112.847965
128.015358 113.507135
127.356188 114.166305
126.697019 114.825474
126.697019 115.484644
126.037849 116.143813
126.037849 116.802983
125.378679 117.462152
125.378679 118.121322
125.378679 118.780491
124.719510 119.439661
124.719510 120.098830
124.060340 120.758000
124.060340 121.417170
124.060340 122.076339
123.401171 122.735509
123.401171 123.394678
123.401171 124.053848
123.401171 124.713017
122.742001 125.372187
122.742001 126.031356
122.742001 126.690526
122.742001 127.349695
122.742001 128.008865
122.742001 128.668035
122.082832 129.327204
122.082832 129.986374
122.082832 130.645543
122.082832 131.304713
122.082832 131.963882
122.082832 132.623052
122.082832 133.282221
122.082832 133.941391
122.082832 134.600560
122.082832 135.259730
122.082832 135.918899
122.082832 136.578069
122.082832 137.237239
122.082832 137.896408
122.082832 138.555578
122.082832 139.214747
122.082832 139.873917
122.082832 140.533086
122.082832 141.192256
122.082832 141.851425
122.082832 142.510595
122.082832 143.169764
122.082832 143.828934
122.082832 144.488104
122.082832 145.147273
122.082832 145.806443
122.082832 146.465612
122.082832 147.124782
122.082832 147.783951
122.742001 147.783951
122.742001 148.443121
122.742001 149.102290
122.742001 149.761460
122.742001 150.420629
122.742001 151.079799
122.742001 151.738969
123.401171 151.738969
123.401171 152.398138
123.401171 153.057308
123.401171 153.716477
124.060340 154.375647
124.060340 155.034816
124.060340 155.693986
124.060340 156.353155
124.719510 156.353155
124.719510 157.012325
124.719510 157.671494
125.378679 157.671494
125.378679 158.330664
125.378679 158.989834
126.037849 159.649003
126.037849 160.308173
126.037849 160.967342
126.697019 160.967342
126.697019 161.626512
126.697019 162.285681
127.356188 162.285681
128.015358 162.944851
128.015358 163.604020
128.015358 164.263190
128.674527 164.263190
129.333697 164.922359
129.333697 165.581529
129.992866 166.240699
129.992866 166.899868
129.333697 168.218207
129.333697 168.877377
128.674527 169.536546
128.674527 170.195716
128.674527 171.514055
128.015358 172.173224
128.015358 172.832394
127.356188 173.491564
126.697019 173.491564
126.037849 174.150733
125.378679 174.150733
124.719510 174.809903
124.060340 174.809903
123.401171 174.809903
122.742001 174.809903
122.082832 175.469072
121.423662 175.469072
120.764493 175.469072
119.446154 175.469072
118.786984 175.469072
118.127814 175.469072
117.468645 175.469072
116.809475 175.469072
116.150306 175.469072
115.491136 175.469072
114.831967 175.469072
114.172797 175.469072
113.513628 175.469072
112.854458 175.469072
112.195289 175.469072
111.536119 175.469072
110.876949 174.809903
110.217780 174.809903
109.558610 174.809903
108.899441 174.150733
108.240271 174.150733
107.581102 174.150733
106.921932 173.491564
106.262763 173.491564
105.603593 173.491564
104.944424 173.491564
104.285254 172.832394
103.626084 172.832394
102.966915 172.832394
102.307745 172.173224
101.648576 172.173224
100.989406 172.173224
100.330237 171.514055
99.671067 171.514055
99.011898 171.514055
98.352728 171.514055
97.693559 170.854885
97.034389 170.854885
96.375220 170.854885
95.716050 170.195716
95.056880 170.195716
94.397711 170.195716
93.738541 170.195716
93.079372 169.536546
92.420202 169.536546
91.101863 168.877377
90.442694 168.218207
89.783524 168.218207
89.124355 167.559038
88.465185 166.899868
87.806015 166.899868
86.487676 166.240699
85.828507 166.240699
85.169337 165.581529
84.510168 164.922359
83.850998 164.922359
83.191829 164.263190
82.532659 163.604020
81.214320 163.604020
80.555150 162.944851
79.895981 162.285681
79.236811 162.285681
78.577642 161.626512
77.918472 161.626512
76.600133 160.967342
75.940964 160.308173
75.281794 160.308173
74.622625 159.649003
73.963455 158.989834
73.304285 158.989834
71.985946 158.330664
71.326777 158.330664
70.667607 157.671494
70.008438 157.012325
69.349268 157.012325
68.690099 156.353155
68.030929 155.693986
67.371760 155.034816
67.371760 154.375647
66.712590 153.716477
66.712590 153.057308
66.053420 152.398138
66.053420 151.738969
65.394251 151.079799
65.394251 150.420629
64.735081 149.761460
64.075912 149.102290
64.075912 147.783951
63.416742 147.124782
63.416742 146.465612
62.757573 145.806443
62.757573 145.147273
62.098403 144.488104
62.098403 143.828934
61.439234 143.169764
61.439234 142.510595
60.780064 141.851425
60.780064 141.192256
60.780064 140.533086
60.780064 139.873917
60.120895 138.555578
60.120895 137.896408
60.120895 137.237239
60.120895 136.578069
60.120895 135.918899
59.461725 135.259730
59.461725 134.600560
59.461725 133.282221
59.461725 132.623052
59.461725 131.963882
59.461725 131.304713
59.461725 130.645543
59.461725 129.986374
59.461725 129.327204
60.120895 128.668035
60.120895 128.008865
60.120895 127.349695
60.120895 126.690526
60.120895 126.031356
60.120895 125.372187
60.120895 124.713017
60.120895 124.053848
60.120895 123.394678
60.120895 122.735509
60.780064 122.076339
60.780064 121.417170
60.780064 120.758000
60.780064 120.098830
60.780064 119.439661
60.780064 118.780491
60.780064 118.121322
60.780064 117.462152
60.780064 116.802983
61.439234 116.143813
61.439234 115.484644
62.098403 114.825474
62.757573 114.166305
62.757573 113.507135
63.416742 112.847965
63.416742 112.188796
63.416742 111.529626
64.075912 110.870457
64.075912 109.552118
64.075912 108.892948
64.735081 108.233779
64.735081 107.574609
64.735081 106.915440
65.394251 106.256270
65.394251 104.937931
65.394251 104.278761
66.053420 103.619592
66.053420 102.960422
66.712590 102.301253
66.712590 101.642083
67.371760 100.982914
67.371760 100.323744
68.030929 99.664575
68.690099 99.005405
68.690099 98.346235
69.349268 97.687066
69.349268 97.027896
70.008438 96.368727
70.008438 95.709557
70.008438 95.050388
70.667607 94.391218
70.667607 93.732049
71.326777 93.072879
71.326777 92.413710
71.985946 91.754540
71.985946 91.095370
72.645116 90.436201
72.645116 89.777031
73.304285 89.117862
73.304285 88.458692
73.963455 87.799523
73.963455 87.140353
73.963455 86.481184
74.622625 85.822014
75.281794 85.162845
76.600133 84.503675
77.259303 83.844505
77.918472 83.185336
78.577642 83.185336
79.236811 82.526166
79.895981 81.866997
80.555150 81.207827
81.873490 81.207827
82.532659 80.548658
83.191829 79.889488
83.850998 79.230319
84.510168 79.230319
85.169337 78.571149
85.828507 77.911980
87.146846 77.252810
87.806015 76.593641
88.465185 76.593641
89.124355 75.934471
89.783524 75.275301
90.442694 74.616132
91.101863 74.616132
92.420202 73.956962
93.079372 73.297793
93.738541 72.638623
94.397711 71.979454
95.056880 71.979454
95.716050 71.320284
96.375220 71.320284
97.034389 71.320284
97.693559 71.320284
99.011898 71.320284
99.671067 70.661115
100.330237 70.661115
100.989406 70.661115
101.648576 70.661115
102.307745 70.661115
102.966915 70.001945
103.626084 70.001945
104.285254 70.001945
105.603593 70.001945
106.262763 70.001945
106.921932 69.342776
107.581102 69.342776
108.240271 69.342776
108.899441 69.342776
109.558610 69.342776
110.217780 69.342776
110.876949 69.342776
111.536119 70.001945
112.195289 70.001945
112.854458 70.001945
113.513628 70.001945
114.172797 70.001945
114.831967 70.001945
115.491136 70.001945
116.150306 70.001945
116.809475 70.001945
117.468645 70.001945
118.786984 70.001945
119.446154 70.001945
120.105323 70.001945
120.764493 70.001945
121.423662 70.001945
122.082832 70.661115
122.742001 70.661115
123.401171 70.661115
124.060340 70.661115
124.719510 70.661115
125.378679 70.661115
126.037849 70.661115
126.697019 70.661115
127.356188 71.320284
128.015358 71.320284
128.674527 71.979454
129.992866 71.979454
130.652036 72.638623
131.311205 72.638623
132.629544 73.297793
133.288714 73.297793
133.947884 73.956962
135.266223 73.956962
135.925392 74.616132
136.584562 74.616132
137.243731 75.275301
138.562070 75.934471
139.221240 75.934471
139.880409 76.593641
141.198749 76.593641
141.857918 77.252810
142.517088 77.252810
143.835427 77.911980
144.494596 77.911980
145.153766 78.571149
146.472105 78.571149
147.131274 79.230319
147.790444 79.230319
148.449614 79.889488
149.767953 79.889488
150.427122 80.548658
151.086292 81.207827
151.745461 81.207827
152.404631 81.866997
153.063800 81.866997
153.722970 82.526166
154.382139 82.526166
155.041309 83.185336
155.700479 83.185336
156.359648 83.185336
155.700479 83.844505
155.700479 84.503675
155.700479 85.162845
155.700479 85.822014
155.700479 86.481184
155.700479 87.140353
155.700479 87.799523
155.041309 87.799523
155.041309 88.458692
155.041309 89.117862
