112.695571 126.679243
112.695571 126.981462
112.695571 127.283681
112.695571 127.585901
112.695571 127.888120
112.695571 128.190339
112.695571 128.492558
112.997791 128.794777
112.997791 129.096996
112.997791 129.399215
112.997791 129.701435
112.997791 129.399215
112.997791 129.701435
112.997791 130.003654
112.997791 130.305873
113.300010 130.608092
113.300010 130.910311
113.300010 130.608092
113.300010 130.910311
113.300010 131.212530
113.300010 131.514750
113.300010 131.816969
113.602229 131.816969
113.602229 132.119188
113.602229 132.421407
113.904448 132.723626
113.904448 133.025845
113.904448 133.328064
114.206667 133.630284
114.206667 133.932503
114.206667 133.630284
114.206667 133.932503
113.904448 134.234722
113.904448 134.536941
113.904448 134.839160
113.602229 135.141379
113.602229 135.443598
113.602229 135.745818
113.602229 136.048037
113.300010 136.350256
113.300010 136.652475
113.300010 136.954694
113.300010 137.256913
113.300010 137.559133
113.300010 137.861352
112.997791 138.163571
112.997791 138.465790
112.997791 138.768009
112.997791 139.070228
112.997791 139.372447
112.997791 139.674667
112.997791 139.976886
112.997791 140.279105
112.997791 140.581324
112.997791 140.883543
112.997791 141.185762
112.997791 141.487982
112.997791 141.790201
112.997791 142.092420
112.997791 142.394639
112.997791 142.696858
112.997791 142.999077
112.997791 143.301296
112.997791 143.603516
112.997791 143.905735
112.997791 144.207954
112.997791 144.510173
112.997791 144.812392
112.997791 145.114611
112.997791 145.416830
112.997791 145.719050
112.997791 146.021269
112.997791 145.719050
112.997791 146.021269
112.997791 146.323488
112.997791 146.625707
112.997791 146.927926
112.997791 147.230145
112.997791 147.532365
112.997791 147.834584
112.997791 148.136803
112.997791 148.439022
112.997791 148.741241
112.997791 149.043460
112.997791 149.345679
112.997791 149.647899
112.997791 149.950118
112.997791 150.252337
112.997791 150.554556
112.997791 150.856775
112.997791 151.158994
112.997791 151.461213
112.997791 151.763433
112.997791 152.065652
112.997791 152.367871
112.997791 152.670090
113.300010 152.972309
113.300010 153.274528
113.300010 153.576748
113.300010 153.878967
113.300010 154.181186
113.300010 154.483405
113.300010 154.785624
113.602229 154.785624
113.602229 155.087843
113.602229 155.390062
113.602229 155.692282
113.602229 155.994501
113.904448 155.994501
113.904448 156.296720
113.904448 156.598939
114.206667 156.901158
114.206667 157.203377
114.206667 157.505596
114.508886 157.807816
114.508886 158.110035
114.508886 158.412254
114.811105 158.412254
114.811105 158.714473
114.811105 159.016692
114.811105 159.318911
115.113325 159.318911
115.113325 159.621131
115.415544 159.923350
115.415544 160.225569
115.415544 160.527788
115.717763 160.830007
115.717763 161.132226
116.019982 161.434445
116.019982 161.736665
116.019982 162.038884
116.322201 162.038884
116.624420 162.341103
116.624420 162.643322
116.624420 162.945541
116.926640 162.945541
116.926640 163.247760
117.228859 163.549980
117.228859 163.852199
117.531078 163.852199
117.531078 164.154418
117.833297 164.456637
118.135516 164.758856
118.437735 165.061075
118.437735 165.363294
118.739954 165.665514
118.739954 165.967733
119.042174 165.967733
119.344393 166.269952
119.344393 166.572171
119.646612 166.572171
119.948831 166.874390
120.251050 167.176609
120.251050 167.478828
120.553269 167.478828
120.855488 167.781048
121.157708 168.083267
121.459927 168.385486
121.762146 168.687705
122.064365 168.989924
122.366584 168.989924
122.064365 169.292143
121.762146 169.594363
121.459927 169.594363
121.157708 169.896582
120.855488 170.198801
120.553269 170.501020
120.251050 170.803239
119.646612 171.105458
119.344393 171.105458
119.042174 171.407677
118.739954 171.709897
118.437735 172.012116
118.135516 172.314335
117.833297 172.314335
117.531078 172.616554
117.228859 172.918773
116.926640 173.220992
116.322201 173.523211
116.019982 173.825431
115.717763 173.825431
115.415544 174.127650
115.113325 174.127650
114.811105 174.127650
114.508886 174.127650
114.206667 174.127650
113.904448 174.127650
113.602229 174.127650
112.997791 174.127650
112.695571 174.127650
112.393352 174.127650
112.091133 174.429869
111.788914 174.429869
111.486695 174.429869
111.184476 174.429869
110.882257 174.429869
110.580037 174.429869
110.277818 174.429869
109.673380 174.429869
109.371161 174.429869
109.068942 174.732088
108.766722 174.732088
108.464503 174.732088
108.162284 174.732088
107.860065 174.732088
107.557846 174.732088
107.255627 174.732088
106.953408 174.732088
106.651188 174.732088
106.046750 175.034307
105.744531 175.034307
105.442312 175.034307
105.140093 175.034307
104.837874 175.034307
104.535654 175.034307
103.931216 174.732088
103.628997 174.429869
103.326778 174.127650
103.024559 174.127650
102.722339 173.825431
102.117901 173.523211
101.815682 173.220992
101.513463 173.220992
101.211244 172.918773
100.606805 172.616554
100.304586 172.314335
100.002367 172.314335
99.700148 172.012116
99.095710 171.709897
98.793490 171.709897
98.491271 171.407677
98.189052 171.105458
97.584614 170.803239
97.282395 170.803239
96.980176 170.501020
96.677956 170.198801
96.073518 169.896582
95.771299 169.896582
95.469080 169.594363
95.166861 169.292143
94.864642 168.989924
94.260203 168.687705
93.957984 168.385486
93.655765 168.083267
93.353546 167.781048
93.051327 167.478828
92.749107 167.176609
92.446888 166.874390
92.144669 166.572171
91.842450 166.269952
91.540231 165.967733
91.238012 165.665514
90.633573 165.363294
90.331354 165.061075
90.029135 164.758856
89.726916 164.456637
89.424697 164.154418
89.122478 163.852199
88.820259 163.549980
88.820259 163.247760
88.820259 162.945541
88.820259 162.341103
88.820259 162.038884
88.820259 161.736665
88.820259 161.434445
88.820259 161.132226
88.820259 160.527788
89.122478 160.225569
89.122478 159.923350
89.122478 159.621131
89.122478 159.318911
89.122478 158.714473
89.122478 158.412254
89.122478 158.110035
89.122478 157.807816
89.122478 157.505596
89.424697 156.901158
89.424697 156.598939
89.424697 156.296720
89.424697 155.994501
89.424697 155.390062
89.424697 155.087843
89.424697 154.785624
89.424697 154.483405
89.424697 154.181186
89.726916 153.576748
89.726916 153.274528
89.726916 152.972309
89.726916 152.670090
89.726916 152.367871
89.726916 151.763433
89.726916 151.461213
89.726916 151.158994
90.029135 150.856775
90.331354 150.554556
90.633573 150.252337
90.935793 149.950118
91.238012 149.647899
91.238012 149.345679
91.540231 149.043460
91.842450 148.741241
92.144669 148.439022
92.446888 148.741241
92.749107 149.043460
93.051327 149.043460
93.353546 149.345679
93.655765 149.345679
93.957984 149.647899
94.260203 149.647899
94.562422 149.950118
94.864642 149.950118
95.166861 150.252337
95.469080 150.252337
95.771299 150.554556
96.073518 150.856775
96.375737 150.856775
96.677956 151.158994
96.980176 151.158994
97.282395 151.461213
97.584614 151.461213
97.886833 151.763433
98.189052 151.461213
98.189052 151.158994
98.189052 150.856775
98.189052 150.252337
98.491271 149.950118
98.491271 149.647899
98.491271 149.345679
98.491271 149.043460
98.491271 148.741241
98.491271 148.439022
98.793490 148.136803
98.793490 147.834584
98.793490 147.532365
98.793490 146.927926
98.793490 146.625707
98.793490 146.323488
99.095710 146.021269
99.095710 145.719050
99.095710 145.416830
99.095710 145.114611
99.095710 144.812392
99.095710 144.510173
99.397929 144.207954
99.397929 143.905735
99.397929 143.301296
99.397929 142.999077
99.397929 142.696858
99.397929 142.394639
99.700148 142.092420
99.700148 141.790201
99.700148 141.487982
99.700148 141.185762
99.700148 140.883543
99.700148 140.279105
99.700148 139.976886
99.700148 139.674667
99.700148 139.372447
99.700148 138.768009
99.700148 138.465790
99.700148 138.163571
99.700148 137.861352
99.700148 137.256913
99.397929 136.954694
99.397929 136.652475
99.397929 136.350256
99.397929 135.745818
99.397929 135.443598
99.397929 135.141379
99.397929 134.839160
99.397929 134.234722
99.397929 133.932503
99.397929 133.630284
99.397929 133.328064
99.397929 132.723626
99.397929 132.421407
99.397929 132.119188
99.095710 131.816969
99.095710 131.514750
99.397929 130.910311
99.700148 130.608092
100.002367 130.305873
100.304586 130.003654
100.606805 129.701435
100.909025 129.399215
101.211244 129.096996
101.513463 128.794777
101.815682 128.492558
102.117901 128.190339
102.420120 127.585901
102.722339 127.283681
103.024559 126.981462
103.326778 126.679243
103.628997 126.377024
103.931216 126.074805
104.233435 125.772586
104.535654 125.470367
104.837874 125.168147
105.140093 124.865928
105.744531 124.865928
106.046750 124.865928
106.348969 124.865928
106.651188 124.865928
106.953408 124.865928
107.255627 124.865928
107.860065 124.865928
108.162284 124.865928
108.464503 124.865928
108.766722 124.865928
109.068942 124.865928
109.371161 124.865928
109.673380 124.865928
110.277818 124.865928
110.580037 124.865928
110.882257 124.865928
111.184476 124.865928
111.486695 124.865928
111.788914 124.865928
112.393352 124.865928
112.695571 124.865928
112.997791 124.563709
112.695571 124.865928
112.695571 125.168147
112.695571 125.470367
112.695571 125.772586
112.695571 126.074805
112.695571 125.772586
112.695571 125.470367
112.695571 125.168147
112.695571 124.865928
112.695571 125.168147
112.695571 125.470367
112.695571 125.772586
112.695571 126.074805
112.695571 125.772586
112.695571 126.074805
112.695571 126.377024
112.695571 126.679243
