146.063337 94.029857
145.405062 94.688132
144.746787 95.346407
144.746787 96.004682
144.088512 96.662957
143.430237 97.321232
142.771962 97.979507
142.113687 98.637782
141.455411 98.637782
140.797136 99.296057
140.138861 99.296057
139.480586 99.954332
138.822311 99.954332
138.822311 100.612608
138.164036 100.612608
137.505761 101.270883
136.847486 101.270883
136.847486 101.929158
136.189211 102.587433
135.530936 102.587433
135.530936 103.245708
134.872661 103.245708
134.214386 103.903983
133.556110 104.562258
132.897835 105.220533
132.239560 105.878808
131.581285 106.537083
130.923010 107.195358
130.923010 107.853633
130.264735 108.511909
129.606460 109.170184
128.948185 109.828459
128.289910 110.486734
128.289910 111.145009
127.631635 111.803284
126.973360 112.461559
126.973360 113.119834
126.315084 113.778109
126.315084 114.436384
125.656809 115.094659
125.656809 115.752935
124.998534 116.411210
124.998534 117.069485
124.340259 117.727760
124.340259 118.386035
123.681984 119.044310
123.681984 119.702585
123.023709 120.360860
123.023709 121.019135
123.023709 121.677410
122.365434 122.335685
122.365434 122.993960
122.365434 123.652236
122.365434 124.310511
121.707159 124.968786
121.707159 125.627061
121.707159 126.285336
121.707159 126.943611
121.048884 127.601886
121.048884 128.260161
121.048884 128.918436
121.048884 129.576711
121.048884 130.234986
121.048884 130.893261
121.048884 131.551537
121.048884 132.209812
120.390609 132.868087
120.390609 133.526362
120.390609 134.184637
120.390609 134.842912
119.732334 135.501187
119.732334 136.159462
119.732334 136.817737
119.732334 137.476012
119.732334 138.134287
119.732334 138.792563
119.732334 139.450838
119.732334 140.109113
119.732334 140.767388
119.074059 141.425663
119.074059 142.083938
119.074059 142.742213
119.074059 143.400488
119.074059 144.058763
119.074059 144.717038
119.074059 145.375313
119.074059 146.033588
119.074059 146.691864
119.074059 147.350139
119.074059 148.008414
119.732334 148.666689
119.732334 149.324964
119.732334 149.983239
119.732334 150.641514
119.732334 151.299789
119.732334 151.958064
119.732334 152.616339
119.732334 153.274614
119.732334 153.932889
119.732334 154.591165
120.390609 154.591165
120.390609 155.249440
120.390609 155.907715
120.390609 156.565990
121.048884 157.224265
121.048884 157.882540
121.048884 158.540815
121.048884 159.199090
121.707159 159.857365
121.707159 160.515640
121.707159 161.173915
121.707159 161.832190
122.365434 161.832190
122.365434 162.490466
122.365434 163.148741
123.023709 163.148741
123.023709 163.807016
123.023709 164.465291
123.681984 164.465291
123.681984 165.123566
124.340259 165.781841
124.340259 166.440116
124.340259 167.098391
124.340259 167.756666
124.340259 168.414941
123.681984 169.073216
123.023709 169.073216
122.365434 169.731492
121.707159 170.389767
121.048884 171.048042
120.390609 171.048042
119.732334 171.706317
118.415783 172.364592
117.757508 173.022867
117.099233 173.022867
116.440958 173.022867
115.782683 173.022867
115.124408 173.022867
114.466133 173.022867
113.807858 173.022867
112.491308 173.022867
111.833033 173.022867
111.174758 173.022867
110.516482 173.022867
109.858207 173.022867
109.199932 173.022867
108.541657 173.022867
107.225107 173.022867
106.566832 173.022867
105.908557 173.681142
105.250282 173.022867
104.592007 173.022867
103.933732 173.022867
102.617181 172.364592
101.958906 172.364592
101.300631 172.364592
100.642356 171.706317
99.984081 171.706317
99.325806 171.706317
98.667531 171.048042
97.350981 171.048042
96.692706 171.048042
96.034431 170.389767
95.376155 170.389767
94.717880 170.389767
94.059605 169.731492
93.401330 169.731492
92.743055 169.731492
91.426505 169.073216
90.768230 169.073216
90.109955 169.073216
89.451680 168.414941
88.793405 168.414941
88.135130 168.414941
87.476854 167.756666
86.818579 167.098391
86.160304 166.440116
85.502029 165.781841
84.843754 165.781841
84.185479 165.123566
83.527204 164.465291
82.868929 163.807016
82.210654 163.148741
81.552379 162.490466
80.894104 161.832190
80.235829 161.173915
78.919278 160.515640
78.261003 159.857365
77.602728 159.199090
76.944453 159.199090
76.286178 158.540815
75.627903 157.882540
74.969628 157.224265
74.969628 156.565990
74.311353 155.907715
73.653078 155.249440
72.994803 153.932889
72.994803 153.274614
72.336528 152.616339
71.678252 151.958064
71.678252 151.299789
71.019977 150.641514
70.361702 149.983239
69.703427 149.324964
69.703427 148.666689
69.045152 148.008414
69.045152 147.350139
68.386877 146.691864
68.386877 146.033588
68.386877 145.375313
67.728602 144.717038
67.728602 144.058763
67.070327 143.400488
67.070327 142.742213
66.412052 142.083938
66.412052 141.425663
65.753777 140.767388
65.753777 140.109113
65.095502 139.450838
65.095502 138.792563
65.095502 137.476012
65.095502 136.817737
65.095502 136.159462
65.095502 135.501187
65.095502 134.842912
65.095502 134.184637
65.095502 133.526362
65.095502 132.868087
65.095502 132.209812
65.095502 130.893261
65.095502 130.234986
65.095502 129.576711
65.095502 128.918436
65.095502 128.260161
65.095502 127.601886
65.095502 126.943611
65.095502 126.285336
65.095502 125.627061
65.095502 124.968786
65.095502 124.310511
65.095502 123.652236
65.095502 122.993960
65.095502 122.335685
65.095502 121.677410
65.753777 121.019135
65.753777 120.360860
66.412052 119.702585
67.070327 119.044310
67.070327 118.386035
67.728602 117.727760
67.728602 117.069485
68.386877 116.411210
69.045152 115.752935
69.045152 115.094659
69.703427 114.436384
70.361702 113.778109
71.019977 113.119834
71.019977 112.461559
71.678252 111.803284
72.336528 111.145009
72.994803 110.486734
73.653078 109.828459
74.311353 109.170184
74.969628 109.170184
75.627903 108.511909
76.286178 107.853633
76.944453 107.195358
77.602728 107.195358
78.261003 106.537083
78.919278 106.537083
79.577553 105.878808
80.235829 105.878808
80.894104 105.878808
81.552379 105.878808
82.210654 105.220533
82.868929 105.220533
83.527204 105.220533
84.185479 104.562258
84.843754 104.562258
85.502029 103.903983
86.160304 103.903983
86.818579 103.245708
87.476854 102.587433
88.135130 102.587433
88.793405 101.929158
89.451680 101.270883
90.109955 101.270883
90.768230 100.612608
90.768230 99.954332
90.768230 99.296057
91.426505 98.637782
91.426505 97.979507
92.084780 97.321232
92.084780 96.662957
92.084780 96.004682
92.084780 95.346407
92.084780 94.688132
92.084780 94.029857
92.084780 93.371582
92.084780 92.713307
92.084780 91.396756
92.084780 90.738481
92.743055 90.080206
92.743055 89.421931
92.743055 88.763656
93.401330 88.105381
93.401330 87.447106
93.401330 86.788831
94.059605 86.130556
94.059605 85.472281
94.059605 84.814006
94.717880 84.155730
94.717880 83.497455
94.717880 82.839180
95.376155 82.180905
95.376155 81.522630
95.376155 80.864355
96.034431 80.206080
96.034431 79.547805
96.034431 78.889530
97.350981 78.231255
98.009256 77.572980
98.667531 77.572980
99.325806 76.914704
99.984081 76.256429
100.642356 75.598154
101.300631 74.939879
101.958906 74.281604
102.617181 73.623329
103.275457 73.623329
103.933732 72.965054
104.592007 72.306779
105.250282 71.648504
105.908557 70.990229
106.566832 70.331954
107.225107 69.673679
107.883382 69.673679
109.199932 69.015403
109.858207 68.357128
110.516482 68.357128
111.174758 67.698853
111.833033 67.040578
112.491308 66.382303
113.149583 66.382303
113.807858 65.724028
114.466133 65.065753
115.124408 65.065753
115.782683 64.407478
117.099233 63.749203
117.757508 63.749203
118.415783 63.090928
119.074059 62.432653
119.732334 62.432653
120.390609 61.774378
121.048884 61.116102
121.707159 61.116102
122.365434 60.457827
123.023709 60.457827
124.340259 59.799552
124.998534 59.799552
125.656809 59.141277
126.315084 59.141277
126.973360 58.483002
127.631635 58.483002
128.289910 57.824727
129.606460 57.824727
130.264735 57.166452
130.923010 57.166452
131.581285 57.166452
132.239560 56.508177
132.897835 57.166452
133.556110 57.166452
134.214386 57.166452
134.872661 57.166452
135.530936 57.166452
136.189211 57.166452
136.847486 57.824727
137.505761 57.824727
138.822311 57.824727
139.480586 57.824727
140.138861 57.824727
140.797136 58.483002
141.455411 58.483002
142.113687 58.483002
142.771962 58.483002
143.430237 58.483002
144.088512 58.483002
144.746787 59.141277
145.405062 59.141277
146.063337 59.141277
146.721612 59.141277
147.379887 59.799552
148.038162 59.799552
148.696437 60.457827
149.354712 60.457827
150.012988 61.116102
150.671263 61.116102
151.329538 61.774378
151.987813 62.432653
151.987813 63.090928
152.646088 63.749203
153.304363 64.407478
153.304363 65.724028
153.962638 66.382303
154.620913 67.040578
154.620913 67.698853
155.279188 68.357128
155.937463 69.015403
155.937463 69.673679
155.937463 70.331954
155.937463 70.990229
155.937463 71.648504
155.937463 72.306779
155.937463 72.965054
155.937463 73.623329
155.937463 74.281604
155.937463 74.939879
155.937463 75.598154
155.279188 76.914704
155.279188 77.572980
155.279188 78.231255
154.620913 78.889530
154.620913 79.547805
153.962638 80.864355
153.962638 81.522630
153.962638 82.180905
153.304363 82.839180
153.304363 83.497455
153.304363 84.814006
152.646088 85.472281
152.646088 86.130556
152.646088 86.788831
151.987813 87.447106
151.987813 88.763656
151.329538 89.421931
150.671263 89.421931
150.671263 90.080206
150.012988 90.080206
149.354712 90.738481
148.696437 91.396756
148.038162 92.055031
147.379887 92.713307
146.721612 93.371582
146.063337 93.371582
146.063337 94.029857
