155.453888 80.888039
154.708162 80.888039
155.453888 80.888039
155.453888 81.633766
154.708162 83.870946
154.708162 84.616672
153.962435 85.362399
153.216709 86.108126
152.470982 86.108126
152.470982 86.853852
151.725255 86.853852
150.979529 87.599579
150.233802 88.345305
149.488076 88.345305
149.488076 89.091032
148.742349 89.836759
147.996622 90.582485
147.250896 90.582485
147.250896 91.328212
146.505169 91.328212
146.505169 92.073938
145.759443 92.073938
145.013716 92.819665
144.267989 92.819665
143.522263 92.819665
143.522263 93.565392
142.776536 93.565392
142.030810 93.565392
142.030810 94.311118
141.285083 94.311118
140.539356 94.311118
140.539356 95.056845
139.793630 95.802571
139.047903 95.802571
138.302177 96.548298
137.556450 97.294025
136.810723 97.294025
136.064997 97.294025
136.064997 98.039751
135.319270 98.785478
134.573544 99.531204
133.827817 100.276931
133.082090 101.022658
132.336364 101.768384
131.590637 102.514111
130.844911 103.259837
130.099184 104.005564
129.353457 104.751291
128.607731 105.497017
128.607731 106.242744
127.862004 106.988470
127.116278 107.734197
127.116278 108.479924
126.370551 109.225650
125.624824 109.971377
125.624824 110.717103
124.879098 111.462830
124.133371 112.208557
124.133371 112.954283
123.387645 113.700010
122.641918 114.445736
122.641918 115.191463
121.896191 115.937190
121.896191 116.682916
121.150465 117.428643
121.150465 118.174369
120.404738 118.920096
120.404738 119.665823
120.404738 120.411549
119.659012 121.157276
119.659012 121.903002
119.659012 122.648729
118.913285 123.394456
118.913285 124.140182
118.913285 124.885909
118.913285 125.631635
118.167558 126.377362
118.167558 127.123089
118.167558 127.868815
118.167558 128.614542
118.167558 129.360268
118.167558 130.105995
117.421832 130.851721
117.421832 131.597448
117.421832 132.343175
117.421832 133.088901
117.421832 133.834628
117.421832 134.580354
117.421832 135.326081
117.421832 136.071808
117.421832 136.817534
117.421832 137.563261
117.421832 138.308987
117.421832 139.054714
117.421832 139.800441
117.421832 140.546167
117.421832 141.291894
118.167558 142.037620
118.167558 142.783347
118.167558 143.529074
118.167558 144.274800
118.167558 145.020527
118.167558 145.766253
118.913285 146.511980
118.913285 147.257707
118.913285 148.003433
118.913285 148.749160
118.913285 149.494886
119.659012 149.494886
119.659012 150.240613
119.659012 150.986340
119.659012 151.732066
120.404738 151.732066
120.404738 152.477793
120.404738 153.223519
120.404738 153.969246
120.404738 154.714973
121.150465 155.460699
121.150465 156.206426
121.150465 156.952152
121.150465 157.697879
121.150465 158.443606
121.896191 158.443606
121.896191 159.189332
121.896191 159.935059
121.896191 160.680785
122.641918 160.680785
122.641918 161.426512
122.641918 162.172239
123.387645 162.917965
123.387645 163.663692
124.133371 164.409418
124.133371 165.155145
123.387645 165.900872
123.387645 167.392325
122.641918 168.138051
122.641918 168.883778
121.896191 169.629505
121.896191 170.375231
121.150465 171.866684
121.150465 172.612411
120.404738 173.358138
119.659012 173.358138
118.913285 174.103864
118.167558 174.103864
117.421832 174.103864
116.676105 174.849591
115.930379 174.849591
115.184652 174.849591
113.693199 174.849591
112.947472 175.595317
112.201746 175.595317
111.456019 175.595317
110.710292 176.341044
109.964566 176.341044
109.218839 176.341044
108.473113 176.341044
107.727386 176.341044
106.981659 176.341044
105.490206 175.595317
104.744480 175.595317
103.998753 175.595317
103.253026 174.849591
102.507300 174.849591
101.761573 174.103864
100.270120 174.103864
99.524393 174.103864
98.778667 173.358138
98.032940 173.358138
97.287214 172.612411
95.795760 172.612411
95.050034 172.612411
94.304307 171.866684
93.558581 171.866684
92.812854 171.120958
92.067127 171.120958
90.575674 171.120958
89.829948 170.375231
89.084221 170.375231
88.338494 169.629505
87.592768 169.629505
86.101315 169.629505
85.355588 168.883778
84.609861 168.883778
83.864135 168.138051
83.118408 168.138051
82.372682 168.138051
80.881228 167.392325
80.135502 167.392325
79.389775 166.646598
78.644049 166.646598
77.898322 166.646598
77.152595 165.900872
76.406869 165.900872
75.661142 165.155145
74.169689 164.409418
73.423962 163.663692
72.678236 163.663692
71.932509 162.917965
71.186783 162.172239
70.441056 161.426512
69.695329 161.426512
68.949603 160.680785
68.203876 159.935059
67.458150 159.189332
66.712423 159.189332
65.966696 158.443606
65.220970 157.697879
63.729517 156.952152
62.983790 156.952152
62.238063 156.206426
61.492337 155.460699
60.746610 154.714973
60.746610 153.969246
60.000884 153.223519
59.255157 152.477793
58.509430 151.732066
58.509430 150.986340
57.763704 150.240613
57.017977 149.494886
57.017977 148.749160
56.272251 148.003433
55.526524 147.257707
54.780797 146.511980
54.780797 145.020527
54.035071 144.274800
54.035071 143.529074
53.289344 142.783347
53.289344 142.037620
53.289344 141.291894
52.543618 140.546167
52.543618 139.800441
51.797891 139.054714
51.797891 138.308987
51.797891 137.563261
51.052164 136.817534
51.052164 136.071808
50.306438 135.326081
50.306438 134.580354
50.306438 133.834628
49.560711 133.088901
49.560711 132.343175
48.814985 131.597448
48.814985 130.851721
48.814985 130.105995
48.069258 129.360268
48.814985 128.614542
48.814985 127.868815
48.814985 126.377362
48.814985 125.631635
48.814985 124.885909
49.560711 124.140182
49.560711 123.394456
49.560711 121.903002
49.560711 121.157276
49.560711 120.411549
49.560711 119.665823
50.306438 118.920096
50.306438 117.428643
50.306438 116.682916
50.306438 115.937190
50.306438 115.191463
50.306438 114.445736
51.052164 113.700010
51.052164 112.208557
51.052164 111.462830
51.052164 110.717103
51.052164 109.971377
51.797891 109.225650
51.797891 107.734197
51.797891 106.988470
51.797891 106.242744
51.797891 105.497017
51.797891 104.751291
52.543618 104.005564
53.289344 103.259837
53.289344 102.514111
54.035071 101.768384
54.035071 101.022658
54.780797 100.276931
55.526524 99.531204
55.526524 98.039751
56.272251 97.294025
56.272251 96.548298
57.017977 95.802571
57.763704 95.056845
57.763704 94.311118
58.509430 93.565392
58.509430 92.819665
59.255157 92.073938
60.000884 90.582485
60.000884 89.836759
60.746610 89.091032
60.746610 88.345305
61.492337 87.599579
61.492337 86.853852
62.238063 86.108126
62.983790 85.362399
62.983790 83.870946
63.729517 83.125219
63.729517 82.379493
64.475243 81.633766
65.220970 80.888039
65.220970 80.142313
65.966696 79.396586
65.966696 78.650860
66.712423 77.905133
66.712423 76.413680
67.458150 75.667953
68.203876 74.922227
68.203876 74.176500
68.949603 73.430773
70.441056 72.685047
71.186783 72.685047
71.932509 71.939320
72.678236 71.193594
73.423962 70.447867
74.169689 69.702140
74.915416 68.956414
75.661142 68.210687
76.406869 68.210687
77.152595 67.464961
77.898322 66.719234
79.389775 65.973507
80.135502 65.227781
80.881228 64.482054
81.626955 63.736328
82.372682 62.990601
83.118408 62.990601
83.864135 62.244874
84.609861 61.499148
85.355588 60.753421
86.101315 60.007695
87.592768 59.261968
88.338494 58.516241
89.084221 58.516241
89.829948 57.770515
90.575674 57.770515
91.321401 57.770515
92.067127 57.024788
92.812854 57.024788
94.304307 56.279062
95.050034 56.279062
95.795760 55.533335
96.541487 55.533335
97.287214 55.533335
98.032940 54.787608
99.524393 54.787608
100.270120 54.041882
101.015847 54.041882
101.761573 54.041882
102.507300 53.296155
103.253026 53.296155
103.998753 52.550429
105.490206 52.550429
106.235933 52.550429
106.981659 51.804702
107.727386 51.804702
108.473113 51.058975
109.218839 51.058975
109.964566 51.058975
110.710292 50.313249
112.201746 50.313249
112.947472 49.567522
113.693199 49.567522
114.438925 48.821796
115.184652 48.821796
115.930379 48.821796
116.676105 48.076069
117.421832 48.076069
118.167558 48.076069
118.913285 48.076069
119.659012 48.076069
121.150465 48.076069
121.896191 48.076069
122.641918 48.076069
123.387645 48.076069
124.133371 48.076069
124.879098 48.076069
125.624824 48.076069
126.370551 48.076069
127.116278 48.076069
127.862004 48.076069
128.607731 48.076069
129.353457 48.821796
130.099184 48.821796
130.844911 48.821796
131.590637 48.821796
132.336364 48.821796
133.082090 48.821796
134.573544 48.821796
135.319270 48.821796
136.064997 48.821796
136.810723 48.821796
137.556450 48.821796
138.302177 49.567522
139.047903 49.567522
139.793630 49.567522
140.539356 49.567522
141.285083 49.567522
142.030810 49.567522
142.776536 50.313249
143.522263 51.058975
144.267989 51.804702
145.759443 52.550429
146.505169 53.296155
147.250896 54.041882
147.996622 54.787608
148.742349 55.533335
149.488076 56.279062
150.233802 57.770515
150.979529 58.516241
151.725255 59.261968
152.470982 60.007695
152.470982 60.753421
153.216709 61.499148
153.216709 62.244874
153.216709 62.990601
153.962435 64.482054
153.962435 65.227781
153.962435 65.973507
154.708162 66.719234
154.708162 67.464961
155.453888 68.210687
155.453888 68.956414
155.453888 70.447867
156.199615 71.193594
156.199615 71.939320
156.199615 72.685047
156.945342 73.430773
156.945342 74.176500
156.945342 74.922227
156.945342 75.667953
156.199615 75.667953
156.199615 76.413680
156.199615 77.159406
156.199615 77.905133
155.453888 78.650860
155.453888 79.396586
155.453888 80.142313
155.453888 80.888039
