160.417797 75.363931
159.679656 76.102072
158.941515 76.840213
158.941515 77.578354
158.203374 78.316495
157.465233 79.054636
156.727092 79.792777
155.988951 80.530918
155.250810 81.269059
154.512669 82.007199
153.774528 82.745340
153.036388 83.483481
152.298247 84.221622
151.560106 84.221622
150.821965 84.959763
150.083824 85.697904
149.345683 86.436045
148.607542 86.436045
147.869401 87.174186
147.131260 87.912327
146.393119 88.650468
145.654978 88.650468
144.916837 89.388609
144.178696 90.126750
143.440556 90.864890
142.702415 90.864890
141.964274 91.603031
141.226133 92.341172
140.487992 93.079313
139.749851 93.817454
138.273569 94.555595
137.535428 95.293736
136.797287 96.031877
136.059146 96.770018
135.321005 96.770018
134.582865 97.508159
133.844724 98.246300
133.106583 99.722582
133.106583 100.460722
132.368442 101.198863
131.630301 101.937004
130.892160 102.675145
130.154019 103.413286
129.415878 104.151427
129.415878 104.889568
128.677737 105.627709
127.939596 106.365850
127.939596 107.103991
127.201455 107.842132
126.463314 108.580273
126.463314 109.318414
125.725173 110.056554
125.725173 110.794695
124.987033 111.532836
124.987033 112.270977
124.248892 113.009118
124.248892 113.747259
123.510751 114.485400
123.510751 115.223541
122.772610 115.961682
122.772610 116.699823
122.772610 117.437964
122.034469 118.176105
122.034469 118.914246
122.034469 119.652386
121.296328 121.128668
121.296328 121.866809
121.296328 122.604950
121.296328 123.343091
120.558187 124.081232
120.558187 124.819373
120.558187 125.557514
120.558187 126.295655
120.558187 127.033796
120.558187 127.771937
119.820046 128.510078
119.820046 129.248218
119.820046 129.986359
119.820046 130.724500
119.820046 131.462641
119.820046 132.200782
119.820046 132.938923
119.820046 133.677064
119.820046 134.415205
119.820046 135.153346
119.820046 135.891487
119.820046 136.629628
119.820046 137.367769
119.820046 138.105910
119.820046 138.844050
119.820046 139.582191
119.820046 140.320332
119.820046 141.058473
119.820046 141.796614
119.820046 143.272896
119.820046 144.011037
119.820046 144.749178
119.820046 145.487319
119.820046 146.225460
119.820046 146.963601
119.820046 147.701741
119.820046 148.439882
119.820046 149.178023
119.820046 149.916164
119.820046 150.654305
119.820046 151.392446
119.820046 152.130587
119.820046 152.868728
119.820046 153.606869
119.820046 154.345010
119.820046 155.083151
119.820046 155.821292
119.820046 156.559433
119.820046 157.297573
119.820046 158.035714
119.820046 158.773855
119.820046 159.511996
119.820046 160.250137
119.820046 160.988278
119.820046 161.726419
119.081905 162.464560
119.081905 163.202701
119.081905 163.940842
119.081905 164.678983
119.081905 165.417124
118.343764 166.155265
118.343764 166.893405
117.605623 167.631546
117.605623 168.369687
116.867482 168.369687
116.129341 168.369687
115.391201 168.369687
114.653060 168.369687
113.914919 168.369687
113.176778 168.369687
112.438637 168.369687
111.700496 168.369687
110.962355 168.369687
110.224214 168.369687
109.486073 168.369687
108.747932 168.369687
108.009791 168.369687
107.271650 168.369687
106.533509 168.369687
105.795369 168.369687
105.057228 168.369687
104.319087 168.369687
103.580946 168.369687
102.842805 168.369687
102.104664 168.369687
101.366523 168.369687
100.628382 168.369687
99.890241 168.369687
99.152100 168.369687
98.413959 168.369687
97.675818 168.369687
96.937677 168.369687
96.199537 168.369687
95.461396 168.369687
94.723255 167.631546
93.985114 167.631546
93.246973 167.631546
92.508832 166.893405
91.770691 166.893405
91.032550 166.155265
90.294409 166.155265
89.556268 165.417124
88.818127 165.417124
88.079986 164.678983
87.341846 164.678983
86.603705 164.678983
85.127423 163.940842
84.389282 163.940842
83.651141 163.202701
82.913000 163.202701
82.174859 162.464560
81.436718 162.464560
80.698577 161.726419
79.960436 160.988278
79.222295 160.988278
78.484154 160.250137
77.746014 160.250137
77.007873 159.511996
76.269732 159.511996
75.531591 158.773855
74.793450 158.035714
74.055309 158.035714
73.317168 157.297573
72.579027 156.559433
71.840886 156.559433
71.102745 155.821292
70.364604 155.083151
69.626463 155.083151
68.888322 154.345010
68.150182 153.606869
67.412041 152.868728
66.673900 152.130587
65.935759 151.392446
65.197618 150.654305
64.459477 150.654305
63.721336 149.916164
62.983195 149.178023
62.245054 148.439882
61.506913 147.701741
60.768772 146.963601
60.030631 145.487319
59.292490 144.749178
58.554350 144.011037
58.554350 143.272896
57.816209 142.534755
57.078068 141.796614
57.078068 141.058473
56.339927 140.320332
55.601786 139.582191
55.601786 138.844050
54.863645 138.105910
54.863645 137.367769
54.125504 136.629628
54.125504 135.891487
53.387363 135.153346
53.387363 134.415205
53.387363 133.677064
52.649222 132.938923
52.649222 132.200782
51.911081 131.462641
51.911081 130.724500
51.911081 129.986359
51.911081 129.248218
51.172940 128.510078
51.172940 127.771937
51.172940 126.295655
51.172940 125.557514
51.172940 124.819373
50.434799 124.081232
50.434799 123.343091
50.434799 122.604950
50.434799 121.866809
50.434799 121.128668
50.434799 120.390527
50.434799 119.652386
50.434799 118.914246
50.434799 118.176105
50.434799 117.437964
50.434799 116.699823
50.434799 115.961682
50.434799 114.485400
50.434799 113.747259
51.172940 113.009118
51.172940 112.270977
51.172940 111.532836
51.172940 110.794695
51.172940 110.056554
51.911081 109.318414
51.911081 108.580273
51.911081 107.842132
52.649222 107.103991
52.649222 106.365850
52.649222 105.627709
53.387363 104.889568
53.387363 104.151427
53.387363 103.413286
54.125504 101.937004
54.125504 101.198863
54.863645 100.460722
54.863645 99.722582
55.601786 98.984441
55.601786 98.246300
56.339927 97.508159
56.339927 96.770018
57.078068 96.031877
57.078068 95.293736
57.816209 94.555595
57.816209 93.817454
58.554350 93.079313
59.292490 92.341172
59.292490 91.603031
60.030631 90.864890
60.768772 90.126750
61.506913 88.650468
61.506913 87.912327
62.245054 87.174186
62.983195 86.436045
63.721336 85.697904
63.721336 84.959763
64.459477 84.221622
65.197618 83.483481
65.935759 82.745340
66.673900 82.007199
67.412041 81.269059
68.150182 80.530918
68.150182 79.792777
68.888322 79.054636
69.626463 78.316495
70.364604 77.578354
71.102745 76.840213
71.840886 76.102072
72.579027 75.363931
73.317168 74.625790
74.055309 73.887649
74.793450 73.149508
75.531591 72.411367
77.007873 71.673227
77.746014 70.935086
78.484154 70.196945
79.222295 70.196945
79.960436 69.458804
80.698577 68.720663
81.436718 67.982522
82.174859 67.244381
82.913000 66.506240
83.651141 66.506240
84.389282 65.768099
85.127423 65.029958
85.865564 64.291817
86.603705 63.553676
87.341846 63.553676
88.079986 62.815535
88.818127 62.077395
89.556268 61.339254
90.294409 61.339254
91.032550 60.601113
91.770691 59.862972
93.246973 59.862972
93.985114 59.124831
94.723255 58.386690
95.461396 58.386690
96.199537 57.648549
96.937677 56.910408
97.675818 56.910408
98.413959 56.172267
99.152100 56.172267
99.890241 55.434126
100.628382 54.695985
101.366523 54.695985
102.104664 53.957844
102.842805 53.957844
103.580946 53.219703
104.319087 53.219703
105.795369 52.481563
106.533509 52.481563
107.271650 51.743422
108.009791 51.743422
108.747932 51.005281
109.486073 51.005281
110.224214 50.267140
110.962355 50.267140
111.700496 49.528999
112.438637 49.528999
113.176778 48.790858
113.914919 48.790858
114.653060 48.790858
115.391201 48.052717
116.129341 48.052717
116.867482 48.052717
117.605623 47.314576
118.343764 47.314576
119.820046 47.314576
120.558187 47.314576
121.296328 46.576435
122.034469 46.576435
122.772610 46.576435
123.510751 46.576435
124.248892 46.576435
124.987033 45.838294
125.725173 45.838294
126.463314 45.838294
127.201455 45.838294
127.939596 45.838294
128.677737 45.838294
129.415878 45.838294
130.154019 45.838294
130.892160 45.838294
131.630301 45.838294
132.368442 45.838294
133.106583 45.838294
133.844724 46.576435
134.582865 46.576435
135.321005 46.576435
136.059146 46.576435
136.797287 46.576435
137.535428 46.576435
138.273569 47.314576
139.011710 47.314576
139.749851 47.314576
140.487992 48.052717
141.226133 48.052717
141.964274 48.790858
142.702415 48.790858
143.440556 48.790858
144.178696 49.528999
144.916837 50.267140
145.654978 50.267140
146.393119 51.005281
147.131260 51.005281
148.607542 51.743422
149.345683 52.481563
150.083824 52.481563
150.821965 53.219703
151.560106 53.957844
152.298247 54.695985
153.036388 55.434126
153.774528 56.172267
154.512669 56.910408
155.250810 57.648549
155.988951 58.386690
156.727092 59.124831
156.727092 59.862972
157.465233 60.601113
158.203374 61.339254
158.203374 62.077395
158.941515 62.815535
159.679656 63.553676
159.679656 64.291817
160.417797 65.029958
160.417797 65.768099
160.417797 66.506240
161.155938 67.244381
161.155938 67.982522
161.155938 68.720663
161.155938 69.458804
161.155938 70.196945
161.155938 70.935086
161.155938 71.673227
161.155938 72.411367
161.155938 73.149508
160.417797 73.887649
160.417797 74.625790
160.417797 75.363931
