126.474131 95.720722
127.608174 95.720722
127.608174 94.586680
127.608174 95.720722
127.608174 94.586680
127.608174 95.720722
126.474131 95.720722
127.608174 95.720722
126.474131 95.720722
127.608174 95.720722
126.474131 96.854764
126.474131 97.988807
125.340089 97.988807
125.340089 99.122849
125.340089 97.988807
126.474131 97.988807
125.340089 99.122849
125.340089 100.256891
125.340089 101.390934
124.206047 102.524976
123.072004 103.659019
121.937962 104.793061
120.803919 105.927103
119.669877 107.061146
118.535835 108.195188
117.401792 109.329230
117.401792 110.463273
116.267750 111.597315
116.267750 112.731358
115.133708 113.865400
113.999665 114.999442
113.999665 116.133485
112.865623 117.267527
112.865623 118.401569
111.731580 119.535612
111.731580 120.669654
110.597538 121.803697
110.597538 122.937739
109.463496 124.071781
109.463496 125.205824
109.463496 126.339866
108.329453 127.473908
108.329453 128.607951
108.329453 129.741993
108.329453 130.876035
108.329453 132.010078
107.195411 133.144120
107.195411 134.278163
107.195411 135.412205
107.195411 136.546247
107.195411 137.680290
107.195411 138.814332
107.195411 139.948374
107.195411 141.082417
106.061369 142.216459
106.061369 143.350502
106.061369 144.484544
107.195411 145.618586
107.195411 146.752629
107.195411 147.886671
107.195411 149.020713
107.195411 150.154756
107.195411 151.288798
107.195411 152.422841
107.195411 153.556883
107.195411 154.690925
108.329453 155.824968
108.329453 156.959010
108.329453 158.093052
108.329453 159.227095
108.329453 160.361137
109.463496 161.495180
109.463496 162.629222
109.463496 163.763264
110.597538 164.897307
110.597538 166.031349
111.731580 167.165391
111.731580 168.299434
112.865623 169.433476
112.865623 170.567518
113.999665 171.701561
115.133708 172.835603
115.133708 173.969646
113.999665 175.103688
112.865623 176.237730
111.731580 176.237730
110.597538 176.237730
109.463496 176.237730
108.329453 176.237730
107.195411 176.237730
106.061369 176.237730
104.927326 176.237730
103.793284 176.237730
101.525199 176.237730
100.391157 176.237730
99.257114 176.237730
98.123072 176.237730
96.989030 176.237730
95.854987 175.103688
94.720945 175.103688
93.586902 175.103688
92.452860 173.969646
91.318818 173.969646
90.184775 172.835603
89.050733 172.835603
87.916691 171.701561
86.782648 171.701561
85.648606 170.567518
84.514564 170.567518
83.380521 169.433476
82.246479 169.433476
81.112436 168.299434
79.978394 168.299434
78.844352 168.299434
77.710309 167.165391
76.576267 167.165391
75.442225 166.031349
74.308182 166.031349
73.174140 164.897307
72.040097 164.897307
70.906055 164.897307
69.772013 163.763264
68.637970 163.763264
67.503928 162.629222
66.369886 162.629222
65.235843 162.629222
64.101801 161.495180
64.101801 160.361137
62.967758 159.227095
61.833716 158.093052
61.833716 156.959010
60.699674 155.824968
60.699674 154.690925
59.565631 153.556883
59.565631 152.422841
59.565631 151.288798
59.565631 150.154756
58.431589 149.020713
58.431589 147.886671
58.431589 146.752629
58.431589 145.618586
58.431589 144.484544
58.431589 143.350502
59.565631 142.216459
59.565631 141.082417
59.565631 139.948374
59.565631 138.814332
60.699674 137.680290
60.699674 136.546247
60.699674 135.412205
61.833716 134.278163
61.833716 133.144120
61.833716 132.010078
61.833716 130.876035
62.967758 129.741993
62.967758 128.607951
62.967758 127.473908
64.101801 126.339866
64.101801 125.205824
64.101801 124.071781
64.101801 122.937739
65.235843 121.803697
65.235843 120.669654
66.369886 119.535612
66.369886 118.401569
66.369886 117.267527
67.503928 116.133485
67.503928 114.999442
67.503928 113.865400
68.637970 112.731358
68.637970 111.597315
69.772013 110.463273
69.772013 109.329230
69.772013 108.195188
70.906055 107.061146
70.906055 105.927103
72.040097 104.793061
72.040097 103.659019
73.174140 102.524976
74.308182 101.390934
75.442225 100.256891
76.576267 99.122849
77.710309 97.988807
78.844352 96.854764
79.978394 95.720722
81.112436 95.720722
82.246479 94.586680
83.380521 94.586680
84.514564 94.586680
85.648606 94.586680
86.782648 94.586680
87.916691 93.452637
89.050733 93.452637
90.184775 93.452637
91.318818 93.452637
92.452860 92.318595
93.586902 92.318595
94.720945 92.318595
95.854987 92.318595
96.989030 92.318595
98.123072 92.318595
99.257114 92.318595
100.391157 92.318595
101.525199 92.318595
102.659241 92.318595
103.793284 92.318595
104.927326 92.318595
106.061369 92.318595
107.195411 92.318595
108.329453 92.318595
110.597538 92.318595
111.731580 92.318595
112.865623 92.318595
113.999665 92.318595
115.133708 92.318595
116.267750 92.318595
117.401792 92.318595
118.535835 92.318595
119.669877 92.318595
120.803919 92.318595
121.937962 92.318595
123.072004 92.318595
124.206047 92.318595
125.340089 92.318595
126.474131 92.318595
127.608174 93.452637
128.742216 93.452637
127.608174 94.586680
127.608174 95.720722
126.474131 96.854764
126.474131 95.720722
