124.685028 98.621402
124.685028 99.116886
124.685028 99.612371
124.685028 100.107856
125.180513 100.107856
125.180513 100.603341
125.675998 101.098825
126.171482 101.594310
126.171482 102.585280
126.171482 103.080764
126.171482 104.071734
126.171482 105.062703
126.171482 105.558188
125.675998 106.549158
125.675998 107.044642
125.675998 108.035612
125.180513 108.531097
124.685028 108.531097
124.685028 109.026582
124.189543 109.522066
124.189543 110.017551
123.694059 110.513036
123.198574 110.513036
123.198574 111.008521
122.703089 111.504005
122.207604 111.999490
122.207604 112.494975
121.712120 112.990460
121.216635 113.485944
121.216635 113.981429
120.721150 114.476914
120.721150 114.972399
120.225665 115.467883
120.225665 115.963368
119.730180 116.458853
119.730180 116.954338
119.234696 117.449822
118.739211 117.945307
118.739211 118.440792
118.243726 118.936277
118.243726 119.431762
117.748241 119.927246
117.748241 120.422731
117.252757 120.918216
117.252757 121.413701
116.757272 121.909185
116.757272 122.404670
116.261787 122.900155
116.261787 123.395640
115.766302 123.891124
115.766302 124.386609
115.766302 124.882094
115.270818 125.377579
115.270818 125.873063
115.270818 126.368548
114.775333 126.864033
114.775333 127.359518
114.775333 127.855002
114.775333 128.350487
114.279848 128.845972
114.279848 129.341457
114.279848 129.836941
114.279848 130.332426
114.279848 130.827911
114.279848 131.323396
113.784363 131.818881
113.784363 132.314365
113.784363 132.809850
113.784363 133.305335
113.784363 133.800820
113.784363 134.296304
113.784363 134.791789
113.784363 135.287274
113.784363 135.782759
113.784363 136.278243
113.784363 136.773728
113.784363 137.269213
113.784363 137.764698
113.784363 138.260182
113.784363 138.755667
113.784363 139.251152
113.784363 139.746637
113.784363 140.242121
113.784363 140.737606
113.784363 141.233091
113.784363 141.728576
113.784363 142.224060
113.784363 142.719545
113.784363 143.215030
113.784363 143.710515
113.784363 144.206000
113.784363 144.701484
113.784363 145.196969
113.784363 145.692454
113.784363 146.187939
113.784363 146.683423
113.784363 147.178908
113.784363 147.674393
113.784363 148.169878
113.784363 148.665362
113.784363 149.160847
113.784363 149.656332
114.279848 150.151817
114.279848 150.647301
114.279848 151.142786
114.279848 151.638271
114.279848 152.133756
114.279848 152.629240
114.775333 153.124725
114.775333 153.620210
114.775333 154.115695
114.775333 154.611180
114.775333 155.106664
115.270818 155.106664
115.270818 155.602149
115.270818 156.097634
115.766302 156.593119
115.766302 157.088603
115.766302 157.584088
116.261787 158.079573
116.261787 158.575058
116.757272 159.070542
116.757272 159.566027
116.757272 160.061512
117.252757 160.061512
117.252757 160.556997
117.748241 161.052481
117.748241 161.547966
118.243726 162.043451
118.243726 162.538936
118.739211 163.034420
118.739211 163.529905
119.234696 164.025390
119.730180 164.520875
119.730180 165.016359
120.225665 165.511844
120.721150 166.007329
120.721150 166.502814
121.216635 166.998299
121.216635 167.493783
121.216635 168.484753
121.216635 169.475722
120.721150 169.971207
120.721150 170.962177
120.721150 171.457661
120.721150 172.448631
120.721150 173.439600
120.721150 173.935085
120.721150 174.926055
120.721150 175.421539
120.225665 176.412509
120.225665 176.907994
120.225665 177.898963
120.225665 178.889933
120.225665 179.385418
119.730180 179.880902
119.234696 179.880902
118.739211 179.880902
118.243726 180.376387
117.252757 180.376387
116.757272 180.871872
116.261787 180.871872
115.766302 180.871872
115.270818 181.367357
114.775333 181.367357
114.279848 181.862841
113.784363 181.367357
113.288879 181.367357
112.297909 180.871872
111.802424 180.871872
111.306940 180.376387
110.811455 180.376387
110.315970 179.880902
109.820485 179.880902
109.325000 179.385418
108.829516 179.385418
108.334031 178.889933
107.838546 178.394448
107.343061 178.394448
106.847577 177.898963
106.352092 177.898963
105.856607 177.403478
104.865638 177.403478
104.370153 176.907994
103.874668 176.907994
103.379183 176.412509
102.883699 176.412509
102.388214 175.917024
101.892729 175.917024
101.397244 175.421539
100.901760 175.421539
100.406275 174.926055
99.910790 174.926055
99.415305 174.430570
98.919821 174.430570
98.424336 173.935085
97.433366 173.935085
96.937881 173.439600
96.442397 173.439600
95.946912 172.944116
95.451427 172.944116
94.955942 172.448631
94.460458 172.448631
93.964973 171.953146
93.469488 171.953146
92.974003 171.457661
92.478519 171.457661
91.983034 170.962177
91.487549 170.962177
90.992064 170.466692
90.496580 170.466692
89.505610 169.971207
89.010125 169.971207
88.514641 169.475722
88.019156 168.980238
87.523671 168.980238
87.028186 168.484753
86.532702 167.989268
85.541732 166.998299
85.046247 166.502814
84.550762 166.007329
84.055278 165.511844
83.559793 164.520875
82.568823 164.025390
82.073339 163.529905
81.577854 163.034420
81.082369 162.043451
80.091400 161.547966
79.595915 161.052481
79.100430 160.556997
78.604945 160.061512
78.109461 159.070542
77.118491 158.575058
76.623006 158.079573
76.127522 157.584088
75.632037 156.593119
75.136552 156.097634
74.641067 155.602149
74.641067 155.106664
74.145582 154.611180
73.650098 154.115695
73.650098 153.620210
73.154613 152.629240
72.659128 152.133756
72.659128 151.638271
72.163643 151.142786
71.668159 150.647301
71.668159 150.151817
71.172674 149.656332
70.677189 148.665362
70.677189 148.169878
70.181704 147.674393
69.686220 147.178908
69.686220 146.683423
69.686220 146.187939
69.686220 145.692454
69.686220 145.196969
69.686220 144.701484
69.686220 144.206000
69.686220 143.710515
69.686220 143.215030
69.686220 142.719545
69.686220 142.224060
69.686220 141.233091
69.686220 140.737606
69.686220 140.242121
69.686220 139.746637
69.686220 139.251152
69.686220 138.755667
69.686220 138.260182
69.686220 137.269213
69.686220 136.773728
69.686220 136.278243
69.190735 135.782759
69.190735 135.287274
69.190735 134.791789
69.190735 134.296304
69.190735 133.800820
69.190735 133.305335
69.190735 132.809850
69.190735 132.314365
69.190735 131.818881
69.686220 131.323396
69.686220 130.827911
69.686220 129.836941
70.181704 129.341457
70.181704 128.845972
70.181704 128.350487
70.677189 127.855002
70.677189 127.359518
70.677189 126.864033
71.172674 126.368548
71.172674 125.377579
71.172674 124.882094
71.668159 124.386609
71.668159 123.891124
71.668159 123.395640
72.163643 122.900155
72.163643 122.404670
72.163643 121.909185
72.659128 121.413701
72.659128 120.918216
72.659128 120.422731
72.659128 119.927246
73.154613 119.431762
73.154613 118.936277
73.154613 118.440792
73.154613 117.945307
73.650098 116.954338
73.650098 116.458853
74.145582 115.963368
74.145582 115.467883
74.145582 114.972399
74.641067 114.476914
74.641067 113.981429
75.136552 113.485944
75.136552 112.990460
75.136552 112.494975
75.632037 111.999490
75.632037 111.008521
75.632037 110.513036
76.127522 110.017551
76.127522 109.522066
76.127522 109.026582
76.127522 108.531097
76.623006 108.035612
76.623006 107.540127
77.118491 107.044642
77.613976 106.549158
78.109461 106.053673
78.604945 105.558188
79.100430 105.062703
79.595915 104.567219
80.091400 104.071734
80.586884 104.071734
81.082369 103.576249
81.577854 103.080764
82.073339 102.585280
83.064308 102.089795
83.559793 101.594310
84.055278 101.098825
84.550762 100.603341
85.046247 100.107856
85.541732 99.612371
86.037217 99.116886
86.532702 98.621402
87.028186 98.125917
87.523671 97.630432
88.514641 97.630432
89.010125 97.134947
89.505610 96.639463
90.496580 96.639463
90.992064 96.143978
91.487549 95.648493
91.983034 95.153008
92.974003 95.153008
93.469488 94.657523
93.964973 94.162039
94.955942 94.162039
95.451427 93.666554
95.946912 93.171069
96.442397 92.675584
97.433366 92.675584
97.928851 92.180100
98.424336 91.684615
99.415305 91.684615
99.910790 91.189130
100.406275 90.693645
101.397244 90.198161
101.892729 90.198161
102.388214 89.702676
102.883699 89.207191
103.379183 89.207191
104.370153 89.702676
104.865638 89.702676
105.361122 89.702676
105.856607 89.702676
106.352092 89.702676
106.847577 89.702676
107.343061 90.198161
107.838546 90.198161
108.334031 90.198161
108.829516 90.198161
109.325000 90.198161
109.820485 90.198161
110.315970 90.693645
110.811455 90.693645
111.802424 90.693645
112.297909 90.693645
112.793394 90.693645
113.288879 90.693645
113.784363 91.189130
114.279848 91.189130
114.775333 91.189130
115.270818 91.189130
115.766302 91.189130
116.261787 91.189130
116.757272 91.684615
117.252757 91.684615
117.748241 91.684615
118.243726 91.684615
119.234696 91.684615
119.730180 91.684615
120.225665 92.180100
120.721150 92.180100
121.216635 92.180100
121.712120 92.675584
122.207604 92.675584
122.703089 93.171069
123.198574 93.666554
123.198574 94.162039
123.198574 94.657523
123.198574 94.162039
123.198574 94.657523
123.198574 95.153008
123.694059 95.648493
123.694059 96.143978
123.694059 96.639463
123.694059 97.134947
123.694059 97.630432
124.189543 97.630432
124.189543 98.125917
124.685028 98.621402
