151.315517 81.583516
150.641324 82.257709
149.967130 82.257709
149.292937 82.257709
149.292937 82.931903
148.618743 83.606097
147.944549 83.606097
147.270356 84.280290
146.596162 84.954484
145.921969 85.628677
145.247775 85.628677
145.247775 86.302871
144.573581 86.302871
144.573581 86.977065
143.899388 87.651258
143.225194 87.651258
143.225194 88.325452
142.551001 88.325452
142.551001 88.999645
141.876807 88.999645
141.876807 89.673839
141.202613 89.673839
141.202613 90.348033
140.528420 91.022226
139.854226 91.696420
139.180033 91.696420
138.505839 92.370613
137.831645 92.370613
137.831645 93.044807
137.157452 93.044807
136.483258 93.719001
135.809065 93.719001
135.809065 94.393194
135.134871 94.393194
134.460677 95.067388
133.786484 95.741581
133.112290 95.741581
133.112290 96.415775
132.438097 96.415775
131.763903 97.089969
131.089709 97.764162
130.415516 98.438356
129.741322 99.112549
129.067129 99.786743
128.392935 100.460937
127.718741 101.135130
127.044548 101.809324
126.370354 102.483517
125.696161 103.157711
125.021967 103.831905
125.021967 104.506098
124.347773 105.180292
123.673580 105.854485
122.999386 106.528679
122.999386 107.202873
122.325193 107.877066
121.650999 108.551260
121.650999 109.225453
120.976805 109.899647
120.302612 110.573841
120.302612 111.248034
119.628418 111.922228
119.628418 112.596421
118.954225 113.270615
118.954225 113.944809
118.280031 114.619002
118.280031 115.293196
117.605837 115.967389
117.605837 116.641583
117.605837 117.315777
116.931644 117.989970
116.931644 118.664164
116.257450 119.338357
116.257450 120.012551
116.257450 120.686745
115.583257 121.360938
115.583257 122.035132
115.583257 122.709325
115.583257 123.383519
114.909063 124.057713
114.909063 124.731906
114.909063 125.406100
114.909063 126.080293
114.909063 126.754487
114.234869 127.428681
114.234869 128.102874
114.234869 128.777068
114.234869 129.451261
114.234869 130.125455
114.234869 130.799649
114.234869 131.473842
113.560676 132.148036
113.560676 132.822229
113.560676 133.496423
113.560676 134.170617
113.560676 134.844810
113.560676 135.519004
113.560676 136.193197
113.560676 136.867391
113.560676 137.541585
113.560676 138.215778
113.560676 138.889972
113.560676 139.564165
113.560676 140.238359
113.560676 140.912553
114.234869 141.586746
114.234869 142.260940
114.234869 142.935133
114.234869 143.609327
114.234869 144.283521
114.234869 144.957714
114.234869 145.631908
114.909063 146.306101
114.909063 146.980295
114.909063 147.654489
114.909063 148.328682
114.909063 149.002876
115.583257 149.677069
115.583257 150.351263
115.583257 151.025457
115.583257 151.699650
116.257450 152.373844
116.257450 153.048037
116.257450 153.722231
116.257450 154.396425
116.931644 155.070618
116.931644 155.744812
116.931644 156.419005
116.931644 157.093199
117.605837 157.767393
117.605837 158.441586
117.605837 159.115780
117.605837 159.789973
118.280031 159.789973
118.280031 160.464167
118.280031 161.138361
118.954225 161.138361
118.954225 161.812554
118.954225 162.486748
118.954225 163.160941
119.628418 163.160941
119.628418 163.835135
119.628418 164.509329
119.628418 165.857716
118.954225 166.531909
118.954225 167.206103
118.280031 167.880297
118.280031 168.554490
118.280031 169.228684
117.605837 169.902877
116.931644 169.902877
115.583257 169.902877
114.909063 169.902877
114.234869 170.577071
113.560676 170.577071
112.886482 170.577071
112.212289 170.577071
111.538095 169.902877
110.189708 169.902877
109.515514 169.228684
108.841321 169.228684
107.492933 168.554490
106.818740 168.554490
105.470353 167.880297
104.796159 167.880297
103.447772 167.206103
102.773578 167.206103
102.099385 166.531909
100.750997 166.531909
100.076804 165.857716
98.728417 165.183522
98.054223 165.183522
96.705836 164.509329
96.031642 164.509329
95.357449 163.835135
94.009061 163.835135
93.334868 163.160941
91.986481 163.160941
91.312287 162.486748
89.963900 162.486748
89.289706 161.812554
88.615513 161.812554
87.267125 161.138361
86.592932 161.138361
85.244545 160.464167
84.570351 160.464167
83.221964 159.789973
82.547770 159.789973
81.873577 159.115780
80.525189 159.115780
79.850996 158.441586
79.176802 158.441586
78.502609 157.767393
77.828415 157.767393
77.154221 157.093199
75.805834 157.093199
75.131641 156.419005
74.457447 156.419005
73.783253 155.744812
73.109060 155.070618
72.434866 155.070618
71.760673 154.396425
70.412285 154.396425
69.738092 153.722231
69.063898 153.722231
68.389705 153.048037
67.715511 153.048037
67.041317 152.373844
66.367124 152.373844
65.018737 151.699650
64.344543 151.699650
63.670349 151.025457
62.996156 151.025457
62.321962 150.351263
61.647769 149.677069
60.973575 149.002876
60.973575 148.328682
60.299381 147.654489
60.299381 146.980295
59.625188 146.306101
59.625188 145.631908
58.950994 144.283521
58.276801 143.609327
58.276801 142.935133
57.602607 142.260940
57.602607 141.586746
56.928413 140.912553
56.928413 140.238359
56.254220 139.564165
56.254220 138.215778
55.580026 137.541585
55.580026 136.867391
55.580026 136.193197
55.580026 135.519004
55.580026 134.844810
54.905833 134.170617
54.905833 132.822229
54.905833 132.148036
54.905833 131.473842
54.905833 130.799649
54.905833 130.125455
54.905833 129.451261
54.905833 128.777068
54.231639 127.428681
54.231639 126.754487
54.231639 126.080293
54.231639 125.406100
54.231639 124.731906
54.231639 124.057713
54.231639 123.383519
54.905833 122.709325
54.905833 121.360938
54.905833 120.686745
55.580026 120.012551
55.580026 119.338357
55.580026 117.989970
56.254220 117.315777
56.254220 116.641583
56.254220 115.967389
56.928413 114.619002
56.928413 113.944809
56.928413 113.270615
57.602607 111.922228
57.602607 111.248034
57.602607 110.573841
58.276801 109.899647
58.276801 108.551260
58.276801 107.877066
58.950994 107.202873
58.950994 105.854485
58.950994 105.180292
59.625188 104.506098
59.625188 103.831905
59.625188 102.483517
60.299381 101.809324
60.299381 101.135130
60.973575 100.460937
60.973575 99.786743
61.647769 99.112549
61.647769 98.438356
62.321962 97.764162
62.321962 97.089969
62.996156 96.415775
62.996156 95.741581
63.670349 95.067388
63.670349 94.393194
64.344543 93.719001
64.344543 92.370613
64.344543 91.696420
65.018737 91.022226
65.018737 90.348033
65.692930 89.673839
65.692930 88.999645
66.367124 88.325452
66.367124 87.651258
67.041317 86.977065
67.041317 86.302871
67.715511 85.628677
67.715511 84.954484
68.389705 84.280290
69.063898 83.606097
69.738092 82.931903
71.086479 81.583516
71.760673 80.909322
72.434866 80.235129
73.109060 79.560935
73.783253 78.886741
75.131641 78.212548
75.805834 77.538354
76.480028 76.189967
77.154221 75.515773
77.828415 74.841580
78.502609 74.167386
79.850996 73.493193
80.525189 72.818999
81.199383 72.144805
81.873577 70.796418
82.547770 70.122225
83.896157 69.448031
84.570351 68.773837
85.244545 68.099644
86.592932 67.425450
87.267125 67.425450
87.941319 66.751257
88.615513 66.077063
89.963900 65.402869
90.638093 65.402869
91.312287 64.728676
92.660674 64.054482
93.334868 63.380289
94.009061 63.380289
95.357449 62.706095
96.031642 62.031901
96.705836 61.357708
98.054223 61.357708
98.728417 60.683514
99.402610 60.009321
100.750997 59.335127
101.425191 59.335127
102.099385 58.660933
102.773578 57.986740
104.121965 57.312546
104.796159 57.312546
105.470353 56.638353
106.818740 55.964159
107.492933 55.964159
108.167127 55.964159
108.841321 55.289965
109.515514 55.289965
110.863901 55.289965
111.538095 55.289965
112.212289 54.615772
112.886482 54.615772
113.560676 54.615772
114.234869 53.941578
115.583257 53.941578
116.257450 53.941578
116.931644 53.941578
117.605837 53.267385
118.280031 53.267385
119.628418 53.267385
120.302612 52.593191
120.976805 52.593191
121.650999 52.593191
122.325193 52.593191
122.999386 52.593191
123.673580 52.593191
124.347773 52.593191
125.021967 52.593191
125.696161 52.593191
127.044548 53.267385
127.718741 53.267385
128.392935 53.267385
129.067129 53.267385
129.741322 53.267385
130.415516 53.267385
131.089709 53.941578
131.763903 53.941578
132.438097 53.941578
133.112290 53.941578
133.786484 53.941578
134.460677 53.941578
135.134871 54.615772
135.809065 54.615772
136.483258 54.615772
137.157452 54.615772
137.831645 54.615772
138.505839 54.615772
139.180033 55.289965
139.854226 55.289965
140.528420 55.964159
141.202613 56.638353
141.876807 57.312546
142.551001 57.986740
143.225194 58.660933
143.899388 60.009321
145.247775 60.683514
145.921969 61.357708
146.596162 62.031901
147.270356 62.706095
147.944549 63.380289
147.944549 64.054482
148.618743 64.728676
148.618743 65.402869
148.618743 66.077063
148.618743 67.425450
149.292937 68.099644
149.292937 68.773837
149.292937 69.448031
149.967130 70.122225
149.967130 70.796418
149.967130 71.470612
149.967130 72.144805
150.641324 72.818999
150.641324 73.493193
150.641324 74.167386
151.315517 74.841580
151.315517 75.515773
151.315517 76.189967
151.315517 76.864161
151.989711 77.538354
151.989711 78.886741
151.989711 79.560935
151.989711 80.235129
151.989711 80.909322
151.315517 81.583516
