138.906066 85.766048
138.906066 86.908750
138.906066 87.480101
138.334715 88.622804
138.334715 89.194155
138.334715 90.336857
137.763363 90.908208
137.192012 90.908208
136.620661 90.908208
136.620661 91.479559
136.049310 92.050910
135.477959 92.050910
134.906608 92.622261
134.335257 92.622261
134.335257 93.193612
133.763906 93.764963
133.192555 94.336314
132.621204 94.336314
132.049853 94.907665
131.478502 94.907665
131.478502 95.479016
130.907151 96.050367
130.335800 96.621718
129.764449 97.193069
129.193098 97.764420
128.621747 98.335771
128.050396 98.907123
128.050396 99.478474
127.479044 100.049825
126.907693 100.621176
126.336342 101.192527
125.764991 101.763878
125.764991 102.335229
125.193640 102.906580
124.622289 103.477931
124.622289 104.049282
124.050938 104.049282
124.050938 104.620633
124.050938 105.191984
123.479587 105.763335
122.908236 106.334686
122.908236 106.906037
122.336885 107.477388
122.336885 108.048739
122.336885 108.620090
121.765534 109.191442
121.765534 109.762793
121.194183 110.334144
121.194183 110.905495
121.194183 111.476846
120.622832 112.048197
120.622832 112.619548
120.622832 113.190899
120.051481 113.762250
120.051481 114.333601
120.051481 114.904952
119.480130 115.476303
119.480130 116.047654
118.908779 116.619005
118.337428 117.190356
118.337428 117.761707
117.766077 118.333058
117.766077 118.904409
117.766077 119.475761
117.194725 120.047112
117.194725 120.618463
116.623374 121.189814
116.623374 121.761165
116.623374 122.332516
116.052023 122.903867
116.052023 123.475218
116.052023 124.046569
115.480672 124.617920
115.480672 125.189271
115.480672 125.760622
115.480672 126.331973
115.480672 126.903324
114.909321 127.474675
114.909321 128.046026
114.909321 128.617377
114.909321 129.188728
114.909321 129.760080
114.909321 130.331431
114.909321 130.902782
114.909321 131.474133
114.337970 132.045484
114.337970 132.616835
114.337970 133.188186
114.337970 133.759537
114.337970 134.330888
114.337970 134.902239
114.337970 135.473590
114.337970 136.044941
114.337970 136.616292
114.337970 137.187643
114.337970 137.758994
114.337970 138.330345
114.337970 138.901696
114.337970 139.473047
114.909321 140.044399
114.909321 140.615750
114.909321 141.187101
114.909321 141.758452
114.909321 142.329803
114.909321 142.901154
114.909321 143.472505
114.909321 144.043856
115.480672 144.615207
115.480672 145.186558
115.480672 145.757909
115.480672 146.329260
115.480672 146.900611
116.052023 147.471962
116.052023 148.043313
116.052023 148.614664
116.623374 149.186015
116.623374 149.757366
116.623374 150.328718
116.623374 150.900069
117.194725 151.471420
117.194725 152.042771
117.194725 152.614122
117.766077 153.185473
117.766077 153.756824
117.766077 154.328175
118.337428 154.899526
118.337428 155.470877
118.337428 156.042228
118.337428 156.613579
118.908779 156.613579
118.908779 157.184930
118.908779 157.756281
118.908779 158.327632
118.908779 158.898983
119.480130 159.470334
119.480130 160.041685
119.480130 160.613037
119.480130 161.184388
119.480130 161.755739
120.051481 161.755739
120.051481 162.327090
120.051481 162.898441
120.622832 163.469792
120.622832 164.041143
120.622832 164.612494
120.622832 165.183845
121.194183 165.183845
121.194183 165.755196
121.765534 166.326547
121.765534 166.897898
121.765534 167.469249
122.336885 168.040600
122.336885 168.611951
122.908236 169.183302
122.336885 169.754653
122.336885 170.897356
121.765534 170.897356
121.194183 170.897356
120.622832 170.897356
120.051481 170.897356
119.480130 171.468707
118.908779 171.468707
118.337428 171.468707
117.766077 171.468707
117.194725 171.468707
116.623374 172.040058
116.052023 172.040058
115.480672 172.040058
114.909321 172.040058
114.337970 172.040058
113.766619 172.040058
113.195268 172.040058
112.623917 172.040058
111.481215 172.040058
110.909864 171.468707
110.338513 171.468707
109.767162 171.468707
109.195811 171.468707
108.624460 170.897356
108.053109 170.897356
107.481758 170.897356
106.339055 170.897356
105.767704 170.326004
105.196353 170.326004
104.625002 170.326004
104.053651 170.326004
103.482300 170.326004
102.910949 169.754653
102.339598 169.754653
101.196896 169.754653
100.625545 169.754653
100.054194 169.183302
99.482843 169.183302
98.911492 169.183302
98.340141 169.183302
97.768790 168.611951
97.197439 168.611951
96.054736 168.040600
95.483385 167.469249
94.912034 167.469249
94.340683 166.897898
93.769332 166.897898
93.197981 166.326547
92.626630 166.326547
92.055279 165.755196
91.483928 165.183845
90.341226 165.183845
89.769875 164.612494
89.198524 164.612494
88.627173 164.041143
88.055822 163.469792
87.484471 163.469792
86.913120 162.898441
86.341768 162.898441
85.199066 162.327090
84.627715 162.327090
84.056364 161.755739
83.485013 161.184388
82.913662 161.184388
82.342311 160.613037
81.770960 160.613037
81.199609 160.041685
80.628258 160.041685
80.056907 159.470334
79.485556 158.898983
78.914205 158.898983
78.342854 158.327632
77.771503 158.327632
77.200152 157.756281
76.628801 157.184930
76.057449 157.184930
75.486098 156.613579
74.914747 156.613579
74.343396 156.042228
73.772045 156.042228
73.200694 155.470877
72.629343 154.899526
72.057992 154.899526
71.486641 154.328175
70.915290 154.328175
70.343939 153.756824
69.772588 153.185473
69.201237 153.185473
68.629886 152.614122
68.058535 152.614122
67.487184 152.042771
66.915833 151.471420
66.344482 150.900069
65.773130 150.328718
65.773130 149.757366
65.201779 148.614664
65.201779 148.043313
64.630428 147.471962
64.630428 146.900611
64.630428 146.329260
64.059077 145.757909
64.059077 145.186558
63.487726 144.615207
63.487726 144.043856
63.487726 143.472505
63.487726 142.901154
63.487726 142.329803
63.487726 141.187101
63.487726 140.615750
63.487726 140.044399
63.487726 139.473047
63.487726 138.901696
63.487726 138.330345
63.487726 137.758994
63.487726 137.187643
63.487726 136.616292
63.487726 136.044941
63.487726 134.902239
63.487726 134.330888
63.487726 133.759537
63.487726 133.188186
63.487726 132.616835
63.487726 132.045484
63.487726 131.474133
63.487726 130.902782
63.487726 129.760080
64.059077 129.188728
64.059077 128.617377
64.059077 128.046026
64.059077 127.474675
64.059077 126.903324
64.059077 126.331973
64.059077 125.760622
64.630428 125.189271
64.630428 124.046569
64.630428 123.475218
64.630428 122.903867
64.630428 122.332516
64.630428 121.761165
64.630428 121.189814
65.201779 120.618463
65.201779 120.047112
65.773130 118.904409
65.773130 118.333058
66.344482 117.761707
66.344482 116.619005
66.915833 116.047654
67.487184 115.476303
67.487184 114.904952
68.058535 113.762250
68.058535 113.190899
68.629886 112.619548
68.629886 111.476846
69.201237 110.905495
69.201237 110.334144
69.772588 109.762793
69.772588 108.620090
70.343939 108.048739
70.915290 107.477388
70.915290 106.906037
71.486641 105.763335
71.486641 105.191984
72.057992 104.620633
72.057992 103.477931
72.629343 102.906580
73.200694 102.335229
73.772045 101.763878
73.772045 100.621176
74.343396 100.049825
74.914747 99.478474
75.486098 98.907123
76.057449 98.335771
76.628801 97.193069
77.200152 96.621718
77.771503 96.050367
78.342854 95.479016
78.914205 94.907665
79.485556 93.764963
80.056907 93.193612
80.628258 92.622261
81.199609 92.050910
81.770960 91.479559
82.342311 90.336857
82.913662 89.765506
83.485013 89.194155
84.056364 88.622804
84.627715 88.051452
85.199066 86.908750
85.770417 86.337399
86.341768 85.766048
86.913120 85.194697
87.484471 84.623346
88.055822 84.051995
88.627173 83.480644
89.198524 82.909293
90.341226 82.337942
90.912577 81.766591
91.483928 81.195240
92.055279 80.623889
92.626630 80.052538
93.197981 79.481187
94.340683 78.909836
94.912034 78.338485
95.483385 77.767133
96.054736 77.195782
96.626087 76.624431
97.197439 76.624431
98.340141 76.053080
98.911492 75.481729
99.482843 74.910378
100.054194 74.339027
100.625545 73.767676
101.196896 73.196325
102.339598 72.624974
102.910949 72.053623
103.482300 71.482272
104.053651 71.482272
104.625002 71.482272
105.196353 71.482272
105.767704 70.910921
106.339055 70.910921
106.910406 70.910921
108.053109 70.910921
108.624460 70.910921
109.195811 70.339570
109.767162 70.339570
110.338513 70.339570
110.909864 70.339570
111.481215 70.339570
112.052566 70.339570
112.623917 69.768219
113.766619 69.768219
114.337970 69.768219
114.909321 69.768219
115.480672 69.768219
116.052023 69.196868
116.623374 69.196868
117.194725 69.196868
117.766077 69.196868
118.337428 69.196868
118.908779 69.196868
119.480130 69.196868
120.051481 69.196868
120.622832 69.196868
121.194183 69.196868
121.765534 69.196868
122.336885 69.196868
122.908236 69.768219
123.479587 69.768219
124.050938 70.339570
124.622289 70.910921
125.193640 71.482272
125.764991 72.053623
126.336342 72.624974
126.907693 72.624974
127.479044 73.196325
128.050396 73.767676
128.621747 74.339027
129.193098 74.910378
129.764449 75.481729
130.335800 76.053080
130.907151 76.624431
131.478502 77.195782
132.049853 77.767133
132.049853 78.909836
132.621204 79.481187
133.192555 80.052538
133.763906 80.623889
134.335257 81.195240
134.906608 81.766591
134.906608 82.337942
135.477959 82.909293
136.049310 83.480644
136.620661 84.051995
137.192012 85.194697
137.763363 85.766048
138.334715 85.766048
138.906066 85.766048
