118.335333 134.476200
118.335333 134.676717
118.134816 134.877234
118.134816 135.077750
117.934300 135.278267
117.934300 135.478784
117.934300 135.278267
117.934300 135.478784
117.733783 135.679300
117.733783 135.879817
117.533266 136.080334
117.533266 136.280850
117.332750 136.481367
117.332750 136.681884
117.332750 136.882400
117.132233 137.082917
117.132233 137.283434
116.931716 137.483950
116.931716 137.684467
116.931716 137.884984
116.731200 138.085500
116.731200 138.286017
116.731200 138.486534
116.731200 138.286017
116.731200 138.486534
116.530683 138.687050
116.530683 138.887567
116.530683 139.088084
116.330166 139.288600
116.330166 139.489117
116.330166 139.689634
116.330166 139.890150
116.129650 140.090667
116.129650 140.291184
116.129650 140.491700
116.129650 140.692217
115.929133 140.892734
115.929133 141.093250
115.929133 140.892734
115.929133 141.093250
115.929133 140.892734
115.929133 141.093250
115.929133 141.293767
115.929133 141.494284
115.929133 141.694800
115.728616 141.895317
115.728616 142.095834
115.728616 142.296350
115.728616 142.095834
115.728616 142.296350
115.728616 142.095834
115.728616 142.296350
115.728616 142.496867
115.728616 142.697384
115.728616 142.496867
115.728616 142.697384
115.728616 142.897900
115.528100 143.098417
115.528100 143.298934
115.528100 143.098417
115.728616 142.897900
115.728616 142.697384
115.728616 142.496867
115.728616 142.697384
115.728616 142.897900
115.528100 143.098417
115.528100 143.298934
115.528100 143.499450
115.528100 143.699967
115.528100 143.900484
115.528100 144.101001
115.528100 144.301517
115.528100 144.502034
115.528100 144.702551
115.528100 144.903067
115.528100 144.702551
115.528100 144.903067
115.528100 145.103584
115.327583 145.304101
115.327583 145.504617
115.327583 145.304101
115.327583 145.504617
115.327583 145.705134
115.327583 145.905651
115.327583 145.705134
115.327583 145.905651
115.327583 146.106167
115.327583 146.306684
115.327583 146.507201
115.327583 146.306684
115.327583 146.106167
115.327583 145.905651
115.327583 145.705134
115.327583 145.504617
115.327583 145.705134
115.327583 145.905651
115.327583 146.106167
115.327583 146.306684
115.327583 146.507201
115.327583 146.707717
115.327583 146.908234
115.327583 147.108751
115.327583 146.908234
115.327583 147.108751
115.327583 147.309267
115.327583 147.509784
115.327583 147.710301
115.327583 147.910817
115.327583 148.111334
115.327583 148.311851
115.327583 148.111334
115.327583 148.311851
115.528100 148.512367
115.327583 148.712884
115.528100 148.512367
115.528100 148.712884
115.528100 148.913401
115.528100 148.712884
115.528100 148.913401
115.528100 149.113917
115.528100 149.314434
115.528100 149.514951
115.528100 149.314434
115.528100 149.113917
115.528100 149.314434
115.528100 149.514951
115.528100 149.715467
115.528100 149.915984
115.528100 149.715467
115.528100 149.915984
115.528100 150.116501
115.528100 149.915984
115.528100 150.116501
115.528100 150.317017
115.528100 150.116501
115.528100 149.915984
115.528100 149.715467
115.528100 149.514951
115.528100 149.314434
115.528100 149.113917
115.528100 148.913401
115.528100 148.712884
115.528100 148.913401
115.528100 149.113917
115.528100 149.314434
115.528100 149.514951
115.528100 149.715467
115.528100 149.915984
115.528100 150.116501
115.528100 149.915984
115.528100 149.715467
115.528100 149.915984
115.528100 150.116501
115.528100 150.317017
115.528100 150.517534
115.728616 150.718051
115.528100 150.918567
115.728616 151.119084
115.728616 151.319601
115.728616 151.119084
115.728616 150.918567
115.728616 151.119084
115.728616 151.319601
115.728616 151.520117
115.728616 151.720634
115.929133 151.921151
115.929133 152.121667
115.929133 151.921151
115.929133 152.121667
115.929133 152.322184
115.929133 152.121667
115.929133 152.322184
115.929133 152.121667
115.929133 152.322184
115.728616 152.121667
115.929133 151.921151
115.728616 151.720634
115.728616 151.520117
115.728616 151.319601
115.728616 151.119084
115.728616 151.319601
115.728616 151.520117
115.728616 151.720634
115.929133 151.921151
115.929133 152.121667
115.929133 152.322184
115.929133 152.121667
115.929133 152.322184
115.929133 152.522701
115.929133 152.723218
115.929133 152.923734
116.129650 152.923734
115.929133 153.124251
116.129650 152.923734
116.129650 153.124251
116.129650 153.324768
116.129650 153.525284
116.330166 153.725801
116.129650 153.725801
116.330166 153.725801
116.330166 153.926318
116.330166 154.126834
116.330166 154.327351
116.330166 154.126834
116.330166 153.926318
116.330166 153.725801
116.129650 153.525284
116.129650 153.324768
116.129650 153.124251
116.129650 152.923734
116.129650 153.124251
116.129650 153.324768
116.129650 153.525284
116.330166 153.725801
116.330166 153.926318
116.330166 154.126834
116.330166 154.327351
116.530683 154.527868
116.530683 154.728384
116.530683 154.928901
116.731200 155.129418
116.731200 155.329934
116.731200 155.530451
116.931716 155.730968
116.931716 155.931484
116.931716 156.132001
116.931716 155.931484
116.931716 156.132001
117.132233 156.332518
117.132233 156.533034
117.132233 156.332518
117.132233 156.533034
117.132233 156.332518
117.132233 156.533034
117.332750 156.733551
117.332750 156.934068
117.332750 157.134584
117.332750 157.335101
117.533266 157.335101
117.533266 157.535618
117.733783 157.736134
117.733783 157.936651
117.733783 158.137168
117.934300 158.137168
117.934300 158.337684
118.134816 158.538201
118.134816 158.738718
118.335333 158.939234
118.335333 159.139751
118.335333 159.340268
118.535850 159.340268
118.535850 159.540784
118.535850 159.741301
118.736366 159.741301
118.736366 159.941818
118.936883 160.142334
118.936883 160.342851
119.137400 160.342851
119.137400 160.543368
119.337916 160.743884
119.337916 160.944401
119.538433 161.144918
119.738950 161.345434
119.738950 161.545951
119.738950 161.746468
119.939466 161.746468
120.139983 161.946985
120.340500 162.147501
120.340500 162.348018
120.340500 162.548535
120.541017 162.548535
120.741533 162.749051
120.942050 162.949568
120.942050 163.150085
121.142567 163.350601
121.142567 163.551118
121.343083 163.551118
121.543600 163.751635
121.543600 163.952151
121.744117 163.952151
121.744117 164.152668
121.944633 164.152668
122.145150 164.353185
122.345667 164.553701
122.546183 164.754218
122.746700 164.954735
122.947217 165.155251
123.147733 165.355768
123.348250 165.556285
123.548767 165.756801
123.749283 165.957318
123.548767 166.358351
123.348250 166.558868
122.947217 166.759385
122.746700 166.959901
122.546183 167.160418
122.345667 167.360935
122.145150 167.561451
121.944633 167.761968
121.744117 167.962485
121.543600 168.163001
121.343083 168.363518
121.142567 168.564035
120.942050 168.764551
120.741533 169.165585
120.541017 169.366101
120.139983 169.566618
119.939466 169.767135
119.738950 169.967651
119.538433 170.168168
119.337916 170.368685
119.137400 170.569201
118.936883 170.769718
118.736366 170.970235
118.535850 171.170752
118.335333 171.371268
118.134816 171.571785
117.733783 171.571785
117.533266 171.371268
117.332750 171.371268
117.132233 171.170752
116.931716 170.970235
116.530683 170.970235
116.330166 170.769718
116.129650 170.569201
115.929133 170.368685
115.728616 170.368685
115.528100 170.168168
115.127066 169.967651
114.926550 169.767135
114.726033 169.767135
114.525516 169.566618
114.325000 169.366101
114.124483 169.366101
113.923966 169.165585
113.522933 168.965068
113.322416 168.764551
113.121900 168.764551
112.921383 168.564035
112.720866 168.363518
112.520350 168.363518
112.119316 168.163001
111.918800 167.962485
111.718283 167.761968
111.517766 167.761968
111.317250 167.561451
111.116733 167.360935
110.715699 167.360935
110.515183 167.160418
110.314666 166.959901
110.114149 166.759385
109.913633 166.759385
109.713116 166.558868
109.512599 166.358351
109.111566 166.358351
108.911049 166.157835
108.710533 165.957318
108.510016 165.756801
108.309499 165.756801
108.108983 165.556285
107.707949 165.355768
107.507433 165.355768
107.306916 165.155251
107.106399 164.954735
106.905883 164.754218
106.705366 164.754218
106.304333 164.553701
106.103816 164.353185
105.903299 164.152668
105.702783 163.952151
105.502266 163.751635
105.301749 163.551118
105.101233 163.350601
104.900716 163.350601
104.700199 163.150085
104.499683 162.949568
104.299166 162.749051
104.098649 162.548535
103.898133 162.348018
103.497099 162.147501
103.296583 161.946985
103.096066 161.746468
102.895549 161.545951
102.695033 161.345434
102.494516 161.345434
102.293999 161.144918
102.093483 160.944401
101.892966 160.743884
101.692449 160.543368
101.491932 160.342851
101.291416 160.142334
101.090899 159.941818
100.689866 159.741301
100.489349 159.540784
100.288832 159.340268
100.088316 159.340268
99.887799 159.139751
99.687282 158.939234
99.486766 158.738718
99.286249 158.538201
99.286249 158.337684
99.286249 157.936651
99.286249 157.736134
99.286249 157.335101
99.286249 157.134584
99.286249 156.934068
99.286249 156.533034
99.286249 156.332518
99.286249 155.931484
99.286249 155.730968
99.286249 155.530451
99.286249 155.129418
99.286249 154.928901
99.286249 154.527868
99.286249 154.327351
99.286249 154.126834
99.286249 153.725801
99.286249 153.525284
99.286249 153.124251
99.286249 152.923734
99.286249 152.723218
99.286249 152.322184
99.286249 152.121667
99.286249 151.720634
99.286249 151.520117
99.286249 151.319601
99.286249 150.918567
99.286249 150.718051
99.286249 150.317017
99.286249 150.116501
99.286249 149.715467
99.286249 149.514951
99.286249 149.314434
99.286249 149.113917
99.486766 148.913401
99.887799 148.712884
100.088316 148.712884
100.489349 148.512367
100.689866 148.311851
101.090899 148.311851
101.291416 148.111334
101.491932 147.910817
101.892966 147.910817
102.093483 147.710301
102.494516 147.509784
102.695033 147.509784
102.895549 147.309267
103.296583 147.108751
103.497099 147.108751
103.898133 146.908234
104.098649 146.707717
104.299166 146.707717
104.700199 146.507201
104.900716 146.306684
105.301749 146.306684
105.502266 146.106167
105.702783 145.905651
106.103816 145.905651
106.304333 145.705134
106.705366 145.504617
106.905883 145.504617
107.106399 145.304101
107.507433 145.103584
107.707949 145.103584
108.108983 144.903067
108.309499 144.702551
108.510016 144.702551
108.710533 144.502034
108.911049 144.301517
109.111566 144.101001
109.312083 143.699967
109.512599 143.499450
109.713116 143.298934
109.913633 143.098417
110.114149 142.897900
110.114149 142.697384
110.314666 142.496867
110.515183 142.296350
110.715699 142.095834
110.916216 141.895317
111.116733 141.694800
111.317250 141.494284
111.517766 141.293767
111.517766 141.093250
111.718283 140.892734
111.918800 140.692217
112.119316 140.491700
112.319833 140.291184
112.520350 140.090667
112.720866 139.890150
112.921383 139.689634
113.121900 139.288600
113.121900 139.088084
113.322416 138.887567
113.522933 138.687050
113.723450 138.486534
113.923966 138.286017
114.124483 138.085500
114.325000 137.884984
114.525516 137.684467
114.525516 137.483950
114.726033 137.283434
114.926550 137.082917
115.127066 136.882400
115.327583 136.681884
115.528100 136.481367
115.728616 136.280850
115.929133 136.080334
116.129650 135.879817
116.129650 135.679300
116.330166 135.478784
116.530683 135.278267
116.731200 134.877234
116.931716 134.676717
117.132233 134.476200
117.332750 134.275683
117.533266 134.075167
117.733783 134.075167
117.934300 133.874650
118.134816 133.874650
118.335333 133.674133
118.535850 133.674133
118.736366 133.674133
118.936883 133.473617
118.736366 133.674133
118.736366 133.874650
118.535850 134.075167
118.535850 134.275683
118.335333 134.476200
