118.589677 105.494525
118.184702 105.899500
118.184702 106.304475
118.184702 106.709450
118.184702 106.304475
118.184702 106.709450
118.184702 107.114425
118.184702 107.519400
118.184702 107.924375
117.779727 108.329350
117.779727 108.734324
117.779727 109.139299
117.779727 109.544274
117.779727 109.949249
117.779727 110.354224
117.779727 110.759199
117.779727 111.164174
117.779727 111.569149
117.779727 111.974124
117.779727 112.379098
117.779727 112.784073
117.779727 113.189048
117.374752 113.594023
116.969778 113.998998
116.969778 114.403973
116.564803 114.808948
116.159828 115.213923
116.159828 115.618898
115.754853 116.023873
115.349878 116.428847
115.349878 116.833822
114.944903 117.238797
114.944903 117.643772
114.539928 118.048747
114.539928 118.453722
114.134953 118.858697
114.134953 119.263672
113.729978 119.668647
113.729978 120.073621
113.325003 120.478596
113.325003 120.883571
112.920029 121.288546
112.920029 121.693521
112.920029 122.098496
112.515054 122.503471
112.515054 122.908446
112.110079 123.313421
112.110079 123.718396
112.110079 124.123370
111.705104 124.528345
111.705104 124.933320
111.705104 125.338295
111.705104 125.743270
111.300129 126.148245
111.300129 126.553220
111.300129 126.958195
110.895154 127.363170
110.895154 127.768144
110.895154 128.173119
110.895154 128.578094
110.895154 128.983069
110.490179 129.388044
110.490179 129.793019
110.490179 130.197994
110.490179 130.602969
110.085204 131.007944
110.085204 131.412919
110.085204 131.817893
110.085204 132.222868
110.085204 132.627843
109.680229 133.032818
109.680229 133.437793
109.680229 133.842768
109.680229 134.247743
109.680229 134.652718
109.680229 135.057693
109.275255 135.462667
109.275255 135.867642
109.275255 136.272617
109.275255 136.677592
109.275255 137.082567
109.275255 137.487542
109.275255 137.892517
109.275255 138.297492
109.275255 138.702467
109.275255 139.107442
109.275255 139.512416
109.275255 139.917391
109.275255 140.322366
109.275255 140.727341
109.275255 141.132316
109.275255 141.537291
109.275255 141.942266
109.275255 142.347241
109.275255 142.752216
109.275255 143.157190
109.275255 143.562165
109.275255 143.967140
109.275255 144.372115
109.275255 144.777090
109.275255 145.182065
109.275255 145.587040
109.275255 145.992015
109.275255 146.396990
109.275255 146.801965
109.275255 147.206939
109.275255 147.611914
109.275255 148.016889
109.275255 148.421864
109.275255 148.826839
109.275255 149.231814
109.275255 149.636789
109.275255 150.041764
109.275255 150.446739
109.275255 150.851713
109.680229 151.256688
109.680229 151.661663
109.680229 152.066638
109.680229 152.471613
109.680229 152.876588
109.680229 153.281563
110.085204 153.686538
110.085204 154.091513
110.085204 154.496488
110.085204 154.901462
110.085204 155.306437
110.085204 155.711412
110.490179 155.711412
110.085204 156.116387
110.490179 156.521362
110.490179 156.926337
110.895154 157.331312
110.490179 157.736287
110.895154 157.331312
110.895154 157.736287
110.895154 158.141262
110.895154 158.546236
110.895154 158.951211
110.895154 159.356186
111.300129 159.356186
111.300129 159.761161
111.300129 160.166136
111.705104 160.571111
111.300129 160.976086
111.705104 161.381061
111.705104 161.786036
112.110079 162.191011
112.110079 162.595985
112.110079 163.000960
112.110079 163.405935
112.515054 163.405935
112.515054 163.810910
112.515054 164.215885
112.920029 164.215885
112.920029 164.620860
112.920029 165.025835
113.325003 165.430810
113.325003 165.835785
113.325003 166.240759
113.729978 166.240759
113.729978 166.645734
114.134953 167.050709
114.134953 167.455684
114.539928 167.860659
114.539928 168.265634
114.944903 168.670609
114.944903 169.480559
114.539928 169.885534
114.134953 170.290508
113.729978 170.290508
113.325003 170.695483
112.920029 170.695483
112.515054 171.100458
112.110079 171.100458
111.705104 171.100458
111.300129 171.505433
110.895154 171.505433
110.085204 171.910408
109.680229 171.505433
109.275255 171.100458
108.870280 171.100458
108.060330 170.695483
107.655355 170.290508
107.250380 170.290508
106.845405 169.885534
106.035455 169.885534
105.630480 169.480559
105.225506 169.075584
104.415556 169.075584
104.010581 168.670609
103.605606 168.670609
103.200631 168.265634
102.390681 167.860659
101.985706 167.860659
101.580732 167.455684
101.175757 167.455684
100.365807 167.050709
99.960832 166.645734
99.555857 166.645734
99.150882 166.240759
98.340932 165.835785
97.935957 165.835785
97.530983 165.430810
96.721033 165.430810
96.316058 165.025835
95.911083 164.620860
95.506108 164.620860
94.696158 164.215885
94.291183 164.215885
93.886209 163.810910
93.481234 163.405935
92.671284 163.405935
92.266309 163.000960
91.861334 162.595985
91.456359 162.191011
91.051384 162.191011
90.646409 161.786036
89.836460 161.381061
89.431485 160.976086
89.026510 160.976086
88.621535 160.571111
88.216560 160.166136
87.811585 159.761161
87.001635 159.761161
86.596660 159.356186
86.191686 158.951211
85.786711 158.546236
85.381736 158.546236
84.976761 158.141262
84.571786 157.736287
83.761836 157.331312
83.761836 156.926337
83.356861 156.521362
83.356861 156.116387
82.951886 155.711412
82.951886 155.306437
82.546911 154.901462
82.546911 154.496488
82.141937 154.091513
82.141937 153.686538
81.736962 152.876588
81.736962 152.471613
81.331987 152.066638
81.331987 151.661663
80.927012 151.256688
80.927012 150.851713
80.522037 150.446739
80.522037 150.041764
80.117062 149.636789
80.117062 149.231814
79.712087 148.421864
79.712087 148.016889
79.307112 147.611914
79.307112 147.206939
78.902137 146.801965
78.902137 146.396990
78.902137 145.992015
78.497163 145.587040
78.497163 145.182065
78.497163 144.777090
78.497163 144.372115
78.497163 143.967140
78.497163 143.562165
78.497163 143.157190
78.092188 142.752216
78.092188 142.347241
78.092188 141.942266
78.092188 141.537291
78.092188 141.132316
78.092188 140.727341
78.092188 140.322366
77.687213 139.917391
77.687213 139.512416
77.687213 139.107442
77.687213 138.702467
77.687213 137.892517
77.687213 137.487542
77.687213 137.082567
77.687213 136.677592
77.687213 136.272617
77.687213 135.867642
77.687213 135.462667
77.687213 135.057693
78.092188 134.652718
78.092188 133.842768
78.497163 133.437793
78.902137 133.032818
78.902137 132.222868
79.307112 131.817893
79.307112 131.412919
79.712087 130.602969
80.117062 130.197994
80.117062 129.388044
80.522037 128.983069
80.522037 128.578094
80.927012 127.768144
81.331987 127.363170
81.331987 126.958195
81.736962 126.148245
82.141937 125.743270
82.141937 125.338295
82.546911 124.528345
82.546911 124.123370
82.951886 123.718396
83.356861 122.908446
83.356861 122.503471
83.761836 122.098496
83.761836 121.288546
84.166811 120.883571
84.571786 120.478596
84.571786 119.668647
84.976761 119.263672
85.381736 118.453722
85.381736 118.048747
85.786711 117.643772
85.786711 116.833822
86.596660 116.428847
87.001635 116.023873
87.406610 115.618898
87.811585 115.213923
88.216560 114.403973
88.621535 113.998998
89.026510 113.594023
89.836460 113.189048
90.241434 112.784073
90.646409 111.974124
91.051384 111.569149
91.456359 111.164174
91.861334 110.759199
92.266309 110.354224
93.076259 109.544274
93.481234 109.139299
93.886209 108.734324
94.291183 108.329350
94.696158 107.924375
95.101133 107.114425
95.506108 106.709450
96.316058 106.304475
96.721033 105.899500
97.126008 105.494525
97.530983 104.684575
97.935957 104.684575
98.340932 104.279601
98.745907 104.279601
99.150882 104.279601
99.555857 103.874626
99.960832 103.874626
100.365807 103.469651
101.175757 103.469651
101.580732 103.064676
101.985706 103.064676
102.390681 102.659701
102.795656 102.659701
103.200631 102.659701
103.605606 102.254726
104.010581 102.254726
104.415556 101.849751
104.820531 101.849751
105.225506 101.444776
105.630480 101.444776
106.035455 101.039801
106.440430 101.039801
106.845405 100.634827
107.655355 100.634827
108.060330 100.634827
108.465305 100.229852
108.870280 100.229852
109.275255 99.824877
109.680229 99.824877
110.085204 99.419902
110.490179 99.419902
110.895154 99.014927
111.300129 99.014927
111.705104 98.609952
112.110079 98.609952
112.515054 99.014927
112.920029 99.014927
113.325003 99.419902
113.729978 99.824877
114.134953 99.824877
114.134953 100.229852
114.539928 100.229852
114.944903 100.634827
115.349878 100.634827
115.754853 101.039801
116.159828 101.444776
116.564803 101.444776
116.969778 101.849751
117.374752 101.849751
117.779727 102.254726
118.184702 102.254726
118.589677 102.659701
118.994652 102.659701
118.994652 103.064676
118.994652 103.469651
118.994652 103.064676
118.994652 103.469651
118.994652 103.874626
118.589677 104.279601
118.589677 104.684575
118.589677 105.089550
118.589677 105.494525
