115.587407 117.288600
115.930063 117.631256
115.930063 117.973912
115.587407 118.316568
115.587407 118.659225
115.587407 119.001881
115.244750 119.344537
115.244750 119.687193
115.244750 120.029850
115.244750 120.372506
114.902094 120.715162
114.902094 121.057818
114.902094 120.715162
115.244750 120.372506
114.902094 120.715162
114.902094 120.372506
115.244750 120.029850
115.244750 120.372506
115.244750 120.029850
115.244750 120.372506
114.902094 120.715162
114.902094 121.057818
114.902094 120.715162
115.244750 120.372506
114.902094 120.715162
114.902094 121.057818
114.902094 121.400475
114.902094 121.743131
114.902094 121.400475
114.902094 121.057818
114.902094 120.715162
115.244750 120.372506
115.244750 120.029850
115.244750 120.372506
114.902094 120.715162
114.902094 121.057818
114.902094 121.400475
114.902094 121.743131
114.902094 121.400475
114.902094 121.057818
114.902094 120.715162
115.244750 120.372506
115.244750 120.029850
115.244750 119.687193
115.244750 120.029850
115.244750 120.372506
114.902094 120.372506
114.902094 120.715162
114.902094 121.057818
114.902094 121.400475
114.902094 121.743131
114.902094 121.400475
114.902094 121.057818
114.902094 120.715162
115.244750 120.372506
114.902094 120.029850
115.244750 120.372506
114.902094 120.715162
114.902094 120.372506
115.244750 120.029850
115.244750 120.372506
114.902094 120.372506
114.902094 120.715162
114.902094 121.057818
114.902094 120.715162
114.902094 120.372506
115.244750 120.372506
115.244750 120.029850
115.244750 120.372506
114.902094 120.715162
114.902094 121.057818
114.902094 120.715162
114.902094 120.372506
115.244750 120.372506
115.244750 120.029850
115.244750 120.372506
115.244750 120.029850
115.244750 120.372506
114.902094 120.715162
114.902094 121.057818
114.902094 120.715162
114.902094 121.057818
114.902094 121.400475
114.902094 121.057818
114.902094 120.715162
114.902094 120.372506
115.244750 120.372506
114.902094 120.715162
114.902094 121.057818
114.902094 120.715162
114.902094 121.057818
114.902094 121.400475
114.902094 121.743131
114.559438 122.085787
114.559438 122.428443
114.559438 122.771100
114.559438 122.428443
114.559438 122.085787
114.559438 121.743131
114.559438 122.085787
114.559438 122.428443
114.559438 122.771100
114.559438 122.428443
114.559438 122.085787
114.559438 121.743131
114.902094 121.743131
114.559438 122.085787
114.559438 122.428443
114.559438 122.771100
114.559438 123.113756
114.559438 123.456412
114.216782 123.799068
114.216782 124.141725
113.874125 124.484381
113.874125 124.827037
113.874125 125.169693
113.531469 125.512350
113.531469 125.855006
113.531469 126.197662
113.531469 125.855006
113.531469 126.197662
113.188813 126.540318
113.188813 126.882975
113.188813 127.225631
112.846156 127.568287
112.846156 127.910943
112.846156 128.253600
112.846156 128.596256
112.503500 128.938912
112.503500 129.281568
112.503500 129.624225
112.503500 129.966881
112.160844 130.309537
112.160844 130.652193
112.160844 130.994850
112.160844 131.337506
111.818188 131.680162
111.818188 132.022818
111.818188 132.365475
111.818188 132.708131
111.818188 133.050787
111.818188 133.393443
111.475531 133.050787
111.818188 133.393443
111.475531 133.393443
111.818188 133.393443
111.818188 133.050787
111.818188 133.393443
111.475531 133.050787
111.818188 133.393443
111.475531 133.736100
111.475531 134.078756
111.475531 133.736100
111.818188 133.393443
111.475531 133.736100
111.475531 134.078756
111.475531 134.421412
111.475531 134.764068
111.475531 135.106725
111.475531 135.449381
111.475531 135.792037
111.475531 136.134693
111.475531 136.477350
111.132875 136.820006
111.132875 137.162662
111.132875 137.505319
111.132875 137.847975
111.132875 138.190631
111.132875 138.533287
111.132875 138.875944
111.132875 139.218600
111.132875 139.561256
111.132875 139.218600
111.132875 139.561256
111.132875 139.903912
111.132875 140.246569
111.132875 140.589225
111.132875 140.931881
111.132875 141.274537
111.132875 141.617194
111.132875 141.959850
111.132875 142.302506
111.132875 142.645162
111.132875 142.987819
111.132875 143.330475
111.132875 143.673131
111.475531 144.015787
111.475531 144.358444
111.475531 144.701100
111.475531 145.043756
111.475531 145.386412
111.475531 145.729069
111.475531 145.386412
111.475531 145.729069
111.475531 145.386412
111.475531 145.729069
111.475531 146.071725
111.475531 146.414381
111.475531 146.757037
111.475531 147.099694
111.818188 147.099694
111.818188 147.442350
111.818188 147.785006
111.818188 147.442350
111.818188 147.785006
111.818188 147.442350
111.818188 147.785006
111.818188 148.127662
111.818188 148.470319
111.818188 148.812975
112.160844 149.155631
112.160844 149.498287
112.160844 149.840944
112.160844 150.183600
112.160844 150.526256
112.503500 150.526256
112.503500 150.868912
112.503500 151.211569
112.503500 151.554225
112.846156 151.896881
112.846156 152.239537
112.846156 152.582194
112.846156 152.924850
113.188813 153.267506
113.188813 153.610162
113.188813 153.952819
113.188813 154.295475
113.531469 154.295475
113.531469 154.638131
113.531469 154.980787
113.874125 155.323444
113.874125 155.666100
113.874125 156.008756
113.874125 156.351412
114.216782 156.351412
114.216782 156.694069
114.559438 157.036725
114.559438 157.379381
114.559438 157.036725
114.559438 157.379381
114.559438 157.722037
114.902094 157.722037
114.902094 158.064694
114.902094 158.407350
114.902094 158.750006
115.244750 158.750006
115.244750 159.092662
115.244750 159.435319
115.587407 159.435319
115.587407 159.777975
115.587407 160.120631
115.930063 160.120631
115.930063 160.463287
116.272719 160.805944
116.272719 161.148600
116.615375 161.491256
116.615375 161.833912
116.958032 162.176569
117.300688 162.519225
117.300688 162.861881
117.300688 163.204537
117.643344 163.204537
117.643344 163.547194
117.986000 163.889850
117.986000 164.232506
118.328657 164.232506
118.328657 164.575162
118.671313 164.917819
118.671313 165.260475
118.671313 165.603131
118.671313 165.945787
118.671313 165.603131
118.671313 165.945787
118.328657 166.288444
118.328657 166.631100
118.328657 166.973756
117.986000 167.316412
117.986000 167.659069
117.643344 168.001725
117.643344 168.344381
117.643344 168.001725
117.643344 168.344381
117.643344 168.687038
117.643344 169.029694
117.300688 169.372350
117.300688 169.715006
117.300688 170.057663
117.300688 170.400319
116.615375 170.742975
116.272719 170.742975
115.930063 170.742975
115.587407 170.742975
115.244750 170.742975
114.902094 170.742975
114.559438 170.742975
113.874125 170.742975
113.531469 170.742975
113.188813 170.742975
112.846156 170.742975
112.503500 170.742975
112.160844 170.742975
111.818188 170.742975
111.475531 170.742975
110.790219 170.742975
110.447563 170.742975
110.104906 170.742975
109.762250 170.742975
109.419594 170.742975
109.076938 170.742975
108.734281 170.742975
108.391625 170.742975
108.048969 170.742975
107.706313 170.742975
107.363656 170.742975
107.021000 170.742975
106.678344 170.742975
105.993031 170.400319
105.650375 170.057663
104.965063 170.057663
104.622406 169.715006
103.937094 169.372350
103.594438 169.372350
102.909125 169.029694
102.566469 168.687038
102.223813 168.344381
101.538500 168.344381
101.195844 168.001725
100.510531 167.659069
100.167875 167.316412
99.482563 167.316412
99.139906 166.973756
98.454594 166.631100
98.111938 166.631100
97.769281 166.288444
97.083969 165.945787
96.741313 165.603131
96.056000 165.603131
95.713344 165.260475
95.028031 164.917819
94.685375 164.575162
94.000063 164.575162
93.657406 164.232506
92.972094 163.889850
92.629438 163.889850
92.286781 163.547194
91.601469 163.204537
91.258813 162.861881
90.573500 162.861881
90.230844 162.519225
89.888188 162.176569
89.545531 161.833912
89.202875 161.491256
88.860219 161.148600
88.517563 160.805944
88.174906 160.463287
88.174906 160.120631
87.832250 159.777975
87.489594 159.092662
87.146938 158.750006
86.804281 158.407350
86.461625 158.064694
86.118969 157.722037
86.118969 157.379381
85.776313 157.036725
85.433656 156.694069
85.091000 156.351412
84.748344 156.008756
84.405688 155.323444
84.405688 154.980787
84.063031 154.638131
83.720375 154.295475
83.377719 153.952819
83.035063 153.610162
82.692406 153.267506
82.692406 152.924850
82.692406 152.582194
82.692406 152.239537
82.692406 151.554225
82.692406 151.211569
82.692406 150.868912
82.692406 150.526256
82.692406 150.183600
82.692406 149.840944
82.692406 149.498287
82.692406 149.155631
82.692406 148.812975
82.692406 148.470319
82.692406 148.127662
82.692406 147.785006
83.035063 147.442350
83.035063 147.099694
83.035063 146.757037
83.035063 146.414381
83.035063 145.729069
83.035063 145.386412
83.035063 145.043756
83.035063 144.701100
83.035063 144.358444
83.035063 144.015787
83.035063 143.673131
83.035063 143.330475
83.035063 142.987819
83.035063 142.645162
83.035063 142.302506
83.035063 141.959850
83.035063 141.617194
83.035063 141.274537
83.035063 140.931881
83.377719 140.246569
83.377719 139.903912
83.377719 139.561256
83.377719 138.875944
83.377719 138.533287
83.377719 138.190631
83.377719 137.505319
83.377719 137.162662
83.720375 136.820006
83.720375 136.477350
83.720375 135.792037
83.720375 135.449381
83.720375 135.106725
83.720375 134.421412
83.720375 134.078756
83.720375 133.736100
84.063031 133.393443
84.063031 132.708131
84.063031 132.365475
84.063031 132.022818
84.063031 131.337506
84.063031 130.994850
84.063031 130.652193
84.063031 130.309537
84.405688 129.624225
84.405688 129.281568
84.748344 128.938912
85.091000 128.596256
85.091000 127.910943
85.433656 127.568287
85.433656 127.225631
85.776313 126.882975
86.118969 126.197662
86.118969 125.855006
86.461625 125.512350
86.804281 125.169693
86.804281 124.827037
87.146938 124.141725
87.489594 123.799068
87.489594 123.456412
87.832250 123.113756
88.174906 122.428443
88.174906 122.085787
88.517563 121.743131
88.860219 121.400475
88.860219 121.057818
89.202875 120.372506
89.202875 120.029850
89.545531 119.687193
89.888188 119.344537
90.230844 119.001881
90.573500 118.659225
90.916156 118.316568
91.258813 118.316568
91.601469 117.973912
91.944125 117.631256
92.286781 117.631256
92.972094 117.288600
93.314750 116.945943
93.657406 116.603287
94.000063 116.603287
94.342719 116.260631
94.685375 115.917975
95.028031 115.917975
95.370688 115.575318
95.713344 115.232662
96.056000 115.232662
96.741313 114.890006
97.083969 114.547350
97.426625 114.204693
97.769281 114.204693
98.111938 113.862037
98.454594 113.519381
98.797250 113.519381
99.139906 113.176725
99.825219 113.176725
100.167875 113.176725
100.510531 113.176725
101.195844 112.834068
101.538500 112.834068
101.881156 112.834068
102.566469 112.834068
102.909125 112.834068
103.251781 112.834068
103.937094 112.834068
104.279750 112.834068
104.622406 112.834068
105.307719 112.834068
105.650375 112.491412
106.335688 112.491412
106.678344 112.491412
107.021000 112.491412
107.706313 112.491412
108.048969 112.491412
108.391625 112.491412
109.076938 112.491412
109.419594 112.491412
109.762250 112.491412
110.447563 112.491412
110.790219 112.148756
111.132875 112.148756
111.475531 112.491412
111.818188 112.491412
111.818188 112.834068
112.160844 112.834068
112.160844 113.176725
112.160844 112.834068
112.160844 113.176725
112.503500 113.519381
112.846156 113.862037
112.846156 114.204693
112.846156 113.862037
112.846156 114.204693
113.188813 114.547350
113.531469 114.890006
113.874125 115.232662
113.874125 115.575318
114.216782 115.917975
114.216782 116.260631
114.559438 116.260631
114.902094 116.603287
115.244750 116.945943
115.587407 117.288600
