141.493535 91.503633
141.493535 92.160533
141.493535 92.817433
140.836635 92.817433
140.179735 93.474333
139.522835 93.474333
139.522835 94.131233
138.865935 94.788133
138.209035 94.788133
137.552135 95.445033
136.895235 95.445033
136.895235 96.101933
136.238335 96.758833
135.581435 97.415733
134.924535 97.415733
134.924535 98.072633
134.267635 98.729533
133.610735 98.729533
133.610735 99.386433
132.953835 100.043333
132.296935 100.700233
131.640035 100.700233
131.640035 101.357133
130.983134 102.014033
130.326234 102.670933
130.326234 103.327833
129.669334 103.984733
129.012434 104.641633
128.355534 105.298533
128.355534 105.955433
127.698634 106.612333
127.041734 107.269233
127.041734 107.926133
126.384834 108.583033
126.384834 109.239933
125.727934 109.896834
125.727934 110.553734
125.071034 111.210634
125.071034 111.867534
124.414134 112.524434
124.414134 113.181334
123.757234 113.838234
123.757234 114.495134
123.100334 115.152034
123.100334 115.808934
123.100334 116.465834
122.443434 117.122734
122.443434 117.779634
121.786534 118.436534
121.786534 119.093434
121.129634 119.750334
121.129634 120.407234
121.129634 121.064134
120.472734 121.721034
120.472734 122.377934
120.472734 123.034834
119.815834 123.691734
119.815834 124.348634
119.815834 125.005534
119.815834 125.662434
119.158934 126.319334
119.158934 126.976234
119.158934 127.633134
119.158934 128.290034
119.158934 128.946934
118.502034 129.603834
118.502034 130.260734
118.502034 130.917634
118.502034 131.574534
118.502034 132.231434
118.502034 132.888334
118.502034 133.545234
118.502034 134.202134
118.502034 134.859035
118.502034 135.515935
118.502034 136.172835
118.502034 136.829735
118.502034 137.486635
118.502034 138.143535
118.502034 138.800435
118.502034 139.457335
118.502034 140.114235
118.502034 140.771135
118.502034 141.428035
118.502034 142.084935
118.502034 142.741835
118.502034 143.398735
118.502034 144.055635
118.502034 144.712535
119.158934 145.369435
119.158934 146.026335
119.158934 146.683235
119.158934 147.340135
119.158934 147.997035
119.815834 148.653935
119.815834 149.310835
119.815834 149.967735
119.815834 150.624635
120.472734 151.281535
120.472734 151.938435
120.472734 152.595335
121.129634 153.252235
121.129634 153.909135
121.129634 154.566035
121.786534 155.222935
121.786534 155.879835
122.443434 156.536735
122.443434 157.193635
123.100334 157.850535
123.100334 158.507435
123.757234 159.164335
123.757234 159.821236
124.414134 160.478136
124.414134 161.135036
125.071034 161.791936
125.071034 162.448836
125.727934 163.105736
125.727934 163.762636
126.384834 164.419536
127.041734 165.076436
127.041734 165.733336
127.698634 166.390236
127.041734 167.047136
127.041734 167.704036
127.041734 168.360936
127.041734 169.017836
126.384834 170.331636
126.384834 170.988536
126.384834 171.645436
125.727934 172.302336
125.727934 172.959236
125.071034 173.616136
124.414134 174.273036
124.414134 174.929936
123.100334 174.929936
122.443434 174.929936
121.786534 175.586836
121.129634 175.586836
120.472734 175.586836
119.815834 175.586836
119.158934 175.586836
118.502034 175.586836
117.845134 175.586836
117.188234 175.586836
116.531334 176.243736
115.874434 176.243736
115.217534 176.243736
114.560634 176.243736
113.903734 176.243736
113.246834 176.243736
112.589934 176.243736
111.933034 176.243736
111.276134 176.900636
110.619234 176.900636
109.962334 176.243736
109.305434 176.243736
108.648534 176.243736
107.991634 175.586836
107.334734 175.586836
106.020934 175.586836
105.364033 175.586836
104.707133 174.929936
104.050233 174.929936
103.393333 174.929936
102.736433 174.273036
102.079533 174.273036
101.422633 174.273036
100.108833 173.616136
99.451933 173.616136
98.795033 173.616136
98.138133 173.616136
97.481233 172.959236
96.824333 172.959236
96.167433 172.959236
94.853633 172.302336
94.196733 172.302336
93.539833 172.302336
92.882933 171.645436
92.226033 171.645436
91.569133 171.645436
90.912233 171.645436
89.598433 170.988536
88.941533 170.988536
88.284633 170.988536
87.627733 170.331636
86.970833 170.331636
86.313933 170.331636
85.657033 169.674736
84.343233 169.017836
83.686333 169.017836
83.029433 168.360936
82.372533 167.704036
81.715633 167.047136
81.058733 167.047136
79.744932 166.390236
79.088032 165.733336
78.431132 165.733336
77.774232 165.076436
77.117332 164.419536
75.803532 163.762636
75.146632 163.762636
74.489732 163.105736
73.832832 162.448836
73.175932 161.791936
71.862132 161.791936
71.205232 161.135036
70.548332 160.478136
69.891432 159.821236
69.234532 159.821236
68.577632 159.164335
67.263832 158.507435
66.606932 158.507435
65.950032 157.850535
65.293132 157.193635
64.636232 156.536735
63.322432 156.536735
62.665532 155.879835
62.008632 155.222935
61.351732 154.566035
60.694832 154.566035
60.037932 153.909135
59.381032 153.252235
59.381032 152.595335
59.381032 151.938435
58.724132 151.281535
58.724132 149.967735
58.724132 149.310835
58.067232 148.653935
58.067232 147.997035
58.067232 147.340135
57.410332 146.683235
57.410332 146.026335
57.410332 145.369435
56.753432 144.712535
56.753432 144.055635
56.753432 143.398735
56.096532 142.741835
56.096532 142.084935
56.096532 141.428035
55.439631 140.771135
55.439631 140.114235
55.439631 139.457335
54.782731 138.800435
54.782731 138.143535
54.782731 137.486635
54.782731 136.172835
54.782731 135.515935
54.782731 134.859035
54.782731 134.202134
55.439631 132.888334
55.439631 132.231434
55.439631 131.574534
55.439631 130.917634
56.096532 130.260734
56.096532 128.946934
56.096532 128.290034
56.096532 127.633134
56.753432 126.976234
56.753432 126.319334
56.753432 125.005534
56.753432 124.348634
57.410332 123.691734
57.410332 123.034834
57.410332 121.721034
57.410332 121.064134
58.067232 120.407234
58.067232 119.750334
58.067232 119.093434
58.067232 117.779634
58.724132 117.122734
58.724132 116.465834
58.724132 115.808934
58.724132 115.152034
59.381032 113.838234
59.381032 113.181334
59.381032 112.524434
59.381032 111.867534
60.037932 111.210634
60.037932 109.896834
60.694832 109.239933
61.351732 108.583033
61.351732 107.926133
62.008632 106.612333
62.665532 105.955433
63.322432 105.298533
63.979332 104.641633
63.979332 103.327833
64.636232 102.670933
65.293132 102.014033
65.950032 101.357133
66.606932 100.043333
66.606932 99.386433
67.263832 98.729533
67.920732 98.072633
68.577632 96.758833
68.577632 96.101933
69.234532 95.445033
69.891432 94.788133
70.548332 94.131233
71.205232 92.817433
71.205232 92.160533
71.862132 91.503633
72.519032 90.846733
73.175932 89.532933
73.175932 88.876033
73.832832 88.219133
74.489732 87.562233
75.146632 86.248433
75.803532 85.591533
75.803532 84.934633
76.460432 84.277732
77.117332 82.963932
77.774232 82.963932
78.431132 82.307032
79.088032 81.650132
80.401832 80.993232
81.058733 80.336332
81.715633 80.336332
82.372533 79.679432
83.029433 79.022532
83.686333 78.365632
85.000133 77.708732
85.657033 77.708732
86.313933 77.051832
86.970833 76.394932
87.627733 75.738032
88.284633 75.081132
89.598433 75.081132
90.255333 74.424232
90.912233 73.767332
91.569133 73.767332
92.226033 73.110432
92.882933 73.110432
93.539833 72.453532
94.196733 71.796632
94.853633 71.796632
96.167433 71.139732
96.824333 71.139732
97.481233 70.482832
98.138133 70.482832
98.795033 69.825932
99.451933 69.825932
100.108833 69.169032
100.765733 68.512132
101.422633 68.512132
102.736433 67.855232
103.393333 67.855232
104.050233 67.198332
104.707133 67.198332
105.364033 66.541432
106.020934 66.541432
106.677834 65.884532
107.334734 65.227632
107.991634 65.227632
109.305434 64.570732
109.962334 64.570732
110.619234 63.913832
111.276134 63.913832
111.933034 63.256932
112.589934 63.256932
113.246834 62.600032
113.903734 61.943132
115.217534 61.943132
115.874434 61.943132
116.531334 61.943132
117.188234 61.943132
117.845134 61.943132
118.502034 61.943132
119.158934 61.943132
120.472734 61.943132
121.129634 61.943132
121.786534 61.286232
122.443434 61.286232
123.100334 61.286232
123.757234 61.286232
125.071034 61.286232
125.727934 61.286232
126.384834 61.286232
127.041734 61.286232
127.698634 61.286232
128.355534 61.286232
129.012434 61.286232
129.669334 61.943132
130.326234 61.943132
130.983134 62.600032
131.640035 63.256932
132.953835 64.570732
133.610735 65.227632
134.267635 65.884532
134.924535 66.541432
135.581435 67.198332
136.238335 67.855232
137.552135 68.512132
138.209035 69.825932
138.865935 70.482832
139.522835 71.139732
140.179735 71.796632
140.836635 72.453532
142.150435 73.110432
142.807335 74.424232
142.807335 75.081132
143.464235 75.738032
143.464235 76.394932
143.464235 77.051832
143.464235 77.708732
144.121135 78.365632
144.121135 79.022532
144.121135 79.679432
144.121135 80.336332
144.778035 80.993232
144.778035 82.307032
144.778035 82.963932
144.778035 83.620832
144.778035 84.277732
144.121135 84.934633
144.121135 85.591533
143.464235 86.248433
143.464235 86.905333
142.807335 87.562233
142.807335 88.219133
142.807335 88.876033
142.150435 89.532933
142.150435 90.189833
142.150435 90.846733
141.493535 91.503633
