117.055626 107.439378
117.055626 107.835623
117.055626 108.231868
117.055626 108.628113
116.659381 109.024357
116.659381 109.420602
116.263136 109.816847
115.866891 110.213092
115.470646 110.609337
115.074401 111.005582
114.678156 111.401827
114.678156 111.798072
114.281911 112.194317
113.885666 112.590562
113.489421 112.986806
113.489421 113.383051
113.093177 113.779296
112.696932 114.175541
112.696932 114.571786
112.300687 114.968031
111.904442 115.364276
111.904442 115.760521
111.508197 116.156766
111.508197 116.553011
111.111952 116.949255
110.715707 117.345500
110.715707 117.741745
110.319462 118.137990
110.319462 118.534235
109.923217 118.930480
109.923217 119.326725
109.526972 119.722970
109.526972 120.119215
109.130728 120.515460
109.130728 120.911704
108.734483 121.307949
108.734483 121.704194
108.734483 122.100439
108.338238 122.496684
108.338238 122.892929
107.941993 123.289174
107.941993 123.685419
107.941993 124.081664
107.545748 124.477909
107.545748 124.874154
107.545748 125.270398
107.149503 125.666643
107.149503 126.062888
107.149503 126.459133
106.753258 126.855378
106.753258 127.251623
106.753258 127.647868
106.753258 128.044113
106.357013 128.440358
106.357013 128.836603
106.357013 129.232847
106.357013 129.629092
106.357013 130.025337
105.960768 130.421582
105.960768 130.817827
105.960768 131.214072
105.960768 131.610317
105.960768 132.006562
105.960768 132.402807
105.564523 132.799052
105.564523 133.195296
105.564523 133.591541
105.564523 133.987786
105.564523 134.384031
105.564523 134.780276
105.564523 135.176521
105.564523 135.572766
105.564523 135.969011
105.564523 136.365256
105.168278 136.761501
105.168278 137.157745
105.168278 137.553990
105.168278 137.950235
105.168278 138.346480
105.168278 138.742725
105.168278 139.138970
105.168278 139.535215
105.168278 139.931460
105.168278 140.327705
105.168278 140.723950
105.564523 141.120194
105.564523 141.516439
105.564523 141.912684
105.564523 142.308929
105.564523 142.705174
105.564523 143.101419
105.564523 143.497664
105.564523 143.893909
105.564523 144.290154
105.564523 144.686399
105.960768 145.082643
105.960768 145.478888
105.960768 145.875133
105.960768 146.271378
105.960768 146.667623
105.960768 147.063868
105.960768 147.460113
106.357013 147.460113
106.357013 147.856358
106.357013 148.252603
106.357013 148.648848
106.357013 149.045093
106.357013 149.441337
106.753258 149.441337
106.753258 149.837582
106.753258 150.233827
106.753258 150.630072
106.753258 151.026317
107.149503 151.026317
107.149503 151.422562
107.149503 151.026317
107.149503 151.422562
107.149503 151.818807
107.545748 152.215052
107.545748 152.611297
107.545748 153.007542
107.545748 153.403786
107.941993 153.403786
107.941993 153.800031
107.941993 154.196276
108.338238 154.592521
108.338238 154.988766
108.338238 155.385011
108.734483 155.385011
108.734483 155.781256
108.734483 156.177501
109.130728 156.573746
109.130728 156.969991
109.526972 157.366235
109.526972 157.762480
109.526972 158.158725
109.923217 158.158725
109.923217 158.554970
110.319462 158.951215
110.319462 159.347460
110.319462 159.743705
110.715707 159.743705
110.715707 160.139950
111.111952 160.536195
111.111952 160.932440
111.111952 161.328684
111.508197 161.328684
111.508197 161.724929
111.904442 161.724929
111.904442 162.121174
112.300687 162.517419
112.300687 162.913664
112.300687 163.309909
112.696932 163.309909
112.696932 163.706154
113.093177 163.706154
113.093177 164.102399
113.489421 164.498644
113.885666 164.894889
113.885666 165.291133
114.281911 165.687378
114.678156 166.083623
114.678156 166.479868
115.074401 166.876113
115.074401 167.272358
115.470646 167.668603
115.470646 168.064848
115.866891 168.461093
116.263136 168.857338
115.866891 169.253582
115.470646 169.649827
115.074401 170.442317
115.074401 170.838562
114.678156 171.234807
114.281911 171.631052
113.885666 172.027297
113.489421 172.423542
113.093177 172.819787
112.696932 172.819787
112.300687 172.819787
111.904442 172.819787
111.508197 173.216031
111.111952 173.216031
110.715707 173.216031
110.319462 173.216031
109.526972 173.216031
109.130728 173.216031
108.734483 173.216031
108.338238 173.612276
107.941993 173.612276
107.545748 173.612276
107.149503 173.612276
106.753258 173.612276
106.357013 173.612276
105.960768 173.612276
105.564523 174.008521
105.168278 174.008521
104.772034 174.008521
104.375789 174.008521
103.979544 173.612276
103.583299 173.612276
103.187054 173.612276
102.790809 173.612276
102.394564 173.216031
101.998319 173.216031
101.602074 173.216031
101.205829 173.216031
100.809585 173.216031
100.413340 172.819787
100.017095 172.819787
99.620850 172.819787
99.224605 172.819787
98.828360 172.423542
98.432115 172.423542
98.035870 172.423542
97.639625 172.423542
97.243380 172.423542
96.847136 172.027297
96.450891 172.027297
96.054646 172.027297
95.658401 172.027297
95.262156 171.631052
94.865911 171.631052
94.469666 171.631052
94.073421 171.631052
93.677176 171.631052
93.280931 171.234807
92.884687 171.234807
92.488442 171.234807
92.092197 171.234807
91.695952 170.838562
91.299707 170.838562
90.903462 170.838562
90.507217 170.838562
90.110972 170.838562
89.714727 170.442317
89.318482 170.442317
88.922238 170.442317
88.525993 170.442317
88.129748 170.046072
87.733503 170.046072
87.337258 170.046072
86.941013 170.046072
86.544768 170.046072
86.148523 169.649827
85.752278 169.649827
85.356033 169.649827
84.959789 169.649827
84.167299 169.253582
83.771054 168.461093
83.374809 168.064848
82.582319 167.668603
82.186074 167.272358
81.393584 166.876113
80.997340 166.479868
80.601095 166.083623
79.808605 165.687378
79.412360 165.291133
78.619870 164.894889
78.223625 164.498644
77.827380 164.102399
77.034890 163.309909
76.638646 162.913664
76.242401 162.517419
75.449911 162.121174
75.053666 161.724929
74.261176 161.328684
73.864931 160.932440
73.468686 160.536195
72.676197 160.139950
72.279952 159.743705
71.883707 159.347460
71.091217 158.554970
70.694972 158.158725
69.902482 157.762480
69.506237 157.366235
69.109992 156.969991
68.317503 156.573746
67.921258 156.177501
67.128768 155.781256
66.732523 155.385011
66.732523 154.988766
66.732523 154.196276
66.336278 153.800031
66.336278 153.403786
66.336278 153.007542
66.336278 152.611297
66.336278 152.215052
66.336278 151.818807
66.336278 151.422562
66.336278 151.026317
66.336278 150.233827
66.336278 149.837582
66.336278 149.441337
66.336278 149.045093
66.336278 148.648848
66.336278 148.252603
66.336278 147.856358
66.336278 147.460113
66.336278 146.667623
66.336278 146.271378
65.940033 145.875133
65.940033 145.478888
65.940033 145.082643
65.940033 144.686399
65.940033 144.290154
66.336278 143.893909
66.336278 143.101419
66.732523 142.705174
67.128768 142.308929
67.128768 141.516439
67.525013 141.120194
67.525013 140.723950
67.921258 140.327705
68.317503 139.535215
68.317503 139.138970
68.713748 138.742725
68.713748 137.950235
69.109992 137.553990
69.506237 137.157745
69.506237 136.761501
69.902482 135.969011
70.298727 135.572766
70.298727 135.176521
70.694972 134.384031
70.694972 133.987786
71.091217 133.591541
71.487462 133.195296
71.487462 132.402807
71.883707 132.006562
71.883707 131.610317
72.279952 131.214072
72.676197 130.817827
73.072441 130.421582
73.468686 130.025337
73.468686 129.629092
73.864931 129.232847
74.261176 128.836603
74.657421 128.440358
74.657421 128.044113
75.053666 127.647868
75.449911 127.251623
75.846156 126.855378
76.242401 126.459133
76.242401 126.062888
76.638646 125.666643
77.034890 125.270398
77.431135 124.874154
77.431135 124.477909
77.827380 124.081664
78.223625 123.685419
78.619870 123.289174
79.016115 122.892929
79.016115 122.496684
79.412360 122.100439
79.808605 121.704194
80.204850 120.911704
80.601095 120.515460
80.997340 120.119215
81.393584 119.722970
81.789829 119.326725
82.186074 118.930480
82.978564 118.534235
83.374809 118.137990
83.771054 117.741745
84.167299 117.345500
84.563544 116.553011
84.959789 116.156766
85.356033 115.760521
85.752278 115.364276
86.148523 114.968031
86.544768 114.571786
86.941013 114.175541
87.337258 113.779296
88.129748 113.383051
88.525993 113.383051
88.922238 112.986806
89.318482 112.590562
89.714727 112.194317
90.110972 112.194317
90.507217 111.798072
90.903462 111.401827
91.299707 111.005582
91.695952 110.609337
92.092197 110.609337
92.488442 110.213092
92.884687 109.816847
93.677176 109.816847
94.073421 109.420602
94.469666 109.420602
94.865911 109.024357
95.262156 109.024357
95.658401 109.024357
96.054646 108.628113
96.450891 108.628113
96.847136 108.628113
97.243380 108.628113
97.639625 108.628113
98.035870 108.628113
98.432115 108.628113
98.828360 108.628113
99.620850 108.628113
100.017095 108.628113
100.413340 108.628113
101.205829 108.628113
101.602074 108.231868
101.998319 108.231868
102.790809 108.231868
103.187054 108.231868
103.583299 108.231868
103.979544 108.231868
104.772034 108.231868
105.168278 108.231868
105.564523 107.835623
106.357013 107.835623
106.753258 107.835623
107.149503 107.835623
107.545748 107.835623
108.338238 107.835623
108.734483 107.835623
109.130728 107.835623
109.923217 107.439378
110.319462 107.439378
110.715707 107.439378
111.508197 107.439378
111.904442 107.439378
112.300687 107.439378
112.696932 107.439378
113.489421 107.439378
113.885666 107.043133
114.281911 107.043133
115.074401 107.043133
115.470646 107.043133
115.866891 107.043133
116.263136 107.439378
116.659381 107.439378
117.055626 107.439378
