151.023183 88.038561
151.023183 89.199060
150.442933 89.779310
149.862684 90.359559
149.282434 90.359559
148.702185 90.939809
148.121935 90.939809
147.541685 90.939809
147.541685 91.520059
146.961436 91.520059
146.381186 91.520059
145.800936 91.520059
145.800936 92.100308
145.220687 92.100308
144.640437 92.100308
144.640437 92.680558
144.060187 93.260808
143.479938 93.260808
142.899688 93.841057
142.319439 93.841057
141.739189 94.421307
141.158939 94.421307
140.578690 94.421307
140.578690 95.001556
139.998440 95.581806
139.418190 95.581806
138.837941 96.162056
138.257691 96.162056
138.257691 96.742305
137.677441 96.742305
137.677441 97.322555
137.097192 97.322555
136.516942 97.902805
135.936693 98.483054
135.356443 99.063304
134.776193 99.063304
134.776193 99.643554
134.195944 100.223803
133.615694 100.804053
133.035444 100.804053
133.035444 101.384302
132.455195 101.964552
131.874945 102.544802
131.294695 103.125051
130.714446 103.705301
130.134196 104.285551
129.553946 104.865800
128.973697 105.446050
128.393447 106.026300
128.393447 106.606549
127.813198 107.186799
127.232948 107.767049
126.652698 108.347298
126.652698 108.927548
126.072449 109.507797
125.492199 110.088047
125.492199 110.668297
124.911949 111.248546
124.911949 111.828796
124.331700 112.409046
124.331700 112.989295
123.751450 113.569545
123.171200 114.149795
123.171200 114.730044
122.590951 115.310294
122.590951 115.890543
122.590951 116.470793
122.010701 117.051043
122.010701 117.631292
121.430452 118.211542
121.430452 118.791792
120.850202 119.372041
120.850202 119.952291
120.850202 120.532541
120.269952 121.112790
120.269952 121.693040
120.269952 122.273290
119.689703 122.853539
119.689703 123.433789
119.689703 124.014038
119.689703 124.594288
119.109453 125.174538
119.109453 125.754787
119.109453 126.335037
119.109453 126.915287
119.109453 127.495536
118.529203 128.075786
118.529203 128.656036
118.529203 129.236285
118.529203 129.816535
118.529203 130.396784
118.529203 130.977034
118.529203 131.557284
117.948954 132.137533
117.948954 132.717783
117.948954 133.298033
117.948954 133.878282
117.948954 134.458532
117.948954 135.038782
117.948954 135.619031
117.948954 136.199281
117.948954 136.779531
117.948954 137.359780
117.948954 137.940030
117.948954 138.520279
117.948954 139.100529
117.948954 139.680779
117.948954 140.261028
117.948954 140.841278
117.948954 141.421528
117.948954 142.001777
117.948954 142.582027
117.948954 143.162277
117.948954 143.742526
117.948954 144.322776
117.948954 144.903025
117.948954 145.483275
117.948954 146.063525
117.948954 146.643774
117.948954 147.224024
118.529203 147.804274
118.529203 148.384523
118.529203 148.964773
118.529203 149.545023
118.529203 150.125272
118.529203 150.705522
118.529203 151.285772
119.109453 151.866021
119.109453 152.446271
119.109453 153.026520
119.109453 153.606770
119.109453 154.187020
119.109453 154.767269
119.689703 154.767269
119.689703 155.347519
119.689703 155.927769
119.689703 156.508018
119.689703 157.088268
120.269952 157.088268
120.269952 157.668518
120.269952 158.248767
120.850202 158.829017
120.850202 159.409266
120.850202 159.989516
120.850202 160.569766
121.430452 160.569766
121.430452 161.150015
121.430452 161.730265
122.010701 161.730265
122.010701 162.310515
122.590951 162.890764
122.590951 163.471014
122.590951 164.051264
122.590951 164.631513
123.171200 164.631513
123.171200 165.211763
123.751450 165.792012
123.751450 166.372262
124.331700 166.372262
124.331700 166.952512
124.911949 167.532761
124.911949 168.113011
124.911949 168.693261
124.331700 169.273510
123.751450 169.273510
123.171200 169.853760
122.590951 169.853760
122.010701 170.434010
121.430452 170.434010
120.850202 171.014259
120.269952 171.014259
119.689703 171.594509
119.109453 171.594509
118.529203 171.594509
117.948954 171.014259
117.368704 171.014259
116.788454 171.014259
115.627955 170.434010
115.047705 170.434010
114.467456 169.853760
113.887206 169.853760
113.306957 169.853760
112.726707 169.273510
112.146457 169.273510
111.566208 168.693261
110.985958 168.693261
109.825459 168.693261
109.245209 168.113011
108.664959 168.113011
108.084710 167.532761
107.504460 167.532761
106.924211 167.532761
106.343961 166.952512
105.763711 166.952512
104.603212 166.372262
104.022962 166.372262
103.442713 166.372262
102.862463 165.792012
102.282213 165.792012
101.701964 165.211763
101.121714 165.211763
100.541464 165.211763
99.961215 164.631513
98.800716 164.631513
98.220466 164.051264
97.640216 164.051264
97.059967 164.051264
96.479717 163.471014
95.899467 163.471014
95.319218 162.890764
94.738968 162.310515
94.158718 162.310515
93.578469 161.730265
92.998219 161.730265
92.417970 161.150015
91.837720 161.150015
91.257470 160.569766
90.677221 160.569766
90.096971 159.989516
89.516721 159.989516
88.936472 159.409266
88.356222 159.409266
87.775972 158.829017
87.195723 158.829017
86.615473 158.248767
86.035224 158.248767
85.454974 157.668518
84.874724 157.668518
84.294475 157.088268
83.133975 157.088268
82.553726 156.508018
81.973476 156.508018
81.393226 155.927769
80.812977 155.927769
80.232727 155.347519
79.652477 155.347519
79.072228 154.767269
78.491978 154.767269
77.911729 154.187020
77.331479 154.187020
76.751229 153.606770
76.170980 153.606770
75.590730 153.606770
75.010480 153.606770
74.430231 153.026520
73.849981 152.446271
73.269731 151.866021
72.689482 151.285772
72.109232 150.125272
71.528983 149.545023
71.528983 148.964773
70.948733 148.384523
70.368483 147.804274
69.788234 147.224024
69.207984 146.643774
68.627734 146.063525
68.047485 144.903025
67.467235 144.322776
66.886985 143.742526
66.886985 143.162277
66.886985 142.582027
66.886985 142.001777
66.886985 141.421528
66.886985 140.841278
66.886985 140.261028
66.886985 139.680779
66.886985 139.100529
66.886985 138.520279
66.886985 137.940030
66.886985 137.359780
66.886985 136.779531
66.886985 136.199281
66.886985 135.619031
66.886985 134.458532
66.886985 133.878282
66.886985 133.298033
66.886985 132.717783
66.886985 132.137533
66.886985 131.557284
67.467235 130.977034
67.467235 130.396784
67.467235 129.816535
67.467235 128.656036
67.467235 128.075786
67.467235 127.495536
67.467235 126.915287
68.047485 125.754787
68.047485 125.174538
68.047485 124.594288
68.047485 124.014038
68.047485 122.853539
68.047485 122.273290
68.047485 121.693040
68.627734 121.112790
68.627734 120.532541
68.627734 119.372041
68.627734 118.791792
68.627734 118.211542
68.627734 117.631292
68.627734 116.470793
69.207984 115.890543
69.207984 115.310294
69.207984 114.730044
69.207984 113.569545
69.207984 112.989295
69.207984 112.409046
69.207984 111.828796
69.788234 111.248546
69.788234 110.088047
69.788234 109.507797
69.788234 108.927548
69.788234 108.347298
70.368483 107.186799
70.948733 106.606549
70.948733 106.026300
71.528983 105.446050
72.109232 104.865800
72.109232 104.285551
72.689482 103.125051
73.269731 102.544802
73.269731 101.964552
73.849981 101.384302
74.430231 100.804053
74.430231 99.643554
75.010480 99.063304
75.590730 98.483054
75.590730 97.902805
76.170980 97.322555
76.751229 96.742305
77.331479 95.581806
77.331479 95.001556
77.911729 94.421307
78.491978 93.841057
78.491978 93.260808
79.072228 92.100308
79.652477 91.520059
79.652477 90.939809
80.232727 90.359559
80.812977 89.779310
81.393226 89.199060
81.973476 89.199060
82.553726 88.618810
83.714225 88.038561
84.294475 87.458311
84.874724 86.878062
85.454974 86.297812
86.035224 85.717562
86.615473 85.137313
87.195723 85.137313
87.775972 84.557063
88.356222 83.976813
88.936472 83.396564
89.516721 82.816314
90.096971 82.236064
90.677221 81.655815
91.257470 81.075565
91.837720 81.075565
92.417970 80.495315
92.998219 79.915066
93.578469 79.334816
94.158718 78.754567
94.738968 78.174317
95.319218 78.174317
95.899467 77.594067
96.479717 77.594067
97.059967 77.594067
97.640216 77.013818
98.220466 77.013818
98.800716 77.013818
99.380965 76.433568
99.961215 76.433568
100.541464 75.853318
101.121714 75.853318
101.701964 75.853318
102.282213 75.273069
102.862463 75.273069
103.442713 74.692819
104.022962 74.692819
104.603212 74.692819
105.183462 74.112569
105.763711 74.112569
106.343961 74.112569
106.924211 74.112569
108.084710 74.112569
108.664959 74.112569
109.245209 74.112569
110.405708 74.112569
110.985958 74.692819
111.566208 74.692819
112.146457 74.692819
113.306957 74.692819
113.887206 74.692819
114.467456 74.692819
115.627955 75.273069
116.208205 75.273069
116.788454 75.273069
117.368704 75.273069
118.529203 75.273069
119.109453 75.273069
119.689703 75.853318
120.850202 75.853318
121.430452 75.853318
122.010701 75.853318
122.590951 75.853318
123.751450 76.433568
124.331700 76.433568
124.911949 76.433568
126.072449 76.433568
126.652698 76.433568
127.232948 76.433568
127.813198 77.013818
128.973697 77.013818
129.553946 77.013818
130.134196 77.013818
131.294695 77.013818
131.874945 77.594067
132.455195 77.594067
133.035444 77.594067
133.615694 78.174317
134.195944 78.174317
134.776193 78.754567
135.356443 78.754567
135.936693 78.754567
136.516942 79.334816
137.677441 79.334816
138.257691 79.915066
138.837941 79.915066
139.418190 80.495315
140.578690 80.495315
141.158939 80.495315
141.739189 81.075565
142.319439 81.075565
143.479938 81.655815
144.060187 81.655815
144.640437 82.236064
145.220687 82.236064
146.381186 82.236064
146.961436 82.816314
147.541685 82.816314
148.121935 83.396564
148.702185 83.396564
149.282434 83.976813
149.862684 84.557063
150.442933 84.557063
151.023183 85.137313
151.603433 85.717562
152.183682 86.297812
151.603433 86.878062
151.603433 87.458311
151.023183 88.038561
