163.671802 79.987162
163.671802 80.779302
163.671802 81.571442
163.671802 82.363581
163.671802 83.155721
162.879662 83.947861
162.879662 84.740001
162.087522 84.740001
161.295383 84.740001
160.503243 85.532140
159.711103 85.532140
158.918963 85.532140
158.126824 85.532140
158.126824 86.324280
157.334684 86.324280
156.542544 86.324280
155.750404 87.116420
154.958265 87.116420
154.166125 87.908560
153.373985 87.908560
152.581845 88.700699
151.789706 88.700699
150.997566 88.700699
150.997566 89.492839
150.205426 89.492839
149.413286 90.284979
148.621147 90.284979
147.829007 90.284979
147.829007 91.077119
147.036867 91.077119
146.244727 91.077119
146.244727 91.869258
145.452588 92.661398
144.660448 92.661398
143.868308 92.661398
143.868308 93.453538
143.076168 93.453538
143.076168 94.245678
142.284029 95.037817
141.491889 95.037817
140.699749 95.829957
139.907609 96.622097
139.115470 97.414237
138.323330 98.206376
137.531190 98.998516
136.739050 99.790656
135.946911 100.582796
135.154771 101.374935
134.362631 102.167075
133.570491 102.959215
132.778352 103.751355
132.778352 104.543494
131.986212 105.335634
131.194072 106.127774
130.401932 106.919914
130.401932 107.712053
129.609793 108.504193
128.817653 109.296333
128.817653 110.088473
128.025513 110.880612
128.025513 111.672752
127.233373 112.464892
127.233373 113.257032
126.441234 114.049171
126.441234 114.841311
125.649094 115.633451
125.649094 116.425591
124.856954 117.217730
124.856954 118.009870
124.856954 118.802010
124.064814 119.594150
124.064814 120.386289
124.064814 121.178429
123.272675 121.970569
123.272675 122.762709
123.272675 123.554848
123.272675 124.346988
123.272675 125.139128
122.480535 125.931268
122.480535 126.723407
122.480535 127.515547
122.480535 128.307687
122.480535 129.099827
122.480535 129.891966
121.688395 130.684106
121.688395 131.476246
121.688395 132.268385
121.688395 133.060525
121.688395 133.852665
121.688395 134.644805
121.688395 135.436944
121.688395 136.229084
121.688395 137.021224
121.688395 137.813364
121.688395 138.605503
121.688395 139.397643
121.688395 140.189783
121.688395 140.981923
121.688395 141.774062
121.688395 142.566202
121.688395 143.358342
121.688395 144.150482
121.688395 144.942621
121.688395 145.734761
122.480535 146.526901
122.480535 147.319041
122.480535 148.111180
122.480535 148.903320
122.480535 149.695460
122.480535 150.487600
122.480535 151.279739
122.480535 152.071879
122.480535 152.864019
122.480535 153.656159
122.480535 154.448298
122.480535 155.240438
122.480535 156.032578
121.688395 156.824718
121.688395 157.616857
121.688395 158.408997
121.688395 159.201137
121.688395 159.993277
121.688395 160.785416
121.688395 161.577556
121.688395 162.369696
121.688395 163.161836
122.480535 163.161836
122.480535 163.953975
122.480535 164.746115
122.480535 165.538255
122.480535 166.330395
122.480535 167.122534
122.480535 167.914674
122.480535 168.706814
123.272675 169.498954
123.272675 170.291093
122.480535 171.083233
121.688395 171.083233
120.896255 171.875373
120.104116 171.875373
119.311976 171.875373
118.519836 172.667513
116.935557 172.667513
116.143417 172.667513
115.351277 173.459652
114.559137 173.459652
113.766998 174.251792
112.974858 174.251792
112.182718 174.251792
110.598439 175.043932
109.806299 175.043932
109.014159 175.043932
108.222019 175.836072
107.429880 175.043932
106.637740 175.043932
105.053460 175.043932
104.261321 175.043932
103.469181 175.043932
102.677041 174.251792
101.092762 174.251792
100.300622 174.251792
99.508482 174.251792
98.716342 174.251792
97.924203 173.459652
96.339923 173.459652
95.547783 173.459652
94.755644 173.459652
93.963504 172.667513
92.379224 172.667513
91.587085 172.667513
90.794945 172.667513
90.002805 172.667513
89.210665 171.875373
88.418526 171.875373
87.626386 171.083233
86.834246 170.291093
86.042106 170.291093
84.457827 169.498954
83.665687 169.498954
82.873547 168.706814
82.081408 167.914674
81.289268 167.914674
80.497128 167.122534
79.704988 167.122534
78.912849 166.330395
78.120709 165.538255
77.328569 165.538255
76.536430 164.746115
75.744290 164.746115
74.952150 163.953975
74.160010 163.161836
73.367871 163.161836
72.575731 162.369696
71.783591 162.369696
70.991451 161.577556
70.199312 160.785416
69.407172 160.785416
68.615032 159.993277
67.030753 159.993277
66.238613 159.201137
65.446473 158.408997
64.654333 158.408997
63.862194 157.616857
63.070054 156.824718
62.277914 156.824718
61.485774 156.032578
60.693635 155.240438
59.901495 154.448298
59.109355 153.656159
59.109355 152.864019
58.317215 152.071879
57.525076 151.279739
56.732936 149.695460
55.940796 148.903320
55.148656 148.111180
54.356517 147.319041
53.564377 146.526901
52.772237 145.734761
52.772237 144.942621
52.772237 144.150482
51.980097 143.358342
51.980097 141.774062
51.980097 140.981923
51.187958 140.189783
51.187958 139.397643
51.187958 138.605503
50.395818 137.813364
50.395818 136.229084
50.395818 135.436944
49.603678 134.644805
49.603678 133.852665
49.603678 133.060525
48.811538 132.268385
48.811538 131.476246
48.811538 129.891966
48.811538 129.099827
48.019399 128.307687
48.019399 127.515547
48.019399 126.723407
48.019399 125.931268
48.019399 125.139128
48.019399 124.346988
48.019399 123.554848
48.019399 122.762709
48.019399 121.970569
48.019399 121.178429
48.019399 120.386289
48.019399 119.594150
48.019399 118.802010
48.019399 118.009870
48.019399 117.217730
48.019399 116.425591
48.019399 115.633451
48.019399 114.841311
48.019399 114.049171
48.019399 113.257032
48.019399 112.464892
48.019399 111.672752
48.019399 110.088473
48.019399 109.296333
48.019399 108.504193
48.811538 107.712053
48.811538 106.919914
48.811538 106.127774
49.603678 105.335634
49.603678 104.543494
49.603678 102.959215
49.603678 102.167075
50.395818 101.374935
50.395818 100.582796
50.395818 99.790656
51.187958 98.998516
51.187958 98.206376
51.187958 97.414237
51.980097 95.829957
51.980097 95.037817
52.772237 94.245678
52.772237 93.453538
53.564377 92.661398
54.356517 91.869258
54.356517 91.077119
55.148656 89.492839
55.940796 88.700699
55.940796 87.908560
56.732936 87.116420
56.732936 86.324280
57.525076 85.532140
58.317215 84.740001
58.317215 83.947861
59.109355 82.363581
59.901495 81.571442
59.901495 80.779302
59.901495 79.987162
59.901495 79.195022
59.901495 78.402883
60.693635 77.610743
61.485774 76.818603
62.277914 76.818603
63.070054 76.026463
63.862194 75.234324
64.654333 74.442184
65.446473 74.442184
66.238613 73.650044
67.030753 72.857904
67.822892 72.065765
68.615032 72.065765
69.407172 71.273625
70.199312 70.481485
71.783591 69.689345
72.575731 69.689345
73.367871 68.897206
74.160010 68.105066
74.952150 67.312926
75.744290 67.312926
76.536430 66.520786
77.328569 65.728647
78.120709 64.936507
78.912849 64.936507
79.704988 64.144367
80.497128 63.352227
81.289268 62.560088
82.081408 61.767948
82.873547 60.975808
83.665687 60.975808
84.457827 60.183668
85.249967 59.391529
86.042106 58.599389
86.834246 57.807249
87.626386 57.015109
88.418526 57.015109
89.210665 56.222970
90.002805 55.430830
90.794945 54.638690
91.587085 53.846550
92.379224 53.054411
93.171364 53.054411
93.963504 52.262271
94.755644 51.470131
95.547783 50.677991
96.339923 49.885852
97.132063 49.885852
98.716342 49.093712
99.508482 49.093712
100.300622 48.301572
101.092762 48.301572
101.884901 47.509432
103.469181 47.509432
104.261321 46.717293
105.053460 46.717293
105.845600 45.925153
107.429880 45.925153
108.222019 45.133013
109.014159 44.340873
109.806299 44.340873
110.598439 43.548734
112.182718 43.548734
112.974858 42.756594
113.766998 42.756594
114.559137 41.964454
116.143417 41.964454
116.935557 41.964454
117.727696 41.172314
118.519836 41.172314
119.311976 41.172314
120.104116 41.172314
120.896255 41.172314
121.688395 40.380175
122.480535 40.380175
123.272675 40.380175
124.064814 40.380175
124.856954 40.380175
125.649094 40.380175
126.441234 40.380175
128.025513 40.380175
128.817653 40.380175
129.609793 40.380175
130.401932 40.380175
131.194072 40.380175
131.986212 41.172314
132.778352 41.172314
133.570491 41.172314
134.362631 41.172314
135.946911 41.172314
136.739050 41.172314
137.531190 41.172314
138.323330 41.172314
139.115470 41.172314
139.907609 41.172314
140.699749 41.964454
141.491889 41.964454
143.076168 41.964454
143.868308 41.964454
144.660448 41.964454
145.452588 42.756594
146.244727 42.756594
147.036867 43.548734
147.829007 43.548734
148.621147 43.548734
149.413286 44.340873
150.997566 44.340873
151.789706 45.133013
152.581845 45.133013
153.373985 45.133013
154.166125 45.925153
154.958265 46.717293
154.958265 47.509432
155.750404 48.301572
156.542544 49.093712
156.542544 49.885852
157.334684 50.677991
158.126824 52.262271
158.126824 53.054411
158.918963 53.846550
159.711103 54.638690
160.503243 55.430830
161.295383 56.222970
161.295383 57.015109
162.087522 57.807249
162.879662 58.599389
163.671802 59.391529
164.463942 60.183668
164.463942 60.975808
165.256081 61.767948
165.256081 62.560088
165.256081 63.352227
166.048221 64.144367
166.048221 64.936507
166.048221 65.728647
166.048221 66.520786
166.048221 67.312926
166.048221 68.105066
166.048221 68.897206
166.048221 69.689345
166.048221 70.481485
166.048221 71.273625
166.048221 72.065765
166.048221 72.857904
166.048221 73.650044
166.048221 74.442184
166.048221 75.234324
166.048221 76.026463
166.048221 76.818603
165.256081 77.610743
164.463942 78.402883
164.463942 79.195022
163.671802 79.987162
