121.447680 110.495965
121.447680 110.908844
121.447680 111.321723
121.447680 111.734602
121.034801 112.147481
121.034801 112.560360
120.621922 112.973239
120.621922 113.386118
120.209043 113.798997
120.209043 114.211876
120.209043 114.624755
119.796164 115.037634
119.796164 115.450513
119.796164 115.863392
119.383285 116.276271
119.383285 116.689150
119.383285 117.102029
119.383285 117.514908
118.970406 117.927787
118.970406 118.340666
118.970406 118.753545
118.970406 119.166424
118.970406 119.579303
118.557527 119.992182
118.557527 120.405061
118.557527 120.817940
118.557527 121.230819
118.557527 121.643698
118.144648 122.056577
118.144648 122.469456
117.731769 122.882335
117.731769 123.295214
117.318890 123.708093
117.318890 124.120972
116.906011 124.533851
116.906011 124.946730
116.493132 125.359609
116.493132 125.772488
116.080253 126.185367
116.080253 126.598246
115.667374 127.011125
115.667374 127.424004
115.667374 127.836883
115.254495 128.249762
115.254495 128.662641
115.254495 129.075520
114.841616 129.488399
114.841616 129.901278
114.841616 130.314157
114.841616 130.727036
114.428737 131.139915
114.428737 131.552794
114.428737 131.965673
114.428737 132.378552
114.428737 132.791431
114.015858 133.204310
114.015858 133.617189
114.015858 134.030068
114.015858 134.442947
114.015858 134.855826
114.015858 135.268705
114.015858 135.681584
113.602979 136.094463
113.602979 136.507342
113.602979 136.920221
113.602979 137.333100
113.602979 137.745979
113.602979 138.158858
113.602979 138.571737
113.602979 138.984616
113.602979 139.397495
113.602979 139.810374
113.602979 140.223253
113.602979 140.636132
113.602979 141.049011
113.602979 141.461890
113.602979 141.874769
113.602979 142.287648
113.602979 142.700527
114.015858 143.113406
114.015858 143.526285
114.015858 143.939164
114.015858 144.352044
114.015858 144.764923
114.015858 145.177802
114.015858 145.590681
114.015858 145.177802
114.015858 145.590681
114.428737 146.003560
114.428737 146.416439
114.428737 146.829318
114.428737 147.242197
114.428737 147.655076
114.428737 148.067955
114.841616 148.067955
114.841616 148.480834
114.841616 148.893713
114.841616 149.306592
114.841616 149.719471
115.254495 149.719471
115.254495 150.132350
115.254495 150.545229
115.254495 150.958108
115.667374 150.958108
115.667374 151.370987
115.667374 151.783866
115.667374 152.196745
116.080253 152.196745
116.080253 152.609624
116.080253 153.022503
116.080253 153.435382
116.493132 153.435382
116.493132 153.848261
116.493132 154.261140
116.906011 154.261140
116.906011 154.674019
116.906011 155.086898
117.318890 155.086898
117.318890 155.499777
117.318890 155.912656
117.731769 155.912656
117.731769 156.325535
117.731769 156.738414
118.144648 156.738414
118.144648 157.151293
118.144648 157.564172
118.557527 157.564172
118.557527 157.977051
118.557527 158.389930
118.970406 158.389930
118.970406 158.802809
118.970406 159.215688
119.383285 159.215688
119.796164 159.628567
119.796164 160.041446
120.209043 160.454325
120.621922 160.867204
121.034801 161.280083
121.034801 161.692962
121.447680 162.105841
121.860559 162.518720
121.860559 162.931599
122.273438 163.344478
122.273438 163.757357
122.273438 164.583115
122.273438 164.995994
122.273438 165.408873
122.273438 166.234631
122.273438 166.647510
122.273438 167.473268
122.273438 167.886147
122.273438 168.711905
122.273438 169.124784
122.273438 169.950542
122.273438 170.363421
122.273438 170.776300
122.273438 171.602058
122.273438 172.014937
122.273438 172.840695
122.273438 173.253574
122.273438 174.079332
122.273438 174.492211
121.860559 174.905090
121.447680 175.317969
121.034801 175.730848
120.621922 176.143727
120.621922 176.556606
119.796164 176.556606
119.383285 176.556606
118.970406 176.556606
118.557527 176.969485
118.144648 176.969485
117.731769 176.969485
117.318890 176.969485
116.906011 176.969485
116.493132 176.969485
116.080253 176.969485
115.667374 176.969485
115.254495 176.969485
114.841616 176.969485
114.428737 176.969485
114.015858 176.969485
113.602979 176.969485
113.190100 176.969485
112.777221 176.969485
112.364342 176.969485
111.951463 176.969485
111.538584 176.969485
111.125705 176.969485
110.712826 176.969485
110.299947 176.969485
109.887068 176.969485
109.474189 176.969485
109.061310 176.969485
108.648431 176.969485
108.235552 177.382364
107.822673 177.382364
107.409794 177.382364
106.996915 177.382364
106.584036 177.382364
106.171157 176.969485
105.758278 176.969485
104.932520 176.556606
104.519641 176.556606
104.106762 176.143727
103.281004 175.730848
102.868125 175.730848
102.455246 175.317969
101.629488 174.905090
101.216609 174.905090
100.803730 174.492211
100.390851 174.079332
99.565093 174.079332
99.152214 173.666453
98.739335 173.253574
97.913577 173.253574
97.500698 172.840695
97.087819 172.840695
96.262061 172.427816
95.849182 172.014937
95.436303 172.014937
94.610545 171.602058
94.197666 171.189179
93.784787 171.189179
92.959029 170.776300
92.546150 170.363421
92.133271 170.363421
91.307513 169.950542
90.894634 169.537663
90.481755 169.537663
89.655997 169.124784
89.243118 169.124784
88.830239 168.711905
88.004481 168.299026
87.591602 167.886147
87.178723 167.473268
86.765844 167.060389
86.352965 166.647510
85.940086 166.234631
85.527207 165.821752
85.114328 165.408873
84.701449 164.995994
84.288570 164.583115
83.875691 164.170236
83.462812 163.344478
83.049933 162.931599
82.637054 162.518720
82.224175 162.105841
81.811296 161.692962
81.398416 161.280083
80.985537 160.867204
80.572658 160.454325
80.159779 160.041446
79.746900 159.628567
79.746900 159.215688
79.746900 158.802809
79.334021 158.389930
79.334021 157.977051
79.334021 157.151293
78.921142 156.738414
78.921142 156.325535
78.921142 155.912656
78.508263 155.499777
78.508263 155.086898
78.508263 154.674019
78.095384 154.261140
78.095384 153.848261
78.095384 153.435382
77.682505 153.022503
77.682505 152.609624
77.682505 151.783866
77.269626 151.370987
77.269626 150.958108
77.269626 150.545229
77.269626 150.132350
76.856747 149.719471
76.856747 149.306592
76.856747 148.893713
76.443868 148.480834
76.443868 148.067955
76.443868 147.655076
76.030989 146.829318
76.030989 146.416439
76.030989 146.003560
75.618110 145.590681
75.618110 145.177802
75.618110 144.764923
75.618110 144.352044
75.618110 143.526285
75.618110 143.113406
76.030989 142.287648
76.030989 141.874769
76.030989 141.049011
76.030989 140.636132
76.443868 139.810374
76.443868 139.397495
76.443868 138.571737
76.856747 138.158858
76.856747 137.333100
76.856747 136.920221
76.856747 136.094463
77.269626 135.681584
77.269626 134.855826
77.269626 134.442947
77.682505 133.617189
77.682505 133.204310
77.682505 132.378552
77.682505 131.965673
78.095384 131.139915
78.095384 130.727036
78.095384 130.314157
78.095384 129.488399
78.508263 129.075520
78.508263 128.249762
78.508263 127.836883
78.921142 127.011125
78.921142 126.598246
78.921142 125.772488
78.921142 125.359609
79.334021 124.533851
79.334021 124.120972
79.746900 123.708093
79.746900 123.295214
80.159779 122.882335
80.159779 122.469456
80.159779 122.056577
80.572658 121.643698
80.572658 120.817940
80.985537 120.405061
80.985537 119.992182
81.398416 119.579303
81.398416 119.166424
81.811296 118.753545
81.811296 118.340666
82.224175 117.927787
82.224175 117.514908
82.637054 117.102029
82.637054 116.689150
83.049933 116.276271
83.049933 115.863392
83.462812 115.450513
83.462812 115.037634
83.875691 114.624755
83.875691 114.211876
84.288570 113.798997
84.288570 113.386118
84.701449 112.973239
84.701449 112.560360
85.114328 112.147481
85.114328 111.734602
85.527207 110.908844
85.527207 110.495965
85.940086 110.083086
85.940086 109.670207
86.352965 109.670207
86.765844 109.257328
87.178723 109.257328
87.591602 108.844449
88.004481 108.844449
88.417360 108.431570
89.243118 108.431570
89.655997 108.018691
90.068876 108.018691
90.481755 108.018691
90.894634 107.605812
91.307513 107.605812
91.720392 107.192933
92.133271 107.192933
92.546150 107.192933
93.371908 106.780054
93.784787 106.780054
94.197666 106.367175
94.610545 106.367175
95.023424 106.367175
95.436303 105.954296
95.849182 105.954296
96.262061 105.954296
97.087819 105.541417
97.500698 105.541417
97.913577 105.541417
98.326456 105.128538
98.739335 105.128538
99.152214 105.128538
99.565093 105.128538
99.977972 105.128538
100.390851 104.715659
100.803730 104.715659
101.216609 104.715659
101.629488 104.715659
102.042367 104.715659
102.455246 104.715659
102.868125 104.715659
103.281004 104.715659
103.693883 104.715659
104.106762 104.715659
104.932520 104.715659
105.345399 104.715659
105.758278 104.715659
106.171157 104.715659
106.584036 104.715659
106.996915 104.302780
107.409794 104.302780
107.822673 104.302780
108.235552 104.302780
108.648431 104.302780
109.061310 104.302780
109.474189 104.302780
109.887068 104.302780
110.299947 104.302780
111.125705 104.302780
111.538584 104.302780
111.951463 104.302780
112.364342 104.302780
112.777221 104.302780
113.190100 104.302780
113.602979 104.302780
114.015858 104.302780
114.428737 104.302780
114.841616 104.302780
115.254495 104.302780
115.667374 104.302780
116.080253 104.302780
116.493132 104.302780
116.906011 104.715659
117.318890 104.715659
117.731769 104.715659
118.144648 104.715659
118.557527 104.715659
118.970406 104.715659
119.383285 104.715659
119.796164 104.715659
120.209043 105.128538
120.209043 105.541417
120.621922 105.954296
120.621922 106.367175
120.621922 106.780054
120.621922 107.192933
120.621922 107.605812
121.034801 108.018691
121.034801 108.844449
121.034801 109.257328
121.034801 109.670207
121.447680 110.083086
121.447680 110.495965
