91.477024 61.061885
92.131334 61.716194
92.131334 62.370504
92.785643 63.024813
92.785643 63.679123
93.439953 64.333432
93.439953 64.987742
93.439953 65.642051
94.094262 66.296361
94.094262 66.950670
94.094262 67.604980
94.748572 68.259290
94.748572 68.913599
94.748572 69.567909
94.748572 70.222218
94.748572 70.876528
94.748572 71.530837
94.748572 72.185147
94.748572 72.839456
94.748572 73.493766
95.402881 74.148075
95.402881 74.802385
95.402881 75.456694
95.402881 76.111004
95.402881 76.765314
95.402881 77.419623
95.402881 78.073933
95.402881 78.728242
95.402881 79.382552
95.402881 80.036861
96.057191 81.345480
96.057191 81.999790
96.057191 82.654099
96.057191 83.308409
96.057191 83.962718
96.057191 84.617028
96.711500 85.271338
96.711500 85.925647
96.711500 86.579957
97.365810 87.234266
97.365810 87.888576
97.365810 88.542885
98.020119 89.197195
98.020119 89.851504
98.020119 90.505814
98.674429 91.160123
98.674429 91.814433
99.328739 92.468742
99.328739 93.123052
99.983048 93.777362
99.983048 94.431671
100.637358 95.085981
101.291667 95.740290
101.291667 96.394600
101.945977 97.048909
102.600286 97.703219
102.600286 98.357528
103.254596 99.011838
103.908905 99.666147
104.563215 100.320457
105.217524 100.974766
105.217524 101.629076
105.871834 102.283386
106.526143 102.937695
107.180453 103.592005
107.834763 104.246314
108.489072 104.900624
109.143382 105.554933
109.797691 106.209243
110.452001 106.863552
111.106310 107.517862
111.760620 108.172171
112.414929 108.826481
113.069239 109.480790
113.723548 110.135100
114.377858 110.789410
115.032167 111.443719
115.686477 112.098029
116.340787 112.752338
116.995096 112.752338
117.649406 113.406648
118.303715 114.060957
118.958025 114.715267
119.612334 114.715267
120.266644 115.369576
120.920953 116.023886
121.575263 116.678195
122.229572 116.678195
122.883882 117.332505
123.538191 117.332505
124.192501 117.986814
125.501120 118.641124
126.155430 118.641124
126.809739 119.295434
127.464049 119.949743
128.118358 119.949743
128.772668 120.604053
129.426977 120.604053
130.081287 121.258362
130.735596 121.912672
131.389906 121.912672
132.044215 122.566981
132.698525 122.566981
133.352835 123.221291
134.007144 123.875600
134.661454 123.875600
135.315763 124.529910
135.970073 124.529910
136.624382 125.184219
137.278692 125.838529
137.933001 125.838529
138.587311 126.492838
139.241620 126.492838
139.895930 127.147148
140.550239 127.801458
141.204549 128.455767
141.858859 129.110077
142.513168 129.110077
143.167478 129.764386
143.821787 130.418696
144.476097 131.073005
145.130406 131.727315
145.784716 132.381624
146.439025 133.035934
146.439025 133.690243
147.093335 134.344553
147.093335 135.653172
147.747644 136.307482
148.401954 136.961791
148.401954 137.616101
148.401954 138.270410
148.401954 138.924720
148.401954 139.579029
149.056263 140.233339
149.056263 140.887648
149.056263 141.541958
149.056263 142.196267
149.056263 142.850577
148.401954 143.504886
148.401954 144.159196
148.401954 144.813506
148.401954 145.467815
148.401954 146.122125
147.747644 146.776434
147.747644 147.430744
147.747644 148.085053
147.093335 148.739363
147.093335 149.393672
146.439025 150.047982
146.439025 150.702291
145.784716 151.356601
145.130406 152.010910
145.130406 152.665220
144.476097 153.319530
143.821787 153.973839
143.167478 154.628149
143.167478 155.282458
142.513168 155.936768
141.858859 156.591077
141.204549 157.245387
140.550239 157.899696
139.895930 158.554006
139.241620 159.208315
138.587311 159.862625
137.933001 160.516934
137.278692 161.171244
136.624382 161.171244
135.970073 161.825554
135.315763 162.479863
134.661454 163.134173
134.007144 163.134173
133.352835 163.788482
132.044215 163.788482
131.389906 164.442792
130.735596 165.097101
130.081287 165.097101
129.426977 165.751411
128.772668 165.751411
128.118358 166.405720
127.464049 167.060030
126.809739 167.060030
126.155430 167.714339
125.501120 167.714339
124.846811 168.368649
124.192501 168.368649
123.538191 169.022958
122.883882 169.022958
122.229572 169.677268
121.575263 169.677268
120.920953 170.331578
120.266644 170.331578
119.612334 170.331578
118.958025 170.331578
118.303715 170.331578
117.649406 170.331578
116.995096 170.331578
116.340787 170.331578
115.686477 170.331578
115.032167 170.331578
114.377858 170.331578
113.723548 170.331578
113.069239 170.331578
112.414929 170.331578
111.760620 170.331578
111.106310 170.331578
110.452001 170.331578
109.797691 170.331578
109.143382 170.331578
108.489072 170.331578
107.834763 170.331578
107.180453 170.331578
106.526143 170.331578
105.871834 170.331578
105.217524 170.331578
104.563215 170.331578
103.908905 170.331578
103.254596 170.331578
102.600286 170.331578
101.945977 170.331578
101.291667 170.331578
100.637358 170.331578
99.983048 170.331578
99.328739 170.331578
98.674429 170.331578
98.020119 170.331578
97.365810 170.331578
96.711500 170.331578
96.057191 170.331578
95.402881 170.331578
94.748572 170.331578
94.094262 170.331578
93.439953 170.331578
92.785643 170.331578
92.131334 170.331578
91.477024 170.331578
90.168405 169.677268
89.514095 169.677268
88.859786 169.022958
88.205476 168.368649
87.551167 167.714339
86.896857 167.060030
86.242548 166.405720
85.588238 165.751411
84.933929 165.097101
84.279619 163.788482
83.625310 163.134173
83.625310 162.479863
82.971000 161.825554
82.316691 161.171244
81.662381 160.516934
81.008071 159.862625
80.353762 159.208315
79.699452 158.554006
79.699452 157.899696
79.045143 157.245387
78.390833 156.591077
77.736524 155.936768
77.736524 155.282458
77.082214 154.628149
76.427905 153.973839
76.427905 153.319530
75.773595 152.665220
75.119286 152.010910
75.119286 151.356601
74.464976 150.702291
73.810667 150.047982
73.810667 149.393672
73.156357 148.739363
73.156357 148.085053
72.502047 147.430744
71.847738 146.122125
71.847738 145.467815
71.193428 144.813506
71.193428 144.159196
70.539119 143.504886
70.539119 142.850577
69.884809 142.196267
69.884809 141.541958
69.884809 140.887648
69.230500 140.233339
69.230500 139.579029
68.576190 138.924720
68.576190 138.270410
68.576190 137.616101
67.921881 136.961791
67.921881 136.307482
67.921881 135.653172
67.267571 134.998862
67.267571 134.344553
67.267571 133.690243
66.613262 133.035934
66.613262 132.381624
66.613262 131.073005
65.958952 130.418696
65.958952 129.764386
65.958952 129.110077
65.304643 128.455767
65.304643 127.801458
65.304643 127.147148
64.650333 126.492838
64.650333 125.838529
64.650333 125.184219
63.996023 124.529910
63.996023 123.875600
63.996023 123.221291
63.341714 122.566981
63.341714 121.912672
63.341714 121.258362
62.687404 120.604053
62.687404 119.949743
62.687404 119.295434
62.033095 118.641124
62.033095 117.986814
62.033095 117.332505
61.378785 116.678195
61.378785 116.023886
61.378785 115.369576
60.724476 114.715267
60.724476 114.060957
60.724476 113.406648
60.070166 112.752338
60.070166 112.098029
60.070166 111.443719
59.415857 110.135100
59.415857 109.480790
59.415857 108.826481
58.761547 108.172171
58.761547 107.517862
58.107238 106.863552
58.107238 106.209243
58.107238 105.554933
57.452928 104.900624
57.452928 104.246314
57.452928 103.592005
56.798619 102.937695
56.798619 102.283386
56.798619 101.629076
56.144309 100.974766
56.144309 100.320457
56.144309 99.666147
56.144309 99.011838
55.490000 98.357528
55.490000 97.703219
55.490000 97.048909
55.490000 96.394600
54.835690 95.740290
54.835690 95.085981
54.835690 93.777362
54.835690 93.123052
54.835690 92.468742
54.835690 91.814433
54.835690 91.160123
54.835690 90.505814
54.835690 89.851504
54.181380 89.197195
54.181380 88.542885
54.181380 87.888576
54.181380 87.234266
54.835690 86.579957
54.835690 85.925647
54.835690 85.271338
54.835690 84.617028
54.835690 83.962718
54.835690 83.308409
54.835690 82.654099
55.490000 81.999790
55.490000 81.345480
55.490000 80.691171
56.144309 80.036861
56.144309 79.382552
56.144309 78.728242
56.798619 78.073933
56.798619 77.419623
57.452928 76.765314
57.452928 76.111004
58.107238 75.456694
58.107238 74.802385
58.761547 74.148075
58.761547 73.493766
59.415857 72.839456
60.070166 72.185147
60.070166 71.530837
60.724476 70.876528
61.378785 70.222218
61.378785 69.567909
62.033095 68.913599
62.687404 68.259290
63.341714 67.604980
63.996023 66.950670
64.650333 66.296361
65.304643 65.642051
65.958952 64.987742
66.613262 64.333432
67.267571 63.679123
67.921881 63.024813
68.576190 62.370504
69.230500 61.716194
69.884809 61.716194
70.539119 61.061885
71.193428 60.407575
71.847738 60.407575
72.502047 59.753266
73.156357 59.098956
73.810667 59.098956
74.464976 59.098956
75.119286 58.444646
75.773595 58.444646
76.427905 57.790337
77.736524 57.790337
78.390833 57.790337
79.045143 57.136027
79.699452 57.136027
80.353762 57.136027
81.008071 57.136027
81.662381 57.136027
82.316691 57.136027
82.971000 57.136027
83.625310 57.136027
84.279619 57.136027
84.933929 57.136027
85.588238 57.136027
86.242548 57.136027
86.896857 57.790337
87.551167 57.790337
88.205476 58.444646
88.859786 58.444646
89.514095 59.098956
90.168405 59.753266
90.822715 60.407575
91.477024 61.061885
