93.264682 67.140062
93.733632 67.140062
93.733632 67.609012
93.733632 68.077962
93.733632 68.546911
93.733632 69.015861
93.733632 69.484811
94.202581 69.484811
94.202581 69.953761
94.202581 70.422711
94.202581 70.891661
94.671531 71.360611
94.671531 71.829560
94.671531 72.298510
94.671531 71.829560
94.671531 72.298510
94.671531 72.767460
94.671531 73.236410
94.671531 73.705360
94.671531 74.174310
94.671531 74.643260
94.671531 75.112209
94.671531 75.581159
94.671531 75.112209
94.671531 75.581159
94.671531 76.050109
94.671531 76.519059
94.671531 76.988009
94.671531 77.456959
94.671531 77.925909
94.671531 78.394858
94.671531 78.863808
94.671531 79.332758
94.671531 79.801708
94.671531 80.270658
94.671531 80.739608
95.140481 81.208558
95.140481 81.677508
95.140481 82.146457
95.140481 82.615407
95.140481 83.084357
95.609431 83.553307
95.609431 84.022257
95.609431 84.491207
95.609431 84.960157
95.609431 85.429106
96.078381 85.898056
96.078381 86.367006
96.078381 86.835956
96.078381 87.304906
96.547331 87.304906
96.547331 87.773856
96.547331 88.242806
96.547331 88.711755
97.016281 89.180705
97.016281 89.649655
97.016281 90.118605
97.485230 90.118605
97.485230 90.587555
97.485230 91.056505
97.954180 91.525455
97.954180 91.994404
97.954180 92.463354
98.423130 92.463354
98.423130 92.932304
98.423130 93.401254
98.423130 93.870204
98.892080 93.870204
98.892080 94.339154
98.892080 94.808104
99.361030 94.808104
99.361030 95.277053
99.361030 95.746003
99.829980 95.746003
99.829980 96.214953
99.829980 96.683903
100.298930 96.683903
100.767879 97.152853
100.767879 97.621803
101.236829 98.090753
101.236829 98.559702
101.705779 99.028652
101.705779 99.497602
102.174729 99.966552
102.174729 100.435502
102.643679 100.435502
102.643679 100.904452
103.112629 100.904452
103.581579 101.373402
103.581579 101.842351
104.050528 102.311301
104.519478 102.780251
104.519478 103.249201
104.988428 103.249201
105.457378 103.718151
105.457378 104.187101
105.926328 104.187101
105.926328 104.656051
106.395278 105.125000
106.864228 105.593950
107.333177 106.062900
107.333177 106.531850
107.802127 106.531850
108.271077 107.000800
108.740027 107.469750
109.208977 107.938700
109.677927 107.938700
110.146877 108.407650
110.146877 108.876599
110.615827 109.345549
110.615827 109.814499
111.084776 109.814499
111.553726 110.283449
112.022676 110.752399
112.022676 111.221349
112.491626 111.221349
112.960576 111.690299
113.429526 112.159248
113.898476 112.628198
114.367425 112.628198
114.836375 113.097148
115.305325 113.566098
115.774275 114.035048
116.243225 114.503998
116.712175 114.972948
117.181125 114.972948
117.650074 115.441897
118.119024 115.910847
118.587974 116.379797
119.056924 116.379797
119.525874 116.848747
119.994824 117.317697
120.463774 117.317697
120.932723 117.786647
121.401673 117.786647
121.870623 118.255597
122.339573 118.724546
122.808523 118.724546
123.277473 119.193496
123.746423 119.193496
124.215372 119.662446
124.684322 119.662446
125.153272 120.131396
125.622222 120.131396
126.091172 120.131396
126.560122 120.600346
127.029072 120.600346
127.498021 121.069296
127.966971 121.069296
128.435921 121.069296
128.904871 121.538246
129.373821 121.538246
129.842771 122.007195
130.311721 122.007195
130.780670 122.007195
131.249620 122.007195
131.718570 122.476145
132.187520 122.476145
132.656470 122.476145
133.125420 122.945095
133.594370 122.945095
134.063320 122.945095
134.532269 122.945095
135.001219 122.945095
135.470169 123.414045
135.939119 123.414045
136.408069 123.414045
135.939119 124.351945
135.939119 124.820895
135.470169 125.289844
135.470169 125.758794
135.001219 126.227744
135.001219 126.696694
134.532269 127.165644
134.532269 127.634594
134.063320 128.103544
134.063320 128.572493
133.594370 129.041443
133.594370 129.510393
133.125420 129.979343
133.125420 130.448293
132.656470 130.917243
132.656470 131.386193
132.187520 131.855142
131.718570 132.793042
131.718570 133.261992
131.249620 133.730942
130.780670 134.199892
130.311721 134.199892
129.842771 134.668842
129.373821 135.137792
128.904871 135.606741
128.435921 136.075691
127.966971 136.075691
127.498021 136.544641
127.029072 137.013591
126.560122 137.482541
125.622222 137.482541
125.153272 137.951491
124.684322 138.420441
124.215372 138.889390
123.746423 138.889390
123.277473 139.358340
122.808523 139.827290
122.339573 140.296240
121.870623 140.765190
121.401673 140.765190
120.932723 141.234140
120.463774 141.703090
119.525874 141.703090
119.056924 141.703090
118.587974 142.172039
117.650074 142.172039
117.181125 142.640989
116.712175 142.640989
115.774275 143.109939
115.305325 143.109939
114.836375 143.578889
113.898476 143.578889
113.429526 144.047839
112.960576 144.047839
112.022676 144.516789
111.553726 144.516789
111.084776 144.985739
110.615827 144.985739
109.677927 145.454688
109.208977 145.454688
108.740027 145.923638
107.802127 145.923638
107.333177 145.923638
106.864228 146.392588
105.926328 146.392588
105.457378 146.861538
104.988428 146.861538
104.519478 146.861538
104.050528 147.330488
103.581579 147.330488
103.112629 147.330488
102.643679 147.330488
102.174729 147.330488
101.705779 147.330488
101.236829 147.330488
100.298930 147.330488
99.829980 147.799438
99.361030 147.799438
98.892080 147.799438
98.423130 147.799438
97.954180 147.799438
97.485230 147.799438
96.547331 147.799438
96.078381 147.799438
95.609431 147.799438
95.140481 147.799438
94.671531 147.799438
94.202581 147.799438
93.733632 147.799438
93.264682 147.799438
92.326782 147.330488
91.857832 146.861538
91.388882 146.392588
90.919932 146.392588
90.450983 145.923638
89.982033 145.454688
89.513083 145.454688
89.044133 144.985739
88.106233 144.516789
87.637283 144.047839
87.168334 144.047839
86.699384 143.578889
86.230434 143.109939
85.761484 143.109939
85.292534 142.640989
84.823584 142.172039
84.354634 141.703090
83.885685 141.234140
83.416735 140.765190
82.947785 140.296240
82.947785 139.827290
82.947785 139.358340
82.947785 138.420441
82.947785 137.951491
82.947785 137.482541
82.947785 137.013591
82.478835 136.544641
82.478835 136.075691
82.478835 135.606741
82.478835 135.137792
82.478835 134.668842
82.478835 134.199892
82.478835 133.730942
82.009885 133.261992
82.009885 132.793042
82.009885 132.324092
82.009885 131.855142
82.009885 131.386193
82.009885 130.917243
82.009885 130.448293
82.009885 129.979343
82.009885 129.510393
82.009885 129.041443
82.009885 128.103544
81.540935 127.634594
81.540935 127.165644
81.540935 126.227744
81.540935 125.758794
81.071985 125.289844
81.071985 124.351945
81.071985 123.882995
80.603035 123.414045
80.603035 122.476145
80.603035 122.007195
80.603035 121.538246
80.134086 120.600346
80.134086 120.131396
80.134086 119.662446
79.665136 118.724546
79.665136 118.255597
79.665136 117.786647
79.665136 116.848747
79.196186 116.379797
79.196186 115.910847
79.196186 115.441897
78.727236 114.503998
78.727236 114.035048
78.727236 113.566098
78.258286 113.097148
78.258286 112.628198
77.789336 112.159248
77.320386 111.690299
77.320386 111.221349
76.851437 110.752399
76.382487 110.283449
76.382487 109.345549
75.913537 108.876599
75.913537 108.407650
75.444587 107.938700
74.975637 107.469750
74.975637 107.000800
74.506687 106.531850
74.037737 106.062900
74.037737 105.125000
73.568788 104.656051
73.099838 104.187101
73.099838 103.718151
72.630888 103.249201
72.161938 102.780251
72.161938 102.311301
71.692988 101.842351
71.224038 101.373402
71.224038 100.435502
70.755088 99.966552
70.755088 99.497602
70.755088 99.028652
70.755088 98.559702
70.755088 98.090753
70.755088 97.621803
70.755088 96.683903
70.755088 96.214953
70.755088 95.746003
70.755088 95.277053
70.755088 94.808104
70.755088 94.339154
70.755088 93.870204
70.755088 92.932304
70.755088 92.463354
70.286139 91.994404
70.286139 91.525455
70.286139 91.056505
70.286139 90.587555
70.286139 90.118605
70.286139 89.649655
70.286139 88.711755
70.286139 88.242806
70.286139 87.773856
70.286139 87.304906
70.286139 86.835956
70.286139 86.367006
70.286139 85.898056
70.286139 84.960157
69.817189 84.491207
69.817189 84.022257
69.817189 83.553307
69.817189 83.084357
69.817189 82.615407
70.286139 82.146457
70.755088 81.677508
71.224038 81.208558
71.224038 80.739608
71.692988 80.270658
72.161938 79.801708
72.630888 79.332758
72.630888 78.863808
73.099838 78.394858
73.568788 77.925909
74.037737 77.456959
74.037737 76.519059
74.506687 76.050109
74.975637 75.581159
75.444587 75.112209
75.444587 74.643260
75.913537 74.174310
76.382487 73.705360
76.851437 73.236410
76.851437 72.767460
77.320386 72.298510
77.789336 71.829560
78.258286 71.360611
78.258286 70.891661
79.196186 70.422711
79.665136 69.953761
80.134086 69.953761
80.603035 69.484811
81.071985 69.015861
81.540935 68.546911
82.009885 68.546911
82.478835 68.077962
82.947785 67.609012
83.416735 67.609012
83.885685 67.140062
84.823584 66.671112
85.292534 66.671112
85.761484 66.671112
86.230434 66.671112
86.699384 66.671112
87.168334 66.202162
87.637283 66.202162
88.106233 66.202162
88.575183 66.202162
89.044133 66.202162
89.513083 66.202162
89.982033 66.202162
90.450983 66.671112
90.919932 66.671112
91.388882 66.671112
91.857832 67.140062
92.326782 67.140062
92.795732 67.140062
93.264682 67.140062
