89.223813 71.144123
89.733844 71.144123
90.243875 70.634092
90.753906 71.144123
91.263937 71.144123
91.773968 71.654154
92.283999 72.164185
92.794030 72.674216
92.794030 73.184247
92.794030 73.694278
92.794030 74.204309
92.794030 74.714340
92.794030 75.224371
92.794030 75.734402
92.794030 76.244433
92.794030 76.754464
92.794030 77.264495
92.794030 77.774525
92.794030 78.284556
92.794030 78.794587
92.794030 79.304618
92.794030 79.814649
92.794030 80.324680
92.794030 80.834711
92.794030 81.344742
93.304061 81.854773
93.304061 82.364804
93.304061 82.874835
93.304061 83.384866
93.304061 83.894897
93.304061 84.404928
93.814092 84.404928
93.814092 84.914959
93.814092 85.424990
93.814092 85.935021
93.814092 86.445052
94.324123 86.445052
94.324123 86.955083
94.324123 87.465114
94.324123 87.975145
94.324123 88.485176
94.834154 88.485176
94.834154 88.995207
95.344185 89.505238
95.344185 90.015268
95.344185 90.525299
95.854215 91.035330
95.854215 91.545361
95.854215 92.055392
96.364246 92.055392
96.364246 92.565423
96.874277 93.075454
96.874277 93.585485
96.874277 94.095516
97.384308 94.095516
97.384308 94.605547
97.894339 95.115578
97.894339 95.625609
98.404370 96.135640
98.914401 96.645671
98.914401 97.155702
98.914401 97.665733
99.424432 97.665733
99.424432 98.175764
99.934463 98.685795
99.934463 99.195826
99.934463 99.705857
100.444494 99.705857
100.444494 100.215888
100.444494 100.725919
100.954525 100.725919
100.954525 101.235950
101.464556 101.745981
101.464556 102.256011
101.974587 102.256011
101.974587 102.766042
102.484618 103.276073
102.994649 103.786104
102.994649 104.296135
102.994649 104.806166
103.504680 104.806166
104.014711 105.316197
104.014711 105.826228
104.524742 105.826228
104.524742 106.336259
105.034773 106.846290
105.544804 107.356321
106.054835 107.866352
106.564866 108.376383
106.564866 108.886414
107.074897 108.886414
107.584928 109.396445
108.094958 109.906476
108.604989 110.416507
109.115020 110.926538
109.625051 111.436569
110.135082 111.436569
110.645113 111.946600
111.155144 112.456631
111.665175 112.966662
112.175206 112.966662
112.685237 113.476693
113.195268 113.986724
113.705299 113.986724
114.215330 114.496755
114.725361 115.006785
115.235392 115.006785
115.745423 115.516816
116.255454 115.516816
116.765485 116.026847
117.275516 116.026847
117.785547 116.536878
118.295578 116.536878
118.805609 117.046909
119.315640 117.046909
119.825671 117.046909
120.335701 117.556940
120.845732 117.556940
121.355763 118.066971
121.865794 118.066971
122.375825 118.066971
122.885856 118.066971
123.395887 118.577002
123.905918 118.577002
124.415949 118.577002
124.925980 118.577002
125.436011 119.087033
125.946042 119.087033
126.456073 119.087033
126.966104 119.087033
127.476135 119.087033
127.986166 119.597064
128.496197 119.597064
129.006228 119.597064
129.516259 119.597064
130.026290 119.597064
130.536321 119.597064
131.046352 119.597064
131.556383 119.597064
132.066414 120.107095
132.576445 120.107095
133.086475 120.107095
133.596506 120.107095
134.106537 120.107095
134.616568 120.617126
135.126599 120.617126
135.636630 120.617126
136.146661 120.617126
136.656692 120.617126
137.166723 120.617126
137.676754 120.617126
138.186785 120.617126
138.696816 120.617126
139.206847 120.617126
139.716878 120.617126
140.226909 120.617126
140.736940 120.617126
141.246971 120.617126
141.757002 120.617126
142.267033 120.617126
142.777064 121.127157
143.287095 121.637188
143.797126 122.147219
144.307157 122.657250
144.307157 123.167281
144.307157 123.677312
144.307157 124.187343
143.797126 124.697374
143.797126 125.207405
143.797126 126.227467
143.797126 126.737498
143.287095 127.247528
143.287095 127.757559
143.287095 128.267590
143.287095 128.777621
142.777064 129.287652
142.777064 129.797683
141.757002 130.817745
141.246971 131.327776
140.736940 131.837807
140.226909 132.347838
139.206847 133.367900
138.696816 133.877931
138.186785 134.387962
137.676754 134.897993
136.656692 135.918055
136.146661 136.428086
135.636630 136.938117
135.126599 137.448148
134.616568 138.468210
133.596506 138.978241
133.086475 139.488271
132.576445 139.998302
132.066414 141.018364
131.046352 141.528395
130.536321 142.038426
130.026290 142.548457
129.516259 143.058488
129.516259 143.568519
129.006228 144.078550
128.496197 144.588581
127.986166 145.098612
127.476135 145.098612
126.966104 145.608643
126.456073 145.608643
125.946042 146.118674
125.436011 146.118674
124.925980 146.628705
124.415949 147.138736
123.905918 147.138736
123.395887 147.648767
122.375825 147.648767
121.865794 148.158798
121.355763 148.158798
120.845732 148.668829
120.335701 148.668829
119.825671 149.178860
119.315640 149.178860
118.805609 149.688891
118.295578 150.198922
117.785547 150.198922
117.275516 150.708953
116.765485 150.708953
116.255454 151.218984
115.745423 151.218984
114.725361 151.729015
114.215330 151.729015
113.705299 152.239045
113.195268 152.239045
112.685237 152.749076
112.175206 152.749076
111.665175 153.259107
110.645113 153.259107
110.135082 153.769138
109.625051 154.279169
109.115020 154.279169
108.604989 154.279169
108.094958 154.279169
107.584928 154.279169
107.074897 154.789200
106.564866 154.279169
106.054835 154.279169
105.544804 154.279169
104.524742 154.279169
104.014711 154.279169
103.504680 154.279169
102.994649 154.279169
102.484618 153.769138
101.974587 153.769138
101.464556 153.769138
100.444494 153.769138
99.934463 153.769138
99.424432 153.769138
98.914401 153.259107
98.404370 153.259107
97.894339 153.259107
97.384308 153.259107
96.364246 153.259107
95.854215 153.259107
95.344185 152.749076
94.834154 152.749076
94.324123 152.749076
93.814092 152.239045
93.304061 152.239045
92.794030 152.239045
92.283999 151.729015
91.773968 151.729015
91.263937 151.218984
90.753906 150.708953
90.243875 150.198922
89.733844 149.688891
89.223813 149.688891
88.203751 149.178860
87.693720 148.668829
87.183689 148.158798
86.673658 147.648767
86.163627 147.138736
85.653596 147.138736
85.143565 146.628705
84.633534 146.118674
84.123503 145.608643
83.613472 145.098612
83.103441 144.588581
82.593411 144.078550
82.083380 143.568519
81.063318 143.058488
80.553287 142.548457
80.043256 142.038426
79.533225 141.528395
79.023194 141.018364
78.513163 140.508333
78.003132 139.998302
77.493101 139.488271
76.983070 138.978241
76.473039 138.468210
75.963008 137.958179
75.452977 137.448148
74.432915 136.938117
73.922884 136.428086
73.412853 135.918055
72.902822 135.408024
72.902822 134.897993
72.392791 134.387962
72.392791 133.877931
71.882760 133.367900
71.372729 132.857869
71.372729 132.347838
70.862698 131.327776
70.862698 130.817745
70.352668 130.307714
69.842637 129.797683
69.842637 129.287652
69.332606 128.777621
69.332606 128.267590
68.822575 127.757559
68.822575 127.247528
68.312544 126.737498
68.312544 125.717436
68.312544 125.207405
68.312544 124.697374
68.312544 124.187343
68.312544 123.677312
68.312544 123.167281
67.802513 122.657250
67.292482 122.147219
67.292482 121.637188
66.782451 121.127157
66.782451 120.107095
66.272420 119.597064
65.762389 119.087033
65.762389 118.577002
65.252358 118.066971
64.742327 117.556940
64.742327 116.536878
64.232296 116.026847
64.232296 115.516816
63.722265 115.006785
63.212234 114.496755
63.212234 113.986724
62.702203 112.966662
62.702203 112.456631
62.192172 111.946600
61.682141 111.436569
61.682141 110.926538
61.172110 110.416507
61.172110 109.396445
60.662079 108.886414
60.662079 108.376383
60.662079 107.866352
61.172110 107.356321
61.172110 106.846290
61.172110 106.336259
61.682141 105.826228
61.682141 105.316197
61.682141 104.806166
62.192172 104.296135
62.192172 103.786104
62.192172 103.276073
62.192172 102.766042
62.702203 102.256011
62.702203 101.745981
62.702203 101.235950
63.212234 100.725919
63.212234 100.215888
63.212234 99.705857
63.722265 99.195826
63.722265 98.685795
63.722265 98.175764
64.232296 97.665733
64.232296 97.155702
64.232296 96.645671
64.742327 96.135640
64.742327 95.625609
64.742327 95.115578
65.252358 94.605547
65.252358 94.095516
65.252358 93.585485
65.762389 93.075454
65.762389 92.565423
65.762389 92.055392
66.272420 91.035330
66.782451 90.525299
66.782451 90.015268
67.292482 89.505238
67.802513 88.995207
67.802513 88.485176
68.312544 87.975145
68.822575 87.465114
68.822575 86.445052
69.332606 85.935021
69.842637 85.424990
70.352668 84.914959
70.352668 84.404928
70.862698 83.894897
71.372729 83.384866
71.372729 82.874835
71.882760 81.854773
72.392791 81.344742
72.392791 80.834711
72.902822 80.324680
73.412853 79.814649
73.412853 79.304618
73.922884 78.794587
74.432915 78.284556
74.942946 77.264495
74.942946 76.754464
75.963008 76.754464
76.473039 76.244433
76.983070 75.734402
77.493101 75.224371
78.003132 74.714340
78.513163 74.204309
79.023194 73.694278
79.533225 73.184247
80.043256 72.674216
80.553287 72.164185
81.573349 71.654154
82.083380 71.654154
82.593411 71.654154
83.103441 71.654154
83.613472 71.654154
84.123503 71.654154
84.633534 71.654154
84.123503 71.654154
84.633534 71.654154
85.143565 71.654154
85.653596 71.654154
86.163627 71.144123
86.673658 71.144123
87.183689 71.144123
87.693720 71.144123
88.203751 71.144123
88.713782 71.144123
89.223813 71.144123
