96.557850 62.400797
96.557850 63.144694
96.557850 63.888591
96.557850 64.632488
96.557850 65.376385
96.557850 66.120281
96.557850 66.864178
96.557850 67.608075
96.557850 68.351972
96.557850 69.095869
96.557850 69.839766
96.557850 70.583663
96.557850 71.327559
97.301746 72.071456
97.301746 72.815353
97.301746 73.559250
97.301746 74.303147
97.301746 75.047044
97.301746 75.790940
98.045643 76.534837
98.045643 77.278734
98.789540 78.022631
98.789540 78.766528
98.789540 79.510425
98.789540 80.254321
99.533437 80.998218
99.533437 81.742115
99.533437 82.486012
99.533437 83.229909
100.277334 83.973806
100.277334 84.717703
100.277334 85.461599
101.021231 86.205496
101.021231 86.949393
101.765127 87.693290
101.765127 88.437187
101.765127 89.181084
102.509024 89.924980
102.509024 90.668877
103.252921 91.412774
103.996818 92.156671
103.996818 92.900568
104.740715 93.644465
104.740715 94.388361
105.484612 95.132258
106.228508 95.876155
106.972405 96.620052
107.716302 97.363949
107.716302 98.107846
108.460199 98.851743
109.204096 99.595639
109.204096 100.339536
109.947993 101.083433
110.691890 101.827330
111.435786 102.571227
111.435786 103.315124
112.179683 104.059020
112.923580 104.802917
112.923580 105.546814
113.667477 106.290711
114.411374 107.034608
114.411374 107.778505
115.155271 108.522401
115.899167 109.266298
116.643064 110.010195
117.386961 110.010195
118.130858 110.010195
118.874755 110.754092
119.618652 111.497989
120.362548 112.241886
121.106445 112.985782
121.850342 112.985782
122.594239 113.729679
123.338136 114.473576
124.082033 114.473576
124.825930 115.217473
125.569826 115.961370
126.313723 115.961370
127.057620 115.961370
127.801517 116.705267
128.545414 117.449164
129.289311 117.449164
130.033207 118.193060
130.777104 118.193060
131.521001 118.193060
132.264898 118.936957
133.008795 118.936957
133.752692 118.936957
134.496588 119.680854
135.240485 120.424751
135.984382 121.168648
136.728279 121.168648
137.472176 121.912545
138.216073 122.656441
138.959970 122.656441
139.703866 123.400338
140.447763 123.400338
141.191660 124.144235
141.935557 124.888132
142.679454 124.888132
143.423351 124.888132
144.167247 124.888132
144.911144 125.632029
145.655041 126.375926
146.398938 127.119822
147.142835 127.863719
147.142835 128.607616
147.886732 129.351513
147.886732 130.095410
147.886732 130.839307
148.630628 131.583204
148.630628 132.327100
148.630628 133.070997
149.374525 133.814894
149.374525 134.558791
150.118422 135.302688
150.118422 136.046585
150.862319 136.790481
150.862319 137.534378
150.862319 138.278275
150.862319 139.022172
150.862319 139.766069
150.862319 140.509966
150.862319 141.253862
150.862319 141.997759
150.862319 142.741656
150.862319 143.485553
150.862319 144.229450
150.862319 144.973347
150.118422 145.717244
150.118422 146.461140
150.118422 147.205037
150.118422 147.948934
150.118422 148.692831
150.118422 149.436728
149.374525 150.180625
148.630628 150.924521
147.886732 150.924521
147.142835 151.668418
147.142835 152.412315
146.398938 153.156212
145.655041 153.900109
145.655041 154.644006
144.911144 155.387902
144.167247 156.131799
143.423351 156.875696
142.679454 157.619593
141.935557 158.363490
141.191660 159.107387
140.447763 159.851284
139.703866 160.595180
138.959970 161.339077
138.216073 162.082974
137.472176 162.826871
136.728279 163.570768
135.984382 163.570768
135.240485 164.314665
134.496588 165.058561
133.752692 165.802458
133.008795 166.546355
132.264898 166.546355
131.521001 166.546355
130.777104 166.546355
130.033207 167.290252
129.289311 167.290252
128.545414 168.034149
127.801517 168.778046
127.057620 168.778046
126.313723 169.521942
125.569826 169.521942
124.825930 169.521942
124.082033 170.265839
123.338136 170.265839
122.594239 171.009736
121.850342 171.009736
121.106445 171.753633
120.362548 171.753633
119.618652 172.497530
118.874755 172.497530
118.130858 172.497530
117.386961 172.497530
116.643064 172.497530
115.899167 172.497530
115.155271 172.497530
114.411374 172.497530
113.667477 172.497530
112.923580 172.497530
112.179683 172.497530
111.435786 172.497530
110.691890 172.497530
109.947993 172.497530
109.204096 172.497530
108.460199 172.497530
107.716302 172.497530
106.972405 172.497530
106.228508 173.241427
105.484612 173.241427
104.740715 173.241427
103.996818 173.985323
103.252921 173.985323
102.509024 173.985323
101.765127 173.985323
101.021231 173.985323
100.277334 173.985323
99.533437 173.985323
98.789540 173.985323
98.045643 173.985323
97.301746 173.985323
96.557850 173.985323
95.813953 173.985323
95.070056 173.985323
94.326159 173.985323
93.582262 173.985323
92.838365 173.241427
92.094468 173.241427
91.350572 173.241427
90.606675 173.241427
90.606675 172.497530
89.862778 172.497530
89.118881 172.497530
88.374984 171.753633
87.631087 171.753633
87.631087 171.009736
86.887191 171.009736
86.143294 170.265839
85.399397 170.265839
84.655500 170.265839
84.655500 169.521942
83.911603 168.778046
83.167706 168.778046
83.167706 168.034149
82.423810 167.290252
81.679913 166.546355
80.936016 166.546355
80.192119 166.546355
79.448222 165.802458
79.448222 165.058561
78.704325 164.314665
77.960429 163.570768
77.216532 162.826871
77.216532 162.082974
76.472635 161.339077
75.728738 160.595180
74.984841 159.851284
74.984841 159.107387
74.240944 158.363490
74.240944 157.619593
73.497047 156.875696
72.753151 156.131799
72.009254 155.387902
72.009254 154.644006
71.265357 153.900109
70.521460 153.156212
70.521460 152.412315
69.777563 151.668418
69.033666 150.924521
68.289770 150.180625
67.545873 149.436728
67.545873 148.692831
67.545873 147.948934
67.545873 147.205037
67.545873 146.461140
67.545873 145.717244
66.801976 144.973347
66.801976 144.229450
66.801976 143.485553
66.801976 142.741656
66.058079 141.997759
66.058079 141.253862
65.314182 140.509966
65.314182 139.766069
64.570285 139.022172
64.570285 138.278275
63.826389 137.534378
63.826389 136.790481
63.826389 136.046585
63.082492 135.302688
63.082492 134.558791
63.082492 133.814894
63.082492 133.070997
62.338595 132.327100
62.338595 131.583204
61.594698 130.839307
61.594698 130.095410
60.850801 129.351513
60.850801 128.607616
60.850801 127.863719
60.106904 127.119822
60.106904 126.375926
60.106904 125.632029
59.363007 124.888132
59.363007 124.144235
59.363007 123.400338
58.619111 122.656441
58.619111 121.912545
57.875214 121.168648
57.875214 120.424751
57.875214 119.680854
57.131317 118.936957
57.131317 118.193060
57.131317 117.449164
56.387420 116.705267
56.387420 115.961370
56.387420 115.217473
55.643523 114.473576
55.643523 113.729679
55.643523 112.985782
54.899626 112.241886
54.899626 111.497989
54.899626 110.754092
54.155730 110.010195
54.155730 109.266298
54.155730 108.522401
54.155730 107.778505
53.411833 107.034608
53.411833 106.290711
53.411833 105.546814
53.411833 104.802917
52.667936 104.059020
52.667936 103.315124
52.667936 102.571227
51.924039 101.827330
51.924039 101.083433
51.180142 100.339536
51.180142 99.595639
51.180142 98.851743
50.436245 98.107846
50.436245 97.363949
50.436245 96.620052
49.692349 95.876155
49.692349 95.132258
49.692349 94.388361
49.692349 93.644465
49.692349 92.900568
49.692349 92.156671
49.692349 91.412774
50.436245 90.668877
50.436245 89.924980
50.436245 89.181084
50.436245 88.437187
50.436245 87.693290
50.436245 86.949393
51.180142 86.205496
51.180142 85.461599
51.180142 84.717703
51.180142 83.973806
51.180142 83.229909
51.924039 82.486012
51.924039 81.742115
51.924039 80.998218
51.924039 80.254321
52.667936 79.510425
52.667936 78.766528
52.667936 78.022631
52.667936 77.278734
52.667936 76.534837
52.667936 75.790940
53.411833 75.047044
53.411833 74.303147
53.411833 73.559250
53.411833 72.815353
54.155730 72.071456
54.155730 71.327559
54.155730 70.583663
54.155730 69.839766
54.155730 69.095869
54.155730 68.351972
54.155730 67.608075
54.899626 66.864178
55.643523 66.120281
56.387420 65.376385
57.131317 64.632488
57.875214 63.888591
58.619111 63.144694
59.363007 62.400797
60.106904 61.656900
60.850801 60.913004
61.594698 60.913004
62.338595 60.169107
63.082492 59.425210
63.826389 58.681313
64.570285 57.937416
65.314182 57.193519
66.058079 56.449623
66.801976 56.449623
67.545873 55.705726
68.289770 55.705726
69.033666 55.705726
69.777563 55.705726
70.521460 54.961829
71.265357 54.961829
72.009254 54.961829
72.753151 54.961829
73.497047 54.961829
74.240944 54.961829
74.984841 54.217932
75.728738 54.217932
76.472635 54.217932
77.216532 54.217932
77.960429 53.474035
78.704325 53.474035
79.448222 53.474035
80.192119 53.474035
80.936016 53.474035
81.679913 53.474035
82.423810 52.730138
83.167706 52.730138
83.911603 53.474035
84.655500 53.474035
85.399397 54.217932
86.143294 54.961829
86.887191 54.961829
87.631087 55.705726
88.374984 55.705726
89.118881 56.449623
89.862778 56.449623
90.606675 57.193519
91.350572 57.193519
92.094468 57.193519
92.838365 57.937416
93.582262 58.681313
94.326159 59.425210
95.070056 60.169107
95.813953 60.913004
96.557850 61.656900
96.557850 62.400797
