95.527824 68.067443
95.527824 68.669387
95.527824 69.271331
95.527824 69.873275
95.527824 70.475219
95.527824 71.077163
95.527824 71.679107
95.527824 72.281051
94.925880 72.882995
94.925880 73.484939
94.925880 74.086883
94.925880 74.688827
94.925880 75.290771
94.925880 75.892715
94.925880 76.494659
94.925880 77.096603
94.925880 77.698547
94.925880 78.300491
94.925880 78.902435
94.925880 79.504379
94.925880 80.106323
94.925880 80.708267
94.925880 81.310211
94.925880 81.912155
94.925880 82.514099
94.925880 83.116043
94.925880 83.717987
94.925880 84.319931
94.925880 84.921875
95.527824 85.523819
95.527824 86.125763
95.527824 86.727707
95.527824 87.329651
95.527824 87.931595
95.527824 88.533539
95.527824 89.135483
95.527824 89.737427
96.129768 90.339371
96.129768 90.941315
96.129768 91.543259
96.129768 92.145203
96.731712 92.747147
96.731712 93.349091
96.731712 93.951035
96.731712 94.552979
96.731712 95.154923
96.731712 95.756867
96.731712 96.358811
97.333656 96.960755
97.333656 97.562699
97.333656 98.164643
97.333656 98.766587
97.333656 99.368531
97.935600 99.368531
97.935600 99.970475
97.935600 100.572419
98.537544 101.174363
98.537544 101.776307
98.537544 102.378251
98.537544 102.980195
99.139488 102.980195
99.139488 103.582139
99.741432 104.184083
99.741432 104.786027
99.741432 105.387971
100.343376 105.989915
100.343376 106.591859
100.945320 106.591859
100.945320 107.193803
101.547264 107.795747
101.547264 108.397691
102.149208 108.999635
102.149208 109.601579
102.751152 109.601579
102.751152 110.203523
103.353096 110.805467
103.353096 111.407411
103.955040 111.407411
103.955040 112.009355
104.556984 112.009355
104.556984 112.611299
105.158928 112.611299
105.158928 113.213243
105.760872 113.815187
106.362816 114.417131
106.964760 115.019075
107.566704 115.621019
108.168648 115.621019
108.770592 116.222963
109.372536 116.824907
109.974480 117.426851
110.576424 118.028795
111.178368 118.028795
111.780312 118.630739
112.382256 119.232683
112.984200 119.232683
113.586144 119.834627
114.188088 119.834627
114.790032 120.436571
115.391976 121.038515
115.993920 121.038515
116.595864 121.038515
117.197808 121.640459
117.799752 121.640459
118.401696 122.242403
119.003640 122.242403
119.605584 122.242403
120.207528 122.844347
120.809472 122.844347
121.411416 122.844347
122.013360 123.446291
122.615304 123.446291
123.217248 123.446291
123.819192 123.446291
124.421136 124.048235
125.023080 124.048235
125.625024 124.048235
126.226968 124.048235
126.828912 124.048235
127.430856 124.048235
128.032800 124.048235
128.634744 124.048235
129.236688 124.650179
129.838632 124.650179
130.440576 125.252123
131.042520 125.252123
131.644464 125.854067
132.246408 125.854067
132.848352 126.456011
133.450296 126.456011
134.052240 127.057955
134.654184 127.057955
134.654184 127.659899
135.256128 128.261843
135.858072 128.863787
136.460016 129.465731
136.460016 130.067675
136.460016 130.669619
137.061960 131.271563
137.663904 131.873507
137.663904 132.475451
138.265848 133.077395
138.867792 133.679339
139.469736 134.281283
139.469736 134.883227
140.071680 135.485171
140.673624 136.087115
140.673624 136.689059
141.275568 137.291003
141.275568 137.892947
141.275568 138.494891
140.673624 139.096835
140.673624 139.698779
140.673624 140.300723
140.071680 140.902667
140.071680 141.504611
139.469736 142.106555
139.469736 142.708499
139.469736 143.310444
139.469736 143.912388
138.867792 144.514332
138.867792 145.116276
138.265848 145.718220
138.265848 146.320164
138.265848 146.922108
138.265848 147.524052
137.663904 148.125996
137.061960 148.727940
136.460016 149.329884
135.858072 149.329884
135.256128 149.931828
134.654184 150.533772
134.052240 150.533772
133.450296 151.135716
132.848352 151.737660
132.246408 151.737660
131.644464 152.339604
131.042520 152.941548
130.440576 152.941548
129.838632 153.543492
129.236688 153.543492
128.634744 154.145436
128.032800 154.747380
127.430856 154.747380
126.828912 154.747380
126.226968 155.349324
125.625024 155.349324
125.023080 155.951268
124.421136 156.553212
123.819192 156.553212
123.217248 156.553212
122.615304 157.155156
122.013360 157.757100
121.411416 157.757100
120.809472 157.757100
120.207528 158.359044
119.605584 158.960988
119.003640 158.960988
118.401696 158.960988
117.799752 159.562932
117.197808 159.562932
116.595864 160.164876
115.993920 160.766820
115.391976 160.766820
114.188088 160.766820
113.586144 161.368764
112.984200 161.970708
112.382256 161.970708
111.780312 161.970708
111.178368 161.970708
110.576424 161.970708
109.974480 161.970708
109.372536 161.970708
108.770592 161.970708
108.168648 161.970708
107.566704 161.970708
106.964760 161.970708
106.362816 161.970708
105.760872 161.970708
105.158928 161.970708
104.556984 162.572652
103.955040 162.572652
103.353096 162.572652
102.751152 162.572652
102.149208 162.572652
101.547264 162.572652
100.945320 162.572652
100.343376 162.572652
99.741432 162.572652
99.139488 161.970708
98.537544 161.368764
97.935600 160.766820
97.333656 160.164876
96.731712 160.164876
96.129768 159.562932
95.527824 158.960988
94.925880 158.960988
94.323936 158.359044
93.721992 157.757100
93.120048 157.155156
92.518104 156.553212
91.916160 155.951268
91.314216 155.951268
90.712272 155.951268
90.110328 155.349324
90.110328 154.747380
90.110328 154.145436
90.110328 153.543492
90.110328 152.941548
90.110328 152.339604
89.508384 151.737660
89.508384 151.135716
88.906440 150.533772
88.304496 149.931828
88.304496 149.329884
88.304496 148.727940
88.304496 148.125996
88.304496 147.524052
88.304496 146.922108
88.304496 146.320164
88.304496 145.718220
87.702552 145.116276
87.702552 144.514332
87.702552 143.912388
87.702552 143.310444
87.702552 142.708499
87.702552 142.106555
87.702552 141.504611
87.702552 140.902667
87.702552 140.300723
87.702552 139.698779
87.702552 139.096835
87.702552 138.494891
87.702552 137.892947
87.702552 137.291003
87.702552 136.689059
87.702552 136.087115
87.702552 135.485171
87.702552 134.883227
87.702552 134.281283
87.702552 133.679339
87.702552 133.077395
87.702552 132.475451
87.702552 131.873507
87.702552 131.271563
87.100608 130.669619
87.100608 130.067675
87.100608 129.465731
87.100608 128.863787
87.100608 128.261843
87.100608 127.659899
86.498664 127.057955
86.498664 126.456011
86.498664 125.854067
86.498664 125.252123
86.498664 124.650179
86.498664 124.048235
85.896720 123.446291
85.896720 122.844347
85.896720 122.242403
85.896720 121.640459
85.896720 121.038515
85.896720 120.436571
85.294776 119.834627
85.294776 119.232683
85.294776 118.630739
85.294776 118.028795
85.294776 117.426851
85.294776 116.824907
85.294776 116.222963
85.294776 115.621019
85.294776 115.019075
84.692832 114.417131
84.692832 113.815187
84.692832 113.213243
84.692832 112.611299
84.692832 112.009355
84.692832 111.407411
84.090888 110.805467
83.488944 110.203523
82.887000 110.203523
82.285056 109.601579
81.683112 108.999635
81.081168 108.397691
80.479224 107.795747
79.877280 107.193803
79.275336 106.591859
78.673392 105.989915
78.071448 105.989915
77.469504 105.989915
76.867560 105.989915
76.265616 105.989915
75.663672 105.989915
75.061728 105.387971
74.459784 105.387971
74.459784 104.786027
73.857840 104.184083
73.255896 104.184083
72.653952 103.582139
72.052008 102.980195
71.450064 102.378251
71.450064 101.776307
70.848120 101.174363
70.848120 100.572419
70.848120 99.970475
70.848120 99.368531
70.848120 98.766587
70.246176 98.164643
70.246176 97.562699
69.644232 96.960755
69.644232 96.358811
69.644232 95.756867
69.644232 95.154923
69.644232 94.552979
69.644232 93.951035
69.644232 93.349091
69.644232 92.747147
69.644232 92.145203
69.042288 91.543259
68.440344 90.941315
68.440344 90.339371
67.838400 89.737427
67.838400 89.135483
67.838400 88.533539
67.838400 87.931595
67.838400 87.329651
67.838400 86.727707
67.838400 86.125763
67.838400 85.523819
68.440344 84.921875
68.440344 84.319931
68.440344 83.717987
68.440344 83.116043
68.440344 82.514099
68.440344 81.912155
68.440344 81.310211
69.042288 80.708267
69.644232 80.106323
69.644232 79.504379
69.644232 78.902435
70.246176 78.300491
70.246176 77.698547
70.246176 77.096603
70.848120 76.494659
70.848120 75.892715
71.450064 75.290771
72.052008 74.688827
72.052008 74.086883
72.653952 73.484939
73.255896 72.882995
73.857840 72.281051
73.857840 71.679107
74.459784 71.077163
74.459784 70.475219
75.061728 69.873275
75.061728 69.271331
75.663672 68.669387
75.663672 68.067443
76.265616 67.465499
76.867560 66.863555
77.469504 66.261611
78.071448 65.659667
78.673392 65.659667
79.275336 65.659667
79.877280 65.659667
80.479224 65.659667
81.081168 65.659667
81.683112 65.057723
82.285056 65.057723
82.887000 65.057723
83.488944 65.057723
84.090888 64.455779
84.692832 64.455779
85.294776 64.455779
85.896720 63.853835
86.498664 63.853835
87.100608 63.853835
87.702552 63.853835
88.304496 63.251891
88.906440 63.251891
89.508384 63.251891
90.110328 62.649947
90.712272 62.649947
91.314216 63.251891
91.916160 63.251891
92.518104 63.251891
93.120048 63.853835
93.721992 63.853835
94.323936 63.853835
94.925880 63.853835
95.527824 64.455779
96.129768 64.455779
96.731712 64.455779
96.731712 65.057723
96.129768 65.659667
96.129768 66.261611
96.129768 66.863555
95.527824 67.465499
95.527824 68.067443
