104.712245 102.250845
104.948814 102.487414
104.948814 102.723982
105.185383 102.960551
105.185383 103.197120
105.421951 103.197120
105.421951 103.433688
105.658520 103.670257
105.895089 103.906826
105.658520 103.906826
105.658520 103.670257
105.421951 103.433688
105.421951 103.197120
105.421951 103.433688
105.658520 103.670257
105.658520 103.906826
105.895089 103.906826
106.131657 104.143394
106.131657 104.379963
106.368226 104.379963
106.368226 104.616532
106.368226 104.853100
106.604795 104.853100
106.841363 105.089669
107.077932 105.326238
107.314501 105.562806
107.551069 105.799375
107.787638 106.035944
108.024207 106.272512
108.260775 106.509081
108.497344 106.745650
108.733913 106.982218
108.970481 107.218787
109.207050 107.455356
109.443619 107.691924
109.680187 107.691924
109.916756 107.928493
110.153325 108.165062
110.389893 108.401630
110.626462 108.638199
110.863031 108.638199
111.099599 108.874768
111.336168 109.111336
111.572737 109.111336
111.809305 109.347905
112.045874 109.584474
112.282443 109.584474
112.519011 109.821042
112.755580 109.821042
112.992149 110.057611
113.228717 110.294180
113.465286 110.294180
113.228717 110.294180
112.992149 110.057611
112.755580 109.821042
112.992149 110.057611
113.228717 110.294180
113.465286 110.294180
113.701855 110.530748
113.938423 110.530748
114.174992 110.767317
114.411561 110.767317
114.648129 110.767317
114.884698 111.003886
115.121267 111.003886
115.357835 111.240454
115.594404 111.240454
115.830973 111.477023
116.067541 111.477023
115.830973 111.477023
115.594404 111.477023
115.594404 111.240454
115.357835 111.240454
115.594404 111.240454
115.830973 111.477023
116.067541 111.477023
116.304110 111.477023
116.540679 111.713592
116.777247 111.713592
117.013816 111.713592
117.250385 111.950160
117.486953 111.950160
117.723522 111.950160
117.960091 112.186729
118.196659 112.186729
118.433228 112.186729
118.669797 112.186729
118.906365 112.423298
119.142934 112.423298
119.379503 112.423298
119.616071 112.423298
119.852640 112.423298
120.089209 112.659866
120.325777 112.659866
120.562346 112.659866
120.798915 112.659866
121.035483 112.659866
121.272052 112.659866
121.508621 112.896435
121.745189 112.896435
121.981758 112.896435
122.218327 112.896435
122.454895 112.896435
122.691464 112.896435
122.928033 112.896435
123.164601 112.896435
123.401170 112.896435
123.637739 112.896435
123.874307 112.896435
123.637739 112.896435
123.874307 112.896435
124.110876 112.896435
124.347445 112.896435
124.584013 112.896435
124.820582 112.896435
125.057151 112.896435
125.293719 112.896435
125.530288 112.896435
125.766857 112.896435
126.003425 112.896435
126.239994 112.896435
126.476563 112.896435
126.713131 112.896435
127.186269 113.133004
127.422837 113.369572
127.659406 113.369572
127.895975 113.606141
128.132543 113.842710
128.369112 113.842710
128.605681 114.079278
128.842249 114.315847
129.078818 114.315847
129.315387 114.552416
129.788524 114.788984
130.025093 114.788984
130.261661 115.025553
130.498230 115.262122
130.734799 115.262122
130.734799 115.735259
130.498230 115.971828
130.498230 116.208396
130.498230 116.444965
130.498230 116.681534
130.261661 117.154671
130.261661 117.391240
130.261661 117.627808
130.025093 117.864377
130.025093 118.100946
130.025093 118.574083
130.025093 118.810652
129.788524 119.047220
129.788524 119.283789
129.788524 119.756926
129.551955 119.993495
129.551955 120.230064
129.551955 120.466632
129.551955 120.703201
129.315387 121.176338
129.315387 121.412907
129.315387 121.649476
129.078818 121.886044
129.078818 122.122613
129.078818 122.595750
129.078818 122.832319
128.842249 123.068888
128.842249 123.305456
128.605681 123.542025
128.605681 123.778594
128.369112 124.015162
128.369112 124.488300
128.369112 124.724868
128.132543 124.961437
128.132543 125.198006
127.895975 125.434574
127.895975 125.671143
127.659406 125.907712
127.659406 126.144280
127.659406 126.617418
127.422837 126.853986
127.422837 127.090555
127.186269 127.327124
127.186269 127.563692
127.186269 127.800261
126.949700 128.036830
126.949700 128.273398
126.713131 128.509967
126.713131 128.983104
126.476563 129.219673
126.476563 129.456242
126.476563 129.692810
126.239994 129.929379
126.239994 130.165948
126.003425 130.402516
126.003425 130.639085
125.766857 131.112222
125.766857 131.348791
125.530288 131.585360
125.293719 131.585360
125.057151 131.821928
124.584013 131.821928
124.347445 132.058497
124.110876 132.058497
123.874307 132.295066
123.637739 132.295066
123.401170 132.531634
123.164601 132.531634
122.928033 132.531634
122.454895 132.768203
122.218327 132.768203
121.981758 133.004772
121.745189 133.004772
121.508621 133.241340
121.272052 133.241340
121.035483 133.477909
120.798915 133.477909
120.325777 133.714478
120.089209 133.714478
119.852640 133.951046
119.616071 133.951046
119.379503 134.187615
119.142934 134.187615
118.906365 134.424184
118.669797 134.424184
118.433228 134.660752
117.960091 134.660752
117.723522 134.897321
117.486953 134.897321
117.250385 135.133890
117.013816 135.133890
116.777247 135.370458
116.540679 135.607027
116.304110 135.607027
116.067541 135.843596
115.830973 136.080164
115.594404 136.316733
115.357835 136.553302
115.121267 136.553302
114.884698 136.789870
114.411561 137.026439
114.174992 137.026439
113.938423 137.026439
113.701855 137.026439
113.465286 137.263008
113.228717 137.263008
112.755580 137.263008
112.519011 137.263008
112.282443 137.263008
112.045874 137.499576
111.809305 137.499576
111.572737 137.499576
111.099599 137.499576
110.863031 137.736145
110.626462 137.736145
110.389893 137.736145
110.153325 137.736145
109.916756 137.972714
109.443619 137.972714
109.207050 137.972714
108.970481 137.972714
108.733913 137.736145
108.497344 137.736145
108.024207 137.736145
107.787638 137.499576
107.551069 137.499576
107.077932 137.263008
106.841363 137.263008
106.604795 137.026439
106.131657 137.026439
105.895089 136.789870
105.658520 136.789870
105.185383 136.553302
104.948814 136.553302
104.712245 136.316733
104.475677 136.316733
104.002539 136.080164
103.765971 136.080164
103.529402 135.843596
103.056265 135.843596
102.819696 135.843596
102.583127 135.607027
102.109990 135.607027
101.873421 135.370458
101.636852 135.370458
101.400284 135.133890
101.163715 134.897321
100.927146 134.660752
100.927146 134.424184
100.690578 134.187615
100.690578 133.951046
100.454009 133.714478
100.217440 133.477909
100.217440 133.004772
99.980872 132.768203
99.744303 132.531634
99.744303 132.295066
99.507734 132.058497
99.507734 131.585360
99.271166 131.348791
99.271166 131.112222
99.034597 130.875654
99.034597 130.402516
99.034597 130.165948
98.798028 129.929379
98.798028 129.456242
98.561460 129.219673
98.561460 128.983104
98.324891 128.509967
98.324891 128.273398
98.088322 128.036830
98.088322 127.563692
97.851754 127.327124
97.851754 127.090555
97.615185 126.853986
97.615185 126.380849
97.378616 126.144280
97.378616 125.907712
97.378616 125.434574
97.142048 125.198006
97.142048 124.961437
96.905479 124.724868
96.905479 124.251731
96.905479 124.015162
96.668910 123.542025
96.668910 123.305456
96.668910 123.068888
96.432342 122.595750
96.432342 122.359182
96.195773 121.886044
96.195773 121.649476
96.195773 121.412907
95.959204 120.939770
95.959204 120.703201
95.959204 120.230064
95.722636 119.993495
95.722636 119.756926
95.722636 119.283789
95.486067 119.047220
95.486067 118.574083
95.486067 118.337514
95.249498 118.100946
95.249498 117.627808
95.249498 117.391240
95.012930 116.918102
95.012930 116.681534
94.776361 116.444965
94.776361 115.971828
94.776361 115.735259
94.539792 115.262122
94.539792 115.025553
94.539792 114.788984
94.303224 114.315847
94.303224 114.079278
94.303224 113.606141
94.303224 113.369572
94.539792 113.133004
94.776361 112.896435
95.012930 112.659866
95.012930 112.423298
95.249498 112.186729
95.486067 111.950160
95.722636 111.713592
95.959204 111.477023
95.959204 111.240454
96.195773 111.003886
96.432342 110.767317
96.432342 110.530748
96.432342 110.767317
96.432342 110.530748
96.668910 110.294180
96.905479 110.057611
97.142048 109.821042
97.142048 109.584474
97.378616 109.347905
97.378616 109.111336
97.615185 108.874768
97.851754 108.638199
97.851754 108.401630
98.088322 108.165062
98.088322 107.928493
98.324891 107.691924
98.561460 107.455356
98.561460 107.218787
98.561460 107.455356
98.561460 107.218787
98.798028 106.982218
98.798028 106.745650
98.798028 106.982218
98.798028 106.745650
99.034597 106.509081
99.034597 106.272512
99.271166 106.035944
99.271166 105.799375
99.271166 106.035944
99.034597 106.272512
99.034597 106.509081
99.034597 106.745650
98.798028 106.745650
98.798028 106.982218
98.561460 107.218787
98.798028 106.982218
98.798028 106.745650
99.034597 106.509081
99.034597 106.272512
99.271166 106.035944
99.271166 105.799375
99.507734 105.562806
99.507734 105.326238
99.744303 105.089669
99.744303 104.853100
99.980872 104.616532
99.980872 104.379963
100.217440 104.143394
100.217440 103.906826
100.454009 103.906826
100.690578 103.670257
100.454009 103.670257
100.690578 103.670257
100.927146 103.670257
101.163715 103.670257
101.163715 103.433688
101.400284 103.433688
101.163715 103.433688
101.400284 103.433688
101.636852 103.197120
101.873421 103.197120
102.109990 103.197120
102.346559 102.960551
102.583127 102.960551
102.819696 102.960551
102.819696 102.723982
103.056265 102.723982
103.292833 102.723982
103.292833 102.487414
103.529402 102.487414
103.765971 102.250845
104.002539 102.250845
104.239108 102.014276
104.475677 102.014276
104.712245 102.250845
