100.803970 66.141304
100.803970 66.798666
100.146608 67.456027
100.146608 68.113388
100.146608 68.770750
100.146608 69.428111
100.146608 70.085472
100.146608 70.742833
100.146608 71.400195
100.146608 72.057556
100.146608 72.714917
100.146608 73.372279
100.146608 74.029640
100.146608 74.687001
100.146608 75.344362
100.146608 76.001724
100.146608 76.659085
99.489247 77.316446
99.489247 77.973808
99.489247 78.631169
99.489247 79.288530
98.831886 79.945891
98.831886 80.603253
98.831886 81.260614
98.831886 81.917975
98.831886 82.575337
98.831886 83.232698
98.831886 83.890059
98.831886 84.547421
98.831886 85.204782
98.831886 85.862143
98.831886 86.519504
98.831886 87.176866
98.831886 87.834227
98.831886 88.491588
99.489247 89.148950
99.489247 89.806311
99.489247 90.463672
99.489247 89.806311
99.489247 90.463672
99.489247 91.121033
99.489247 91.778395
100.146608 92.435756
100.146608 93.093117
100.146608 93.750479
100.803970 94.407840
100.803970 95.065201
100.803970 95.722562
101.461331 96.379924
101.461331 97.037285
101.461331 97.694646
102.118692 98.352008
102.776053 99.009369
102.776053 99.666730
102.776053 100.324091
103.433415 100.981453
103.433415 101.638814
103.433415 102.296175
104.090776 102.953537
104.090776 103.610898
104.090776 104.268259
104.090776 104.925621
104.748137 104.925621
104.748137 105.582982
104.748137 106.240343
104.748137 106.897704
105.405499 106.897704
105.405499 107.555066
106.062860 108.212427
106.720221 108.869788
106.720221 109.527150
106.720221 110.184511
107.377582 110.184511
108.034944 110.841872
108.034944 111.499233
108.692305 112.156595
109.349666 112.813956
110.007028 113.471317
110.007028 114.128679
110.664389 114.128679
111.321750 114.786040
111.979111 115.443401
112.636473 116.100762
113.293834 116.100762
113.951195 116.758124
114.608557 117.415485
115.265918 117.415485
115.923279 118.072846
116.580641 118.730208
117.238002 118.730208
117.895363 119.387569
118.552724 119.387569
119.210086 119.387569
119.867447 120.044930
120.524808 120.044930
121.182170 120.044930
121.839531 120.702292
122.496892 120.702292
123.154253 120.702292
123.811615 121.359653
124.468976 121.359653
125.126337 121.359653
125.783699 121.359653
126.441060 121.359653
127.098421 121.359653
127.755782 121.359653
128.413144 121.359653
129.070505 121.359653
129.727866 121.359653
130.385228 122.017014
131.042589 122.017014
131.699950 122.674375
132.357312 123.331737
133.014673 123.989098
133.672034 123.989098
134.329395 124.646459
134.986757 124.646459
135.644118 125.303821
136.301479 125.303821
136.958841 125.961182
137.616202 125.961182
138.273563 126.618543
138.930924 126.618543
139.588286 127.275904
139.588286 127.933266
139.588286 128.590627
140.245647 129.247988
140.245647 129.905350
140.245647 130.562711
140.245647 131.220072
140.903008 131.877433
140.903008 132.534795
140.903008 133.192156
141.560370 133.849517
141.560370 134.506879
141.560370 135.164240
141.560370 135.821601
142.217731 136.478962
142.217731 137.793685
142.217731 138.451046
142.875092 139.108408
142.875092 139.765769
142.217731 140.423130
142.217731 141.080492
141.560370 141.737853
141.560370 142.395214
141.560370 143.052575
140.903008 143.709937
140.903008 144.367298
140.245647 145.024659
140.245647 145.682021
140.245647 146.339382
139.588286 146.996743
139.588286 147.654104
139.588286 148.311466
138.930924 148.968827
138.273563 149.626188
137.616202 150.283550
137.616202 150.940911
136.958841 151.598272
136.301479 152.255633
135.644118 152.912995
134.986757 153.570356
134.986757 154.227717
134.329395 154.885079
133.672034 155.542440
133.014673 156.199801
132.357312 156.857162
132.357312 157.514524
131.699950 158.171885
131.042589 158.829246
131.042589 159.486608
130.385228 160.143969
129.727866 160.801330
129.070505 160.801330
128.413144 160.801330
127.755782 161.458692
127.098421 161.458692
126.441060 161.458692
125.783699 161.458692
125.126337 162.116053
124.468976 162.116053
123.811615 162.116053
123.154253 162.773414
122.496892 162.773414
121.839531 162.773414
121.182170 163.430775
120.524808 163.430775
119.867447 164.088137
119.210086 164.088137
118.552724 164.088137
117.895363 164.745498
117.238002 164.745498
116.580641 164.745498
115.923279 165.402859
115.265918 165.402859
114.608557 166.060221
113.951195 166.060221
113.293834 166.060221
112.636473 166.060221
111.979111 166.717582
111.321750 166.717582
110.664389 166.717582
110.007028 166.717582
109.349666 166.717582
108.692305 167.374943
108.034944 167.374943
107.377582 167.374943
106.720221 167.374943
106.062860 167.374943
105.405499 167.374943
104.748137 167.374943
104.090776 167.374943
103.433415 167.374943
102.776053 167.374943
102.118692 167.374943
101.461331 167.374943
100.803970 167.374943
100.146608 167.374943
99.489247 167.374943
98.831886 167.374943
98.174524 167.374943
97.517163 167.374943
96.859802 167.374943
96.202441 167.374943
95.545079 167.374943
94.887718 166.717582
94.230357 166.060221
93.572995 165.402859
93.572995 164.745498
92.915634 164.088137
92.258273 163.430775
91.600911 162.773414
90.943550 162.116053
90.943550 161.458692
90.943550 160.801330
90.286189 160.143969
89.628828 159.486608
88.971466 158.829246
88.971466 158.171885
88.314105 157.514524
88.314105 156.857162
88.314105 156.199801
87.656744 155.542440
87.656744 154.885079
87.656744 154.227717
86.999382 153.570356
86.999382 152.912995
86.999382 152.255633
86.342021 151.598272
86.342021 150.940911
86.342021 150.283550
85.684660 149.626188
85.684660 148.968827
85.684660 148.311466
85.027299 147.654104
85.027299 146.996743
85.027299 146.339382
85.027299 145.682021
84.369937 145.024659
84.369937 144.367298
84.369937 143.709937
83.712576 143.052575
83.712576 142.395214
83.712576 141.737853
83.712576 141.080492
83.712576 140.423130
83.712576 139.765769
83.712576 139.108408
83.712576 138.451046
83.712576 137.793685
83.712576 137.136324
83.712576 136.478962
83.712576 135.821601
83.712576 135.164240
83.712576 134.506879
83.712576 133.849517
83.712576 133.192156
83.712576 132.534795
83.712576 131.877433
83.712576 131.220072
83.712576 130.562711
83.712576 129.905350
83.712576 129.247988
83.712576 128.590627
83.712576 127.933266
83.712576 127.275904
83.712576 126.618543
83.712576 125.961182
83.712576 125.303821
83.712576 124.646459
83.055215 123.989098
82.397853 123.331737
82.397853 122.674375
81.740492 122.017014
81.083131 121.359653
80.425770 120.702292
80.425770 120.044930
79.768408 119.387569
79.111047 118.730208
79.111047 118.072846
78.453686 117.415485
77.796324 116.758124
77.138963 116.100762
77.138963 115.443401
76.481602 114.786040
76.481602 114.128679
75.824241 113.471317
75.166879 112.813956
74.509518 112.156595
73.852157 111.499233
73.194795 110.841872
72.537434 110.184511
71.880073 109.527150
71.222711 108.869788
70.565350 108.212427
69.907989 107.555066
69.250628 106.897704
68.593266 106.240343
67.935905 105.582982
67.278544 104.925621
66.621182 104.268259
65.963821 103.610898
65.963821 102.953537
65.963821 102.296175
65.306460 101.638814
65.306460 100.981453
65.306460 100.324091
65.306460 99.666730
65.306460 99.009369
65.306460 98.352008
65.306460 97.694646
64.649099 97.037285
64.649099 96.379924
64.649099 95.722562
64.649099 95.065201
63.991737 93.750479
63.991737 93.093117
63.991737 92.435756
63.991737 91.778395
63.991737 91.121033
63.991737 90.463672
63.991737 89.806311
63.991737 89.148950
63.991737 88.491588
63.991737 87.834227
63.991737 87.176866
63.991737 86.519504
63.991737 85.862143
63.991737 85.204782
63.991737 84.547421
63.991737 83.890059
63.991737 83.232698
63.991737 82.575337
63.991737 81.917975
64.649099 81.260614
64.649099 80.603253
64.649099 79.945891
64.649099 79.288530
64.649099 78.631169
64.649099 77.973808
65.306460 77.316446
65.306460 76.659085
65.306460 76.001724
65.306460 75.344362
65.963821 74.687001
65.963821 74.029640
66.621182 73.372279
66.621182 72.714917
66.621182 72.057556
67.278544 71.400195
67.278544 70.742833
67.935905 70.085472
67.935905 69.428111
68.593266 68.770750
68.593266 68.113388
68.593266 67.456027
69.250628 66.798666
69.250628 66.141304
69.907989 65.483943
70.565350 64.826582
71.222711 64.169221
71.880073 63.511859
72.537434 62.854498
73.194795 62.854498
73.852157 62.854498
74.509518 62.197137
75.166879 61.539775
75.824241 61.539775
76.481602 60.882414
77.138963 60.225053
77.796324 59.567691
78.453686 59.567691
79.111047 59.567691
79.768408 59.567691
80.425770 59.567691
81.083131 59.567691
81.740492 58.910330
82.397853 58.910330
83.055215 58.910330
83.712576 58.910330
84.369937 58.910330
85.027299 58.910330
85.684660 58.910330
86.342021 58.910330
86.999382 58.910330
87.656744 58.910330
88.314105 58.910330
88.971466 58.910330
89.628828 58.910330
90.286189 59.567691
90.943550 59.567691
91.600911 60.225053
92.258273 60.225053
92.915634 60.225053
93.572995 60.882414
94.230357 60.882414
94.887718 60.882414
95.545079 61.539775
96.202441 61.539775
96.859802 62.197137
97.517163 62.197137
98.174524 62.854498
98.831886 62.854498
99.489247 62.854498
100.146608 62.854498
100.803970 63.511859
100.803970 64.169221
100.803970 64.826582
100.803970 65.483943
100.803970 66.141304
