90.758774 67.429431
90.758774 68.243016
91.572359 69.056601
91.572359 69.870187
91.572359 70.683772
91.572359 71.497357
92.385944 72.310942
92.385944 73.124528
93.199529 73.938113
93.199529 74.751698
93.199529 75.565284
93.199529 76.378869
93.199529 77.192454
94.013115 78.006040
94.013115 78.819625
94.013115 79.633210
94.013115 80.446796
94.013115 81.260381
94.013115 82.073966
94.013115 82.887552
94.826700 83.701137
94.826700 84.514722
94.826700 85.328308
94.826700 86.141893
94.826700 86.955478
95.640285 86.955478
95.640285 87.769064
95.640285 88.582649
96.453871 89.396234
96.453871 90.209820
97.267456 91.023405
97.267456 91.836990
97.267456 92.650576
98.081041 92.650576
98.081041 93.464161
98.894627 94.277746
98.894627 95.091332
99.708212 95.904917
99.708212 96.718502
100.521797 97.532087
100.521797 98.345673
101.335383 98.345673
101.335383 99.159258
102.148968 99.159258
102.148968 99.972843
102.962553 100.786429
103.776139 101.600014
104.589724 102.413599
105.403309 103.227185
105.403309 104.040770
106.216895 104.040770
107.030480 104.854355
107.844065 105.667941
108.657651 106.481526
109.471236 106.481526
110.284821 107.295111
111.098407 108.108697
111.911992 108.922282
112.725577 108.922282
113.539163 109.735867
114.352748 109.735867
115.166333 110.549453
115.979919 110.549453
116.793504 111.363038
117.607089 111.363038
118.420674 112.176623
119.234260 112.176623
120.047845 112.990209
120.861430 112.990209
121.675016 112.990209
122.488601 113.803794
123.302186 113.803794
124.115772 113.803794
124.929357 113.803794
125.742942 114.617379
126.556528 114.617379
127.370113 114.617379
128.183698 114.617379
128.997284 114.617379
129.810869 114.617379
130.624454 114.617379
131.438040 115.430965
132.251625 115.430965
133.065210 116.244550
133.878796 117.058135
134.692381 117.871721
135.505966 118.685306
136.319552 119.498891
137.133137 120.312477
137.133137 121.126062
137.133137 121.939647
137.133137 122.753232
137.133137 123.566818
137.133137 124.380403
137.133137 125.193988
137.133137 126.007574
137.133137 126.821159
137.946722 127.634744
137.946722 128.448330
137.946722 129.261915
137.946722 130.075500
137.946722 130.889086
137.133137 131.702671
136.319552 132.516256
135.505966 133.329842
134.692381 134.143427
133.878796 134.957012
133.065210 135.770598
132.251625 136.584183
131.438040 137.397768
130.624454 137.397768
129.810869 138.211354
128.997284 139.024939
128.183698 139.838524
127.370113 140.652110
126.556528 140.652110
125.742942 140.652110
124.929357 141.465695
124.115772 141.465695
123.302186 141.465695
122.488601 141.465695
121.675016 142.279280
120.861430 143.092866
120.047845 143.092866
119.234260 143.092866
118.420674 143.906451
117.607089 143.906451
116.793504 143.906451
115.979919 144.720036
115.166333 144.720036
114.352748 145.533622
113.539163 145.533622
112.725577 146.347207
111.911992 146.347207
111.098407 146.347207
110.284821 146.347207
109.471236 146.347207
108.657651 146.347207
107.844065 146.347207
107.030480 146.347207
106.216895 146.347207
105.403309 146.347207
104.589724 146.347207
103.776139 146.347207
102.962553 146.347207
102.148968 145.533622
101.335383 145.533622
100.521797 145.533622
99.708212 145.533622
98.894627 144.720036
98.081041 144.720036
97.267456 144.720036
96.453871 144.720036
95.640285 144.720036
94.826700 144.720036
94.013115 144.720036
93.199529 144.720036
92.385944 143.906451
91.572359 143.906451
90.758774 143.906451
89.945188 143.906451
89.131603 143.092866
88.318018 143.092866
87.504432 143.092866
86.690847 142.279280
85.877262 141.465695
85.063676 140.652110
85.063676 139.838524
84.250091 139.024939
83.436506 138.211354
82.622920 137.397768
81.809335 136.584183
80.995750 135.770598
80.182164 134.957012
79.368579 134.143427
78.554994 134.143427
77.741408 133.329842
76.927823 132.516256
76.114238 131.702671
75.300652 130.889086
74.487067 130.075500
74.487067 129.261915
74.487067 128.448330
73.673482 127.634744
72.859896 126.821159
72.046311 126.007574
71.232726 125.193988
71.232726 124.380403
71.232726 123.566818
71.232726 122.753232
70.419140 121.939647
70.419140 121.126062
70.419140 120.312477
70.419140 119.498891
69.605555 118.685306
69.605555 117.871721
69.605555 117.058135
69.605555 116.244550
68.791970 115.430965
68.791970 114.617379
68.791970 113.803794
68.791970 112.990209
68.791970 112.176623
68.791970 111.363038
68.791970 110.549453
68.791970 109.735867
68.791970 108.922282
68.791970 108.108697
68.791970 107.295111
68.791970 106.481526
68.791970 105.667941
67.978384 104.854355
67.978384 104.040770
67.978384 103.227185
67.978384 102.413599
67.978384 101.600014
67.978384 100.786429
67.978384 99.972843
67.978384 99.159258
67.978384 98.345673
67.978384 97.532087
67.978384 96.718502
67.978384 95.904917
67.978384 95.091332
67.978384 94.277746
68.791970 93.464161
68.791970 92.650576
68.791970 91.836990
69.605555 91.023405
69.605555 90.209820
69.605555 89.396234
69.605555 88.582649
70.419140 87.769064
70.419140 86.955478
70.419140 86.141893
70.419140 85.328308
71.232726 84.514722
71.232726 83.701137
71.232726 82.887552
72.046311 82.887552
72.859896 82.073966
73.673482 82.073966
74.487067 81.260381
75.300652 81.260381
76.114238 81.260381
76.927823 81.260381
77.741408 80.446796
78.554994 80.446796
79.368579 80.446796
80.182164 79.633210
80.995750 79.633210
81.809335 79.633210
82.622920 78.819625
83.436506 78.819625
84.250091 78.006040
85.063676 77.192454
85.063676 76.378869
85.877262 75.565284
86.690847 74.751698
86.690847 73.938113
87.504432 73.124528
88.318018 72.310942
88.318018 71.497357
89.131603 70.683772
89.131603 69.870187
89.945188 69.056601
90.758774 68.243016
90.758774 67.429431
