90.961078 88.691963
90.961078 89.120135
91.389251 89.120135
91.389251 89.548308
91.389251 89.976480
91.817423 89.976480
91.817423 90.404653
91.817423 90.832826
92.245596 90.832826
92.673768 91.260998
92.673768 91.689171
93.101941 92.117343
93.530114 92.545516
93.530114 92.973688
93.958286 92.973688
93.958286 93.401861
94.386459 93.401861
94.386459 93.830033
94.814631 94.258206
95.242804 94.686379
95.670976 95.114551
96.099149 95.542724
96.527321 95.970896
96.955494 96.399069
97.383667 96.399069
97.811839 96.827241
97.811839 97.255414
97.811839 97.683586
97.811839 98.111759
98.240012 98.111759
98.240012 98.539932
98.240012 98.968104
98.668184 98.968104
98.668184 99.396277
98.668184 99.824449
99.096357 99.824449
99.096357 100.252622
99.096357 100.680794
99.524529 100.680794
99.524529 101.108967
99.952702 101.537139
99.952702 101.965312
100.380874 102.393485
100.380874 102.821657
100.809047 103.249830
100.809047 103.678002
101.237219 103.678002
101.237219 104.106175
101.665392 104.106175
101.665392 104.534347
102.093565 104.962520
102.521737 105.390692
102.521737 105.818865
102.949910 105.818865
102.949910 106.247038
103.378082 106.247038
103.378082 106.675210
103.806255 107.103383
104.234427 107.531555
104.234427 107.959728
104.662600 107.959728
105.090772 108.387900
105.518945 108.387900
105.947118 108.816073
106.375290 109.244245
106.803463 109.672418
107.231635 110.100591
107.659808 110.100591
108.087980 110.528763
108.516153 110.956936
108.944325 111.385108
109.372498 111.385108
109.800671 111.813281
110.228843 111.813281
110.657016 112.241453
111.085188 112.241453
111.513361 112.669626
111.941533 112.669626
112.369706 113.097798
112.797878 113.097798
113.226051 113.525971
113.654224 113.525971
114.082396 113.954143
114.510569 113.954143
114.938741 113.954143
115.366914 114.382316
115.795086 114.382316
116.223259 114.382316
116.651431 114.382316
117.079604 114.810489
117.507777 114.810489
117.935949 114.810489
118.364122 114.810489
118.792294 115.238661
119.220467 115.238661
119.648639 115.238661
120.076812 115.238661
120.504984 115.238661
120.933157 115.238661
121.361329 115.238661
121.789502 115.238661
122.217675 115.238661
122.645847 115.238661
123.074020 115.666834
123.502192 115.666834
123.930365 116.095006
124.358537 116.523179
124.786710 116.523179
125.214882 116.951351
125.643055 117.379524
126.071228 117.379524
126.499400 117.807696
126.927573 118.235869
127.355745 118.235869
127.783918 118.664042
128.212090 118.664042
128.640263 119.092214
129.068435 119.092214
129.496608 119.520387
129.924781 119.520387
130.352953 119.948559
130.781126 119.948559
131.209298 119.948559
131.637471 120.376732
132.065643 120.376732
132.493816 120.376732
132.921988 120.804904
133.350161 120.804904
133.778334 120.804904
134.206506 121.233077
134.634679 121.233077
135.062851 121.233077
135.491024 121.233077
135.919196 121.661249
136.347369 121.661249
136.775541 121.661249
137.203714 121.661249
137.631887 121.661249
138.060059 122.089422
138.488232 122.089422
138.916404 122.089422
138.916404 122.517595
138.488232 122.945767
138.060059 123.373940
137.631887 123.802112
137.203714 124.230285
136.775541 124.230285
136.347369 124.658457
135.919196 125.086630
135.491024 125.514802
135.062851 125.942975
134.634679 126.371148
134.206506 126.371148
133.778334 126.799320
133.350161 127.227493
132.493816 127.227493
132.065643 127.655665
131.637471 127.655665
131.209298 128.083838
130.781126 128.083838
130.352953 128.083838
129.924781 128.512010
129.496608 128.512010
129.068435 128.940183
128.640263 129.368355
128.212090 129.368355
127.355745 129.796528
126.927573 130.224701
126.499400 130.224701
126.071228 130.652873
125.643055 130.652873
125.214882 131.081046
124.786710 131.509218
124.358537 131.509218
123.502192 131.937391
123.074020 131.937391
122.645847 132.365563
122.217675 132.793736
121.789502 132.793736
121.361329 133.221908
120.933157 133.650081
120.504984 133.650081
119.648639 134.078253
119.220467 134.078253
118.792294 134.506426
118.364122 134.934599
117.935949 134.934599
117.507777 135.362771
117.079604 135.790944
116.651431 135.790944
115.795086 136.219116
115.366914 136.219116
114.938741 136.647289
114.510569 137.075461
114.082396 137.075461
113.654224 137.503634
113.226051 137.931806
112.797878 137.931806
112.369706 138.359979
111.941533 138.788152
111.513361 139.216324
111.085188 139.644497
110.657016 139.644497
110.228843 140.072669
109.800671 140.500842
109.372498 140.929014
108.516153 140.929014
108.087980 141.357187
107.659808 141.785359
107.231635 142.213532
106.803463 142.641705
106.375290 142.641705
105.947118 143.069877
105.518945 143.498050
105.090772 143.926222
104.662600 143.926222
104.234427 144.354395
103.806255 144.782567
103.378082 145.210740
102.949910 145.210740
102.521737 145.638912
102.093565 145.638912
101.665392 145.638912
101.237219 145.638912
100.809047 145.638912
100.380874 145.638912
99.952702 145.638912
99.524529 145.638912
99.096357 145.638912
98.668184 145.210740
98.240012 144.354395
97.811839 143.926222
96.955494 143.498050
96.527321 143.069877
96.099149 142.641705
95.670976 142.213532
95.242804 141.357187
94.814631 140.929014
94.386459 140.500842
93.958286 140.072669
93.530114 139.644497
93.101941 139.216324
92.245596 138.788152
91.817423 137.931806
91.389251 137.503634
90.961078 137.075461
90.532906 136.647289
90.104733 136.219116
89.676561 135.790944
89.248388 135.362771
89.248388 134.934599
88.820215 134.506426
88.820215 134.078253
88.392043 133.650081
87.963870 132.793736
87.963870 132.365563
87.535698 131.937391
87.107525 131.509218
87.107525 130.652873
86.679353 130.224701
86.251180 129.796528
86.251180 129.368355
85.823008 128.940183
85.394835 128.083838
85.394835 127.655665
84.966662 127.227493
84.538490 126.799320
84.538490 126.371148
84.110317 125.514802
83.682145 125.086630
83.682145 124.658457
83.253972 124.230285
82.825800 123.802112
82.825800 122.945767
82.397627 122.517595
81.969455 122.089422
81.969455 121.661249
81.541282 121.233077
81.113109 120.376732
81.113109 119.948559
80.684937 119.520387
80.256764 119.092214
80.256764 118.664042
79.828592 117.807696
79.400419 117.379524
79.400419 116.951351
78.972247 116.523179
78.544074 116.095006
78.544074 115.238661
78.544074 114.810489
78.544074 114.382316
78.544074 113.954143
78.544074 113.525971
78.544074 113.097798
78.544074 112.669626
78.544074 112.241453
78.544074 111.813281
78.544074 110.956936
78.544074 110.528763
78.544074 110.100591
78.544074 109.672418
78.544074 108.816073
78.544074 108.387900
78.544074 107.959728
78.544074 107.103383
78.544074 106.675210
78.544074 106.247038
78.544074 105.818865
78.544074 104.962520
78.544074 104.534347
78.544074 104.106175
78.544074 103.249830
78.544074 102.821657
78.544074 102.393485
78.544074 101.965312
78.544074 101.108967
78.544074 100.680794
78.544074 100.252622
78.544074 99.824449
78.115902 98.968104
78.115902 98.539932
78.115902 98.111759
78.115902 97.255414
78.115902 96.827241
78.115902 96.399069
78.115902 95.970896
78.115902 95.114551
78.115902 94.686379
78.115902 94.258206
78.115902 93.830033
78.115902 93.401861
78.115902 92.973688
78.115902 92.545516
78.115902 92.117343
78.544074 91.689171
78.972247 91.260998
79.400419 90.404653
80.256764 89.976480
80.684937 89.548308
81.113109 89.120135
81.541282 88.263790
81.969455 87.835618
82.397627 87.407445
82.825800 86.979273
83.253972 86.122928
83.682145 85.694755
84.110317 85.266582
84.538490 84.838410
84.966662 83.982065
85.823008 83.553892
86.251180 83.125720
86.679353 82.697547
87.107525 81.841202
87.535698 81.413029
87.963870 81.413029
88.392043 81.413029
88.392043 81.841202
88.392043 81.413029
88.392043 81.841202
88.392043 82.269375
88.392043 82.697547
88.820215 83.125720
88.820215 83.553892
88.820215 83.982065
89.248388 84.410237
89.248388 84.838410
89.248388 85.266582
89.248388 85.694755
89.676561 85.694755
89.676561 86.122928
89.676561 86.551100
90.104733 86.979273
90.104733 87.407445
90.104733 87.835618
90.532906 87.835618
90.532906 88.263790
90.532906 88.691963
90.961078 88.691963
