93.423133 67.503765
93.423133 68.122193
92.804705 68.740621
92.804705 69.359050
92.804705 69.977478
92.804705 70.595906
92.804705 71.214335
92.804705 71.832763
92.804705 72.451191
92.804705 73.069620
92.804705 73.688048
92.804705 74.306476
92.804705 74.924904
92.804705 75.543333
92.804705 76.161761
92.804705 76.780189
92.804705 77.398618
92.804705 78.017046
92.804705 78.635474
92.804705 79.253902
92.804705 79.872331
92.804705 80.490759
92.804705 81.109187
93.423133 81.727616
93.423133 82.346044
93.423133 82.964472
93.423133 83.582900
93.423133 84.201329
93.423133 84.819757
94.041562 85.438185
94.041562 86.056614
94.041562 86.675042
94.041562 87.293470
94.659990 87.911898
94.659990 88.530327
94.659990 89.148755
95.278418 89.767183
95.278418 90.385612
95.278418 91.004040
95.896846 91.622468
95.896846 92.240896
95.896846 92.859325
96.515275 92.859325
96.515275 93.477753
96.515275 94.096181
97.133703 94.096181
97.133703 94.714610
97.133703 95.333038
97.133703 95.951466
97.752131 95.951466
97.752131 96.569894
98.370560 97.188323
98.370560 97.806751
98.988988 97.806751
98.988988 98.425179
99.607416 99.043608
99.607416 99.662036
99.607416 100.280464
100.225844 100.280464
100.225844 100.898892
100.225844 101.517321
100.844273 101.517321
101.462701 102.135749
101.462701 102.754177
101.462701 103.372606
102.081129 103.372606
102.699558 103.991034
102.699558 104.609462
103.317986 104.609462
103.936414 105.227890
103.936414 105.846319
104.554843 106.464747
104.554843 107.083175
105.173271 107.083175
105.791699 107.701604
105.791699 108.320032
106.410127 108.320032
107.028556 108.938460
107.028556 109.556889
107.646984 109.556889
108.265412 110.175317
108.883841 110.793745
109.502269 111.412173
110.120697 111.412173
110.739125 112.030602
110.739125 112.649030
111.357554 112.649030
111.357554 113.267458
111.975982 113.267458
112.594410 113.885887
113.212839 113.885887
113.212839 114.504315
113.831267 114.504315
113.831267 115.122743
114.449695 115.122743
115.068123 115.122743
115.686552 115.741171
115.686552 116.359600
116.304980 116.359600
116.923408 116.978028
117.541837 117.596456
118.160265 118.214885
118.778693 118.833313
119.397121 119.451741
120.015550 120.070169
120.633978 120.688598
121.252406 120.688598
121.870835 121.307026
122.489263 121.925454
123.107691 122.543883
123.726119 123.162311
124.344548 123.162311
124.962976 123.780739
125.581404 124.399167
126.199833 124.399167
126.818261 125.017596
127.436689 125.017596
128.055117 125.636024
128.673546 125.636024
129.291974 126.254452
129.910402 126.872881
130.528831 126.872881
131.147259 126.872881
131.765687 127.491309
132.384115 127.491309
133.002544 128.109737
133.620972 128.109737
134.239400 128.728165
134.857829 128.728165
135.476257 128.728165
136.094685 129.346594
136.713113 129.346594
137.331542 129.346594
137.949970 129.965022
138.568398 129.965022
139.186827 129.965022
139.805255 129.965022
140.423683 130.583450
141.042112 130.583450
141.660540 130.583450
142.278968 130.583450
142.897396 130.583450
143.515825 130.583450
144.134253 131.201879
144.752681 131.201879
145.371110 131.201879
145.989538 131.201879
146.607966 131.201879
146.607966 131.820307
147.226394 132.438735
147.844823 133.057163
148.463251 133.675592
148.463251 134.294020
149.081679 134.912448
149.081679 135.530877
149.081679 136.149305
149.700108 136.767733
149.081679 137.386161
149.081679 138.004590
149.081679 138.623018
149.081679 139.241446
148.463251 139.859875
148.463251 141.096731
148.463251 141.715159
147.844823 142.333588
147.844823 142.952016
147.844823 143.570444
147.226394 144.188873
147.226394 144.807301
147.226394 145.425729
146.607966 146.662586
146.607966 147.281014
146.607966 147.899442
145.989538 148.517871
145.371110 149.136299
144.752681 149.754727
144.134253 150.373156
143.515825 151.610012
142.278968 152.228440
141.660540 152.846869
141.042112 153.465297
140.423683 154.083725
139.186827 154.702154
138.568398 155.939010
137.949970 156.557438
137.331542 157.175867
136.713113 157.794295
135.476257 158.412723
134.857829 159.031152
134.239400 160.268008
133.620972 160.886436
133.002544 161.504865
131.765687 162.123293
131.147259 162.741721
130.528831 163.360150
129.910402 163.978578
129.291974 163.978578
128.673546 164.597006
128.055117 165.215434
127.436689 165.215434
126.818261 165.215434
126.199833 165.833863
125.581404 165.833863
124.962976 166.452291
124.344548 166.452291
123.726119 167.070719
123.107691 167.070719
122.489263 167.070719
121.870835 167.689148
121.252406 167.689148
120.633978 168.307576
120.015550 168.307576
119.397121 168.926004
118.778693 168.926004
118.160265 168.926004
117.541837 169.544432
116.923408 169.544432
116.304980 170.162861
115.686552 170.162861
115.068123 170.781289
114.449695 170.781289
113.831267 170.781289
113.212839 171.399717
112.594410 171.399717
111.975982 172.018146
111.357554 172.018146
110.739125 172.018146
110.120697 172.018146
109.502269 172.018146
108.883841 172.018146
108.265412 172.018146
107.646984 172.018146
107.028556 172.018146
105.791699 172.018146
105.173271 172.018146
104.554843 172.018146
103.936414 172.018146
103.317986 172.018146
102.699558 172.018146
102.081129 172.018146
101.462701 172.018146
100.844273 172.018146
100.225844 172.018146
99.607416 172.018146
98.988988 171.399717
97.752131 171.399717
97.133703 170.781289
96.515275 170.162861
95.896846 170.162861
95.278418 169.544432
94.659990 168.926004
94.041562 168.926004
92.804705 168.307576
92.186277 167.689148
91.567848 167.689148
90.949420 167.070719
90.330992 166.452291
89.712564 166.452291
89.094135 165.833863
87.857279 165.215434
87.238850 165.215434
86.620422 164.597006
86.001994 163.978578
85.383566 163.978578
84.765137 163.360150
83.528281 162.741721
82.909852 162.123293
82.291424 162.123293
81.672996 161.504865
81.672996 160.886436
81.672996 160.268008
81.054568 159.649580
81.054568 158.412723
80.436139 157.794295
80.436139 157.175867
79.817711 156.557438
79.817711 155.939010
79.199283 155.320582
79.199283 154.702154
79.199283 154.083725
78.580854 153.465297
78.580854 152.846869
77.962426 152.228440
77.962426 151.610012
77.343998 150.991584
77.343998 150.373156
77.343998 149.754727
76.725570 149.136299
76.725570 148.517871
76.107141 147.899442
76.107141 147.281014
75.488713 146.662586
75.488713 146.044158
75.488713 145.425729
74.870285 144.807301
74.870285 144.188873
74.251856 143.570444
74.251856 142.952016
73.633428 141.715159
73.633428 141.096731
73.633428 140.478303
73.015000 139.859875
73.015000 139.241446
72.396572 138.623018
72.396572 138.004590
71.778143 137.386161
71.778143 136.767733
71.778143 136.149305
71.159715 135.530877
71.159715 134.912448
70.541287 134.294020
70.541287 133.675592
69.922858 133.057163
69.922858 132.438735
69.922858 131.820307
69.304430 131.201879
69.304430 130.583450
68.686002 129.965022
68.686002 129.346594
68.067573 128.728165
68.067573 128.109737
68.067573 127.491309
67.449145 126.254452
67.449145 125.636024
66.830717 125.017596
66.830717 123.780739
66.212289 123.162311
66.212289 122.543883
66.212289 121.925454
65.593860 120.688598
65.593860 120.070169
64.975432 119.451741
64.975432 118.833313
64.357004 117.596456
64.357004 116.978028
64.357004 116.359600
63.738575 115.741171
63.738575 114.504315
63.120147 113.885887
63.120147 113.267458
62.501719 112.649030
62.501719 111.412173
62.501719 110.793745
61.883291 110.175317
61.883291 109.556889
61.264862 108.320032
61.264862 107.701604
60.646434 107.083175
60.646434 106.464747
60.646434 105.227890
60.028006 104.609462
60.028006 103.991034
59.409577 102.754177
59.409577 102.135749
58.791149 101.517321
58.791149 100.898892
58.791149 100.280464
58.791149 99.662036
58.791149 99.043608
58.791149 98.425179
58.791149 97.806751
58.791149 97.188323
59.409577 96.569894
59.409577 95.951466
59.409577 95.333038
59.409577 94.714610
59.409577 93.477753
60.028006 92.859325
60.028006 92.240896
60.028006 91.622468
60.028006 91.004040
60.028006 90.385612
60.646434 89.767183
60.646434 89.148755
60.646434 88.530327
60.646434 87.911898
60.646434 87.293470
60.646434 86.675042
61.264862 86.056614
61.264862 85.438185
61.264862 84.819757
61.264862 84.201329
61.264862 83.582900
61.883291 82.964472
61.883291 82.346044
61.883291 81.727616
61.883291 81.109187
61.883291 80.490759
62.501719 79.872331
62.501719 79.253902
62.501719 78.635474
62.501719 78.017046
62.501719 77.398618
63.120147 76.780189
63.120147 76.161761
63.738575 75.543333
64.357004 74.924904
64.975432 74.306476
65.593860 73.688048
66.212289 73.069620
66.830717 72.451191
67.449145 72.451191
68.686002 71.832763
69.304430 71.214335
69.922858 70.595906
70.541287 69.977478
71.159715 69.977478
72.396572 69.359050
73.015000 68.740621
73.633428 68.122193
74.251856 67.503765
74.870285 67.503765
76.107141 66.885337
76.725570 66.266908
77.343998 65.648480
77.962426 65.030052
78.580854 65.030052
79.817711 64.411623
80.436139 64.411623
81.054568 64.411623
81.672996 64.411623
82.291424 64.411623
82.909852 64.411623
83.528281 64.411623
84.146709 64.411623
84.765137 64.411623
85.383566 64.411623
86.001994 64.411623
86.620422 64.411623
87.238850 64.411623
87.857279 64.411623
88.475707 64.411623
89.094135 64.411623
89.712564 64.411623
90.330992 65.030052
90.949420 65.648480
91.567848 65.648480
92.186277 66.266908
92.804705 66.885337
93.423133 66.885337
93.423133 67.503765
