111.303358 100.885046
111.303358 101.038974
111.149431 101.192901
110.995503 101.500756
110.841576 101.654683
110.841576 101.808610
110.687649 101.962538
110.533721 102.116465
110.379794 102.270392
110.379794 102.424320
110.225867 102.578247
110.071939 102.732174
109.918012 102.886102
109.918012 103.040029
109.764085 103.193957
109.764085 103.347884
109.610157 103.501811
109.610157 103.655739
109.610157 103.809666
109.610157 103.963593
109.610157 104.271448
109.610157 104.425375
109.610157 104.579303
109.610157 104.733230
109.610157 104.887157
109.610157 105.041085
109.456230 105.348939
109.456230 105.502867
109.456230 105.656794
109.456230 105.810721
109.456230 105.964649
109.456230 106.272503
109.456230 106.426431
109.456230 106.580358
109.456230 106.734285
109.302303 106.888213
109.302303 107.196067
109.302303 107.349995
109.302303 107.503922
109.302303 107.657849
109.302303 107.811777
109.302303 107.965704
109.302303 108.273559
109.302303 108.427486
109.148375 108.581413
109.148375 108.735341
109.148375 108.889268
109.148375 109.197123
109.148375 109.351050
109.148375 109.504978
109.148375 109.658905
109.148375 109.812832
109.148375 109.966760
109.148375 110.120687
109.148375 110.274614
109.148375 110.428542
109.148375 110.582469
109.148375 110.736396
109.148375 110.890324
109.148375 111.044251
109.148375 111.198178
109.148375 111.352106
109.148375 111.506033
109.148375 111.659960
109.148375 111.813888
109.148375 111.967815
109.148375 112.121742
109.148375 112.275670
109.148375 112.429597
109.148375 112.583524
109.148375 112.737452
109.148375 112.891379
109.148375 113.045306
109.148375 113.199234
109.148375 113.353161
109.148375 113.507088
109.148375 113.661016
109.148375 113.814943
109.302303 113.968870
109.302303 114.122798
109.456230 114.276725
109.456230 114.430653
109.610157 114.584580
109.610157 114.738507
109.764085 114.892435
109.764085 115.046362
109.918012 115.200289
109.918012 115.354217
109.918012 115.508144
110.071939 115.662071
110.071939 115.815999
110.225867 115.969926
110.225867 116.123853
110.225867 116.277781
110.379794 116.431708
110.379794 116.585635
110.533721 116.739563
110.533721 116.893490
110.533721 117.047417
110.687649 117.201345
110.687649 117.355272
110.687649 117.509199
110.687649 117.355272
110.687649 117.509199
110.841576 117.663127
110.841576 117.817054
110.841576 117.970981
110.995503 118.124909
110.995503 118.278836
110.995503 118.432763
110.995503 118.586691
111.149431 118.740618
111.149431 118.894545
111.149431 119.048473
111.149431 119.202400
111.303358 119.356327
111.303358 119.510255
111.303358 119.664182
111.303358 119.818109
111.457285 119.972037
111.457285 120.125964
111.457285 120.279892
111.457285 120.433819
111.611213 120.587746
111.611213 120.741674
111.611213 120.895601
111.611213 121.049528
111.611213 121.203456
111.611213 121.357383
111.765140 121.511310
111.919067 121.665238
112.072995 121.819165
112.380849 121.819165
112.534777 121.973092
112.688704 122.127020
112.842631 122.127020
112.996559 122.280947
113.150486 122.434874
113.304413 122.588802
113.458341 122.588802
113.612268 122.742729
113.766195 122.896656
113.920123 122.896656
114.074050 123.050584
114.227977 123.204511
114.535832 123.358438
114.689760 123.358438
114.843687 123.512366
114.997614 123.666293
115.151542 123.666293
115.305469 123.820220
115.459396 123.974148
115.613324 124.128075
115.767251 124.128075
115.921178 124.282002
116.075106 124.435930
116.229033 124.589857
116.382960 124.589857
116.690815 124.743784
116.844742 124.897712
116.998670 124.897712
117.152597 125.051639
117.306524 125.205566
117.460452 125.359494
117.614379 125.205566
117.768306 125.205566
117.922234 125.051639
118.076161 125.051639
118.230088 124.897712
118.384016 124.897712
118.537943 124.743784
118.691870 124.743784
118.845798 124.589857
118.999725 124.589857
119.153652 124.435930
119.307580 124.435930
119.461507 124.282002
119.615434 124.128075
119.769362 124.128075
119.923289 123.974148
120.077216 123.974148
120.231144 123.820220
120.385071 123.820220
120.538999 123.666293
120.692926 123.666293
120.846853 123.512366
121.000781 123.512366
121.154708 123.358438
121.308635 123.358438
121.462563 123.204511
121.616490 123.204511
121.770417 123.050584
121.924345 123.050584
122.078272 122.896656
122.232199 122.896656
122.386127 122.742729
122.540054 122.742729
122.693981 122.588802
122.847909 122.588802
123.001836 122.434874
123.155763 122.434874
123.309691 122.280947
123.463618 122.280947
123.617545 122.127020
123.771473 122.127020
123.925400 121.973092
124.079327 121.973092
124.233255 121.819165
124.387182 121.819165
124.541109 121.665238
124.695037 121.665238
124.848964 121.511310
125.002891 121.511310
125.156819 121.357383
125.310746 121.203456
125.464673 121.049528
125.464673 120.895601
125.618601 120.741674
125.772528 120.587746
125.926455 120.433819
125.926455 120.279892
126.080383 120.125964
126.234310 119.972037
126.234310 119.818109
126.388238 119.664182
126.542165 119.510255
126.696092 119.356327
126.696092 119.202400
126.850020 119.048473
127.003947 118.894545
127.003947 118.740618
127.157874 118.586691
127.311802 118.432763
127.465729 118.278836
127.465729 118.124909
127.619656 117.970981
127.773584 117.817054
127.773584 117.663127
127.927511 117.509199
128.081438 117.355272
128.235366 117.201345
128.235366 117.047417
128.389293 116.893490
128.543220 116.739563
128.697148 116.585635
128.697148 116.431708
128.851075 116.277781
129.005002 116.123853
129.005002 115.969926
129.158930 115.815999
129.312857 115.662071
129.466784 115.508144
129.466784 115.354217
129.620712 115.200289
129.774639 115.046362
129.774639 114.892435
129.928566 114.738507
130.082494 114.584580
130.236421 114.430653
130.236421 114.276725
130.390348 114.122798
130.544276 113.968870
130.544276 113.814943
130.698203 113.661016
130.698203 113.507088
130.698203 113.199234
130.698203 113.045306
130.852130 112.891379
130.852130 112.583524
130.852130 112.429597
130.852130 112.121742
130.852130 111.967815
130.852130 111.659960
130.852130 111.506033
130.852130 111.352106
130.852130 111.044251
131.006058 110.890324
131.006058 110.582469
131.006058 110.428542
131.006058 110.274614
131.006058 109.966760
131.006058 109.812832
131.006058 109.504978
131.006058 109.351050
131.006058 109.197123
131.159985 108.889268
131.159985 108.735341
131.159985 108.427486
131.159985 108.273559
131.159985 108.119631
131.159985 107.811777
131.159985 107.657849
131.159985 107.349995
131.159985 107.196067
131.159985 107.042140
131.313912 106.734285
131.313912 106.580358
131.006058 106.426431
130.852130 106.426431
130.544276 106.426431
130.236421 106.426431
130.082494 106.426431
129.774639 106.426431
129.620712 106.426431
129.312857 106.426431
129.158930 106.426431
128.851075 106.426431
128.543220 106.426431
128.389293 106.426431
128.081438 106.272503
127.927511 106.272503
127.619656 106.272503
127.311802 106.272503
127.157874 106.272503
126.850020 106.272503
126.696092 106.272503
126.388238 106.272503
126.234310 106.272503
125.926455 106.272503
125.618601 106.272503
125.464673 106.272503
125.156819 106.272503
125.002891 106.272503
124.695037 106.118576
124.387182 106.118576
124.233255 106.118576
123.925400 106.118576
123.771473 106.118576
123.463618 106.118576
123.309691 106.118576
123.001836 106.118576
122.693981 106.118576
122.540054 106.118576
122.232199 106.118576
122.078272 106.118576
121.770417 106.118576
121.616490 106.118576
121.308635 105.964649
121.000781 105.964649
120.846853 105.964649
120.538999 105.964649
120.385071 105.964649
120.077216 105.964649
119.769362 105.964649
119.615434 105.964649
119.307580 105.964649
119.153652 105.964649
118.999725 105.810721
118.845798 105.656794
118.691870 105.656794
118.537943 105.502867
118.384016 105.348939
118.230088 105.348939
118.076161 105.195012
117.922234 105.041085
117.768306 104.887157
117.614379 104.887157
117.460452 104.733230
117.306524 104.579303
117.152597 104.425375
116.998670 104.425375
116.844742 104.271448
116.690815 104.117521
116.536888 104.117521
116.382960 103.963593
116.229033 103.809666
116.075106 103.655739
115.921178 103.655739
115.767251 103.501811
115.613324 103.347884
115.459396 103.347884
115.305469 103.193957
115.151542 103.040029
114.997614 102.886102
114.843687 102.886102
114.689760 102.732174
114.535832 102.578247
114.381905 102.578247
114.227977 102.424320
114.074050 102.270392
113.920123 102.116465
113.766195 102.116465
113.612268 101.962538
113.458341 101.808610
113.304413 101.808610
112.996559 101.654683
112.842631 101.500756
112.688704 101.346828
112.534777 101.346828
112.380849 101.192901
112.226922 101.038974
112.072995 100.885046
111.919067 100.885046
111.765140 100.731119
111.611213 100.577192
111.457285 100.577192
111.303358 100.423264
111.303358 100.577192
111.303358 100.731119
111.303358 100.885046
