94.870374 89.839601
95.200290 90.169518
95.530206 90.499434
95.860123 90.829350
96.190039 91.159266
96.519955 91.159266
96.849871 91.489182
97.179787 91.819099
97.509704 92.149015
97.839620 92.478931
98.169536 92.808847
98.499452 92.808847
98.829368 93.138763
99.159285 93.468680
99.159285 93.798596
99.159285 94.128512
99.489201 94.128512
99.489201 94.458428
99.819117 94.788344
99.819117 95.118261
99.819117 95.448177
100.149033 95.778093
100.149033 96.108009
100.149033 96.437925
100.478949 96.437925
100.478949 96.767842
100.808866 97.097758
100.808866 97.427674
101.138782 97.757590
101.138782 98.087506
101.468698 98.417423
101.798614 98.747339
101.798614 99.077255
101.798614 99.407171
102.128530 99.407171
102.458447 99.737087
102.458447 100.067004
102.788363 100.396920
102.788363 100.726836
103.118279 100.726836
103.448195 101.056752
103.448195 101.386668
103.778111 101.716585
103.778111 102.046501
104.108028 102.046501
104.108028 102.376417
104.437944 102.376417
104.767860 102.706333
104.767860 103.036249
105.097776 103.366166
105.097776 103.696082
105.427692 103.696082
105.757609 104.025998
105.757609 104.355914
106.087525 104.355914
106.417441 104.685830
106.747357 105.015747
106.747357 105.345663
107.077273 105.345663
107.407190 105.345663
107.737106 105.675579
108.067022 106.005495
108.396938 106.335411
108.726854 106.665328
109.056771 106.665328
109.386687 106.995244
109.716603 107.325160
110.046519 107.655076
110.376435 107.655076
110.706352 107.984992
111.036268 108.314909
111.366184 108.314909
111.696100 108.644825
112.026016 108.644825
112.355933 108.974741
112.685849 109.304657
113.015765 109.304657
113.345681 109.634573
113.675597 109.634573
114.005514 109.964490
114.335430 109.964490
114.665346 110.294406
114.995262 110.294406
115.325178 110.294406
115.655095 110.624322
115.985011 110.624322
116.314927 110.954238
116.644843 110.954238
116.974759 110.954238
117.304676 111.284154
117.634592 111.284154
117.964508 111.284154
118.294424 111.614071
118.624340 111.614071
118.954257 111.614071
119.284173 111.614071
119.614089 111.943987
119.944005 111.943987
120.273921 111.943987
120.603838 111.943987
120.933754 111.943987
121.263670 112.273903
121.593586 112.273903
121.923502 112.273903
122.253419 112.273903
122.583335 112.273903
122.913251 112.273903
123.243167 112.273903
123.573083 112.273903
123.903000 112.273903
124.232916 112.273903
124.562832 112.273903
124.892748 112.273903
125.222664 112.603819
125.552581 112.603819
125.882497 112.933735
126.212413 112.933735
126.542329 113.263652
126.872245 113.263652
127.202162 113.593568
127.532078 113.593568
127.861994 113.593568
128.191910 113.923484
128.521826 113.923484
128.851743 114.253400
129.181659 114.253400
129.511575 114.253400
129.841491 114.583316
130.171407 114.583316
130.501324 114.583316
130.831240 114.583316
131.161156 114.913233
131.491072 114.913233
131.820988 114.913233
132.150905 114.913233
132.480821 114.913233
132.810737 115.243149
133.140653 115.243149
133.470569 115.243149
133.800486 115.243149
134.130402 115.243149
134.460318 115.243149
134.790234 115.573065
135.120150 115.573065
135.450067 115.573065
135.779983 115.573065
136.109899 115.573065
136.439815 115.573065
136.769731 115.573065
137.099648 115.573065
137.429564 115.573065
137.759480 115.573065
138.089396 115.573065
138.749229 115.573065
139.079145 115.902981
139.079145 116.232897
139.079145 116.562814
139.079145 116.892730
139.079145 117.222646
139.079145 117.552562
139.079145 117.882478
139.079145 118.212395
139.079145 118.542311
139.079145 118.872227
139.079145 119.202143
139.079145 119.532059
138.749229 119.861976
138.749229 120.191892
138.749229 120.521808
138.749229 120.851724
138.419312 121.511557
138.419312 121.841473
138.419312 122.171389
138.419312 122.501305
138.089396 122.831221
138.089396 123.161138
138.089396 123.491054
138.089396 123.820970
137.759480 124.150886
137.759480 124.480802
137.759480 124.810719
137.759480 125.470551
137.429564 125.800467
137.429564 126.130383
137.429564 126.460300
137.099648 126.790216
136.769731 127.120132
136.439815 127.450048
136.109899 127.779964
135.779983 128.109881
135.450067 128.439797
135.120150 128.769713
134.790234 128.769713
134.460318 129.099629
134.130402 129.099629
133.800486 129.429545
133.470569 129.429545
133.140653 129.759462
132.810737 130.089378
132.480821 130.419294
132.480821 130.749210
132.150905 131.079126
132.150905 131.409043
131.820988 131.738959
131.820988 132.068875
131.820988 132.398791
131.491072 132.728707
131.491072 133.058624
131.491072 133.388540
131.491072 133.718456
131.161156 134.048372
130.831240 134.378288
130.501324 134.378288
130.171407 134.708205
129.841491 134.708205
129.511575 134.708205
128.851743 135.038121
128.521826 135.038121
128.191910 135.368037
127.861994 135.368037
127.532078 135.697953
126.872245 135.697953
126.542329 136.027869
126.212413 136.027869
125.882497 136.357786
125.552581 136.357786
124.892748 136.687702
124.562832 136.687702
124.232916 137.017618
123.903000 137.017618
123.573083 137.347534
122.913251 137.347534
122.583335 137.347534
122.253419 137.677450
121.923502 137.677450
121.263670 138.007367
120.933754 138.007367
120.603838 138.337283
120.273921 138.667199
119.944005 138.667199
119.614089 138.997115
119.284173 138.997115
118.954257 139.327031
118.624340 139.656948
118.294424 139.656948
117.964508 139.986864
117.634592 139.986864
117.304676 140.316780
116.974759 140.316780
116.644843 140.646696
115.985011 140.976612
115.655095 140.976612
115.325178 141.306529
114.995262 141.306529
114.665346 141.636445
114.335430 141.636445
114.005514 141.966361
113.345681 141.966361
113.015765 142.296277
112.685849 142.296277
112.355933 142.626193
112.026016 142.626193
111.696100 142.956110
111.366184 142.956110
110.706352 143.286026
110.376435 143.615942
110.046519 143.615942
109.716603 143.945858
109.386687 143.945858
109.056771 143.945858
108.726854 143.945858
108.396938 143.945858
108.067022 143.945858
107.737106 143.945858
107.407190 143.945858
107.077273 143.945858
106.747357 143.945858
106.417441 143.945858
106.087525 143.945858
105.757609 143.945858
105.097776 143.945858
104.767860 143.615942
104.437944 143.615942
104.108028 143.615942
103.778111 143.615942
103.448195 143.286026
103.118279 143.286026
102.788363 143.286026
102.458447 143.286026
102.128530 143.286026
101.798614 142.956110
101.468698 142.956110
101.138782 142.626193
100.808866 142.626193
100.478949 142.296277
100.149033 141.966361
99.819117 141.636445
99.489201 141.636445
99.159285 141.306529
98.829368 140.976612
98.829368 140.646696
98.499452 140.316780
98.169536 139.986864
98.169536 139.656948
97.839620 139.327031
97.839620 138.997115
97.509704 138.337283
97.179787 138.007367
96.849871 137.677450
96.519955 137.347534
96.190039 137.017618
95.530206 136.687702
95.200290 136.027869
94.870374 135.697953
94.540458 135.368037
94.210542 135.038121
93.880625 134.708205
93.550709 134.378288
93.220793 133.718456
92.890877 133.388540
92.560961 133.058624
92.231044 132.728707
91.571212 132.398791
91.241296 131.738959
90.911380 131.409043
90.581463 131.079126
90.251547 130.749210
90.251547 130.419294
89.921631 130.089378
89.591715 129.759462
89.261799 129.429545
89.261799 129.099629
88.931882 128.769713
88.601966 128.439797
88.601966 128.109881
88.272050 127.779964
88.272050 127.450048
87.942134 127.120132
87.942134 126.790216
87.612218 126.460300
87.612218 126.130383
87.612218 125.800467
87.282301 125.470551
87.282301 125.140635
87.282301 124.810719
87.282301 124.480802
86.952385 124.150886
86.952385 123.820970
86.952385 123.491054
86.952385 123.161138
86.622469 122.501305
86.622469 122.171389
86.622469 121.841473
86.622469 121.511557
86.622469 121.181640
86.622469 120.851724
86.622469 120.191892
86.622469 119.861976
86.622469 119.532059
86.622469 118.872227
86.622469 118.542311
86.622469 117.882478
86.622469 117.552562
86.952385 117.222646
86.952385 116.562814
86.952385 116.232897
86.952385 115.573065
86.952385 115.243149
86.952385 114.913233
86.952385 114.253400
86.952385 113.923484
86.952385 113.263652
86.952385 112.933735
87.282301 112.273903
87.282301 111.943987
87.282301 111.614071
87.282301 110.954238
87.282301 110.624322
87.282301 109.964490
87.282301 109.634573
87.282301 109.304657
87.282301 108.644825
87.282301 108.314909
87.612218 107.655076
87.612218 107.325160
87.612218 106.995244
87.612218 106.335411
87.612218 106.005495
87.612218 105.675579
87.942134 105.015747
87.942134 104.685830
87.942134 104.355914
88.272050 104.025998
88.272050 103.696082
88.272050 103.366166
88.601966 103.036249
88.601966 102.376417
88.601966 102.046501
88.931882 101.716585
88.931882 101.386668
89.261799 101.056752
89.261799 100.726836
89.261799 100.067004
89.591715 99.737087
89.591715 99.407171
89.591715 99.077255
89.921631 98.747339
89.921631 98.417423
89.921631 98.087506
90.251547 97.427674
90.251547 97.097758
90.251547 96.767842
90.581463 96.437925
90.581463 96.108009
90.581463 95.778093
90.911380 95.118261
90.911380 94.788344
91.241296 94.458428
91.241296 94.128512
91.241296 93.798596
91.571212 93.468680
91.571212 93.138763
91.901128 92.808847
92.231044 92.478931
92.560961 92.149015
92.890877 91.819099
93.220793 91.489182
93.550709 91.159266
93.880625 90.829350
94.210542 90.169518
94.540458 89.839601
94.870374 89.839601
