91.188272 80.884629
91.188272 81.206815
91.188272 81.529001
91.188272 81.851187
91.188272 81.529001
91.188272 81.851187
91.188272 82.173373
91.188272 82.495559
91.188272 82.817745
91.188272 83.139931
91.188272 83.462117
91.188272 83.784303
91.510458 83.784303
91.510458 84.106489
91.510458 84.428675
91.510458 84.106489
91.510458 84.428675
91.510458 84.750860
91.510458 85.073046
91.510458 85.395232
91.510458 85.073046
91.510458 85.395232
91.510458 85.717418
91.510458 86.039604
91.832644 86.361790
91.832644 86.683976
91.832644 87.006162
91.832644 87.328348
91.832644 87.650534
92.154830 87.972720
92.154830 88.294905
92.154830 87.972720
92.154830 88.294905
92.154830 88.617091
92.154830 88.939277
92.154830 89.261463
92.477016 89.261463
92.477016 89.583649
92.477016 89.905835
92.477016 90.228021
92.799202 90.228021
92.799202 90.550207
92.799202 90.872393
92.799202 91.194579
93.121388 91.516765
93.121388 91.838951
93.121388 92.161136
93.443574 92.161136
93.443574 92.483322
93.443574 92.805508
93.765760 93.127694
93.765760 93.449880
93.765760 93.772066
94.087946 93.772066
94.087946 94.094252
94.087946 94.416438
94.087946 94.738624
94.410132 94.738624
94.410132 95.060810
94.410132 95.382996
94.732318 95.382996
94.732318 95.705182
94.732318 96.027367
95.054503 96.027367
95.054503 96.349553
95.376689 96.671739
95.376689 96.993925
95.698875 96.993925
95.698875 97.316111
96.021061 97.638297
96.021061 97.960483
96.021061 98.282669
96.343247 98.282669
96.343247 98.604855
96.665433 98.604855
96.665433 98.927041
96.665433 99.249227
96.987619 99.249227
96.987619 99.571413
97.309805 99.571413
97.309805 99.893598
97.631991 100.215784
97.631991 100.537970
97.954177 100.537970
97.954177 100.860156
98.276363 101.182342
98.598549 101.504528
98.920734 101.826714
98.920734 102.148900
99.242920 102.148900
99.565106 102.471086
99.565106 102.793272
99.887292 103.115458
100.209478 103.437644
100.531664 103.759829
100.853850 104.082015
101.176036 104.404201
101.498222 104.726387
101.820408 105.048573
102.142594 105.370759
102.464780 105.692945
102.786965 105.692945
103.109151 106.015131
103.431337 106.337317
103.753523 106.659503
104.075709 106.981689
104.397895 107.303875
104.720081 107.303875
105.042267 107.626060
105.364453 107.948246
105.686639 107.948246
106.008825 108.270432
106.331011 108.592618
106.653196 108.592618
106.975382 108.914804
107.297568 109.236990
107.619754 109.236990
107.941940 109.559176
108.264126 109.559176
108.586312 109.881362
108.908498 110.203548
109.230684 110.203548
109.552870 110.525734
109.875056 110.525734
110.197242 110.847920
110.519427 110.847920
110.841613 111.170105
111.163799 111.170105
111.485985 111.170105
111.808171 111.492291
112.130357 111.492291
112.452543 111.814477
112.774729 111.814477
113.096915 111.814477
113.419101 112.136663
113.741287 112.136663
114.063472 112.458849
114.385658 112.458849
114.707844 112.458849
115.030030 112.458849
115.352216 112.781035
115.674402 112.781035
115.996588 112.781035
116.318774 113.103221
116.640960 113.103221
116.963146 113.103221
117.285332 113.103221
117.607518 113.425407
117.929703 113.425407
118.251889 113.425407
118.574075 113.425407
118.896261 113.425407
119.218447 113.747593
119.540633 113.747593
119.862819 113.747593
120.185005 113.747593
120.507191 113.747593
120.829377 113.747593
121.151563 113.747593
121.473749 113.747593
121.795934 114.069779
122.118120 114.069779
122.440306 114.069779
122.762492 114.069779
123.084678 114.069779
123.406864 114.069779
123.729050 114.069779
124.051236 114.069779
124.373422 114.069779
124.695608 114.069779
125.017794 114.069779
125.339980 114.069779
125.662165 114.069779
125.984351 114.069779
126.306537 114.069779
126.628723 114.069779
126.950909 114.069779
127.273095 114.069779
127.595281 114.069779
127.917467 113.747593
128.239653 114.069779
128.561839 114.391965
128.884025 114.714151
129.206211 115.036336
129.528396 115.358522
129.850582 115.680708
130.172768 116.002894
130.172768 116.325080
129.850582 116.647266
129.850582 116.969452
129.850582 117.291638
129.850582 117.613824
129.528396 117.936010
129.528396 118.258196
129.528396 118.580382
129.528396 119.224753
129.206211 119.546939
129.206211 119.869125
129.206211 120.191311
128.884025 120.513497
128.884025 120.835683
128.884025 121.157869
128.884025 121.480055
128.561839 121.802241
128.561839 122.124427
128.561839 122.768798
128.239653 123.090984
128.239653 123.413170
128.239653 123.735356
128.239653 124.057542
127.917467 124.379728
127.917467 124.701914
127.595281 125.024100
127.273095 125.024100
126.628723 125.346286
126.306537 125.346286
125.984351 125.668472
125.339980 125.668472
125.017794 125.990658
124.695608 125.990658
124.373422 126.312844
123.729050 126.312844
123.406864 126.635029
123.084678 126.635029
122.440306 126.957215
122.118120 126.957215
121.795934 127.279401
121.473749 127.279401
120.829377 127.601587
120.507191 127.601587
120.185005 127.923773
119.540633 127.923773
119.218447 128.245959
118.896261 128.245959
118.574075 128.568145
117.929703 128.568145
117.607518 128.890331
117.285332 128.890331
116.640960 129.212517
116.318774 129.534703
115.996588 129.534703
115.674402 129.856889
115.030030 129.856889
114.707844 130.179075
114.385658 130.179075
114.063472 130.179075
113.741287 130.501260
113.419101 130.501260
113.096915 130.501260
112.774729 130.501260
112.130357 130.501260
111.808171 130.823446
111.485985 130.823446
111.163799 130.823446
110.841613 130.823446
110.519427 130.823446
110.197242 130.823446
109.875056 130.823446
109.552870 130.823446
109.230684 130.823446
108.908498 130.823446
108.586312 130.823446
108.264126 130.823446
107.941940 130.823446
107.619754 130.823446
107.297568 130.823446
106.975382 130.823446
106.653196 130.823446
106.331011 130.823446
106.008825 130.823446
105.686639 130.823446
105.364453 130.823446
105.042267 130.823446
104.397895 130.823446
104.075709 130.501260
103.753523 130.501260
103.109151 130.501260
102.786965 130.179075
102.464780 130.179075
102.142594 130.179075
101.498222 129.856889
101.176036 129.856889
100.853850 129.856889
100.209478 129.534703
99.887292 129.534703
99.565106 129.534703
98.920734 129.212517
98.598549 129.212517
98.276363 129.212517
97.954177 128.890331
97.309805 128.890331
96.987619 128.890331
96.665433 128.568145
96.021061 128.568145
95.698875 128.568145
95.376689 128.245959
94.732318 128.245959
94.410132 128.245959
94.087946 127.923773
93.765760 127.923773
93.443574 127.923773
93.121388 127.923773
92.799202 127.601587
92.477016 127.601587
92.154830 127.601587
91.832644 127.601587
91.510458 127.601587
91.188272 127.279401
90.866087 126.957215
90.543901 126.312844
90.221715 125.990658
89.899529 125.668472
89.577343 125.346286
89.255157 125.024100
88.932971 124.701914
88.288599 124.379728
87.966413 124.057542
87.644227 123.735356
87.322041 123.413170
86.999856 123.090984
86.677670 122.768798
86.355484 122.446613
86.355484 122.124427
86.033298 121.802241
85.711112 121.480055
85.388926 121.157869
85.066740 120.835683
85.066740 120.513497
84.744554 120.191311
84.744554 119.869125
84.422368 119.546939
84.422368 119.224753
84.422368 118.902567
84.100182 118.580382
84.100182 118.258196
83.777996 117.936010
83.777996 117.613824
83.777996 117.291638
83.455811 116.969452
83.455811 116.647266
83.455811 116.325080
83.133625 115.680708
83.133625 115.358522
82.811439 115.036336
82.811439 114.714151
82.811439 114.391965
82.489253 114.069779
82.489253 113.747593
82.489253 113.425407
82.167067 113.103221
82.167067 112.781035
81.844881 112.458849
81.844881 112.136663
81.844881 111.814477
81.522695 111.492291
81.522695 111.170105
81.522695 110.847920
81.200509 110.525734
81.200509 110.203548
80.878323 109.881362
80.878323 109.559176
80.878323 109.236990
80.556137 108.914804
80.556137 108.592618
80.233951 108.270432
80.233951 107.948246
80.233951 107.626060
79.911765 107.303875
79.911765 106.981689
79.911765 106.659503
79.589580 106.337317
79.589580 106.015131
79.267394 105.692945
79.267394 105.370759
79.267394 104.726387
78.945208 104.404201
78.945208 104.082015
78.945208 103.759829
78.945208 103.437644
78.945208 103.115458
78.945208 102.793272
79.267394 102.471086
79.267394 101.826714
79.267394 101.504528
79.267394 101.182342
79.589580 100.860156
79.589580 100.537970
79.589580 99.893598
79.911765 99.571413
79.911765 99.249227
79.911765 98.927041
80.233951 98.604855
80.233951 98.282669
80.233951 97.638297
80.556137 97.316111
80.556137 96.993925
80.556137 96.671739
80.556137 96.349553
80.878323 95.705182
80.878323 95.382996
80.878323 95.060810
81.200509 94.738624
81.200509 94.416438
81.200509 93.772066
81.522695 93.449880
81.522695 93.127694
81.522695 92.805508
81.844881 92.483322
81.844881 92.161136
81.844881 91.516765
81.844881 91.194579
82.489253 90.872393
82.811439 90.872393
83.133625 90.872393
83.455811 90.550207
83.777996 90.550207
84.100182 90.550207
84.422368 90.550207
84.744554 90.228021
85.066740 90.228021
85.388926 90.228021
85.711112 90.228021
86.033298 89.905835
86.355484 89.905835
86.677670 89.905835
86.999856 89.905835
87.322041 89.583649
87.644227 89.583649
87.966413 89.583649
88.288599 89.583649
88.610785 89.261463
88.610785 88.939277
88.610785 88.617091
88.610785 88.294905
88.610785 87.972720
88.610785 87.650534
88.610785 87.328348
88.610785 87.006162
88.610785 86.683976
88.932971 86.361790
88.932971 86.039604
88.932971 85.717418
89.255157 85.395232
89.255157 85.073046
89.255157 84.750860
89.577343 84.106489
89.577343 83.784303
89.577343 83.462117
89.899529 83.139931
89.899529 82.817745
90.221715 82.495559
90.221715 82.173373
90.221715 81.851187
90.543901 81.529001
90.866087 81.206815
91.188272 80.884629
91.188272 80.562444
91.188272 80.240258
91.188272 79.918072
91.188272 79.595886
91.188272 79.273700
91.188272 79.595886
91.188272 79.918072
91.188272 80.240258
91.188272 80.562444
91.188272 80.884629
