88.624618 76.654954
88.624618 77.108538
88.624618 77.562121
88.624618 78.015705
88.624618 78.469288
88.624618 78.922872
88.624618 79.376456
88.624618 79.830039
88.624618 79.376456
88.624618 79.830039
88.624618 80.283623
88.624618 80.737206
88.624618 81.190790
89.078201 81.190790
89.078201 81.644373
89.078201 82.097957
89.078201 82.551541
89.078201 83.005124
89.078201 82.551541
89.078201 83.005124
89.078201 83.458708
89.531785 83.912291
89.531785 84.365875
89.531785 84.819458
89.531785 85.273042
89.531785 85.726626
89.531785 86.180209
89.985368 86.180209
89.985368 86.633793
89.985368 87.087376
89.985368 87.540960
90.438952 87.540960
90.438952 87.994543
90.438952 87.540960
90.438952 87.994543
90.438952 88.448127
90.892536 88.901711
90.892536 89.355294
90.892536 89.808878
90.892536 90.262461
91.346119 90.262461
91.346119 90.716045
91.346119 91.169628
91.799703 91.169628
91.799703 91.623212
91.799703 92.076795
91.799703 91.623212
91.799703 92.076795
92.253286 92.530379
92.253286 92.983963
92.253286 92.530379
92.253286 92.983963
92.706870 93.437546
92.706870 93.891130
92.706870 94.344713
92.706870 94.798297
93.160453 94.798297
93.160453 95.251880
93.614037 95.705464
93.614037 96.159048
94.067621 96.612631
94.067621 97.066215
94.067621 97.519798
94.521204 97.519798
94.974788 97.973382
94.974788 98.426965
95.428371 98.880549
95.428371 99.334133
95.428371 99.787716
95.881955 99.787716
95.881955 100.241300
96.335538 100.241300
96.335538 100.694883
96.335538 101.148467
96.789122 101.148467
97.242706 101.602050
97.242706 102.055634
97.696289 102.055634
97.696289 102.509218
97.696289 102.962801
98.149873 102.962801
98.149873 103.416385
98.603456 103.416385
99.057040 103.869968
99.510623 104.323552
99.510623 104.777135
99.964207 104.777135
100.417791 105.230719
100.871374 105.684303
100.871374 106.137886
101.324958 106.137886
101.324958 106.591470
101.778541 106.591470
102.232125 107.045053
102.685708 107.498637
102.685708 107.952220
103.139292 108.405804
103.139292 108.859388
103.592876 108.859388
104.046459 109.312971
104.500043 109.766555
104.500043 110.220138
104.953626 110.220138
105.407210 110.673722
105.860793 111.127305
106.314377 111.580889
106.767960 112.034473
107.221544 112.488056
107.675128 112.941640
108.128711 113.395223
108.582295 113.848807
109.035878 113.848807
109.489462 114.302390
109.943045 114.755974
110.396629 115.209557
110.850213 115.209557
111.303796 115.663141
111.757380 116.116725
112.210963 116.116725
112.664547 116.570308
113.118130 117.023892
113.571714 117.023892
114.025298 117.477475
114.478881 117.931059
114.932465 117.931059
115.386048 118.384642
115.839632 118.384642
116.293215 118.838226
116.746799 118.838226
117.200383 119.291810
117.653966 119.291810
118.107550 119.745393
118.561133 119.745393
119.014717 120.198977
119.468300 120.198977
119.921884 120.198977
120.375468 120.652560
120.829051 120.652560
121.282635 120.652560
121.736218 121.106144
122.189802 121.106144
122.643385 121.559727
123.096969 121.559727
123.550553 121.559727
124.004136 121.559727
124.457720 122.013311
124.911303 122.013311
125.364887 122.013311
125.818470 122.013311
126.272054 122.466895
126.725638 122.466895
127.179221 122.466895
127.632805 122.466895
128.086388 122.466895
128.539972 122.920478
128.993555 122.920478
129.447139 122.920478
129.900722 122.920478
130.354306 122.920478
130.807890 122.920478
131.261473 122.920478
131.715057 123.374062
132.168640 123.374062
132.622224 123.374062
133.075807 123.374062
133.529391 123.374062
133.982975 123.374062
134.436558 123.374062
134.890142 123.374062
135.343725 123.374062
135.797309 123.374062
136.250892 123.374062
136.704476 123.374062
137.158060 123.374062
137.611643 123.374062
138.065227 123.374062
138.518810 123.374062
138.972394 123.374062
139.425977 123.374062
139.879561 122.920478
139.425977 123.374062
139.425977 123.827645
138.972394 124.281229
138.972394 124.734812
138.518810 125.641980
138.518810 126.095563
138.518810 126.549147
138.065227 127.002730
138.065227 127.456314
137.611643 127.909897
137.611643 128.363481
137.158060 128.817065
137.158060 129.270648
137.158060 129.724232
136.704476 130.177815
136.250892 131.084982
135.797309 131.538566
135.343725 131.992150
134.890142 132.445733
134.436558 132.445733
133.982975 132.899317
133.529391 133.352900
133.075807 133.352900
132.622224 133.806484
131.715057 134.260067
131.261473 134.713651
130.807890 134.713651
130.354306 135.167235
129.900722 135.620818
129.447139 135.620818
128.993555 136.074402
128.539972 136.527985
128.086388 136.527985
127.632805 136.981569
127.179221 137.435152
126.725638 137.435152
126.272054 137.888736
125.364887 138.342319
124.911303 138.342319
124.457720 138.795903
124.004136 139.249487
123.550553 139.249487
123.096969 139.703070
122.643385 140.156654
122.189802 140.156654
121.736218 140.610237
121.282635 141.063821
120.829051 141.517404
120.375468 141.970988
119.921884 142.424572
119.468300 142.878155
119.014717 143.331739
118.107550 143.331739
117.653966 143.785322
117.200383 144.238906
116.746799 144.692489
116.293215 145.146073
115.839632 145.599657
115.386048 146.053240
114.932465 146.506824
114.478881 146.960407
114.025298 147.413991
113.571714 147.867574
112.664547 148.321158
112.210963 148.774742
111.757380 149.228325
111.303796 149.681909
110.850213 150.135492
110.396629 150.589076
109.943045 150.589076
109.489462 151.042659
109.035878 151.042659
108.582295 151.042659
108.128711 151.042659
107.675128 151.042659
107.221544 151.042659
106.767960 151.042659
106.314377 151.042659
105.407210 151.042659
104.953626 151.042659
104.500043 151.042659
104.046459 151.042659
103.592876 151.042659
103.139292 151.042659
102.685708 151.042659
102.232125 151.042659
101.778541 151.042659
101.324958 151.042659
100.417791 151.042659
99.964207 150.589076
99.510623 150.589076
99.057040 150.589076
98.603456 150.135492
98.149873 149.681909
97.696289 149.228325
97.242706 148.774742
96.789122 148.321158
95.881955 147.867574
95.428371 147.413991
94.521204 146.960407
94.067621 146.506824
93.160453 145.599657
92.706870 145.146073
91.799703 144.692489
91.346119 144.238906
90.438952 143.785322
89.985368 143.331739
89.078201 142.878155
88.624618 141.970988
87.717451 141.517404
87.263867 141.063821
86.356700 140.610237
85.903116 140.156654
84.995949 139.703070
84.542366 139.249487
83.635198 138.795903
83.181615 137.888736
82.274448 137.435152
81.820864 136.981569
80.913697 136.527985
80.460114 136.074402
79.552946 135.620818
79.099363 135.167235
78.192196 134.260067
77.738612 133.806484
76.831445 133.352900
76.377861 132.899317
75.470694 132.445733
75.017111 131.992150
74.109944 131.538566
74.109944 130.631399
74.109944 130.177815
73.656360 129.724232
73.656360 129.270648
73.202776 128.363481
73.202776 127.909897
72.749193 127.456314
72.749193 127.002730
72.749193 126.095563
72.295609 125.641980
72.295609 125.188396
71.842026 124.734812
71.842026 123.827645
71.388442 123.374062
71.388442 122.920478
70.934859 122.466895
70.934859 121.559727
70.934859 121.106144
70.481275 120.652560
70.481275 120.198977
70.027691 119.745393
70.027691 118.838226
69.574108 118.384642
69.574108 117.931059
69.574108 117.477475
69.120524 116.570308
69.120524 116.116725
68.666941 115.663141
68.666941 115.209557
68.213357 114.302390
68.213357 113.848807
67.759774 113.395223
67.759774 112.941640
67.759774 112.488056
67.759774 112.034473
67.759774 111.580889
67.759774 111.127305
67.759774 110.220138
67.759774 109.766555
67.759774 109.312971
67.759774 108.859388
67.759774 108.405804
67.759774 107.952220
67.759774 107.498637
67.759774 107.045053
68.213357 106.591470
68.213357 106.137886
68.213357 105.684303
68.213357 105.230719
68.213357 104.777135
68.666941 104.323552
68.666941 103.869968
68.666941 103.416385
68.666941 102.962801
68.666941 102.055634
69.120524 101.602050
69.120524 101.148467
69.120524 100.694883
69.120524 100.241300
69.120524 99.787716
69.574108 99.334133
69.574108 98.880549
69.574108 98.426965
69.574108 97.973382
69.574108 97.519798
70.027691 97.066215
70.027691 96.612631
70.481275 96.159048
70.481275 95.705464
70.934859 95.251880
71.388442 94.344713
71.842026 93.891130
71.842026 93.437546
72.295609 92.983963
72.295609 92.530379
72.749193 92.076795
72.749193 91.623212
73.202776 91.169628
73.656360 90.716045
73.656360 90.262461
74.109944 89.808878
74.563527 88.901711
74.563527 88.448127
75.017111 87.994543
75.470694 87.540960
75.470694 87.087376
75.924278 86.633793
76.377861 85.726626
76.831445 85.273042
76.831445 84.819458
77.285029 84.365875
77.738612 83.912291
77.738612 83.005124
78.192196 82.551541
78.645779 82.097957
78.645779 81.644373
79.099363 81.190790
79.552946 80.737206
79.552946 79.830039
80.006530 79.376456
80.460114 78.922872
80.913697 78.469288
81.367281 78.015705
81.820864 77.562121
82.274448 77.108538
83.181615 77.108538
83.635198 76.654954
84.088782 76.201371
84.542366 75.747787
84.995949 75.747787
85.449533 76.201371
85.903116 76.201371
86.356700 76.201371
86.810283 76.201371
87.263867 76.654954
87.717451 76.654954
88.171034 76.654954
88.624618 76.654954
88.624618 77.108538
88.624618 76.654954
