103.085681 107.699075
103.294193 107.699075
103.502705 107.699075
103.294193 107.699075
103.085681 107.699075
103.294193 107.699075
103.502705 107.699075
103.711217 107.907587
103.919729 107.907587
104.128241 107.907587
104.336753 107.699075
104.545265 107.699075
104.753778 107.699075
104.962290 107.699075
104.962290 107.907587
105.170802 108.116099
105.170802 108.324611
105.379314 108.324611
105.587826 108.533123
105.587826 108.741635
105.796338 108.950147
106.004850 109.158660
106.213362 109.367172
106.213362 109.575684
106.421874 109.575684
106.421874 109.784196
106.630387 109.992708
106.838899 110.201220
106.838899 110.409732
107.047411 110.409732
107.255923 110.618244
107.464435 110.826756
107.672947 110.826756
107.672947 111.035269
107.881459 111.035269
108.089971 111.243781
108.298483 111.452293
108.506995 111.660805
108.715508 111.660805
108.924020 111.869317
109.132532 112.077829
109.341044 112.286341
109.549556 112.286341
109.758068 112.494853
109.966580 112.494853
110.175092 112.703365
110.383604 112.703365
110.592117 112.911877
110.800629 112.911877
111.009141 113.120390
111.217653 113.120390
111.426165 113.328902
111.634677 113.328902
111.843189 113.537414
112.051701 113.745926
112.260213 113.954438
112.468725 113.954438
112.677238 114.162950
112.885750 114.162950
113.094262 114.371462
113.302774 114.371462
113.511286 114.579974
113.719798 114.579974
113.928310 114.788486
114.136822 114.788486
114.345334 114.996999
114.553847 114.996999
114.762359 115.205511
114.970871 115.205511
115.179383 115.205511
115.387895 115.414023
115.596407 115.414023
115.804919 115.622535
116.013431 115.622535
116.221943 115.831047
116.430455 115.831047
116.638968 115.831047
116.847480 116.039559
117.055992 116.039559
117.264504 116.039559
117.473016 116.248071
117.681528 116.248071
117.890040 116.248071
118.098552 116.248071
118.307064 116.456583
118.515577 116.456583
118.724089 116.456583
118.932601 116.456583
119.141113 116.456583
119.349625 116.456583
119.558137 116.665095
119.766649 116.665095
119.975161 116.665095
120.183673 116.665095
120.392185 116.665095
120.600698 116.665095
120.809210 116.665095
121.017722 116.665095
121.226234 116.665095
121.434746 116.665095
121.643258 116.665095
121.851770 116.665095
122.060282 116.665095
122.268794 116.665095
122.477307 116.665095
122.685819 116.665095
122.894331 116.665095
123.102843 116.665095
123.311355 116.665095
123.519867 116.665095
123.728379 116.665095
123.936891 116.665095
124.145403 116.665095
124.353915 116.665095
124.353915 116.456583
124.562428 116.456583
124.770940 116.456583
124.979452 116.456583
125.187964 116.456583
125.396476 116.456583
125.604988 116.665095
125.813500 116.665095
126.022012 116.873607
126.230524 117.082120
126.439037 117.290632
126.647549 117.499144
126.856061 117.707656
127.064573 117.707656
127.273085 117.916168
127.481597 118.124680
127.273085 118.333192
127.273085 118.541704
127.273085 118.750216
127.273085 118.958729
127.273085 119.167241
127.064573 119.375753
127.064573 119.584265
127.064573 119.792777
127.064573 120.001289
127.064573 120.209801
126.856061 120.418313
126.856061 120.626825
126.856061 120.835337
126.647549 121.043850
126.647549 121.252362
126.439037 121.460874
126.230524 121.669386
126.230524 121.877898
126.022012 122.086410
125.813500 122.294922
125.604988 122.503434
125.396476 122.711946
125.396476 122.920459
125.187964 123.128971
124.979452 123.337483
124.770940 123.545995
124.562428 123.754507
124.562428 123.963019
124.562428 124.171531
124.353915 124.380043
124.145403 124.588555
123.728379 124.797067
123.728379 125.005580
123.519867 125.214092
123.311355 125.422604
123.102843 125.631116
122.894331 125.839628
122.894331 126.048140
122.685819 126.256652
122.477307 126.465164
122.477307 126.673676
122.268794 126.882189
122.060282 127.090701
121.851770 127.299213
121.851770 127.507725
121.643258 127.716237
121.434746 127.924749
121.226234 128.133261
121.017722 128.341773
120.809210 128.341773
120.600698 128.550285
120.392185 128.758797
120.183673 128.967310
119.975161 129.175822
119.766649 129.175822
119.558137 129.384334
119.349625 129.384334
119.141113 129.384334
118.932601 129.592846
118.724089 129.592846
118.515577 129.592846
118.307064 129.801358
118.098552 129.801358
117.890040 129.801358
117.681528 130.009870
117.473016 130.009870
117.264504 130.218382
117.055992 130.218382
116.847480 130.218382
116.638968 130.426894
116.430455 130.426894
116.221943 130.426894
116.013431 130.635406
115.804919 130.635406
115.596407 130.635406
115.387895 130.843919
115.179383 130.843919
114.970871 130.843919
114.762359 131.052431
114.553847 131.052431
114.345334 131.052431
114.136822 131.260943
113.928310 131.260943
113.719798 131.260943
113.511286 131.469455
113.302774 131.469455
113.094262 131.469455
112.885750 131.677967
112.677238 131.677967
112.468725 131.677967
112.260213 131.886479
112.051701 131.886479
111.843189 131.886479
111.634677 132.094991
111.426165 132.094991
111.217653 132.094991
111.009141 132.303503
110.800629 132.303503
110.592117 132.512015
110.383604 132.512015
110.175092 132.512015
109.966580 132.720527
109.758068 132.720527
109.549556 132.929040
109.341044 132.929040
109.132532 133.137552
108.924020 133.137552
108.715508 133.346064
108.506995 133.346064
108.298483 133.346064
108.089971 133.554576
107.881459 133.554576
107.672947 133.763088
107.464435 133.763088
107.255923 133.971600
107.047411 134.180112
106.838899 134.180112
106.630387 134.388624
106.421874 134.388624
106.213362 134.597136
106.004850 134.597136
105.796338 134.597136
105.796338 134.388624
105.796338 134.180112
105.587826 133.971600
105.379314 133.763088
105.379314 133.554576
105.170802 133.346064
105.170802 133.137552
105.170802 132.929040
104.962290 132.720527
104.962290 132.512015
104.753778 132.303503
104.753778 132.094991
104.545265 131.886479
104.545265 131.677967
104.545265 131.469455
104.336753 131.260943
104.336753 131.052431
104.128241 130.843919
103.919729 130.635406
103.919729 130.426894
103.919729 130.218382
103.711217 130.009870
103.711217 129.801358
103.502705 129.592846
103.502705 129.384334
103.294193 129.175822
103.294193 128.967310
103.294193 128.758797
103.085681 128.550285
103.085681 128.341773
102.877169 128.133261
102.877169 127.924749
102.668657 127.716237
102.668657 127.507725
102.460144 127.299213
102.460144 127.090701
102.251632 126.882189
102.251632 126.673676
102.043120 126.465164
102.043120 126.256652
101.834608 126.048140
101.834608 125.839628
101.626096 125.631116
101.626096 125.422604
101.626096 125.214092
101.417584 125.005580
101.417584 124.797067
101.209072 124.588555
101.000560 124.380043
101.000560 124.171531
101.000560 123.963019
100.792048 123.754507
100.792048 123.545995
100.583535 123.337483
100.375023 123.128971
100.166511 122.920459
99.957999 122.711946
99.749487 122.503434
99.540975 122.294922
99.332463 122.086410
99.123951 121.877898
98.915439 121.669386
98.915439 121.460874
98.706927 121.252362
98.498414 121.043850
98.498414 120.835337
98.289902 120.626825
98.289902 120.418313
98.081390 120.209801
98.081390 120.001289
97.872878 119.792777
97.872878 119.584265
97.872878 119.375753
97.664366 119.167241
97.664366 118.958729
97.664366 118.750216
97.664366 118.541704
97.664366 118.333192
97.455854 118.124680
97.455854 117.916168
97.455854 117.707656
97.455854 117.499144
97.455854 117.290632
97.455854 117.082120
97.455854 116.873607
97.455854 116.665095
97.455854 116.456583
97.455854 116.248071
97.455854 116.039559
97.455854 115.831047
97.455854 115.622535
97.455854 115.414023
97.455854 115.205511
97.455854 114.996999
97.455854 114.788486
97.455854 114.579974
97.664366 114.371462
97.664366 114.162950
97.664366 113.954438
97.664366 113.745926
97.664366 113.537414
97.664366 113.328902
97.872878 113.120390
97.872878 112.911877
97.872878 112.703365
98.081390 112.494853
98.289902 112.286341
98.289902 112.077829
98.498414 111.869317
98.498414 111.660805
98.706927 111.452293
98.915439 111.243781
98.915439 111.035269
99.123951 110.826756
99.123951 110.618244
99.332463 110.409732
99.540975 110.201220
99.749487 109.992708
99.957999 109.784196
100.166511 109.784196
100.375023 109.367172
100.583535 109.158660
100.792048 109.158660
101.000560 108.950147
101.209072 108.741635
101.417584 108.741635
101.626096 108.533123
101.834608 108.533123
102.043120 108.324611
102.251632 108.324611
102.460144 108.116099
102.668657 108.116099
102.877169 107.907587
102.877169 107.699075
102.877169 107.490563
102.877169 107.282051
103.085681 107.073539
103.085681 106.865026
103.085681 106.656514
103.085681 106.865026
103.085681 107.073539
103.085681 107.282051
102.877169 107.490563
102.877169 107.699075
102.877169 107.907587
102.877169 108.116099
102.877169 107.907587
102.877169 107.699075
103.085681 107.699075
