89.717974 77.615416
90.154143 78.051585
91.026481 78.487754
91.462650 78.923923
91.898819 79.360092
92.334988 79.796261
92.771157 80.232430
93.207326 80.668599
94.079663 81.104768
94.079663 81.540937
94.079663 81.977105
94.515832 82.413274
94.515832 82.849443
94.515832 83.285612
94.515832 83.721781
94.515832 84.157950
94.515832 84.594119
94.952001 84.594119
94.952001 85.030288
94.952001 85.466457
94.952001 85.902626
95.388170 86.338795
95.388170 86.774964
95.388170 87.211133
95.824339 87.647301
95.824339 88.083470
95.824339 88.519639
95.824339 88.955808
96.260508 88.955808
96.260508 89.391977
96.260508 89.828146
96.696677 89.828146
96.696677 90.264315
96.696677 90.700484
96.696677 91.136653
97.132846 91.136653
97.132846 91.572822
97.132846 92.008991
97.569015 92.008991
97.569015 92.445160
98.005184 92.881329
98.005184 93.317498
98.441353 93.753666
98.441353 94.189835
98.877522 94.626004
99.313690 95.062173
99.313690 95.498342
99.313690 95.934511
99.749859 95.934511
99.749859 96.370680
99.749859 96.806849
100.186028 96.806849
100.622197 97.243018
100.622197 97.679187
101.058366 98.115356
101.058366 98.551525
101.494535 98.551525
101.930704 98.987694
101.930704 99.423862
102.366873 99.860031
102.366873 100.296200
102.803042 100.296200
103.239211 100.732369
103.675380 101.168538
103.675380 101.604707
104.111549 101.604707
104.111549 102.040876
104.547718 102.477045
104.983887 102.913214
105.420055 103.349383
105.856224 103.785552
106.292393 104.221721
106.728562 104.657890
107.164731 104.657890
107.600900 105.094059
108.037069 105.530227
108.473238 105.966396
108.909407 106.402565
109.345576 106.838734
109.781745 106.838734
110.217914 107.274903
110.654083 107.711072
111.090251 108.147241
111.526420 108.147241
111.962589 108.583410
112.398758 109.019579
112.834927 109.019579
113.271096 109.455748
113.707265 109.455748
114.143434 109.891917
114.579603 110.328086
115.015772 110.328086
115.451941 110.764255
115.888110 110.764255
116.324279 111.200423
116.760447 111.200423
117.196616 111.636592
117.632785 111.636592
118.068954 112.072761
118.505123 112.072761
118.941292 112.072761
119.377461 112.508930
119.813630 112.508930
120.249799 112.945099
120.685968 112.945099
121.122137 112.945099
121.558306 113.381268
121.994475 113.381268
122.430644 113.381268
122.866812 113.817437
123.302981 113.817437
123.739150 113.817437
124.175319 113.817437
124.611488 114.253606
125.047657 114.253606
125.483826 114.253606
125.919995 114.253606
126.356164 114.253606
126.792333 114.689775
127.228502 114.689775
127.664671 114.689775
128.100840 114.689775
128.537008 114.689775
128.973177 114.689775
129.409346 115.125944
129.845515 115.125944
130.281684 115.125944
130.717853 115.125944
131.154022 115.125944
131.590191 115.562113
132.026360 115.562113
132.462529 115.562113
132.898698 115.998282
133.334867 115.998282
133.771036 116.434451
134.207205 116.434451
134.643373 116.434451
135.079542 116.434451
135.515711 116.870619
135.951880 116.870619
136.388049 116.870619
136.824218 117.306788
137.260387 117.306788
137.696556 117.306788
138.132725 117.306788
138.568894 117.306788
139.005063 117.742957
139.441232 117.742957
139.877401 117.742957
140.313569 117.742957
140.749738 118.179126
140.749738 118.615295
140.749738 119.051464
140.749738 119.487633
141.185907 119.923802
141.185907 120.359971
141.185907 120.796140
141.185907 121.232309
141.185907 121.668478
141.622076 122.104647
141.622076 122.540816
141.622076 122.976984
141.622076 123.413153
141.622076 123.849322
141.622076 124.285491
141.622076 124.721660
141.622076 125.157829
141.185907 125.593998
141.185907 126.030167
141.185907 126.466336
140.749738 126.902505
140.313569 127.338674
139.877401 127.338674
139.441232 127.774843
139.005063 128.211012
138.568894 128.211012
138.132725 128.647180
137.696556 129.083349
137.260387 129.083349
136.824218 129.519518
136.388049 129.955687
135.951880 129.955687
135.515711 130.391856
134.643373 130.828025
134.207205 131.264194
133.771036 131.264194
133.334867 131.700363
132.898698 132.136532
132.462529 132.136532
132.026360 132.572701
131.590191 133.008870
131.154022 133.445039
130.717853 133.445039
130.281684 133.881208
129.845515 134.317377
129.409346 134.317377
128.973177 134.753545
128.537008 135.189714
128.100840 135.189714
127.664671 135.625883
127.228502 136.062052
126.792333 136.498221
126.356164 136.498221
125.919995 136.934390
125.483826 137.370559
125.047657 137.370559
124.611488 137.806728
124.175319 138.242897
123.739150 138.679066
123.302981 138.679066
122.866812 139.115235
122.430644 139.551404
121.994475 139.551404
121.558306 139.987573
121.122137 140.423741
120.685968 140.859910
120.249799 140.859910
119.813630 141.296079
119.377461 141.732248
118.941292 141.732248
118.505123 142.168417
117.632785 142.604586
117.196616 143.040755
116.760447 143.040755
116.324279 143.476924
115.888110 143.913093
115.451941 143.913093
115.015772 144.349262
114.143434 144.785431
113.707265 144.785431
113.271096 145.221600
112.834927 145.657769
112.398758 145.657769
111.962589 146.093938
111.526420 146.530106
111.090251 146.530106
110.217914 146.966275
109.781745 147.402444
109.345576 147.402444
108.909407 147.838613
108.473238 147.838613
108.037069 147.838613
107.600900 148.274782
107.164731 148.274782
106.728562 148.710951
106.292393 148.710951
105.856224 148.710951
105.420055 149.147120
104.983887 149.147120
104.547718 149.147120
104.111549 149.583289
103.675380 149.583289
103.239211 150.019458
102.366873 150.019458
101.930704 150.019458
101.494535 150.455627
101.058366 150.455627
100.622197 150.455627
100.186028 150.891796
99.749859 150.891796
99.313690 150.891796
98.877522 150.891796
98.441353 150.891796
98.005184 150.891796
97.569015 150.891796
97.132846 150.891796
96.260508 150.455627
95.824339 149.583289
95.388170 149.147120
94.952001 148.710951
94.079663 148.274782
93.643494 147.838613
93.207326 147.402444
92.771157 146.966275
91.898819 146.530106
91.462650 146.093938
91.026481 145.657769
90.154143 145.221600
89.717974 144.785431
89.281805 144.349262
88.845636 143.913093
87.973298 143.476924
87.537129 143.040755
87.100961 142.168417
86.664792 141.732248
85.792454 141.296079
85.356285 140.859910
84.920116 140.423741
84.483947 139.987573
83.611609 139.551404
83.175440 139.115235
82.739271 138.679066
82.739271 137.806728
82.303102 137.370559
82.303102 136.934390
81.866933 136.062052
81.430765 135.625883
81.430765 135.189714
80.994596 134.317377
80.994596 133.881208
80.558427 133.445039
80.122258 132.572701
80.122258 132.136532
79.686089 131.700363
79.249920 130.828025
79.249920 130.391856
78.813751 129.955687
78.813751 129.083349
78.377582 128.647180
77.941413 128.211012
77.941413 127.338674
77.505244 126.902505
77.505244 126.466336
77.069075 125.593998
76.632906 125.157829
76.632906 124.721660
76.196737 123.849322
76.196737 123.413153
75.760568 122.976984
75.324400 122.104647
75.324400 121.668478
74.888231 121.232309
74.888231 120.359971
74.452062 119.923802
74.452062 119.487633
74.015893 119.051464
74.015893 118.615295
74.015893 118.179126
74.015893 117.742957
74.015893 117.306788
73.579724 116.870619
73.579724 115.998282
74.015893 115.562113
74.015893 115.125944
74.015893 114.253606
74.015893 113.817437
74.015893 112.945099
74.015893 112.508930
74.015893 112.072761
74.015893 111.200423
74.015893 110.764255
74.015893 109.891917
74.015893 109.455748
74.015893 109.019579
74.015893 108.147241
74.015893 107.711072
74.015893 106.838734
74.015893 106.402565
74.015893 105.530227
74.015893 105.094059
74.015893 104.657890
74.015893 103.785552
74.015893 103.349383
74.015893 102.477045
74.015893 102.040876
74.015893 101.604707
74.015893 100.732369
74.015893 100.296200
74.452062 99.423862
74.452062 98.987694
74.452062 98.551525
74.452062 97.679187
74.452062 97.243018
74.452062 96.370680
74.452062 95.934511
74.452062 95.498342
74.452062 95.062173
74.888231 94.626004
74.888231 94.189835
74.888231 93.753666
74.888231 93.317498
74.888231 92.881329
74.888231 92.445160
74.888231 92.008991
74.888231 91.572822
74.888231 91.136653
74.888231 90.700484
74.888231 89.828146
74.888231 89.391977
74.888231 88.955808
74.888231 88.519639
74.888231 88.083470
74.888231 87.647301
75.324400 87.211133
75.760568 86.774964
76.196737 86.774964
76.632906 86.338795
77.069075 85.902626
77.941413 85.466457
78.377582 85.030288
78.813751 84.594119
79.249920 84.157950
79.686089 83.721781
80.558427 83.285612
80.994596 82.849443
81.430765 82.413274
81.866933 81.977105
82.739271 81.540937
83.175440 81.104768
83.611609 80.668599
84.047778 80.668599
84.483947 80.232430
85.356285 79.796261
85.792454 79.360092
86.228623 78.923923
86.664792 78.487754
87.100961 78.051585
87.973298 77.615416
88.409467 77.179247
88.845636 76.743078
89.281805 76.306909
90.154143 75.870740
90.154143 76.306909
90.154143 76.743078
89.717974 77.179247
89.717974 77.615416
