90.632653 58.966892
91.790006 59.545569
92.368682 60.124246
92.947359 60.702922
93.526036 61.281599
94.104712 61.860275
94.104712 62.438952
94.104712 63.017629
93.526036 63.596305
93.526036 64.174982
93.526036 64.753659
93.526036 65.332335
93.526036 65.911012
93.526036 66.489689
92.947359 67.068365
92.947359 67.647042
92.947359 68.225718
92.947359 68.804395
92.947359 69.383072
92.947359 69.961748
92.947359 70.540425
92.947359 71.119102
92.947359 71.697778
92.947359 72.276455
92.947359 72.855131
92.947359 73.433808
92.947359 74.012485
92.947359 74.591161
92.947359 75.169838
92.947359 75.748515
92.947359 76.327191
93.526036 76.905868
93.526036 77.484545
93.526036 78.063221
93.526036 78.641898
93.526036 79.220574
94.104712 79.799251
94.104712 80.377928
94.104712 80.956604
94.104712 81.535281
94.104712 82.113958
94.104712 82.692634
94.683389 82.692634
94.683389 83.271311
94.683389 83.849988
95.262066 84.428664
95.262066 85.007341
95.262066 85.586017
95.840742 86.164694
95.840742 86.743371
95.840742 87.322047
95.840742 87.900724
96.419419 87.900724
96.419419 88.479401
96.419419 89.058077
96.998096 89.058077
96.998096 89.636754
96.998096 90.215430
96.998096 90.794107
97.576772 90.794107
97.576772 91.372784
97.576772 91.951460
98.155449 91.951460
98.155449 92.530137
98.734125 93.108814
98.734125 93.687490
99.312802 94.266167
99.312802 94.844844
99.891479 95.423520
99.891479 96.002197
100.470155 96.580873
100.470155 97.159550
101.048832 97.738227
101.048832 98.316903
101.627509 98.895580
101.627509 99.474257
102.206185 99.474257
102.206185 100.052933
102.784862 100.631610
102.784862 101.210286
103.363538 101.210286
103.942215 101.788963
103.942215 102.367640
104.520892 102.946316
104.520892 103.524993
105.099568 103.524993
105.678245 104.103670
106.256922 104.682346
106.835598 105.261023
107.414275 105.839700
107.992952 106.418376
108.571628 106.997053
109.150305 107.575729
109.728981 108.154406
110.307658 108.733083
110.886335 109.311759
111.465011 109.311759
112.043688 109.890436
112.622365 110.469113
113.201041 111.047789
113.779718 111.047789
114.358394 111.626466
114.937071 112.205143
115.515748 112.205143
116.094424 112.783819
116.673101 112.783819
117.251778 113.362496
117.830454 113.362496
118.409131 113.941172
118.987808 113.941172
119.566484 114.519849
120.145161 114.519849
120.723837 115.098526
121.302514 115.098526
121.881191 115.677202
122.459867 115.677202
123.038544 115.677202
123.617221 116.255879
124.195897 116.255879
124.774574 116.255879
125.353251 116.255879
125.931927 116.834556
126.510604 116.834556
127.089280 116.834556
127.667957 116.834556
128.246634 117.413232
128.825310 117.413232
129.403987 117.991909
129.982664 117.991909
130.561340 117.991909
131.140017 118.570585
131.718693 118.570585
132.297370 119.149262
132.876047 119.149262
133.454723 119.149262
134.033400 119.149262
134.612077 119.727939
135.190753 119.727939
135.769430 119.727939
136.348107 120.306615
136.926783 120.306615
137.505460 120.306615
138.084136 120.306615
138.662813 120.306615
139.241490 120.885292
139.820166 120.885292
140.398843 120.885292
140.977520 120.885292
141.556196 120.885292
142.134873 120.885292
142.713549 120.885292
143.292226 120.885292
143.870903 120.885292
144.449579 120.885292
145.028256 120.885292
145.606933 121.463969
146.185609 122.042645
146.764286 122.621322
146.764286 123.199999
146.764286 123.778675
146.764286 124.357352
146.764286 124.936028
146.764286 125.514705
146.764286 126.093382
147.342963 126.672058
147.342963 127.250735
147.342963 127.829412
147.342963 128.408088
147.921639 129.565441
147.921639 130.144118
147.921639 130.722795
147.921639 131.301471
148.500316 131.880148
148.500316 132.458825
147.342963 133.037501
146.764286 133.616178
146.185609 134.194855
145.606933 134.773531
144.449579 135.352208
143.870903 135.930884
143.292226 136.509561
142.713549 137.088238
142.134873 137.666914
140.977520 138.245591
140.398843 138.824268
139.820166 139.402944
139.241490 139.981621
138.084136 140.560298
137.505460 141.138974
136.926783 141.717651
136.348107 142.296327
135.769430 142.875004
134.612077 143.453681
134.033400 144.032357
133.454723 144.611034
132.876047 145.189711
131.718693 145.768387
131.140017 146.347064
130.561340 146.925740
129.982664 147.504417
129.403987 148.083094
128.825310 148.083094
128.246634 148.661770
127.667957 149.240447
127.089280 149.819124
125.931927 149.819124
125.353251 150.397800
124.774574 150.976477
124.195897 150.976477
123.038544 151.555154
122.459867 152.133830
121.881191 152.133830
121.302514 152.712507
120.145161 153.291183
119.566484 153.291183
118.987808 153.869860
117.830454 153.869860
117.251778 154.448537
116.673101 155.027213
116.094424 155.027213
114.937071 155.605890
114.358394 156.184567
113.779718 156.184567
113.201041 156.763243
112.043688 157.341920
111.465011 157.341920
110.886335 157.920596
110.307658 158.499273
109.728981 158.499273
108.571628 158.499273
107.992952 158.499273
107.414275 158.499273
106.835598 158.499273
106.256922 158.499273
105.678245 158.499273
105.099568 158.499273
104.520892 158.499273
103.942215 158.499273
103.363538 158.499273
102.206185 158.499273
101.627509 159.077950
101.048832 159.077950
100.470155 159.077950
99.891479 159.077950
99.312802 159.077950
98.734125 159.077950
98.155449 159.077950
97.576772 159.077950
96.998096 159.077950
96.419419 159.077950
95.840742 159.077950
95.262066 159.077950
94.683389 159.077950
94.104712 159.077950
93.526036 159.077950
92.947359 159.077950
91.790006 158.499273
91.211329 158.499273
90.632653 157.920596
90.053976 157.920596
89.475299 157.341920
88.896623 157.341920
88.317946 156.763243
87.739269 156.763243
87.160593 156.184567
86.581916 156.184567
86.003239 155.605890
85.424563 155.605890
84.845886 155.027213
84.267210 155.027213
83.688533 154.448537
83.109856 154.448537
82.531180 153.869860
81.952503 153.869860
81.373826 153.291183
80.795150 153.291183
80.216473 152.712507
79.637797 152.712507
79.059120 152.133830
78.480443 152.133830
77.901767 151.555154
77.323090 150.397800
77.323090 149.819124
76.744413 149.240447
76.165737 148.083094
75.587060 147.504417
75.587060 146.347064
75.008383 145.768387
74.429707 145.189711
73.851030 144.032357
73.851030 143.453681
73.272354 142.875004
72.693677 141.717651
72.115000 141.138974
72.115000 140.560298
71.536324 139.402944
70.957647 138.824268
70.378970 138.245591
70.378970 137.088238
69.800294 136.509561
69.221617 135.930884
68.642941 134.773531
68.642941 134.194855
68.064264 133.616178
67.485587 132.458825
66.906911 131.880148
66.906911 131.301471
66.328234 130.144118
65.749557 129.565441
65.170881 128.986765
65.170881 127.829412
64.592204 127.250735
64.013527 126.093382
64.013527 125.514705
63.434851 124.936028
63.434851 124.357352
62.856174 123.778675
62.856174 123.199999
62.277498 122.621322
62.277498 122.042645
62.277498 121.463969
61.698821 120.885292
61.698821 120.306615
61.120144 119.727939
61.120144 119.149262
61.120144 117.991909
60.541468 117.413232
60.541468 116.834556
60.541468 116.255879
59.962791 115.677202
59.962791 115.098526
59.384114 113.941172
59.384114 113.362496
59.384114 112.783819
58.805438 112.205143
58.805438 111.626466
58.805438 111.047789
58.226761 110.469113
58.226761 109.311759
57.648084 108.733083
57.648084 108.154406
57.648084 107.575729
57.069408 106.997053
57.069408 106.418376
57.069408 105.839700
56.490731 104.682346
56.490731 104.103670
55.912055 103.524993
55.912055 102.946316
55.912055 102.367640
55.333378 101.788963
55.333378 101.210286
55.333378 100.052933
54.754701 99.474257
54.754701 98.895580
54.754701 98.316903
54.754701 97.738227
54.754701 97.159550
55.333378 96.580873
55.333378 96.002197
55.912055 95.423520
55.912055 94.844844
55.912055 94.266167
56.490731 93.687490
56.490731 93.108814
57.069408 92.530137
57.069408 91.951460
57.648084 91.372784
57.648084 90.794107
57.648084 90.215430
58.226761 89.636754
58.226761 89.058077
58.805438 88.479401
58.805438 87.900724
59.384114 87.322047
59.384114 86.743371
59.384114 86.164694
59.962791 85.586017
59.962791 85.007341
60.541468 84.428664
60.541468 83.849988
61.120144 83.271311
61.120144 82.692634
61.120144 82.113958
61.698821 81.535281
61.698821 80.956604
62.277498 80.377928
62.277498 79.799251
62.856174 79.220574
62.856174 78.641898
62.856174 78.063221
63.434851 77.484545
64.592204 76.905868
65.170881 76.905868
65.749557 76.327191
66.328234 75.748515
66.906911 75.169838
68.064264 74.591161
68.642941 74.591161
69.221617 74.012485
69.800294 73.433808
70.957647 72.855131
71.536324 72.855131
72.115000 72.276455
72.693677 71.697778
73.272354 71.119102
74.429707 71.119102
75.008383 70.540425
75.587060 69.961748
76.165737 69.383072
77.323090 69.383072
77.901767 68.804395
78.480443 68.225718
79.059120 67.647042
79.637797 67.068365
80.795150 67.068365
81.373826 66.489689
81.952503 65.911012
82.531180 65.332335
83.109856 65.332335
83.688533 64.753659
84.267210 64.174982
84.845886 63.596305
85.424563 63.017629
86.003239 63.017629
86.581916 62.438952
87.160593 61.860275
87.739269 61.281599
88.317946 60.702922
88.896623 60.702922
89.475299 60.124246
90.053976 59.545569
90.632653 58.966892
