109.950741 104.666422
110.118288 104.666422
110.285835 104.666422
110.453382 104.666422
110.620929 104.666422
110.788475 104.498875
110.956022 104.498875
111.123569 104.498875
111.291116 104.498875
111.458663 104.498875
111.626209 104.331328
111.961303 104.498875
112.296397 104.666422
112.631490 104.833969
112.966584 105.169062
113.301678 105.336609
113.469224 105.504156
113.804318 105.671703
114.139412 106.006796
114.474505 106.174343
114.809599 106.341890
115.144692 106.509437
115.479786 106.844530
115.814880 107.012077
116.149973 107.179624
116.485067 107.347171
116.820161 107.682264
116.987707 107.849811
117.322801 108.017358
117.657895 108.184905
117.992988 108.519998
118.328082 108.687545
118.663175 108.855092
118.998269 109.022639
119.333363 109.357733
119.668456 109.525279
120.003550 109.692826
120.338644 109.860373
120.673737 110.195467
120.841284 110.363013
121.176378 110.530560
121.511471 110.698107
121.846565 111.033201
122.181658 111.200747
122.516752 111.368294
122.851846 111.535841
123.186939 111.870935
123.522033 112.038482
123.857127 112.206028
124.192220 112.373575
124.527314 112.708669
124.694861 112.876216
125.029954 113.043762
125.365048 113.211309
125.700141 113.546403
126.035235 113.713950
126.370329 113.881496
126.705422 114.049043
126.872969 114.216590
126.872969 114.551684
126.872969 114.719230
126.872969 114.886777
126.705422 115.054324
126.705422 115.221871
126.705422 115.556965
126.705422 115.724511
126.705422 115.892058
126.705422 116.059605
126.705422 116.227152
126.705422 116.562245
126.705422 116.729792
126.705422 116.897339
126.537876 117.064886
126.537876 117.232433
126.537876 117.399979
126.537876 117.735073
126.537876 117.902620
126.537876 118.070167
126.537876 118.237713
126.537876 118.405260
126.537876 118.740354
126.537876 118.907901
126.370329 119.075448
126.370329 119.242994
126.370329 119.410541
126.370329 119.745635
126.370329 119.913182
126.370329 120.080728
126.370329 120.248275
126.370329 120.415822
126.370329 120.583369
126.370329 120.918462
126.202782 121.086009
126.035235 121.253556
125.867688 121.421103
125.700141 121.588650
125.700141 121.756196
125.532595 121.923743
125.365048 122.091290
125.197501 122.258837
125.029954 122.426384
125.029954 122.593931
124.862407 122.761477
124.694861 122.929024
124.527314 123.264118
124.359767 123.431665
124.192220 123.599211
124.024673 123.766758
124.024673 123.934305
123.857127 124.269399
123.689580 124.436945
123.522033 124.604492
123.354486 124.772039
123.186939 124.939586
123.019393 125.274679
122.851846 125.442226
122.684299 125.609773
122.516752 125.777320
122.516752 125.944867
122.349205 126.112414
122.181658 126.447507
122.014112 126.615054
121.846565 126.782601
121.679018 126.950148
121.511471 127.117694
121.343924 127.452788
121.176378 127.620335
121.176378 127.787882
121.008831 127.955428
120.841284 128.122975
120.673737 128.458069
120.506190 128.625616
120.338644 128.793162
120.171097 128.960709
120.003550 129.128256
119.836003 129.463350
119.836003 129.630897
119.668456 129.798443
119.500910 129.965990
119.165816 129.965990
118.998269 130.133537
118.830722 130.301084
118.663175 130.468631
118.495629 130.636177
118.328082 130.636177
118.160535 130.803724
117.992988 130.971271
117.825441 131.138818
117.657895 131.138818
117.490348 131.306365
117.322801 131.473911
117.155254 131.473911
116.820161 131.473911
116.652614 131.473911
116.485067 131.641458
116.317520 131.641458
116.149973 131.641458
115.982427 131.641458
115.814880 131.641458
115.479786 131.809005
115.312239 131.809005
115.144692 131.809005
114.977146 131.809005
114.809599 131.976552
114.642052 131.976552
114.306958 131.976552
114.139412 131.976552
113.971865 131.976552
113.804318 131.976552
113.636771 131.976552
113.469224 131.976552
113.134131 131.976552
112.966584 131.976552
112.799037 131.976552
112.631490 131.976552
112.463944 131.976552
112.128850 131.976552
111.961303 131.976552
111.793756 131.976552
111.626209 131.976552
111.458663 131.976552
111.291116 131.809005
110.956022 131.641458
110.788475 131.473911
110.620929 131.306365
110.453382 131.138818
110.285835 130.971271
110.118288 130.803724
109.950741 130.803724
109.615648 130.636177
109.448101 130.468631
109.280554 130.301084
109.113007 130.133537
108.945460 129.965990
108.777914 129.798443
108.610367 129.630897
108.442820 129.463350
108.275273 129.295803
108.107726 129.128256
107.940180 128.960709
107.940180 128.793162
107.772633 128.625616
107.605086 128.458069
107.437539 128.290522
107.269992 127.955428
107.269992 127.787882
107.102446 127.620335
106.934899 127.452788
106.934899 127.285241
106.767352 127.117694
106.767352 126.950148
106.599805 126.782601
106.599805 126.615054
106.432258 126.447507
106.432258 126.279960
106.264712 126.112414
106.264712 125.777320
106.097165 125.609773
106.097165 125.442226
105.929618 125.274679
105.929618 125.107133
105.762071 124.939586
105.762071 124.772039
105.594524 124.604492
105.594524 124.436945
105.426977 124.269399
105.426977 124.101852
105.259431 123.934305
105.259431 123.599211
105.091884 123.431665
105.091884 123.264118
104.924337 123.096571
104.924337 122.929024
104.756790 122.761477
104.756790 122.593931
104.589243 122.426384
104.589243 122.258837
104.421697 122.091290
104.421697 121.923743
104.254150 121.588650
104.254150 121.421103
104.254150 121.253556
104.254150 121.086009
104.254150 120.918462
104.254150 120.750916
104.254150 120.583369
104.254150 120.415822
104.254150 120.080728
104.254150 119.913182
104.254150 119.745635
104.254150 119.578088
104.254150 119.410541
104.254150 119.242994
104.254150 118.907901
104.254150 118.740354
104.254150 118.572807
104.086603 118.405260
104.086603 118.237713
104.086603 117.902620
104.086603 117.735073
104.086603 117.567526
104.086603 117.232433
104.086603 117.064886
103.919056 116.897339
103.919056 116.562245
103.919056 116.394699
103.919056 116.227152
103.919056 115.892058
103.919056 115.724511
103.919056 115.556965
103.919056 115.221871
103.751509 115.054324
103.751509 114.886777
103.751509 114.551684
103.751509 114.384137
103.751509 114.216590
103.751509 113.881496
103.751509 113.713950
103.751509 113.546403
103.583963 113.211309
103.583963 113.043762
103.751509 112.876216
103.751509 112.708669
103.751509 112.541122
103.751509 112.206028
103.751509 112.038482
103.919056 111.870935
103.919056 111.703388
103.919056 111.535841
103.919056 111.200747
103.919056 111.033201
104.086603 110.865654
104.086603 110.698107
104.086603 110.530560
104.086603 110.195467
104.086603 110.027920
104.254150 109.860373
104.254150 109.692826
104.254150 109.525279
104.254150 109.357733
104.254150 109.022639
104.254150 108.855092
104.421697 108.687545
104.421697 108.519998
104.421697 108.352452
104.421697 108.017358
104.421697 107.849811
104.589243 107.682264
104.589243 107.514718
104.589243 107.347171
104.589243 107.012077
104.589243 106.844530
104.756790 106.676984
104.756790 106.509437
104.924337 106.341890
105.091884 106.174343
105.259431 106.174343
105.426977 106.006796
105.594524 105.839250
105.762071 105.671703
105.929618 105.504156
106.097165 105.504156
106.264712 105.336609
106.432258 105.169062
106.599805 105.001515
106.767352 105.001515
106.934899 105.001515
107.102446 105.001515
107.269992 105.001515
107.437539 105.001515
107.605086 105.001515
107.772633 105.001515
107.940180 104.833969
108.107726 104.833969
108.275273 104.833969
108.442820 104.833969
108.610367 104.833969
108.777914 104.833969
108.945460 104.833969
109.113007 104.833969
109.280554 104.833969
109.448101 104.833969
109.615648 104.833969
109.783195 104.833969
109.783195 104.666422
109.950741 104.833969
110.118288 104.666422
109.950741 104.833969
109.783195 104.666422
109.615648 104.833969
109.448101 104.833969
109.280554 104.833969
109.448101 104.833969
109.280554 104.833969
109.113007 104.833969
109.280554 104.833969
109.448101 104.833969
109.615648 104.833969
109.783195 104.833969
109.783195 104.666422
109.950741 104.666422
109.783195 104.666422
109.615648 104.833969
109.783195 104.833969
109.950741 104.666422
