90.225616 74.376961
90.622398 73.980179
91.019181 73.980179
91.415963 73.980179
91.812746 73.980179
92.209528 74.376961
92.209528 74.773744
92.606310 75.170526
92.606310 75.567309
93.003093 75.964091
93.003093 76.360874
93.399875 76.757656
93.399875 77.154438
93.399875 77.551221
93.399875 77.948003
93.796658 78.344786
94.193440 78.741568
94.193440 79.138350
94.193440 79.535133
94.193440 79.931915
94.193440 80.328698
94.193440 80.725480
94.193440 81.122263
94.193440 81.519045
94.193440 81.915827
94.193440 82.312610
94.193440 82.709392
94.193440 83.106175
94.193440 83.502957
94.193440 83.899740
94.590222 83.899740
94.590222 84.296522
94.590222 84.693304
94.590222 85.090087
94.590222 85.486869
94.590222 85.883652
94.987005 86.280434
94.987005 86.677216
94.987005 87.073999
94.987005 87.470781
94.987005 87.867564
95.383787 87.867564
95.383787 88.264346
95.383787 88.661129
95.383787 89.057911
95.780570 89.057911
95.780570 89.454693
95.780570 89.851476
96.177352 90.248258
96.177352 90.645041
96.177352 91.041823
96.574135 91.438605
96.574135 91.835388
96.970917 92.232170
96.970917 92.628953
96.970917 93.025735
97.367699 93.422518
97.367699 93.819300
97.764482 94.216082
97.764482 94.612865
98.161264 94.612865
98.161264 95.009647
98.558047 95.406430
98.558047 95.803212
98.954829 96.199995
98.954829 96.596777
99.351611 96.993559
99.748394 97.390342
99.748394 97.787124
100.145176 98.183907
100.145176 98.580689
100.541959 98.580689
100.938741 98.977471
101.335524 99.374254
101.335524 99.771036
101.732306 100.167819
102.129088 100.564601
102.129088 100.961384
102.525871 100.961384
102.922653 101.358166
102.922653 101.754948
103.319436 101.754948
103.716218 102.151731
104.113001 102.548513
104.113001 102.945296
104.509783 102.945296
104.906565 103.342078
105.303348 103.738860
105.700130 104.135643
106.096913 104.135643
106.493695 104.532425
106.890477 104.929208
107.287260 105.325990
107.684042 105.722773
108.080825 105.722773
108.477607 106.119555
108.874390 106.516337
109.271172 106.516337
109.667954 106.913120
110.064737 107.309902
110.461519 107.309902
110.858302 107.706685
111.255084 108.103467
111.651866 108.103467
112.048649 108.500249
112.445431 108.500249
112.842214 108.897032
113.238996 108.897032
113.635779 109.293814
114.032561 109.690597
114.429343 109.690597
114.826126 110.087379
115.222908 110.087379
115.619691 110.087379
116.016473 110.484162
116.413255 110.484162
116.810038 110.880944
117.206820 110.880944
117.603603 110.880944
118.000385 111.277726
118.397168 111.277726
118.793950 111.277726
119.190732 111.674509
119.587515 111.674509
119.984297 111.674509
120.381080 112.071291
120.777862 112.071291
121.174645 112.071291
121.571427 112.071291
121.968209 112.468074
122.364992 112.468074
122.761774 112.468074
123.158557 112.468074
123.555339 112.468074
123.952121 112.468074
124.348904 112.864856
124.745686 112.864856
125.142469 112.864856
125.539251 112.864856
125.936034 112.864856
126.332816 112.864856
126.729598 112.864856
127.126381 112.864856
127.523163 112.864856
127.919946 112.864856
128.316728 112.864856
128.713510 112.864856
129.110293 112.864856
129.507075 112.864856
129.903858 112.864856
130.300640 112.864856
130.697423 112.864856
131.094205 112.864856
131.490987 112.864856
131.887770 112.864856
132.284552 113.261639
132.681335 113.658421
133.078117 114.055203
133.474899 114.451986
133.871682 114.848768
134.268464 115.245551
134.665247 115.642333
135.458812 116.039115
135.855594 116.435898
135.855594 116.832680
135.855594 117.229463
135.855594 117.626245
135.855594 118.023028
135.855594 118.419810
135.855594 118.816592
135.855594 119.213375
135.855594 119.610157
135.855594 120.006940
135.855594 120.403722
135.855594 121.197287
135.855594 121.594069
135.855594 121.990852
135.855594 122.387634
135.855594 122.784417
135.855594 123.181199
135.855594 123.577981
135.855594 123.974764
135.855594 124.371546
135.855594 124.768329
135.458812 124.768329
135.062029 125.165111
134.268464 125.165111
133.871682 125.561894
133.474899 125.561894
133.078117 125.561894
132.681335 125.958676
132.284552 126.355458
131.887770 126.752241
131.490987 127.149023
130.697423 127.545806
130.300640 127.942588
129.903858 128.339370
129.507075 128.736153
129.110293 129.132935
128.713510 129.926500
127.919946 130.323283
127.523163 130.720065
127.126381 131.116847
126.729598 131.513630
126.332816 131.910412
125.539251 132.307195
125.142469 132.703977
124.745686 133.100759
124.348904 133.497542
123.952121 133.894324
123.158557 134.291107
122.761774 134.291107
122.364992 134.291107
121.968209 134.291107
121.571427 134.291107
121.174645 134.687889
120.777862 134.687889
120.381080 134.687889
119.984297 134.687889
119.587515 134.687889
119.190732 134.687889
118.793950 135.084672
118.397168 135.084672
118.000385 135.084672
117.603603 135.084672
117.206820 135.084672
116.810038 135.084672
116.413255 135.481454
116.016473 135.481454
115.619691 135.481454
115.222908 135.481454
114.826126 135.481454
114.429343 135.481454
114.032561 135.878236
113.635779 135.878236
113.238996 135.878236
112.842214 135.878236
112.445431 135.878236
112.048649 135.878236
111.651866 135.878236
111.255084 135.878236
110.858302 135.878236
110.461519 135.878236
110.064737 135.878236
109.667954 135.878236
109.271172 135.878236
108.874390 135.878236
108.477607 135.878236
108.080825 135.878236
107.684042 135.878236
107.287260 135.878236
106.890477 135.878236
106.493695 135.878236
106.096913 135.878236
105.700130 135.878236
105.303348 135.878236
104.509783 135.878236
104.113001 135.878236
103.716218 135.878236
103.319436 135.878236
102.922653 135.878236
102.525871 135.878236
102.129088 135.878236
101.732306 135.878236
101.335524 135.878236
100.938741 135.878236
100.541959 135.878236
100.145176 135.878236
99.748394 135.878236
99.351611 135.878236
98.954829 135.481454
98.558047 135.481454
98.161264 135.481454
97.764482 135.481454
97.367699 135.084672
96.970917 135.084672
96.177352 135.084672
95.780570 134.687889
95.383787 134.687889
94.987005 134.291107
94.590222 134.291107
94.193440 133.894324
93.796658 133.894324
93.399875 133.497542
92.606310 133.497542
92.209528 133.100759
91.812746 133.100759
91.415963 132.703977
91.019181 132.703977
90.622398 132.307195
90.225616 132.307195
89.828833 131.910412
89.432051 131.910412
88.638486 131.513630
88.241704 131.513630
87.844921 131.116847
87.448139 131.116847
87.051356 130.720065
86.654574 130.720065
86.257792 130.323283
85.861009 129.926500
85.464227 129.529718
85.067444 129.132935
85.067444 128.736153
84.670662 128.339370
84.273880 127.545806
83.877097 127.149023
83.877097 126.752241
83.480315 126.355458
83.083532 125.958676
83.083532 125.561894
82.686750 125.165111
82.289967 124.768329
82.289967 123.974764
81.893185 123.577981
81.496403 123.181199
81.099620 122.784417
81.099620 122.387634
80.702838 121.990852
80.306055 121.594069
80.306055 121.197287
80.306055 120.800504
80.306055 120.403722
80.306055 120.006940
80.306055 119.610157
80.306055 118.816592
80.306055 118.419810
79.909273 118.023028
79.909273 117.626245
79.512491 117.229463
79.115708 116.832680
78.718926 116.435898
78.718926 116.039115
78.718926 115.642333
78.322143 115.245551
78.322143 114.848768
78.322143 114.451986
78.322143 114.055203
77.925361 113.658421
77.528578 113.261639
77.131796 112.864856
76.735014 112.468074
76.338231 112.071291
76.338231 111.674509
76.338231 111.277726
76.338231 110.880944
76.338231 110.484162
75.941449 110.087379
75.941449 109.690597
75.941449 109.293814
75.941449 108.897032
75.941449 108.500249
75.544666 108.103467
75.544666 107.706685
75.544666 106.913120
75.544666 106.516337
75.544666 106.119555
75.544666 105.722773
75.544666 105.325990
75.544666 104.929208
75.544666 104.532425
75.544666 104.135643
75.544666 103.738860
75.147884 103.342078
75.147884 102.945296
74.751102 102.548513
74.751102 102.151731
74.354319 101.754948
74.354319 101.358166
74.354319 100.961384
74.354319 100.564601
74.354319 100.167819
74.354319 99.771036
74.354319 99.374254
74.354319 98.977471
73.957537 98.580689
73.957537 98.183907
73.957537 97.787124
73.957537 97.390342
73.957537 96.993559
73.957537 96.596777
73.957537 96.199995
73.957537 95.803212
74.354319 95.406430
74.354319 95.009647
74.751102 94.612865
74.751102 94.216082
75.147884 93.819300
75.544666 93.422518
75.941449 93.025735
76.338231 92.628953
76.735014 92.232170
77.131796 91.835388
77.528578 91.438605
77.528578 91.041823
77.925361 90.645041
78.322143 90.248258
78.718926 89.851476
79.115708 89.454693
79.115708 89.057911
79.512491 88.661129
79.909273 88.264346
80.306055 87.867564
80.702838 87.470781
80.702838 87.073999
81.099620 86.280434
81.496403 85.883652
81.893185 85.486869
81.893185 85.090087
82.289967 84.693304
82.686750 84.296522
83.083532 83.899740
83.083532 83.502957
83.480315 83.106175
83.877097 82.709392
84.273880 82.312610
84.273880 81.915827
84.670662 81.519045
84.670662 81.122263
84.670662 80.725480
85.067444 79.931915
85.464227 79.535133
85.861009 79.138350
86.257792 78.741568
85.861009 79.138350
86.257792 78.741568
85.861009 79.138350
86.257792 78.741568
85.861009 79.138350
85.464227 79.138350
85.861009 79.138350
85.861009 78.741568
85.861009 78.344786
85.464227 78.344786
85.861009 77.551221
85.861009 77.551221
86.257792 77.948003
86.257792 78.344786
86.654574 78.344786
87.051356 77.948003
87.448139 77.551221
87.844921 77.154438
88.241704 76.757656
88.638486 76.360874
89.035269 75.964091
88.638486 75.964091
88.638486 76.360874
89.035269 75.964091
89.432051 75.567309
89.828833 75.567309
89.828833 75.170526
89.828833 74.773744
90.225616 74.376961
