90.330832 78.112733
90.330832 78.509767
90.330832 78.112733
90.330832 78.509767
90.330832 78.906800
90.330832 79.303834
90.330832 79.700868
90.330832 80.097901
90.330832 80.494935
90.330832 80.891968
90.330832 81.289002
90.330832 81.686035
90.330832 82.083069
90.330832 82.480102
90.727866 82.877136
90.727866 83.274169
90.727866 83.671203
90.727866 84.068236
90.727866 84.465270
90.727866 84.862303
90.727866 85.259337
91.124899 85.259337
91.124899 85.656371
91.124899 86.053404
91.124899 86.450438
91.124899 86.053404
91.124899 86.450438
91.521933 86.847471
91.521933 87.244505
91.521933 87.641538
91.521933 88.038572
91.521933 88.435605
91.918966 88.435605
91.918966 88.832639
91.918966 89.229672
91.918966 89.626706
92.316000 89.626706
92.316000 90.023739
92.316000 89.626706
92.316000 90.023739
92.316000 90.420773
92.713033 90.817806
92.713033 91.214840
92.713033 91.611873
92.713033 92.008907
93.110067 92.008907
93.110067 92.405941
93.110067 92.008907
93.110067 92.405941
93.507100 92.802974
93.507100 93.200008
93.507100 93.597041
93.904134 93.597041
93.904134 93.994075
94.301168 94.391108
94.301168 94.788142
94.301168 95.185175
94.698201 95.185175
94.698201 95.582209
95.095235 95.979242
95.095235 96.376276
95.492268 96.773309
95.492268 97.170343
95.889302 97.567376
95.492268 97.170343
95.492268 96.773309
95.492268 97.170343
95.889302 97.567376
95.889302 97.964410
96.286335 97.964410
96.286335 98.361444
96.286335 97.964410
96.286335 98.361444
96.286335 97.964410
95.889302 97.567376
95.492268 97.170343
95.492268 96.773309
95.095235 96.376276
95.095235 95.979242
95.095235 96.376276
95.492268 96.773309
95.492268 97.170343
95.889302 97.567376
95.889302 97.964410
96.286335 97.964410
96.286335 98.361444
96.286335 97.964410
96.286335 98.361444
96.286335 97.964410
95.889302 97.567376
95.492268 97.170343
95.492268 96.773309
95.095235 96.376276
95.095235 95.979242
95.095235 96.376276
95.492268 96.773309
95.492268 97.170343
95.492268 97.567376
95.889302 97.567376
96.286335 97.964410
96.286335 98.361444
96.286335 97.964410
95.889302 97.567376
95.492268 97.170343
95.492268 96.773309
95.095235 96.376276
95.095235 95.979242
95.095235 96.376276
95.492268 96.773309
95.492268 97.170343
95.492268 97.567376
95.889302 97.567376
96.286335 97.964410
96.286335 98.361444
96.286335 98.758477
96.683369 98.758477
97.080402 99.155511
97.080402 99.552544
97.080402 99.155511
96.683369 99.155511
96.683369 98.758477
96.286335 98.361444
96.286335 97.964410
95.889302 97.567376
95.492268 97.170343
95.492268 96.773309
95.095235 96.376276
95.095235 95.979242
95.095235 96.376276
95.492268 96.773309
95.492268 97.170343
95.492268 97.567376
95.889302 97.567376
95.889302 97.964410
96.286335 97.964410
96.286335 98.361444
96.286335 98.758477
96.683369 98.758477
97.080402 99.155511
97.080402 99.552544
97.080402 99.155511
97.080402 99.552544
97.477436 99.949578
97.874469 100.346611
97.874469 100.743645
98.271503 100.743645
98.271503 101.140678
98.668536 101.537712
98.668536 101.934745
99.065570 101.934745
99.065570 102.331779
99.462603 102.331779
99.065570 101.934745
98.668536 101.537712
98.271503 101.140678
98.271503 100.743645
97.874469 100.346611
97.477436 99.949578
97.080402 99.552544
97.080402 99.155511
96.683369 98.758477
96.286335 98.361444
96.286335 97.964410
95.889302 97.567376
95.492268 97.170343
95.492268 96.773309
95.095235 96.376276
95.095235 95.979242
95.095235 96.376276
95.492268 96.773309
95.492268 97.170343
95.492268 97.567376
95.889302 97.567376
95.889302 97.964410
96.286335 97.964410
96.286335 98.361444
96.286335 98.758477
96.683369 98.758477
97.080402 99.155511
97.080402 99.552544
97.080402 99.155511
97.080402 99.552544
97.477436 99.949578
97.874469 100.346611
97.874469 100.743645
98.271503 100.743645
98.271503 101.140678
98.668536 101.537712
98.668536 101.934745
99.065570 101.934745
99.065570 102.331779
99.462603 102.331779
99.065570 102.331779
99.462603 102.331779
99.065570 101.934745
98.668536 101.537712
98.271503 101.140678
98.271503 100.743645
97.874469 100.346611
97.477436 99.949578
97.080402 99.552544
97.080402 99.155511
96.683369 98.758477
96.286335 98.361444
96.286335 97.964410
95.889302 97.567376
95.492268 97.170343
95.492268 96.773309
95.095235 96.376276
95.095235 95.979242
95.095235 96.376276
95.492268 96.773309
95.492268 97.170343
95.492268 97.567376
95.889302 97.567376
95.889302 97.964410
96.286335 97.964410
96.286335 98.361444
96.286335 98.758477
96.683369 98.758477
97.080402 99.155511
97.080402 99.552544
97.080402 99.155511
97.080402 99.552544
97.477436 99.949578
97.874469 100.346611
97.874469 100.743645
98.271503 100.743645
98.271503 101.140678
98.668536 101.537712
98.271503 101.140678
98.271503 100.743645
97.874469 100.346611
97.477436 99.949578
97.080402 99.552544
97.080402 99.155511
96.683369 98.758477
96.286335 98.361444
96.286335 97.964410
95.889302 97.567376
95.492268 97.170343
95.492268 96.773309
95.095235 96.376276
95.095235 95.979242
95.095235 96.376276
95.492268 96.773309
95.492268 97.170343
95.492268 97.567376
95.889302 97.567376
96.286335 97.964410
96.286335 98.361444
96.286335 98.758477
96.683369 98.758477
97.080402 99.155511
97.080402 99.552544
97.477436 99.949578
97.477436 100.346611
97.874469 100.346611
97.874469 100.743645
98.271503 100.743645
98.271503 101.140678
98.668536 101.537712
99.065570 101.934745
99.065570 102.331779
99.462603 102.331779
99.859637 102.728812
100.256671 103.125846
100.256671 103.522879
100.653704 103.919913
100.256671 103.522879
100.256671 103.125846
99.859637 102.728812
99.462603 102.331779
99.065570 101.934745
98.668536 101.537712
98.271503 101.140678
98.271503 100.743645
97.874469 100.346611
97.477436 99.949578
97.080402 99.552544
97.080402 99.155511
96.683369 98.758477
96.286335 98.361444
96.286335 97.964410
95.889302 97.567376
95.492268 97.170343
95.492268 96.773309
95.095235 96.376276
95.095235 95.979242
95.095235 96.376276
95.492268 96.773309
95.492268 97.170343
95.492268 97.567376
95.889302 97.567376
96.286335 97.964410
96.286335 98.361444
96.286335 98.758477
96.683369 98.758477
97.080402 99.155511
97.080402 99.552544
97.477436 99.949578
97.477436 100.346611
97.874469 100.346611
97.874469 100.743645
98.271503 100.743645
98.271503 101.140678
98.668536 101.537712
99.065570 101.934745
99.065570 102.331779
99.462603 102.331779
99.859637 102.728812
100.256671 103.125846
100.256671 103.522879
100.653704 103.919913
100.256671 103.522879
100.256671 103.125846
99.859637 102.728812
99.462603 102.331779
99.065570 101.934745
98.668536 101.537712
98.271503 101.140678
98.271503 100.743645
97.874469 100.346611
97.477436 99.949578
97.080402 99.552544
97.080402 99.155511
96.683369 98.758477
96.286335 98.361444
96.286335 97.964410
95.889302 97.567376
95.492268 97.170343
95.492268 96.773309
95.095235 96.376276
95.095235 95.979242
94.698201 95.582209
94.698201 95.185175
94.698201 95.582209
95.095235 95.979242
95.095235 96.376276
95.095235 96.773309
95.492268 96.773309
95.492268 97.170343
95.889302 97.567376
96.286335 97.964410
96.286335 98.361444
96.286335 98.758477
96.683369 98.758477
97.080402 99.155511
97.080402 99.552544
97.477436 99.949578
97.477436 100.346611
97.874469 100.346611
97.874469 100.743645
98.271503 100.743645
98.271503 101.140678
98.668536 101.537712
98.668536 101.934745
99.065570 101.934745
99.065570 102.331779
99.462603 102.331779
99.065570 102.331779
99.065570 101.934745
98.668536 101.537712
98.271503 101.140678
98.271503 100.743645
97.874469 100.346611
97.477436 99.949578
97.080402 99.552544
97.080402 99.155511
96.683369 98.758477
96.286335 98.361444
96.286335 97.964410
95.889302 97.567376
95.492268 97.170343
95.492268 96.773309
95.095235 96.376276
95.095235 95.979242
94.698201 95.582209
94.698201 95.185175
94.698201 95.582209
95.095235 95.979242
95.095235 96.376276
95.095235 96.773309
95.492268 96.773309
95.492268 97.170343
95.889302 97.567376
96.286335 97.964410
96.286335 98.361444
96.286335 98.758477
96.683369 98.758477
97.080402 99.155511
97.080402 99.552544
97.477436 99.949578
97.874469 100.346611
97.874469 100.743645
98.271503 100.743645
98.271503 101.140678
98.668536 101.537712
99.065570 101.934745
99.065570 102.331779
99.462603 102.331779
99.065570 101.934745
98.668536 101.537712
98.271503 101.140678
98.271503 100.743645
97.874469 100.346611
97.477436 99.949578
97.080402 99.552544
97.080402 99.155511
96.683369 98.758477
96.286335 98.361444
96.286335 97.964410
95.889302 97.567376
95.492268 97.170343
95.492268 96.773309
95.095235 96.376276
95.095235 95.979242
94.698201 95.582209
94.698201 95.185175
94.698201 95.582209
95.095235 95.979242
95.095235 96.376276
95.095235 96.773309
95.492268 96.773309
95.492268 97.170343
95.492268 97.567376
95.889302 97.567376
95.889302 97.964410
96.286335 97.964410
96.286335 98.361444
96.683369 98.758477
97.080402 99.155511
97.080402 99.552544
97.477436 99.949578
97.874469 100.346611
97.874469 100.743645
98.271503 100.743645
98.271503 101.140678
98.668536 101.537712
99.065570 101.934745
99.065570 102.331779
99.462603 102.331779
99.859637 102.728812
100.256671 103.125846
99.859637 103.125846
99.859637 102.728812
99.462603 102.331779
99.065570 101.934745
98.668536 101.537712
98.271503 101.140678
98.271503 100.743645
97.874469 100.346611
97.477436 99.949578
97.080402 99.552544
97.080402 99.155511
96.683369 98.758477
96.286335 98.361444
96.286335 97.964410
95.889302 97.567376
95.492268 97.170343
95.492268 96.773309
95.095235 96.376276
95.095235 95.979242
94.698201 95.582209
94.698201 95.185175
94.698201 95.582209
95.095235 95.979242
95.095235 96.376276
95.095235 96.773309
95.492268 96.773309
95.492268 97.170343
95.492268 97.567376
95.889302 97.567376
96.286335 97.964410
96.286335 98.361444
96.286335 98.758477
96.683369 98.758477
97.080402 99.155511
97.080402 99.552544
97.477436 99.949578
97.477436 100.346611
97.874469 100.346611
97.874469 100.743645
98.271503 100.743645
97.874469 100.743645
97.874469 100.346611
97.477436 99.949578
97.080402 99.552544
97.080402 99.155511
96.683369 98.758477
96.286335 98.361444
96.286335 97.964410
95.889302 97.567376
95.492268 97.170343
95.492268 96.773309
95.095235 96.376276
95.095235 95.979242
95.095235 96.376276
95.492268 96.773309
95.492268 97.170343
95.492268 97.567376
95.889302 97.567376
95.889302 97.964410
96.286335 97.964410
96.286335 98.361444
96.286335 97.964410
96.286335 98.361444
96.683369 98.758477
96.683369 99.155511
97.080402 99.155511
97.080402 99.552544
97.477436 99.949578
97.874469 100.346611
97.874469 100.743645
98.271503 100.743645
98.271503 101.140678
98.668536 101.537712
99.065570 101.934745
99.065570 102.331779
99.462603 102.331779
99.859637 102.728812
100.256671 103.125846
100.256671 103.522879
100.653704 103.919913
101.050738 104.316947
101.050738 104.713980
101.447771 104.713980
101.447771 105.111014
101.844805 105.111014
102.241838 105.508047
102.241838 105.905081
102.638872 105.905081
103.035905 106.302114
102.638872 105.905081
102.241838 105.905081
102.241838 105.508047
101.844805 105.111014
101.447771 104.713980
101.050738 104.316947
100.653704 103.919913
100.256671 103.522879
100.256671 103.125846
99.859637 102.728812
99.462603 102.331779
99.065570 101.934745
98.668536 101.537712
98.271503 101.140678
98.271503 100.743645
97.874469 100.346611
97.477436 99.949578
97.080402 99.552544
97.080402 99.155511
96.683369 98.758477
96.286335 98.361444
96.286335 97.964410
96.286335 98.361444
96.683369 98.758477
96.683369 99.155511
97.080402 99.155511
97.080402 99.552544
97.477436 99.949578
97.477436 100.346611
97.874469 100.346611
98.271503 100.743645
98.271503 101.140678
98.271503 101.537712
98.668536 101.537712
99.065570 101.934745
99.065570 102.331779
99.462603 102.331779
99.859637 102.728812
99.859637 103.125846
100.256671 103.125846
100.256671 103.522879
100.653704 103.919913
101.050738 104.316947
101.447771 104.713980
101.844805 105.111014
101.844805 105.508047
102.241838 105.508047
102.638872 105.905081
103.035905 106.302114
103.432939 106.699148
103.829972 106.699148
104.227006 107.096181
104.624039 107.493215
105.021073 107.890248
105.418106 108.287282
105.815140 108.684315
106.212173 108.684315
106.609207 109.081349
107.006241 109.478382
107.403274 109.875416
107.800308 109.875416
108.197341 110.272449
108.594375 110.669483
108.991408 110.669483
109.388442 111.066517
109.785475 111.463550
110.182509 111.463550
110.579542 111.860584
110.976576 111.860584
111.373609 112.257617
111.770643 112.257617
112.167676 112.654651
112.564710 112.654651
112.961744 113.051684
113.358777 113.051684
113.755811 113.448718
114.152844 113.448718
114.549878 113.845751
114.946911 113.845751
115.343945 114.242785
115.740978 114.242785
116.138012 114.242785
116.535045 114.639818
116.932079 114.639818
117.329112 114.639818
117.726146 115.036852
118.123179 115.036852
118.520213 115.036852
118.917247 115.433885
119.314280 115.433885
119.711314 115.433885
120.108347 115.433885
120.505381 115.830919
120.902414 115.830919
121.299448 115.830919
121.696481 115.830919
122.093515 116.227952
122.490548 116.227952
122.887582 116.227952
123.284615 116.624986
123.681649 116.624986
124.078682 116.624986
124.475716 117.022020
124.872749 117.022020
125.269783 117.022020
125.666817 117.022020
126.063850 117.419053
126.460884 117.419053
126.857917 117.419053
127.254951 117.419053
127.651984 117.816087
128.049018 117.816087
128.446051 117.816087
128.843085 117.816087
129.240118 117.816087
129.637152 118.213120
130.431219 119.007187
130.828252 119.801254
131.225286 120.198288
131.225286 120.595321
131.225286 120.992355
131.622320 121.389388
131.622320 121.786422
131.622320 122.183455
131.622320 122.580489
131.622320 122.977523
131.622320 123.374556
132.019353 123.771590
132.019353 124.168623
132.019353 124.565657
132.019353 124.962690
132.019353 125.359724
132.019353 125.756757
132.019353 126.153791
132.019353 126.550824
132.416387 126.947858
132.416387 127.344891
132.416387 127.741925
132.019353 128.138958
131.622320 128.535992
131.225286 128.933025
130.431219 128.933025
130.034185 129.330059
129.637152 129.330059
129.240118 129.727093
128.843085 130.124126
128.446051 130.124126
128.049018 130.521160
127.651984 130.918193
127.254951 130.918193
126.460884 131.315227
126.063850 131.315227
125.666817 131.712260
125.269783 132.109294
124.872749 132.109294
124.475716 132.506327
124.078682 132.506327
123.681649 132.903361
123.284615 133.300394
122.490548 133.300394
122.093515 133.697428
121.696481 133.697428
121.299448 134.094461
120.902414 134.491495
120.505381 134.491495
120.108347 134.888528
119.711314 135.285562
119.314280 135.285562
118.917247 135.682596
118.520213 135.682596
118.123179 136.079629
117.329112 136.079629
116.932079 136.476663
116.535045 136.476663
116.138012 136.873696
115.740978 136.873696
115.343945 136.873696
114.946911 137.270730
114.549878 137.270730
114.152844 137.667763
113.358777 137.667763
112.961744 137.667763
112.564710 138.064797
112.167676 138.064797
111.770643 138.461830
111.373609 138.461830
110.976576 138.858864
110.579542 138.858864
109.785475 138.858864
109.388442 139.255897
108.991408 139.255897
108.594375 139.255897
108.197341 139.255897
107.800308 139.255897
107.403274 139.255897
107.006241 139.255897
106.609207 139.255897
106.212173 139.255897
105.815140 139.255897
105.418106 139.255897
105.021073 139.255897
104.624039 139.255897
103.829972 139.255897
103.432939 139.255897
103.035905 139.255897
102.638872 139.255897
102.241838 139.255897
101.844805 139.255897
101.447771 139.255897
101.050738 139.255897
100.653704 139.255897
99.859637 139.255897
99.462603 139.255897
99.065570 139.255897
98.668536 139.255897
98.271503 139.255897
97.874469 139.255897
97.477436 139.255897
97.080402 139.255897
96.683369 139.255897
96.286335 139.255897
95.889302 139.255897
95.492268 139.255897
95.095235 138.858864
94.698201 138.461830
93.904134 138.064797
93.507100 137.667763
93.110067 137.270730
92.713033 136.873696
92.316000 136.476663
91.918966 136.476663
91.521933 136.079629
91.124899 135.682596
90.727866 135.285562
89.933799 134.888528
89.536765 134.491495
89.139732 134.094461
88.742698 133.697428
88.345665 133.300394
87.948631 132.903361
87.551597 132.903361
87.154564 132.506327
86.757530 132.109294
86.360497 131.712260
85.963463 131.315227
85.566430 130.918193
85.169396 130.918193
84.772363 130.521160
84.375329 130.124126
83.978296 129.727093
83.581262 129.330059
83.184229 128.933025
83.184229 128.535992
82.787195 128.138958
82.390162 127.344891
82.390162 126.947858
81.993128 126.550824
81.596095 126.153791
81.199061 125.756757
81.199061 125.359724
80.802027 124.962690
80.404994 124.565657
80.404994 124.168623
80.007960 123.771590
79.610927 123.374556
79.213893 122.977523
79.213893 122.183455
78.816860 121.786422
78.419826 121.389388
78.419826 120.992355
78.022793 120.595321
77.625759 120.198288
77.228726 119.801254
77.228726 119.404221
76.831692 119.007187
76.434659 118.610154
76.434659 118.213120
76.037625 117.419053
75.640592 117.022020
75.243558 116.624986
75.243558 116.227952
74.846524 115.830919
74.846524 115.433885
74.846524 115.036852
74.846524 114.639818
74.846524 114.242785
74.846524 113.845751
74.846524 113.448718
74.846524 113.051684
74.846524 112.654651
74.846524 112.257617
74.846524 111.860584
74.846524 111.066517
74.449491 110.669483
74.449491 110.272449
74.449491 109.875416
74.449491 109.478382
74.449491 109.081349
74.449491 108.684315
74.449491 108.287282
74.449491 107.890248
74.052457 107.493215
74.052457 107.096181
74.052457 106.699148
74.052457 105.905081
74.052457 105.508047
74.052457 105.111014
74.052457 104.713980
74.052457 104.316947
73.655424 103.919913
73.655424 103.522879
73.655424 103.125846
73.655424 102.728812
73.655424 102.331779
73.655424 101.934745
73.655424 101.140678
73.655424 100.743645
73.258390 100.346611
73.258390 99.949578
73.258390 99.552544
73.258390 99.155511
73.258390 98.758477
73.258390 98.361444
72.861357 97.964410
72.861357 97.567376
72.861357 97.170343
72.861357 96.773309
72.861357 96.376276
72.861357 95.979242
72.861357 95.582209
72.861357 95.185175
72.861357 94.391108
72.861357 93.994075
72.861357 93.597041
72.861357 93.200008
72.861357 92.802974
72.861357 92.405941
72.861357 92.008907
73.258390 91.611873
73.258390 91.214840
73.258390 90.817806
73.258390 90.420773
73.258390 90.023739
73.655424 89.626706
74.052457 89.229672
74.449491 88.832639
74.846524 88.832639
75.243558 88.435605
75.640592 88.038572
76.037625 88.038572
76.434659 87.641538
76.831692 87.641538
77.228726 87.244505
77.625759 86.847471
78.022793 86.847471
78.419826 86.450438
78.816860 86.450438
79.213893 86.053404
79.610927 86.053404
80.007960 85.656371
80.404994 85.656371
80.802027 85.259337
81.199061 84.862303
81.596095 84.862303
81.993128 84.465270
82.390162 84.465270
82.787195 84.068236
83.184229 84.068236
83.581262 83.671203
83.978296 83.671203
84.375329 83.274169
84.772363 82.877136
85.169396 82.877136
85.566430 82.480102
85.963463 82.083069
85.963463 81.686035
86.360497 81.289002
86.360497 80.891968
86.757530 80.494935
87.154564 80.097901
87.154564 79.700868
87.551597 79.303834
87.948631 78.906800
87.948631 78.509767
88.345665 78.112733
88.345665 77.715700
88.742698 77.318666
89.139732 77.318666
89.536765 77.318666
89.933799 77.715700
90.330832 77.715700
90.330832 78.112733
