99.056686 92.922767
99.290754 92.922767
99.524822 92.922767
99.758890 92.922767
99.992958 92.922767
100.227026 92.922767
100.227026 93.156835
100.461094 93.156835
100.461094 93.390903
100.461094 93.624971
100.461094 93.859039
100.695162 93.859039
100.695162 94.093107
100.695162 94.327175
100.929230 94.561243
100.929230 94.795311
100.929230 94.561243
100.929230 94.795311
100.929230 95.029379
101.163298 95.029379
101.163298 95.263447
101.163298 95.497515
101.397367 95.731583
101.397367 95.965651
101.631435 96.199720
101.631435 96.433788
101.865503 96.667856
101.865503 96.901924
102.099571 97.135992
102.099571 97.370060
102.333639 97.604128
102.333639 97.838196
102.567707 98.072264
102.567707 98.306332
102.567707 98.540400
102.801775 98.540400
102.801775 98.774468
103.035843 99.008536
103.269911 99.242604
103.269911 99.476672
103.503979 99.710740
103.503979 99.944808
103.503979 100.178876
103.738047 100.178876
103.972115 100.412945
103.972115 100.647013
103.972115 100.881081
104.206183 100.881081
104.440251 101.115149
104.440251 101.349217
104.674319 101.583285
104.908387 101.817353
104.908387 102.051421
104.908387 102.285489
105.142455 102.285489
105.142455 102.519557
105.376523 102.519557
105.610591 102.753625
105.844660 102.987693
105.844660 103.221761
106.078728 103.455829
106.312796 103.689897
106.312796 103.923965
106.546864 103.923965
106.780932 104.158033
107.015000 104.392101
107.015000 104.626169
107.015000 104.860238
107.249068 104.860238
107.483136 105.094306
107.483136 105.328374
107.717204 105.328374
107.951272 105.562442
108.185340 105.796510
108.419408 106.030578
108.653476 106.264646
108.887544 106.498714
109.121612 106.732782
109.355680 106.966850
109.589748 107.200918
109.355680 106.966850
109.121612 106.966850
109.121612 106.732782
108.887544 106.498714
108.653476 106.264646
108.419408 106.030578
108.185340 105.796510
107.951272 105.562442
107.717204 105.328374
107.483136 105.094306
107.717204 105.328374
107.717204 105.562442
107.951272 105.562442
108.185340 105.796510
108.185340 106.030578
108.419408 106.030578
108.653476 106.264646
108.887544 106.498714
109.121612 106.732782
109.355680 106.966850
109.589748 107.200918
109.823816 107.434986
110.057884 107.434986
110.291953 107.669054
110.526021 107.903122
110.760089 108.137190
110.994157 108.371258
111.228225 108.605326
111.462293 108.605326
111.696361 108.839394
111.930429 109.073462
112.164497 109.307531
112.398565 109.541599
112.632633 109.541599
112.866701 109.775667
113.100769 110.009735
113.334837 110.009735
113.568905 110.243803
113.802973 110.477871
114.037041 110.477871
114.271109 110.711939
114.505177 110.946007
114.739246 110.946007
114.973314 111.180075
115.207382 111.180075
115.441450 111.414143
115.675518 111.648211
115.909586 111.648211
116.143654 111.882279
116.377722 111.882279
116.611790 112.116347
116.845858 112.116347
117.079926 112.350415
117.313994 112.350415
117.548062 112.584483
117.782130 112.584483
118.016198 112.818551
118.250266 112.818551
118.484334 113.052619
118.718402 113.052619
118.952470 113.286687
119.186539 113.286687
119.420607 113.286687
119.654675 113.520755
119.888743 113.520755
120.122811 113.754824
120.356879 113.754824
120.590947 113.754824
120.825015 113.988892
121.059083 113.988892
121.293151 113.988892
121.527219 114.222960
121.761287 114.222960
121.995355 114.222960
122.229423 114.457028
122.463491 114.457028
122.697559 114.457028
122.931627 114.691096
123.165695 114.691096
123.399764 114.691096
123.633832 114.691096
123.867900 114.925164
124.101968 114.925164
124.336036 114.925164
124.570104 114.925164
124.804172 115.159232
125.038240 115.159232
125.272308 115.159232
125.506376 115.159232
125.740444 115.393300
125.974512 115.393300
126.208580 115.393300
126.442648 115.393300
126.676716 115.393300
126.910784 115.393300
127.144852 115.627368
127.378920 115.627368
127.612988 115.627368
127.847057 115.627368
128.081125 115.627368
128.315193 115.627368
128.549261 115.627368
128.783329 115.861436
129.017397 115.861436
129.251465 115.861436
129.485533 115.861436
129.719601 115.861436
129.953669 115.861436
130.187737 115.861436
129.953669 116.095504
129.719601 116.329572
129.485533 116.563640
129.251465 116.797708
129.017397 116.797708
128.783329 117.031776
128.315193 117.265844
128.081125 117.499912
127.847057 117.733980
127.612988 117.968048
127.378920 117.968048
127.144852 118.202117
126.910784 118.436185
126.676716 118.670253
126.442648 118.670253
125.974512 118.904321
125.740444 119.138389
125.506376 119.138389
125.272308 119.372457
125.038240 119.606525
124.804172 119.606525
124.570104 119.840593
124.336036 120.074661
123.867900 120.074661
123.633832 120.308729
123.399764 120.308729
123.165695 120.542797
122.931627 120.776865
122.697559 120.776865
122.463491 121.010933
121.995355 121.245001
121.761287 121.245001
121.527219 121.479069
121.293151 121.713137
121.059083 121.713137
120.825015 121.947205
120.590947 122.181273
120.356879 122.181273
120.122811 122.181273
119.888743 122.415341
119.420607 122.415341
119.186539 122.649410
118.952470 122.649410
118.718402 122.883478
118.484334 122.883478
118.250266 122.883478
118.016198 123.117546
117.782130 123.117546
117.548062 123.117546
117.313994 123.351614
116.845858 123.351614
116.611790 123.351614
116.377722 123.585682
116.143654 123.585682
115.909586 123.585682
115.675518 123.585682
115.441450 123.819750
114.973314 123.819750
114.739246 123.819750
114.505177 124.053818
114.271109 124.053818
114.037041 124.053818
113.802973 124.053818
113.568905 124.287886
113.334837 124.287886
112.866701 124.287886
112.632633 124.287886
112.398565 124.521954
112.164497 124.521954
111.930429 124.521954
111.696361 124.756022
111.462293 124.756022
110.994157 124.756022
110.760089 124.756022
110.526021 124.990090
110.291953 124.990090
110.057884 124.990090
109.823816 125.224158
109.589748 125.224158
109.355680 125.224158
108.887544 125.224158
108.653476 125.224158
108.419408 124.990090
108.185340 124.990090
107.951272 124.990090
107.717204 124.990090
107.483136 124.756022
107.015000 124.756022
106.780932 124.756022
106.546864 124.521954
106.312796 124.521954
106.078728 124.521954
105.844660 124.521954
105.610591 124.287886
105.376523 124.287886
105.142455 124.287886
104.908387 124.053818
104.674319 124.053818
104.440251 124.053818
103.972115 124.053818
103.738047 123.819750
103.503979 123.819750
103.269911 123.819750
103.035843 123.585682
102.801775 123.585682
102.567707 123.585682
102.333639 123.585682
102.099571 123.351614
101.865503 123.351614
101.631435 123.351614
101.163298 123.117546
100.929230 123.117546
100.695162 123.117546
100.461094 123.117546
100.227026 122.883478
99.992958 122.883478
99.758890 122.883478
99.524822 122.883478
99.290754 122.649410
99.056686 122.649410
98.822618 122.649410
98.588550 122.415341
98.120414 122.415341
97.886346 122.415341
97.652278 122.415341
97.418210 122.181273
97.184142 122.181273
96.950074 122.181273
96.716005 121.947205
96.481937 121.947205
96.247869 121.713137
96.013801 121.479069
95.779733 121.245001
95.779733 121.010933
95.545665 120.776865
95.311597 120.542797
95.077529 120.308729
95.077529 120.074661
94.843461 119.840593
94.609393 119.372457
94.609393 119.138389
94.375325 118.904321
94.375325 118.670253
94.375325 118.436185
94.141257 117.968048
94.141257 117.733980
93.907189 117.499912
93.907189 117.265844
93.673121 117.031776
93.673121 116.563640
93.673121 116.329572
93.439053 116.095504
93.439053 115.861436
93.204985 115.627368
93.204985 115.159232
93.204985 114.925164
92.970917 114.691096
92.970917 114.457028
92.736849 114.222960
92.736849 113.754824
92.502781 113.520755
92.502781 113.286687
92.502781 113.052619
92.268712 112.818551
92.268712 112.350415
92.034644 112.116347
92.034644 111.882279
91.800576 111.648211
91.800576 111.414143
91.800576 110.946007
91.566508 110.711939
91.566508 110.477871
91.332440 110.243803
91.332440 110.009735
91.332440 109.541599
91.098372 109.307531
91.098372 109.073462
91.098372 108.839394
90.864304 108.605326
90.864304 108.371258
90.864304 107.903122
90.630236 107.669054
90.630236 107.434986
90.396168 107.200918
90.396168 106.966850
90.396168 106.498714
90.162100 106.264646
90.162100 106.030578
90.162100 105.796510
89.928032 105.562442
89.928032 105.328374
89.928032 104.860238
89.928032 104.626169
89.928032 104.392101
89.928032 104.158033
89.928032 103.923965
89.928032 103.689897
90.162100 103.455829
90.162100 103.221761
90.162100 102.987693
90.162100 102.753625
90.396168 102.519557
90.396168 102.285489
90.396168 102.051421
90.396168 101.817353
90.396168 101.583285
90.630236 101.115149
90.630236 100.881081
90.630236 100.647013
90.864304 100.412945
90.864304 100.178876
90.864304 99.944808
90.864304 99.710740
91.098372 99.476672
91.098372 99.242604
91.332440 99.008536
91.332440 98.774468
91.566508 98.540400
91.566508 98.306332
91.800576 98.072264
91.800576 97.838196
92.034644 97.604128
92.034644 97.370060
92.268712 97.135992
92.268712 96.901924
92.502781 96.433788
92.502781 96.199720
92.736849 95.965651
92.736849 95.731583
92.970917 95.497515
92.970917 95.263447
93.204985 95.029379
93.204985 94.795311
93.439053 94.561243
93.439053 94.327175
93.673121 94.093107
93.673121 93.859039
93.907189 93.624971
93.907189 93.390903
94.141257 93.156835
94.375325 92.922767
94.609393 92.922767
94.609393 92.688699
94.843461 92.454631
95.077529 92.454631
95.311597 92.454631
95.545665 92.454631
95.779733 92.688699
96.013801 92.688699
96.247869 92.688699
96.481937 92.688699
96.716005 92.688699
96.950074 92.688699
97.184142 92.688699
97.418210 92.688699
97.652278 92.688699
97.886346 92.688699
98.120414 92.688699
98.354482 92.922767
98.588550 92.922767
98.822618 92.922767
99.056686 92.922767
