112.861885 109.385917
113.011796 109.535828
113.161707 109.685739
113.311618 109.985561
113.461529 110.135473
113.611441 110.285384
113.611441 110.435295
113.761352 110.585206
113.911263 110.735117
114.061174 110.885029
114.211085 111.034940
114.211085 111.184851
114.360997 111.484673
114.510908 111.634585
114.660819 111.784496
114.810730 111.934407
114.810730 112.084318
114.960641 112.234229
115.110552 112.384140
115.260464 112.534052
115.410375 112.534052
115.560286 112.683963
115.710197 112.683963
115.860108 112.683963
116.010020 112.683963
116.159931 112.833874
116.309842 112.833874
116.459753 112.833874
116.609664 112.833874
116.759576 112.833874
116.909487 112.983785
117.059398 112.983785
117.209309 112.983785
117.359220 112.983785
117.509132 113.133696
117.659043 113.133696
117.808954 113.133696
117.958865 113.133696
118.108776 113.133696
118.408599 113.283608
118.558510 113.283608
118.708421 113.283608
118.858332 113.283608
119.008243 113.433519
119.158155 113.433519
119.308066 113.433519
119.457977 113.433519
119.607888 113.433519
119.757799 113.583430
119.907711 113.583430
120.057622 113.583430
120.207533 113.583430
120.357444 113.733341
120.507355 113.733341
120.657267 113.733341
120.807178 113.733341
120.957089 113.733341
121.107000 113.883252
121.256911 113.883252
121.406823 113.883252
121.556734 113.883252
121.706645 114.033164
121.856556 114.033164
122.006467 114.033164
122.156379 114.033164
122.306290 114.033164
122.456201 114.183075
122.606112 114.183075
122.756023 114.183075
123.055846 114.183075
123.055846 114.482897
123.055846 114.632808
123.055846 114.782720
123.055846 115.082542
123.055846 115.232453
123.055846 115.382364
123.055846 115.682187
123.055846 115.832098
123.055846 115.982009
123.055846 116.281831
123.055846 116.431743
123.055846 116.581654
123.055846 116.881476
123.055846 117.031387
123.055846 117.181299
123.055846 117.481121
123.055846 117.631032
123.055846 117.780943
123.055846 118.080766
123.055846 118.230677
123.055846 118.380588
123.055846 118.680411
123.055846 118.830322
123.055846 118.980233
123.055846 119.280055
123.055846 119.429967
123.055846 119.579878
123.055846 119.729789
123.055846 120.029611
123.055846 120.179522
123.055846 120.329434
123.055846 120.629256
123.055846 120.779167
122.905934 120.929078
122.756023 121.078990
122.606112 121.378812
122.456201 121.528723
122.306290 121.678634
122.156379 121.828546
122.006467 121.978457
121.856556 122.128368
121.706645 122.278279
121.556734 122.428190
121.406823 122.578102
121.256911 122.728013
121.107000 123.027835
120.957089 123.177746
120.807178 123.327658
120.657267 123.477569
120.507355 123.627480
120.357444 123.777391
120.207533 123.927302
120.057622 124.077213
119.907711 124.227125
119.757799 124.526947
119.607888 124.676858
119.457977 124.826769
119.308066 124.976681
119.158155 125.126592
119.008243 125.276503
118.858332 125.426414
118.708421 125.576325
118.558510 125.726237
118.408599 126.026059
118.258688 126.175970
118.108776 126.325881
117.958865 126.475793
117.808954 126.475793
117.509132 126.625704
117.359220 126.775615
117.209309 126.775615
117.059398 126.925526
116.909487 126.925526
116.609664 127.075437
116.459753 127.075437
116.309842 127.225349
116.159931 127.375260
116.010020 127.375260
115.860108 127.525171
115.560286 127.525171
115.410375 127.675082
115.260464 127.824993
115.110552 127.824993
114.960641 127.974904
114.660819 127.974904
114.510908 128.124816
114.360997 128.274727
114.211085 128.274727
114.061174 128.424638
113.911263 128.424638
113.611441 128.574549
113.461529 128.574549
113.311618 128.424638
113.161707 128.424638
113.011796 128.274727
112.861885 128.274727
112.711973 128.124816
112.562062 128.124816
112.412151 127.974904
112.262240 127.974904
112.112329 127.824993
111.962417 127.824993
111.812506 127.675082
111.662595 127.675082
111.512684 127.525171
111.362773 127.375260
111.212861 127.225349
111.212861 127.075437
111.212861 126.925526
111.062950 126.775615
111.062950 126.625704
110.913039 126.475793
110.913039 126.325881
110.763128 126.175970
110.763128 126.026059
110.613217 125.726237
110.613217 125.576325
110.613217 125.426414
110.463306 125.276503
110.463306 125.126592
110.313394 124.976681
110.313394 124.826769
110.163483 124.676858
110.163483 124.526947
110.013572 124.227125
110.013572 124.077213
109.863661 123.927302
109.863661 123.777391
109.713750 123.627480
109.563838 123.477569
109.563838 123.327658
109.413927 123.177746
109.413927 123.027835
109.264016 122.728013
109.264016 122.578102
109.114105 122.428190
109.114105 122.278279
108.964194 122.128368
108.814282 121.978457
108.814282 121.828546
108.664371 121.678634
108.664371 121.528723
108.514460 121.378812
108.514460 121.078990
108.364549 120.929078
108.364549 120.779167
108.214638 120.629256
108.064726 120.479345
108.064726 120.329434
107.914815 120.179522
107.914815 120.029611
107.764904 119.879700
107.764904 119.579878
107.614993 119.429967
107.614993 119.280055
107.465082 119.130144
107.465082 118.980233
107.465082 118.680411
107.465082 118.530499
107.465082 118.380588
107.465082 118.080766
107.465082 117.930855
107.465082 117.780943
107.465082 117.481121
107.465082 117.331210
107.465082 117.181299
107.465082 116.881476
107.465082 116.731565
107.465082 116.581654
107.465082 116.281831
107.465082 116.131920
107.465082 115.982009
107.465082 115.682187
107.465082 115.532276
107.465082 115.382364
107.465082 115.232453
107.465082 114.932631
107.465082 114.782720
107.465082 114.632808
107.465082 114.332986
107.465082 114.183075
107.465082 114.033164
107.465082 113.733341
107.465082 113.583430
107.465082 113.433519
107.465082 113.133696
107.465082 112.983785
107.465082 112.833874
107.465082 112.534052
107.465082 112.384140
107.465082 112.234229
107.465082 112.084318
107.465082 111.934407
107.465082 111.784496
107.465082 111.634585
107.465082 111.484673
107.465082 111.334762
107.465082 111.184851
107.465082 111.034940
107.465082 110.885029
107.465082 110.735117
107.465082 110.585206
107.465082 110.435295
107.465082 110.285384
107.465082 110.135473
107.465082 109.985561
107.315170 109.985561
107.165259 109.985561
107.315170 109.985561
107.465082 109.985561
107.315170 109.985561
107.465082 109.985561
107.315170 109.985561
107.165259 109.985561
107.015348 109.985561
107.165259 109.985561
107.315170 109.985561
107.165259 109.985561
107.315170 109.985561
107.465082 109.985561
107.614993 109.985561
107.764904 109.985561
107.914815 109.985561
108.064726 109.985561
107.914815 109.985561
107.764904 109.985561
107.614993 109.985561
107.764904 109.985561
107.914815 109.985561
107.764904 109.985561
107.914815 109.985561
108.064726 109.985561
108.214638 109.985561
108.064726 109.985561
108.214638 109.985561
108.364549 109.985561
108.514460 109.985561
108.664371 109.985561
108.514460 109.985561
108.664371 109.985561
108.814282 109.985561
108.664371 109.985561
108.514460 109.985561
108.364549 109.985561
108.214638 109.985561
108.064726 109.985561
107.914815 109.985561
108.064726 109.985561
108.214638 109.985561
108.364549 109.985561
108.214638 109.985561
108.364549 109.985561
108.214638 109.985561
108.364549 109.985561
108.214638 109.985561
108.364549 109.985561
108.514460 109.985561
108.664371 109.985561
108.814282 109.985561
108.964194 109.985561
108.814282 109.985561
108.964194 109.985561
108.814282 109.985561
108.664371 109.985561
108.814282 109.985561
108.964194 109.985561
109.114105 109.985561
109.264016 109.985561
109.413927 109.985561
109.563838 109.835650
109.713750 109.835650
109.563838 109.835650
109.713750 109.835650
109.863661 109.835650
110.013572 109.835650
110.163483 109.835650
110.313394 109.835650
110.463306 109.835650
110.463306 109.685739
110.613217 109.685739
110.463306 109.685739
110.613217 109.685739
110.463306 109.685739
110.613217 109.685739
110.763128 109.685739
110.613217 109.685739
110.763128 109.685739
110.913039 109.685739
111.062950 109.685739
111.212861 109.685739
111.212861 109.535828
111.362773 109.685739
111.212861 109.535828
111.362773 109.535828
111.512684 109.535828
111.662595 109.535828
111.812506 109.535828
111.812506 109.385917
111.962417 109.535828
111.812506 109.385917
111.962417 109.385917
112.112329 109.385917
112.262240 109.236005
112.412151 109.236005
112.562062 109.236005
112.711973 109.086094
112.861885 109.236005
112.861885 109.385917
