97.937949 98.044702
98.221741 98.044702
98.505532 98.328493
98.505532 98.612285
98.789323 98.896076
98.789323 99.179868
99.073115 99.463659
99.356906 99.747450
99.356906 100.031242
99.640698 100.315033
99.924489 100.598825
99.924489 100.882616
99.924489 101.166408
100.208281 101.166408
100.208281 101.450199
100.492072 101.450199
100.492072 101.733991
100.775864 102.017782
101.059655 102.301574
101.059655 102.585365
101.343447 102.869157
101.627238 103.152948
101.627238 103.436740
101.911030 103.436740
101.911030 103.720531
102.194821 103.720531
102.194821 104.004322
102.478612 104.288114
102.478612 104.571905
102.762404 104.571905
103.046195 104.855697
103.329987 105.139488
103.613778 105.423280
103.897570 105.707071
104.181361 105.990863
104.465153 106.274654
104.748944 106.558446
105.032736 106.842237
105.316527 107.126029
105.600319 107.409820
105.884110 107.693611
106.167901 107.977403
106.451693 108.261194
106.735484 108.544986
107.019276 108.828777
107.303067 109.112569
107.586859 109.112569
107.870650 109.396360
108.154442 109.680152
108.438233 109.963943
108.722025 110.247735
109.005816 110.247735
109.289608 110.531526
109.573399 110.815318
109.857190 110.815318
110.140982 111.099109
110.424773 111.382900
110.708565 111.382900
110.992356 111.666692
111.276148 111.950483
111.559939 111.950483
111.843731 112.234275
112.127522 112.518066
112.411314 112.518066
112.695105 112.801858
112.978897 112.801858
113.262688 113.085649
113.546479 113.085649
113.830271 113.369441
114.114062 113.369441
114.397854 113.653232
114.681645 113.653232
114.965437 113.937024
115.249228 113.937024
115.533020 114.220815
115.816811 114.220815
116.100603 114.504607
116.384394 114.504607
116.668186 114.504607
116.951977 114.788398
117.235769 114.788398
117.519560 115.072189
117.803351 115.072189
118.087143 115.072189
118.370934 115.355981
118.654726 115.355981
118.938517 115.355981
119.222309 115.639772
119.506100 115.639772
119.789892 115.639772
120.073683 115.923564
120.357475 115.923564
120.641266 115.923564
120.925058 115.923564
121.208849 116.207355
121.492640 116.207355
121.776432 116.207355
122.060223 116.207355
122.344015 116.491147
122.627806 116.491147
122.911598 116.491147
123.195389 116.491147
123.479181 116.491147
123.762972 116.774938
124.046764 116.774938
124.330555 116.774938
124.614347 116.774938
124.898138 116.774938
125.181929 116.774938
125.465721 116.774938
125.749512 117.058730
126.033304 117.058730
126.317095 117.058730
126.600887 117.058730
126.884678 117.058730
127.168470 117.058730
127.452261 117.058730
127.736053 117.058730
128.019844 117.058730
128.303636 117.058730
128.587427 117.058730
128.871218 117.058730
129.155010 117.058730
129.438801 117.058730
129.722593 117.058730
130.006384 117.058730
130.290176 117.058730
130.573967 117.058730
130.857759 117.058730
131.141550 117.058730
131.425342 117.058730
131.709133 117.058730
131.992925 117.058730
132.276716 117.058730
132.560508 117.058730
132.844299 117.058730
133.128090 117.058730
133.411882 117.058730
133.695673 117.058730
133.979465 117.058730
134.263256 117.058730
134.547048 117.342521
134.830839 117.342521
135.114631 117.626313
135.398422 117.626313
135.682214 117.910104
135.966005 117.910104
136.249797 118.193896
135.966005 118.477687
135.682214 118.761479
135.398422 119.045270
135.398422 119.329061
135.114631 119.612853
134.830839 119.896644
134.547048 120.180436
134.263256 120.464227
133.979465 120.748019
133.695673 121.031810
133.695673 121.315602
133.411882 121.599393
133.128090 121.883185
132.844299 122.166976
132.560508 122.450768
132.276716 122.734559
131.992925 123.018350
131.992925 123.302142
131.709133 123.585933
131.425342 123.869725
131.141550 124.153516
130.857759 124.437308
130.573967 124.721099
130.290176 125.004891
130.290176 125.288682
129.722593 125.572474
129.438801 125.856265
129.155010 126.423848
128.871218 126.707639
128.303636 126.991431
128.019844 127.275222
127.736053 127.559014
127.452261 127.842805
126.884678 128.410388
126.600887 128.694180
126.317095 128.977971
126.033304 129.261763
125.465721 129.545554
125.181929 129.829346
124.898138 130.396928
124.614347 130.680720
124.046764 130.964511
123.762972 131.248303
123.479181 131.532094
123.195389 131.815886
122.627806 132.383469
122.344015 132.667260
122.060223 132.951052
121.776432 133.234843
121.208849 133.518635
120.925058 133.802426
120.641266 133.802426
120.357475 134.086217
119.789892 134.370009
119.506100 134.370009
119.222309 134.653800
118.938517 134.653800
118.654726 134.937592
118.087143 134.937592
117.803351 135.221383
117.519560 135.505175
117.235769 135.505175
116.668186 135.788966
116.384394 135.788966
116.100603 136.072758
115.816811 136.356549
115.533020 136.356549
114.965437 136.640341
114.681645 136.640341
114.397854 136.924132
114.114062 136.924132
113.546479 137.207924
113.262688 137.491715
112.978897 137.491715
112.695105 137.775507
112.127522 137.775507
111.843731 138.059298
111.559939 138.343089
111.276148 138.343089
110.992356 138.626881
110.424773 138.626881
110.140982 138.910672
109.857190 139.194464
109.573399 139.194464
109.289608 139.194464
109.005816 139.194464
108.722025 139.194464
108.438233 139.194464
108.154442 139.194464
107.586859 139.194464
107.303067 139.194464
107.019276 139.194464
106.735484 139.194464
106.451693 139.194464
106.167901 139.194464
105.884110 139.194464
105.600319 139.194464
105.316527 139.194464
105.032736 139.194464
104.748944 139.194464
104.465153 138.910672
104.181361 138.910672
103.897570 138.626881
103.613778 138.626881
103.329987 138.626881
103.046195 138.343089
102.478612 138.343089
102.194821 138.059298
101.911030 138.059298
101.627238 137.775507
101.343447 137.491715
101.059655 137.207924
100.775864 136.640341
100.775864 136.356549
100.492072 136.072758
100.208281 135.788966
99.924489 135.505175
99.640698 135.221383
99.356906 134.937592
99.073115 134.653800
98.789323 134.370009
98.505532 134.086217
98.221741 133.802426
97.937949 133.234843
97.654158 132.951052
97.370366 132.667260
97.086575 132.383469
96.802783 132.099677
96.802783 131.815886
96.518992 131.532094
96.235200 131.248303
95.951409 130.964511
95.667617 130.680720
95.383826 130.396928
95.100034 129.829346
95.100034 129.545554
95.100034 129.261763
94.816243 128.977971
94.816243 128.694180
94.532451 128.410388
94.532451 128.126597
94.248660 127.842805
94.248660 127.559014
93.964869 127.275222
93.681077 126.991431
93.397286 126.707639
93.113494 126.423848
92.829703 126.140057
92.545911 125.856265
92.262120 125.288682
92.262120 125.004891
92.262120 124.721099
91.978328 124.437308
91.978328 124.153516
91.694537 123.869725
91.694537 123.585933
91.410745 123.302142
91.410745 123.018350
91.126954 122.734559
91.126954 122.450768
90.843162 121.883185
90.843162 121.599393
90.843162 121.315602
90.843162 121.031810
90.843162 120.748019
90.843162 120.464227
90.843162 120.180436
90.843162 119.896644
90.843162 119.612853
90.843162 119.329061
90.843162 119.045270
90.843162 118.761479
90.843162 118.477687
91.126954 117.910104
91.126954 117.626313
91.126954 117.342521
91.126954 117.058730
91.126954 116.774938
91.126954 116.491147
91.126954 116.207355
91.126954 115.923564
91.126954 115.639772
91.126954 115.355981
91.126954 115.072189
91.126954 114.504607
91.126954 114.220815
91.410745 113.937024
91.410745 113.653232
91.410745 113.369441
91.410745 113.085649
91.410745 112.801858
91.410745 112.518066
91.410745 112.234275
91.410745 111.950483
91.410745 111.666692
91.410745 111.382900
91.410745 110.815318
91.410745 110.531526
91.410745 110.247735
91.410745 109.963943
91.410745 109.680152
91.410745 109.396360
91.410745 109.112569
91.410745 108.828777
91.410745 108.544986
91.410745 108.261194
91.410745 107.977403
91.410745 107.693611
91.410745 107.409820
91.410745 107.126029
91.410745 106.842237
91.410745 106.558446
91.694537 106.274654
91.694537 105.707071
91.978328 105.423280
91.978328 105.139488
92.262120 104.855697
92.262120 104.571905
92.262120 104.288114
92.545911 103.720531
92.545911 103.436740
92.829703 103.152948
92.829703 102.869157
93.113494 102.585365
93.113494 102.301574
93.397286 101.733991
93.397286 101.450199
93.681077 101.166408
93.681077 100.882616
93.964869 100.598825
93.964869 100.315033
94.248660 99.747450
94.248660 99.463659
94.248660 99.179868
94.532451 98.896076
94.532451 98.612285
94.816243 98.328493
94.532451 98.044702
94.816243 98.044702
95.100034 98.044702
95.383826 98.044702
95.667617 98.044702
95.383826 98.044702
95.667617 98.044702
95.951409 98.044702
95.667617 98.044702
95.383826 98.044702
95.100034 98.044702
94.816243 98.044702
94.532451 98.044702
94.816243 98.044702
95.100034 98.044702
95.383826 98.044702
95.667617 98.044702
95.383826 98.044702
95.667617 98.044702
95.383826 98.044702
95.667617 98.044702
95.951409 98.044702
96.235200 98.044702
96.518992 98.044702
96.802783 98.044702
97.086575 98.044702
97.370366 98.044702
97.654158 98.044702
97.937949 98.044702
