95.825814 82.862489
96.128904 83.165579
96.431994 83.468669
96.735084 83.771759
96.735084 84.074849
97.038174 84.377939
97.341264 84.681029
97.644354 84.984119
97.947444 85.287209
98.250534 85.590299
98.553624 85.893389
99.159804 86.196479
99.462894 86.499569
99.765984 86.802659
100.069074 87.105749
100.372164 87.408839
100.978344 87.711929
101.281434 88.015019
101.584524 88.318109
101.887614 88.924289
102.493794 89.227379
102.796884 89.530469
102.796884 89.833559
102.796884 90.136649
102.796884 90.439739
103.099974 90.439739
103.099974 90.742829
103.099974 91.045919
103.099974 91.349009
103.099974 91.652099
103.403064 91.652099
103.403064 91.955189
103.403064 92.258279
103.706154 92.561369
103.706154 92.864459
103.706154 93.167549
103.706154 93.470639
104.009244 93.470639
104.009244 93.773729
104.009244 94.076819
104.009244 94.379909
104.312334 94.379909
104.312334 94.682999
104.312334 94.986089
104.615424 94.986089
104.615424 95.289179
104.615424 95.592269
104.918514 95.895359
104.918514 96.198449
105.221604 96.501539
105.221604 96.804629
105.221604 96.501539
105.221604 96.804629
105.221604 96.501539
105.221604 96.804629
105.524694 97.107719
105.524694 97.410809
105.827784 97.713899
105.827784 98.016989
106.130874 98.016989
106.130874 98.320079
106.130874 98.623169
106.433964 98.623169
106.433964 98.926259
106.433964 98.623169
106.433964 98.926259
106.433964 98.623169
106.433964 98.926259
106.737054 99.229349
107.040144 99.532439
107.040144 99.835529
107.343234 99.835529
107.343234 100.138619
107.646324 100.441709
107.343234 100.441709
107.646324 100.441709
107.343234 100.441709
107.646324 100.441709
107.343234 100.138619
107.343234 100.441709
107.343234 100.138619
107.646324 100.441709
107.343234 100.441709
107.646324 100.441709
107.949414 100.744799
107.949414 101.047889
108.252504 101.350979
108.252504 101.654069
108.555594 101.654069
108.858684 101.957159
108.858684 102.260249
108.858684 101.957159
108.555594 101.957159
108.555594 101.654069
108.252504 101.350979
107.949414 101.047889
107.949414 100.744799
107.646324 100.441709
107.343234 100.138619
107.343234 99.835529
107.040144 99.532439
107.040144 99.835529
107.343234 99.835529
107.343234 100.138619
107.646324 100.441709
107.646324 100.744799
107.949414 100.744799
107.949414 101.047889
108.252504 101.350979
108.252504 101.654069
108.555594 101.654069
108.555594 101.957159
108.858684 101.957159
108.858684 102.260249
108.858684 101.957159
108.858684 102.260249
108.858684 102.563339
109.161774 102.563339
109.464864 102.866429
109.464864 103.169519
109.767954 103.472609
109.767954 103.169519
109.767954 103.472609
110.071044 103.775699
109.767954 103.472609
109.767954 103.169519
109.464864 103.169519
109.464864 102.866429
109.161774 102.563339
108.858684 102.260249
108.858684 101.957159
108.555594 101.654069
108.252504 101.350979
107.949414 101.047889
107.949414 100.744799
107.646324 100.441709
107.343234 100.138619
107.343234 99.835529
107.040144 99.532439
107.040144 99.835529
107.343234 100.138619
107.343234 100.441709
107.646324 100.441709
107.646324 100.744799
107.949414 100.744799
107.949414 101.047889
108.252504 101.350979
108.252504 101.654069
108.555594 101.654069
108.555594 101.957159
108.858684 101.957159
108.858684 102.260249
108.858684 102.563339
109.161774 102.563339
109.464864 102.866429
109.767954 103.169519
109.767954 103.472609
110.071044 103.775699
110.374134 104.078789
110.677224 104.381879
110.374134 104.381879
110.374134 104.078789
110.071044 103.775699
109.767954 103.472609
109.767954 103.169519
109.464864 102.866429
109.161774 102.563339
108.858684 102.260249
108.858684 101.957159
108.555594 101.654069
108.252504 101.350979
107.949414 101.047889
107.949414 100.744799
107.646324 100.441709
107.343234 100.138619
107.343234 99.835529
107.040144 99.532439
107.040144 99.835529
107.343234 100.138619
107.343234 100.441709
107.646324 100.441709
107.646324 100.744799
107.949414 100.744799
107.949414 101.047889
108.252504 101.350979
108.555594 101.654069
108.555594 101.957159
108.858684 101.957159
108.858684 102.260249
108.858684 102.563339
109.161774 102.563339
109.161774 102.866429
109.464864 102.866429
109.767954 103.169519
109.464864 103.169519
109.464864 102.866429
109.161774 102.563339
108.858684 102.260249
108.858684 101.957159
108.555594 101.654069
108.252504 101.350979
107.949414 101.047889
107.949414 100.744799
107.646324 100.441709
107.646324 100.744799
107.949414 101.047889
108.252504 101.350979
108.252504 101.654069
108.555594 101.654069
108.858684 101.957159
108.858684 102.260249
108.858684 101.957159
108.858684 102.260249
108.858684 101.957159
108.555594 101.957159
108.555594 101.654069
108.252504 101.350979
107.949414 101.047889
107.949414 100.744799
107.949414 101.047889
108.252504 101.350979
108.252504 101.654069
108.555594 101.654069
108.858684 101.957159
108.858684 102.260249
108.858684 102.563339
109.161774 102.563339
109.464864 102.866429
109.767954 103.169519
109.767954 103.472609
109.767954 103.775699
110.071044 103.775699
110.374134 104.078789
110.374134 104.381879
110.677224 104.381879
110.980314 104.684969
111.283404 104.988059
111.283404 105.291149
111.586494 105.291149
111.889584 105.594239
112.192674 105.897329
112.495764 106.200419
112.798854 106.503509
112.798854 106.806599
113.101944 106.806599
113.405034 106.806599
113.708124 107.109689
114.011214 107.412779
114.314304 107.715869
114.617394 107.715869
114.920484 108.018959
115.223574 108.322049
115.526664 108.625139
115.829754 108.625139
116.132844 108.928229
116.435934 108.928229
116.739024 109.231319
117.042114 109.534409
117.345204 109.534409
117.648294 109.837499
117.951384 109.837499
118.254474 110.140589
118.557564 110.140589
118.860654 110.443679
119.163744 110.443679
119.466834 110.443679
119.769924 110.746769
120.073014 110.746769
120.376104 111.049859
120.679194 111.049859
120.982284 111.049859
121.285374 111.352949
121.588464 111.352949
121.891554 111.352949
122.194644 111.656039
122.497734 111.656039
122.800824 111.656039
123.103914 111.959129
123.407004 111.959129
123.710094 111.959129
124.013184 111.959129
124.316274 112.262219
124.619364 112.262219
124.922454 112.262219
125.225544 112.262219
125.528634 112.262219
125.831724 112.262219
126.134814 112.565309
126.437904 112.565309
126.740994 112.565309
127.044084 112.565309
127.347174 112.565309
127.650264 112.565309
127.953354 112.565309
128.256444 112.565309
128.559534 112.565309
128.862624 112.565309
129.165714 112.565309
129.468804 112.565309
129.771894 112.868399
130.074984 113.171489
130.378074 113.474579
130.984254 113.777669
131.287344 114.080759
131.590434 114.383849
131.893524 114.686939
132.499704 114.990029
132.802794 115.293119
133.105884 115.596209
133.408974 115.899299
133.712064 116.202389
134.318244 116.808569
134.621334 117.111659
134.318244 117.414749
134.015154 117.717839
134.015154 118.020929
133.712064 118.324019
133.408974 118.930199
133.408974 119.233289
133.105884 119.536379
132.802794 119.839469
132.499704 120.142559
132.499704 120.445649
132.196614 121.051829
131.893524 121.354919
131.590434 121.658009
131.590434 121.961099
131.287344 122.264189
130.984254 122.870369
130.984254 123.173459
130.681164 123.476549
130.378074 123.779639
130.074984 124.082729
129.771894 124.385819
129.468804 124.385819
129.165714 124.688909
128.862624 124.688909
128.559534 124.688909
128.256444 124.991999
127.953354 124.991999
127.650264 125.295089
127.347174 125.295089
127.044084 125.295089
126.740994 125.598179
126.437904 125.598179
125.831724 125.901269
125.528634 125.901269
125.225544 126.204359
124.619364 126.204359
124.316274 126.507449
124.013184 126.507449
123.407004 126.810539
123.103914 126.810539
122.800824 127.113629
122.194644 127.113629
121.891554 127.416719
121.588464 127.719809
121.285374 127.719809
120.679194 128.022899
120.376104 128.022899
120.073014 128.325989
119.466834 128.325989
119.163744 128.629079
118.860654 128.629079
118.254474 128.932169
117.951384 128.932169
117.648294 129.235259
117.345204 129.235259
117.042114 129.235259
116.739024 129.235259
116.435934 129.538349
116.132844 129.538349
115.526664 129.538349
115.223574 129.538349
114.920484 129.538349
114.617394 129.841439
114.314304 129.841439
114.011214 129.841439
113.708124 129.841439
113.405034 130.144529
113.101944 130.144529
112.798854 130.144529
112.495764 130.144529
112.192674 130.144529
111.889584 130.447619
111.586494 130.447619
111.283404 130.447619
110.980314 130.447619
110.677224 130.750709
110.374134 130.750709
110.071044 130.750709
109.767954 130.750709
109.464864 130.750709
109.161774 130.750709
108.858684 130.750709
108.555594 130.750709
108.252504 130.750709
107.949414 130.750709
107.646324 130.750709
107.343234 130.750709
107.040144 130.750709
106.737054 130.750709
106.433964 130.750709
106.130874 130.750709
105.827784 130.750709
105.524694 130.750709
104.918514 130.750709
104.615424 130.750709
104.312334 130.750709
104.009244 130.750709
103.706154 130.750709
103.403064 130.750709
103.099974 130.750709
102.796884 130.750709
102.493794 130.750709
102.190704 130.750709
101.584524 130.750709
101.281434 130.750709
100.978344 130.750709
100.675254 130.750709
100.372164 130.750709
100.069074 130.750709
99.765984 130.750709
99.462894 130.750709
99.159804 130.750709
98.856714 130.447619
98.553624 130.447619
97.947444 130.144529
97.644354 130.144529
97.341264 129.841439
97.038174 129.841439
96.735084 129.538349
96.431994 129.538349
96.128904 129.235259
95.825814 128.932169
95.522724 128.629079
95.219634 128.325989
94.916544 127.719809
94.613454 127.416719
94.310364 127.113629
94.007274 126.810539
93.704184 126.204359
93.401094 125.901269
93.098004 125.598179
92.491824 125.295089
92.188734 124.688909
91.885644 124.385819
91.582554 124.082729
91.279464 123.779639
90.976374 123.476549
90.673284 122.870369
90.370194 122.567279
90.067104 122.264189
89.764014 121.961099
89.460924 121.354919
89.157834 121.051829
88.854744 120.748739
88.551654 120.445649
88.248564 119.839469
87.945474 119.536379
87.945474 119.233289
87.642384 118.930199
87.339294 118.627109
87.036204 118.324019
87.036204 118.020929
86.733114 117.717839
86.430024 117.414749
86.430024 117.111659
86.430024 116.808569
86.126934 116.202389
86.126934 115.899299
86.126934 115.596209
86.126934 115.293119
86.126934 114.686939
85.823844 114.383849
85.823844 114.080759
85.823844 113.777669
85.823844 113.171489
85.823844 112.868399
85.520754 112.565309
85.520754 112.262219
85.520754 111.959129
85.520754 111.352949
85.217664 111.049859
85.217664 110.746769
85.217664 110.443679
85.217664 109.837499
85.217664 109.534409
84.914574 109.231319
84.914574 108.928229
84.914574 108.322049
84.914574 108.018959
84.914574 107.715869
84.914574 107.412779
84.914574 106.806599
84.914574 106.503509
84.914574 106.200419
84.914574 105.897329
84.914574 105.594239
84.914574 104.988059
84.914574 104.684969
84.914574 104.381879
84.914574 104.078789
84.914574 103.775699
84.914574 103.169519
85.217664 102.866429
85.217664 102.563339
85.217664 102.260249
85.217664 101.957159
85.217664 101.350979
85.217664 101.047889
85.217664 100.744799
85.217664 100.441709
85.217664 100.138619
85.217664 99.532439
85.217664 99.229349
85.217664 98.926259
85.217664 98.623169
85.217664 98.320079
85.217664 97.713899
85.217664 97.410809
85.217664 97.107719
85.217664 96.804629
85.217664 96.198449
85.520754 95.895359
85.520754 95.592269
85.520754 95.289179
85.520754 94.986089
85.520754 94.682999
85.520754 94.379909
85.823844 94.076819
85.823844 93.773729
85.823844 93.470639
86.126934 93.167549
86.430024 92.864459
86.733114 92.561369
87.036204 92.258279
87.339294 91.955189
87.642384 91.652099
87.945474 91.349009
88.248564 91.045919
88.551654 91.045919
88.551654 90.742829
88.551654 90.439739
88.854744 90.136649
89.157834 89.833559
89.460924 89.530469
89.460924 89.227379
89.460924 89.530469
89.460924 89.227379
89.764014 88.924289
90.067104 88.621199
90.370194 88.318109
90.370194 88.015019
90.673284 87.711929
90.673284 87.408839
90.976374 87.105749
91.279464 87.105749
91.279464 86.802659
91.279464 86.499569
91.582554 86.196479
91.582554 85.893389
91.885644 85.590299
91.885644 85.287209
92.188734 85.287209
92.188734 84.984119
92.188734 84.681029
92.491824 84.377939
92.491824 84.074849
92.794914 83.771759
92.794914 83.468669
93.098004 83.165579
93.401094 83.165579
93.704184 83.165579
94.007274 83.165579
94.310364 83.165579
94.613454 82.862489
94.916544 82.862489
95.219634 82.862489
95.522724 82.862489
95.825814 82.862489
