90.098922 65.560648
90.098922 66.074967
90.098922 66.589287
90.098922 67.103606
90.098922 67.617925
90.098922 68.132245
90.098922 68.646564
90.098922 69.160883
90.098922 69.675202
90.098922 70.189522
90.098922 70.703841
90.098922 71.218160
90.098922 71.732480
90.098922 72.246799
90.098922 72.761118
90.098922 73.275438
90.098922 73.789757
90.098922 74.304076
90.098922 74.818396
90.098922 75.332715
90.098922 75.847034
90.098922 76.361354
90.098922 76.875673
90.098922 77.389992
90.098922 77.904312
90.098922 78.418631
90.098922 78.932950
90.613241 79.447270
90.613241 79.961589
90.613241 80.475908
90.613241 80.990227
90.613241 81.504547
90.613241 82.018866
90.613241 82.533185
91.127561 83.047505
91.127561 83.561824
91.127561 84.076143
91.127561 84.590463
91.127561 85.104782
91.641880 85.104782
91.641880 85.619101
91.641880 86.133421
91.641880 86.647740
92.156199 87.162059
92.156199 87.676379
92.156199 88.190698
92.670519 88.705017
92.670519 89.219337
92.670519 89.733656
92.670519 90.247975
93.184838 90.247975
93.184838 90.762295
93.184838 91.276614
93.184838 91.790933
93.699157 91.790933
93.699157 92.305252
94.213477 92.819572
94.213477 93.333891
94.213477 93.848210
94.213477 94.362530
94.727796 94.362530
94.727796 94.876849
94.727796 95.391168
95.242115 95.391168
95.242115 95.905488
95.242115 96.419807
95.756435 96.419807
95.756435 96.934126
95.756435 97.448446
96.270754 97.448446
96.270754 97.962765
96.785073 97.962765
96.785073 98.477084
97.299393 98.991404
97.299393 99.505723
97.813712 100.020042
97.813712 100.534362
98.328031 100.534362
98.328031 101.048681
98.842351 101.563000
99.356670 102.077320
99.356670 102.591639
99.870989 103.105958
99.870989 103.620277
100.385309 103.620277
100.385309 104.134597
100.899628 104.134597
100.899628 104.648916
101.413947 105.163235
101.928266 105.677555
102.442586 106.191874
102.956905 106.706193
103.471224 107.220513
103.985544 107.734832
104.499863 108.249151
105.014182 108.763471
105.528502 109.277790
106.042821 109.792109
106.557140 110.306429
107.071460 110.820748
107.585779 111.335067
108.100098 111.849387
108.614418 112.363706
109.128737 112.363706
109.643056 112.878025
110.157376 113.392345
110.671695 113.906664
111.186014 113.906664
111.700334 114.420983
112.214653 114.935302
112.728972 114.935302
113.243291 115.449622
113.757611 115.963941
114.271930 115.963941
114.786249 116.478260
115.300569 116.478260
115.814888 116.992580
116.329207 117.506899
116.843527 117.506899
117.357846 118.021218
117.872165 118.021218
118.386485 118.535538
118.900804 118.535538
119.415123 119.049857
119.929443 119.049857
120.443762 119.049857
120.958081 119.564176
121.472401 119.564176
121.986720 120.078496
122.501039 120.078496
123.015359 120.078496
123.529678 120.592815
124.043997 120.592815
124.558316 120.592815
125.072636 121.107134
125.586955 121.107134
126.101274 121.107134
126.615594 121.621454
127.129913 121.621454
127.644232 121.621454
128.158552 121.621454
128.672871 122.135773
129.187190 122.135773
129.701510 122.135773
130.215829 122.135773
130.730148 122.650092
131.244468 122.650092
131.758787 122.650092
132.273106 122.650092
132.787426 122.650092
133.301745 122.650092
133.816064 122.650092
134.330384 123.164412
134.844703 123.164412
135.359022 123.164412
135.873342 123.164412
136.387661 123.164412
136.901980 123.164412
137.416299 123.164412
137.930619 123.164412
138.444938 123.164412
138.959257 123.164412
139.473577 123.164412
139.987896 123.164412
140.502215 123.164412
141.016535 123.164412
141.530854 123.164412
142.045173 123.164412
142.559493 123.164412
143.073812 123.164412
143.073812 123.678731
143.073812 124.193050
143.073812 124.707370
143.073812 125.221689
142.559493 125.736008
142.559493 126.250327
142.045173 126.764647
142.045173 127.278966
141.530854 127.793285
141.530854 128.307605
141.530854 128.821924
141.016535 129.336243
141.016535 129.850563
140.502215 130.879201
140.502215 131.393521
139.987896 131.907840
139.987896 132.422159
139.473577 132.936479
138.959257 133.450798
138.444938 133.965117
137.930619 134.479437
137.416299 134.993756
136.387661 135.508075
135.873342 136.022395
135.359022 136.536714
134.844703 137.051033
133.816064 137.565352
133.301745 138.079672
132.787426 138.593991
132.273106 139.108310
131.244468 139.622630
130.730148 140.136949
130.215829 140.651268
129.701510 141.165588
128.672871 141.679907
128.158552 142.194226
127.644232 142.708546
127.129913 143.222865
126.101274 143.737184
125.586955 144.251504
125.072636 144.765823
124.558316 145.280142
123.529678 145.794462
123.015359 146.308781
123.015359 146.823100
122.501039 147.337420
121.986720 147.851739
121.472401 148.366058
120.958081 148.880377
120.443762 148.880377
119.929443 148.880377
118.900804 149.394697
118.386485 149.394697
117.872165 149.909016
117.357846 149.909016
116.843527 150.423335
116.329207 150.423335
115.300569 150.937655
114.786249 150.937655
114.271930 151.451974
113.757611 151.451974
113.243291 151.451974
112.728972 151.966293
112.214653 151.966293
111.186014 152.480613
110.671695 152.480613
110.157376 152.480613
109.643056 152.480613
109.128737 152.480613
108.614418 152.480613
108.100098 152.480613
107.585779 152.480613
107.071460 152.480613
106.557140 152.480613
106.042821 152.480613
105.528502 152.480613
105.014182 152.480613
104.499863 152.480613
103.985544 152.994932
103.471224 152.994932
102.442586 152.994932
101.928266 152.994932
101.413947 152.994932
100.899628 152.994932
100.385309 152.994932
99.870989 152.994932
99.356670 152.994932
98.842351 152.994932
98.328031 152.994932
97.813712 153.509251
97.299393 153.509251
96.785073 153.509251
96.270754 153.509251
95.242115 153.509251
94.727796 153.509251
94.213477 152.994932
93.699157 152.994932
93.184838 152.480613
92.670519 152.480613
92.156199 151.966293
91.641880 151.966293
91.127561 151.451974
90.613241 150.937655
89.584603 150.937655
89.070284 150.423335
88.555964 150.423335
88.041645 149.909016
87.527326 149.909016
87.013006 149.394697
86.498687 148.880377
85.984368 148.880377
85.470048 148.366058
84.955729 148.366058
84.441410 148.366058
83.927090 148.366058
83.412771 147.851739
82.898452 147.851739
82.384132 147.337420
81.869813 146.823100
81.355494 146.308781
81.355494 145.794462
80.841174 144.765823
80.326855 144.251504
80.326855 143.737184
79.812536 143.222865
79.298216 142.194226
79.298216 141.679907
78.783897 141.165588
78.269578 140.651268
78.269578 139.622630
77.755259 139.108310
77.240939 138.593991
76.726620 138.079672
76.726620 137.051033
76.212301 136.536714
75.697981 136.022395
75.697981 135.508075
75.183662 134.993756
74.669343 134.479437
74.155023 133.965117
74.155023 133.450798
73.640704 132.936479
73.126385 131.907840
73.126385 131.393521
72.612065 130.879201
72.097746 130.364882
71.583427 129.336243
71.583427 128.821924
71.069107 128.307605
70.554788 127.793285
70.554788 126.764647
70.040469 126.250327
69.526149 125.736008
69.526149 125.221689
69.011830 124.193050
68.497511 123.678731
68.497511 123.164412
67.983191 122.650092
67.468872 121.621454
67.468872 121.107134
66.954553 120.592815
66.440234 120.078496
65.925914 119.049857
65.925914 118.535538
65.411595 118.021218
64.897276 117.506899
64.897276 116.992580
64.897276 116.478260
64.897276 115.963941
64.382956 115.449622
64.382956 114.420983
64.382956 113.906664
64.382956 113.392345
63.868637 112.878025
63.868637 112.363706
63.868637 111.335067
63.868637 110.820748
63.868637 110.306429
63.354318 109.792109
63.354318 109.277790
63.354318 108.249151
63.354318 107.734832
62.839998 107.220513
62.839998 106.706193
62.839998 106.191874
62.839998 105.677555
62.839998 104.648916
62.325679 104.134597
62.325679 103.620277
62.325679 103.105958
62.325679 102.591639
61.811360 101.563000
61.811360 101.048681
61.811360 100.534362
61.811360 100.020042
61.297040 99.505723
61.297040 98.477084
61.297040 97.962765
61.297040 97.448446
61.297040 96.934126
60.782721 96.419807
60.782721 95.391168
60.782721 94.876849
60.782721 94.362530
60.268402 93.848210
60.268402 93.333891
60.268402 92.819572
60.268402 92.305252
60.268402 91.790933
60.268402 91.276614
60.268402 90.762295
60.782721 90.247975
61.297040 89.733656
61.811360 89.219337
62.325679 88.705017
62.839998 87.676379
62.839998 87.162059
63.354318 86.647740
63.868637 86.133421
64.382956 85.619101
64.897276 85.104782
65.411595 84.590463
65.925914 84.076143
65.925914 83.561824
66.440234 83.047505
66.954553 82.533185
67.468872 82.018866
67.983191 81.504547
68.497511 80.990227
69.011830 80.475908
69.011830 79.961589
69.526149 79.447270
70.040469 78.932950
70.554788 78.418631
71.069107 77.904312
71.583427 77.389992
72.097746 76.875673
72.612065 76.875673
73.126385 76.361354
73.640704 75.847034
74.155023 75.847034
74.669343 75.332715
75.183662 74.818396
75.697981 74.304076
76.726620 73.789757
77.240939 73.789757
77.755259 73.275438
78.269578 72.761118
78.783897 72.246799
79.812536 71.732480
80.326855 71.218160
80.841174 70.703841
81.355494 70.189522
81.869813 70.189522
82.898452 69.675202
83.412771 69.160883
83.927090 68.646564
84.441410 68.132245
84.955729 67.617925
85.984368 67.103606
86.498687 67.103606
87.013006 66.589287
87.527326 66.074967
88.041645 65.560648
89.070284 65.046329
89.584603 64.532009
90.098922 64.532009
90.098922 65.046329
90.098922 65.560648
