130.165936 85.639682
129.678508 85.639682
129.191080 86.127110
128.703651 86.127110
128.216223 86.614539
127.728795 86.614539
127.728795 87.101967
127.241366 87.101967
126.753938 87.101967
126.753938 87.589395
126.266510 87.589395
125.779081 88.076824
125.291653 88.564252
124.804224 88.564252
124.804224 89.051681
124.316796 89.051681
123.829368 89.539109
123.341939 90.026537
122.854511 90.026537
122.854511 90.513966
122.367083 90.513966
121.879654 91.001394
121.392226 91.488822
120.904798 91.976251
120.417369 92.463679
119.929941 92.463679
119.929941 92.951107
119.442513 92.951107
118.955084 93.438536
118.467656 93.925964
117.980227 94.413393
117.492799 94.413393
117.492799 94.900821
117.005371 95.388249
116.517942 95.875678
116.030514 96.363106
116.030514 96.850534
115.543086 97.337963
115.055657 97.825391
114.568229 98.312819
114.080801 98.800248
113.593372 99.287676
113.593372 99.775104
113.105944 100.262533
112.618515 100.749961
112.131087 101.237390
112.131087 101.724818
111.643659 102.212246
111.156230 102.699675
110.668802 103.187103
110.668802 103.674531
110.181374 104.161960
110.181374 104.649388
109.693945 105.136816
109.206517 105.624245
109.206517 106.111673
108.719089 106.599102
108.719089 107.086530
108.231660 107.573958
108.231660 108.061387
107.744232 108.548815
107.744232 109.036243
107.256804 109.523672
107.256804 110.011100
106.769375 110.498528
106.769375 110.985957
106.281947 111.473385
106.281947 111.960813
105.794518 112.448242
105.794518 112.935670
105.794518 113.423099
105.307090 113.910527
105.307090 114.397955
104.819662 114.885384
104.819662 115.372812
104.819662 115.860240
104.332233 116.347669
104.332233 116.835097
104.332233 117.322525
104.332233 117.809954
103.844805 118.297382
103.844805 118.784811
103.844805 119.272239
103.357377 119.759667
103.357377 120.247096
103.357377 120.734524
103.357377 121.221952
103.357377 121.709381
102.869948 122.196809
102.869948 122.684237
102.869948 123.171666
102.869948 123.659094
102.869948 124.146522
102.382520 124.633951
102.382520 125.121379
102.382520 125.608808
102.382520 126.096236
102.382520 126.583664
102.382520 127.071093
102.382520 127.558521
102.382520 128.045949
101.895092 128.533378
101.895092 129.020806
101.895092 129.508234
101.895092 129.995663
101.895092 130.483091
101.895092 130.970520
101.895092 131.457948
101.895092 131.945376
101.895092 132.432805
101.895092 132.920233
101.895092 133.407661
101.895092 133.895090
101.895092 134.382518
101.895092 134.869946
101.895092 135.357375
101.895092 135.844803
101.895092 136.332231
101.895092 136.819660
101.895092 137.307088
101.895092 137.794517
102.382520 137.794517
102.382520 138.281945
102.382520 138.769373
102.382520 139.256802
102.382520 139.744230
102.382520 140.231658
102.382520 140.719087
102.382520 141.206515
102.869948 141.693943
102.869948 142.181372
102.869948 142.668800
102.869948 143.156229
102.869948 142.668800
102.869948 143.156229
102.869948 143.643657
103.357377 144.131085
103.357377 144.618514
103.357377 145.105942
103.357377 145.593370
103.357377 146.080799
103.357377 146.568227
103.844805 146.568227
103.844805 147.055655
103.844805 147.543084
104.332233 148.030512
104.332233 148.517940
104.332233 149.005369
104.332233 149.492797
104.332233 149.005369
104.332233 149.492797
104.819662 149.980226
104.819662 150.467654
104.819662 150.955082
104.819662 151.442511
105.307090 151.442511
105.307090 151.929939
105.307090 152.417367
105.794518 152.417367
105.794518 152.904796
105.794518 153.392224
105.794518 153.879652
106.281947 153.879652
106.281947 154.367081
106.281947 154.854509
106.769375 154.854509
106.769375 155.341938
106.769375 155.829366
107.256804 155.829366
107.256804 156.316794
107.744232 156.804223
107.744232 157.291651
108.231660 157.779079
108.231660 158.266508
108.231660 158.753936
108.231660 159.241364
108.231660 159.728793
108.231660 160.216221
108.231660 160.703649
108.231660 161.191078
108.231660 161.678506
108.231660 161.191078
108.231660 161.678506
108.231660 162.165935
108.231660 162.653363
108.231660 163.140791
108.231660 163.628220
108.231660 164.115648
108.231660 164.603076
108.231660 165.090505
107.744232 165.577933
107.256804 165.577933
106.769375 165.577933
106.281947 165.577933
105.794518 165.577933
104.819662 165.577933
104.332233 165.577933
103.844805 165.577933
103.357377 165.090505
102.869948 165.090505
101.895092 165.090505
101.407663 165.090505
100.920235 165.090505
100.432806 165.090505
99.945378 165.090505
99.457950 165.090505
98.483093 165.090505
97.995665 165.090505
97.508236 164.603076
97.020808 164.603076
96.533380 164.115648
96.045951 164.115648
95.558523 164.115648
95.071095 163.628220
94.583666 163.628220
94.096238 163.140791
93.121381 163.140791
92.633953 163.140791
92.146524 162.653363
91.659096 162.653363
91.171668 162.653363
90.684239 162.165935
90.196811 162.165935
89.709383 162.165935
88.734526 161.678506
88.247097 161.678506
87.759669 161.678506
87.272241 161.191078
86.784812 161.191078
86.297384 161.191078
85.809956 160.703649
85.322527 160.703649
84.347671 160.703649
83.860242 160.216221
83.372814 160.216221
82.885386 160.216221
82.397957 159.728793
81.910529 159.728793
81.423100 159.728793
80.935672 159.241364
79.960815 159.241364
79.473387 159.241364
78.985959 158.753936
78.498530 158.753936
78.011102 158.753936
77.523674 158.266508
77.036245 158.266508
76.548817 158.266508
76.061388 158.266508
75.573960 157.779079
75.086532 157.779079
74.111675 157.779079
73.624247 157.291651
73.136818 157.291651
72.649390 157.291651
72.161962 157.291651
71.674533 156.804223
71.187105 156.804223
70.699677 156.316794
70.699677 155.829366
70.212248 155.341938
70.212248 154.854509
70.212248 154.367081
69.724820 153.392224
69.724820 152.904796
69.237391 152.417367
69.237391 151.929939
69.237391 151.442511
68.749963 150.955082
68.749963 150.467654
68.262535 149.980226
68.262535 149.492797
68.262535 149.005369
67.775106 148.517940
67.775106 148.030512
67.775106 147.543084
67.775106 147.055655
67.775106 146.568227
67.775106 145.593370
67.775106 145.105942
67.775106 144.618514
67.775106 144.131085
67.775106 143.643657
67.775106 143.156229
67.775106 142.181372
68.262535 141.693943
68.262535 141.206515
68.262535 140.719087
68.262535 139.744230
68.262535 139.256802
68.262535 138.769373
68.262535 138.281945
68.749963 137.794517
68.749963 136.819660
68.749963 136.332231
68.749963 135.844803
68.749963 135.357375
68.749963 134.382518
68.749963 133.895090
69.237391 133.407661
69.237391 132.920233
69.237391 132.432805
69.237391 131.457948
69.237391 130.970520
69.237391 130.483091
69.237391 129.995663
69.237391 129.508234
69.237391 129.020806
69.237391 128.533378
69.237391 128.045949
69.237391 127.071093
69.724820 126.583664
69.724820 126.096236
70.212248 125.608808
70.212248 125.121379
70.699677 124.633951
70.699677 124.146522
70.699677 123.171666
71.187105 122.684237
71.187105 122.196809
71.674533 121.709381
71.674533 121.221952
72.161962 120.734524
72.161962 119.759667
72.649390 119.272239
72.649390 118.784811
72.649390 118.297382
73.136818 117.809954
73.136818 117.322525
73.624247 116.835097
73.624247 115.860240
74.111675 115.372812
74.111675 114.885384
74.599103 114.397955
74.599103 113.910527
74.599103 113.423099
75.086532 112.448242
75.086532 111.960813
75.573960 111.473385
75.573960 110.985957
76.061388 110.498528
76.061388 110.011100
76.548817 109.036243
76.548817 108.548815
77.036245 108.061387
77.036245 107.573958
77.523674 107.086530
78.011102 106.599102
78.011102 106.111673
78.498530 105.624245
78.498530 105.136816
78.985959 104.161960
79.473387 103.674531
79.473387 103.187103
79.960815 102.699675
80.448244 102.212246
80.448244 101.724818
80.935672 101.237390
81.423100 100.749961
81.910529 100.262533
82.397957 99.775104
82.885386 99.287676
83.372814 98.800248
83.860242 98.312819
84.347671 97.825391
84.835099 97.337963
85.809956 96.850534
86.297384 96.363106
86.784812 95.875678
87.272241 95.388249
87.759669 95.388249
88.247097 94.900821
88.734526 94.413393
89.221954 93.925964
89.709383 93.438536
90.684239 92.951107
91.171668 92.463679
91.659096 92.463679
92.146524 92.463679
92.633953 92.463679
93.121381 92.463679
93.608809 91.976251
94.096238 91.976251
94.583666 91.976251
95.071095 91.488822
95.558523 91.488822
96.045951 91.001394
96.533380 91.001394
97.020808 91.001394
97.508236 90.513966
97.995665 90.513966
98.483093 90.513966
98.970521 90.026537
99.457950 90.026537
99.945378 90.026537
100.432806 90.026537
100.920235 90.026537
101.895092 89.539109
102.382520 89.539109
102.869948 89.539109
103.357377 89.539109
103.844805 89.051681
104.819662 89.051681
105.307090 89.051681
105.794518 88.564252
106.281947 88.564252
106.769375 88.564252
107.256804 88.564252
108.231660 88.076824
108.719089 88.076824
109.206517 88.076824
109.693945 88.076824
110.181374 87.589395
111.156230 87.589395
111.643659 87.589395
112.131087 87.101967
112.618515 87.101967
113.105944 87.101967
113.593372 87.101967
114.568229 86.614539
115.055657 86.614539
115.543086 86.614539
116.030514 86.127110
116.517942 85.639682
117.005371 85.152254
117.492799 85.152254
117.980227 84.664825
118.467656 84.664825
118.955084 84.664825
119.442513 84.664825
119.929941 84.664825
120.904798 84.177397
121.392226 84.177397
121.879654 84.177397
122.367083 84.177397
122.854511 84.177397
123.341939 84.177397
123.829368 83.689969
124.316796 83.689969
124.804224 83.689969
125.291653 83.689969
125.779081 83.689969
126.266510 83.689969
126.753938 83.689969
127.241366 83.689969
127.728795 83.689969
128.216223 83.689969
128.703651 83.689969
129.191080 83.689969
129.678508 83.689969
130.165936 83.689969
130.165936 84.177397
130.165936 84.664825
130.165936 85.152254
130.165936 85.639682
