120.264579 93.924734
120.264579 94.326714
120.264579 94.728695
120.264579 95.130675
120.264579 95.532655
120.264579 95.934636
120.264579 96.336616
120.264579 97.140577
120.264579 97.944537
120.264579 98.346517
120.264579 99.150478
120.264579 99.954439
120.264579 100.758399
119.862599 100.758399
119.460619 101.160380
119.058638 101.562360
118.656658 101.562360
118.254678 101.562360
118.254678 101.964340
117.852697 102.366320
117.450717 102.366320
117.450717 102.768301
117.048737 102.768301
117.048737 103.170281
116.646757 103.572261
116.244776 103.974242
115.842796 103.974242
115.842796 104.376222
115.440816 104.778202
115.038835 104.778202
115.038835 105.180183
114.636855 105.582163
114.234875 105.984143
113.832894 106.386123
113.430914 106.788104
113.430914 107.190084
113.028934 107.592064
112.626954 107.994045
112.224973 108.396025
112.224973 108.798005
111.822993 109.199986
111.421013 109.601966
111.421013 110.003946
111.019032 110.405926
111.019032 110.807907
110.617052 111.209887
110.215072 111.611867
110.215072 112.013848
109.813091 112.415828
109.813091 112.817808
109.813091 113.219789
109.411111 113.621769
109.411111 114.023749
109.009131 114.425729
109.009131 114.827710
109.009131 115.229690
109.009131 115.631670
108.607151 116.033651
108.607151 116.435631
108.607151 116.837611
108.205170 117.239592
108.205170 117.641572
108.205170 118.043552
108.205170 118.445532
108.205170 118.847513
108.205170 119.249493
108.205170 119.651473
107.803190 120.053454
107.803190 120.455434
107.803190 120.857414
107.803190 121.259395
107.803190 121.661375
107.803190 122.063355
107.803190 122.465335
107.803190 122.867316
107.803190 123.269296
107.401210 123.671276
107.401210 124.073257
107.401210 124.475237
107.401210 124.877217
107.401210 125.279198
107.401210 125.681178
107.401210 126.083158
107.401210 126.485138
107.401210 126.887119
107.401210 127.289099
107.401210 127.691079
107.401210 128.093060
107.401210 128.495040
107.401210 128.897020
107.401210 129.299001
107.401210 129.700981
107.401210 130.102961
107.401210 130.504942
107.401210 130.906922
107.401210 131.308902
107.401210 131.710882
107.401210 132.112863
107.401210 132.514843
107.401210 132.916823
107.401210 133.318804
107.401210 133.720784
107.401210 134.122764
107.401210 134.524745
107.401210 134.926725
107.401210 135.328705
107.401210 135.730685
107.401210 136.132666
107.401210 136.534646
107.401210 136.936626
107.401210 137.338607
107.401210 137.740587
107.401210 138.142567
107.401210 138.544548
107.401210 138.946528
107.401210 139.348508
107.803190 139.750488
107.803190 140.152469
107.803190 140.554449
107.803190 140.956429
107.803190 141.358410
107.803190 141.760390
107.803190 142.162370
108.205170 142.564351
108.205170 142.966331
108.205170 143.368311
108.205170 143.770291
108.607151 143.770291
108.607151 144.172272
108.607151 144.574252
108.607151 144.976232
109.009131 145.378213
109.009131 145.780193
109.009131 146.182173
109.411111 146.584154
109.411111 146.986134
109.813091 147.388114
109.813091 147.790094
109.813091 148.192075
109.813091 148.594055
110.215072 148.594055
110.215072 148.996035
110.617052 149.398016
110.617052 149.799996
111.019032 149.799996
111.019032 150.201976
111.421013 150.603957
111.421013 151.005937
111.421013 151.407917
111.822993 151.407917
112.224973 151.809897
112.224973 152.211878
112.626954 152.613858
112.626954 153.015838
113.028934 153.417819
113.028934 153.819799
113.430914 153.819799
113.430914 154.221779
113.832894 154.623760
113.832894 155.025740
114.234875 155.427720
114.636855 155.829700
114.636855 156.231681
115.038835 156.633661
115.038835 157.035641
115.440816 157.035641
115.440816 157.437622
115.842796 157.437622
116.244776 157.839602
116.244776 158.241582
116.646757 158.241582
117.048737 158.643563
117.450717 159.045543
117.450717 159.447523
117.852697 159.447523
118.254678 159.849503
118.254678 160.251484
118.656658 160.251484
119.058638 160.653464
119.460619 161.055444
119.460619 161.457425
119.862599 161.859405
119.862599 162.663366
119.862599 163.467326
119.862599 163.869306
119.862599 164.673267
119.862599 165.477228
119.862599 165.879208
119.862599 166.683169
119.460619 167.085149
119.058638 167.487129
118.656658 167.889109
118.254678 168.291090
117.852697 168.693070
117.852697 169.095050
117.048737 169.497031
116.646757 169.497031
116.244776 169.095050
115.842796 169.095050
115.440816 169.095050
115.038835 168.693070
114.636855 168.693070
114.234875 168.693070
113.832894 168.291090
113.430914 168.291090
113.028934 168.291090
112.224973 167.889109
111.822993 167.889109
111.421013 167.889109
111.019032 167.487129
110.617052 167.487129
110.215072 167.487129
109.813091 167.085149
109.411111 167.085149
109.009131 167.085149
108.607151 166.683169
108.205170 166.683169
107.803190 166.683169
107.401210 166.281188
106.999229 166.281188
106.195269 166.281188
105.793288 165.879208
105.391308 165.879208
104.989328 165.879208
104.587347 165.477228
104.185367 165.477228
103.783387 165.477228
103.381407 165.075247
102.979426 165.075247
102.577446 164.673267
102.175466 164.271287
101.773485 164.271287
101.371505 163.869306
100.969525 163.467326
100.165564 163.065346
99.763584 163.065346
99.361604 162.663366
98.959623 162.261385
98.557643 161.859405
98.155663 161.859405
97.753682 161.457425
97.351702 161.055444
96.949722 160.653464
96.547741 160.653464
96.145761 160.251484
95.743781 159.849503
95.341801 159.447523
94.537840 159.447523
94.135860 159.045543
93.733879 158.643563
93.331899 158.241582
92.929919 158.241582
92.527938 157.839602
92.125958 157.437622
91.723978 157.035641
91.321998 157.035641
90.920017 156.633661
90.518037 156.231681
90.116057 156.231681
89.714076 155.829700
89.312096 155.427720
88.508135 155.025740
88.508135 154.623760
88.106155 154.221779
87.704175 153.819799
87.302195 153.417819
87.302195 153.015838
86.900214 152.613858
86.498234 152.211878
86.096254 151.809897
86.096254 151.407917
85.694273 151.005937
85.292293 150.603957
85.292293 150.201976
84.890313 149.799996
84.488332 149.398016
84.488332 148.594055
84.086352 148.192075
83.684372 147.790094
83.684372 147.388114
83.282392 146.986134
82.880411 146.584154
82.880411 146.182173
82.478431 145.780193
82.076451 145.378213
82.076451 144.976232
81.674470 144.574252
81.272490 144.172272
81.272490 143.770291
80.870510 143.368311
80.870510 142.966331
80.468529 142.564351
80.066549 142.162370
80.066549 141.760390
79.664569 141.358410
79.262589 140.956429
79.262589 140.554449
78.860608 140.152469
78.458628 139.750488
78.458628 139.348508
78.056648 138.946528
78.056648 138.142567
78.458628 137.740587
78.458628 137.338607
78.458628 136.936626
78.458628 136.534646
78.458628 136.132666
78.458628 135.730685
78.458628 134.926725
78.458628 134.524745
78.458628 134.122764
78.458628 133.720784
78.458628 133.318804
78.458628 132.916823
78.860608 132.112863
78.860608 131.710882
78.860608 131.308902
78.860608 130.906922
78.860608 130.504942
78.860608 130.102961
78.860608 129.700981
78.860608 128.897020
78.860608 128.495040
78.860608 128.093060
78.860608 127.691079
78.860608 127.289099
79.262589 126.887119
79.262589 126.083158
79.262589 125.681178
79.262589 125.279198
79.262589 124.877217
79.262589 124.475237
79.262589 124.073257
79.262589 123.671276
79.262589 123.269296
79.664569 122.867316
79.664569 122.465335
79.664569 121.661375
79.664569 121.259395
79.664569 120.857414
80.066549 120.455434
80.468529 120.053454
80.468529 119.651473
80.870510 119.249493
81.272490 118.847513
81.272490 118.445532
81.674470 118.043552
82.076451 117.641572
82.076451 117.239592
82.478431 116.837611
82.880411 116.435631
82.880411 116.033651
83.282392 115.229690
83.282392 114.827710
83.684372 114.425729
84.086352 114.023749
84.086352 113.621769
84.890313 113.219789
85.292293 113.219789
85.694273 112.817808
86.096254 112.415828
86.498234 112.013848
86.900214 111.611867
87.302195 111.209887
87.704175 110.807907
88.106155 110.405926
88.508135 110.003946
88.910116 109.601966
89.312096 109.199986
89.714076 108.798005
90.518037 108.396025
90.920017 107.994045
91.321998 107.592064
91.723978 107.190084
92.125958 106.788104
92.527938 106.386123
92.929919 105.984143
93.733879 105.180183
94.135860 104.778202
94.537840 104.376222
94.939820 103.974242
95.743781 103.974242
96.145761 103.572261
96.547741 103.170281
96.949722 102.768301
97.753682 102.768301
98.155663 102.366320
98.557643 101.964340
98.959623 101.562360
99.763584 101.160380
100.165564 101.160380
100.567544 100.758399
100.969525 100.356419
101.773485 99.954439
102.175466 99.954439
102.577446 99.552458
102.979426 99.150478
103.783387 98.748498
104.185367 98.748498
104.587347 98.346517
105.391308 97.944537
105.793288 97.542557
106.195269 97.140577
106.597249 97.140577
107.401210 96.738596
107.803190 96.336616
108.205170 96.336616
108.607151 96.336616
109.009131 96.336616
109.813091 96.336616
110.215072 96.336616
110.617052 96.336616
111.019032 95.934636
111.822993 95.934636
112.224973 95.934636
112.626954 95.934636
113.028934 95.934636
113.832894 95.934636
114.234875 95.934636
114.636855 95.934636
115.038835 95.532655
115.842796 95.532655
116.244776 95.532655
116.646757 95.532655
117.048737 95.532655
117.450717 95.130675
117.852697 94.728695
118.254678 94.326714
118.656658 93.924734
118.656658 93.522754
119.058638 93.120774
119.460619 93.120774
119.862599 93.522754
120.264579 93.522754
120.264579 93.924734
