151.268075 84.450877
150.670808 85.048145
150.073540 85.645413
150.073540 86.242681
148.879004 87.437217
148.879004 88.034484
148.281736 89.229020
147.684468 89.826288
147.087200 89.826288
146.489933 89.826288
145.892665 90.423556
145.295397 90.423556
144.698129 90.423556
144.100861 90.423556
143.503593 90.423556
142.906325 90.423556
142.309057 90.423556
141.711790 91.020824
141.114522 91.020824
140.517254 91.020824
139.919986 91.020824
139.322718 91.020824
139.322718 91.618092
138.725450 91.618092
138.128182 91.618092
137.530914 91.618092
137.530914 92.215360
136.933647 92.215360
136.336379 92.215360
135.739111 92.215360
135.739111 92.812627
135.141843 92.812627
134.544575 93.409895
133.947307 93.409895
133.350039 93.409895
133.350039 94.007163
132.752772 94.007163
132.155504 94.007163
132.155504 94.604431
131.558236 94.604431
130.960968 95.201699
130.363700 95.201699
129.766432 95.798967
129.169164 95.798967
128.571896 96.396235
127.974629 96.396235
127.974629 96.993502
127.377361 96.993502
126.780093 97.590770
126.182825 98.188038
125.585557 98.188038
125.585557 98.785306
124.988289 98.785306
124.988289 99.382574
124.391021 99.382574
123.793753 99.979842
123.196486 100.577110
122.599218 100.577110
122.599218 101.174378
122.001950 101.771645
121.404682 102.368913
120.807414 102.966181
120.210146 103.563449
119.612878 104.160717
119.612878 104.757985
119.015611 105.355253
118.418343 105.952521
117.821075 106.549788
117.223807 107.147056
117.223807 107.744324
116.626539 108.341592
116.029271 108.938860
116.029271 109.536128
115.432003 110.133396
115.432003 110.730663
114.834735 111.327931
114.834735 111.925199
114.237468 112.522467
114.237468 113.119735
113.640200 113.717003
113.640200 114.314271
113.042932 114.911539
113.042932 115.508806
112.445664 116.106074
112.445664 116.703342
112.445664 117.300610
111.848396 117.897878
111.848396 118.495146
111.848396 119.092414
111.251128 119.689682
111.251128 120.286949
111.251128 120.884217
111.251128 121.481485
110.653860 122.078753
110.653860 122.676021
110.653860 123.273289
110.653860 123.870557
110.653860 124.467824
110.653860 125.065092
110.653860 125.662360
110.056592 126.259628
110.056592 126.856896
110.056592 127.454164
110.056592 128.051432
110.056592 128.648700
110.056592 129.245967
110.056592 129.843235
110.056592 130.440503
110.056592 131.037771
109.459325 131.635039
109.459325 132.232307
109.459325 132.829575
109.459325 133.426843
109.459325 134.024110
109.459325 134.621378
109.459325 135.218646
109.459325 135.815914
109.459325 136.413182
109.459325 137.010450
109.459325 137.607718
109.459325 138.204985
109.459325 138.802253
109.459325 139.399521
109.459325 139.996789
109.459325 140.594057
109.459325 141.191325
109.459325 141.788593
109.459325 142.385861
109.459325 142.983128
109.459325 143.580396
109.459325 144.177664
109.459325 144.774932
109.459325 145.372200
109.459325 145.969468
109.459325 146.566736
109.459325 147.164004
109.459325 147.761271
109.459325 148.358539
109.459325 148.955807
109.459325 149.553075
109.459325 150.150343
109.459325 150.747611
109.459325 151.344879
109.459325 151.942146
109.459325 152.539414
109.459325 153.136682
109.459325 153.733950
110.056592 154.331218
110.056592 154.928486
110.056592 155.525754
110.056592 156.123022
110.056592 156.720289
110.056592 157.317557
110.056592 157.914825
110.056592 158.512093
109.459325 159.109361
108.862057 160.303897
108.264789 160.901165
108.264789 161.498432
107.667521 162.692968
107.070253 163.290236
106.472985 163.887504
106.472985 165.082040
105.875717 165.679308
105.278450 165.679308
104.681182 166.276575
103.486646 166.276575
102.889378 166.873843
102.292110 166.873843
101.694842 166.873843
101.097574 167.471111
100.500307 167.471111
99.305771 167.471111
98.708503 168.068379
98.111235 168.068379
97.513967 168.665647
96.916699 168.665647
96.319431 168.665647
95.722164 169.262915
95.124896 169.262915
94.527628 169.262915
93.930360 169.262915
92.735824 168.665647
92.138556 168.665647
91.541289 168.665647
90.346753 168.068379
89.749485 168.068379
89.152217 168.068379
88.554949 167.471111
87.360413 167.471111
86.763146 166.873843
86.165878 166.873843
84.971342 166.873843
84.374074 166.276575
83.776806 166.276575
82.582270 166.276575
81.985003 165.679308
81.387735 165.679308
80.790467 165.082040
79.595931 165.082040
78.998663 165.082040
78.401395 164.484772
77.206860 164.484772
76.609592 164.484772
76.012324 163.887504
75.415056 163.887504
74.220520 163.887504
73.623252 163.290236
73.025985 162.692968
72.428717 162.095700
71.831449 161.498432
71.234181 160.901165
71.234181 160.303897
70.636913 159.109361
70.039645 158.512093
69.442377 157.914825
68.845109 157.317557
68.247842 156.720289
67.650574 156.123022
67.650574 154.928486
67.650574 154.331218
67.053306 153.733950
67.053306 153.136682
66.456038 152.539414
66.456038 151.344879
66.456038 150.747611
65.858770 150.150343
65.858770 149.553075
65.261502 148.955807
65.261502 147.761271
64.664234 147.164004
64.664234 146.566736
64.664234 145.969468
64.066967 145.372200
64.066967 144.177664
63.469699 143.580396
63.469699 142.983128
63.469699 142.385861
63.469699 141.191325
62.872431 140.594057
62.872431 139.996789
62.872431 139.399521
62.872431 138.204985
62.872431 137.607718
62.872431 137.010450
62.872431 136.413182
62.872431 135.218646
62.872431 134.621378
62.872431 134.024110
62.872431 133.426843
62.872431 132.232307
62.275163 131.635039
62.275163 131.037771
62.275163 130.440503
62.275163 129.245967
62.275163 128.648700
62.275163 128.051432
62.275163 127.454164
62.275163 126.259628
62.275163 125.662360
62.275163 125.065092
62.275163 124.467824
62.275163 123.273289
61.677895 122.676021
61.677895 122.078753
61.677895 121.481485
61.677895 120.286949
61.677895 119.689682
61.677895 119.092414
61.677895 118.495146
61.677895 117.300610
61.677895 116.703342
62.275163 116.106074
62.872431 115.508806
62.872431 114.911539
63.469699 114.314271
63.469699 113.717003
64.066967 113.119735
64.066967 112.522467
64.664234 111.925199
64.664234 111.327931
65.261502 110.730663
65.858770 110.133396
65.858770 108.938860
66.456038 108.341592
66.456038 107.744324
67.053306 107.147056
67.053306 106.549788
67.650574 105.952521
67.650574 105.355253
68.247842 104.757985
68.845109 104.160717
68.845109 103.563449
69.442377 102.966181
69.442377 102.368913
70.039645 101.771645
70.636913 100.577110
71.234181 99.979842
71.831449 99.382574
72.428717 98.188038
73.623252 97.590770
74.220520 96.993502
74.817788 95.798967
75.415056 95.201699
76.012324 94.604431
76.609592 94.007163
77.206860 92.812627
78.401395 92.215360
78.998663 91.618092
79.595931 90.423556
80.193199 89.826288
80.790467 89.229020
81.387735 88.631752
81.985003 87.437217
83.179538 86.839949
83.776806 86.242681
84.374074 85.048145
84.971342 84.450877
85.568610 83.853609
86.165878 82.659074
86.763146 82.061806
87.957681 81.464538
88.554949 81.464538
89.152217 80.867270
89.749485 80.270002
90.346753 79.672734
90.944021 79.672734
91.541289 79.075466
92.138556 78.478199
92.735824 78.478199
93.333092 77.880931
93.930360 77.283663
94.527628 76.686395
95.124896 76.686395
95.722164 76.089127
96.319431 75.491859
96.916699 74.894591
97.513967 74.894591
98.111235 74.297323
98.708503 73.700056
99.305771 73.102788
99.903039 73.102788
100.500307 72.505520
101.097574 71.908252
101.694842 71.310984
102.292110 71.310984
103.486646 70.713716
104.083914 70.713716
104.681182 70.713716
105.278450 70.116448
105.875717 70.116448
106.472985 69.519180
107.070253 69.519180
108.264789 69.519180
108.862057 68.921913
109.459325 68.921913
110.056592 68.921913
110.653860 68.324645
111.251128 68.324645
112.445664 67.727377
113.042932 67.727377
113.640200 67.727377
114.237468 67.130109
114.834735 67.130109
115.432003 67.130109
116.626539 66.532841
117.223807 66.532841
117.821075 66.532841
118.418343 66.532841
119.015611 66.532841
119.612878 66.532841
120.210146 66.532841
120.807414 66.532841
121.404682 66.532841
122.001950 66.532841
122.599218 66.532841
123.196486 66.532841
123.793753 66.532841
124.391021 66.532841
124.988289 66.532841
126.182825 66.532841
126.780093 66.532841
127.377361 65.935573
127.974629 65.935573
128.571896 65.935573
129.169164 65.935573
129.766432 66.532841
130.363700 66.532841
130.960968 66.532841
131.558236 67.130109
132.155504 67.130109
132.752772 67.130109
133.947307 67.727377
134.544575 67.727377
135.141843 67.727377
135.739111 68.324645
136.336379 68.324645
136.933647 68.324645
137.530914 68.921913
138.128182 68.921913
138.725450 68.921913
139.919986 69.519180
140.517254 69.519180
141.114522 69.519180
141.711790 69.519180
142.309057 70.116448
142.906325 70.713716
143.503593 71.310984
144.100861 71.908252
144.698129 72.505520
145.295397 73.102788
145.892665 73.700056
146.489933 74.297323
147.087200 74.894591
147.684468 75.491859
148.281736 76.089127
148.879004 76.686395
149.476272 77.283663
150.073540 77.880931
150.670808 78.478199
150.670808 79.075466
151.268075 79.672734
151.268075 80.270002
151.865343 80.867270
151.865343 81.464538
151.865343 82.061806
152.462611 82.659074
152.462611 83.256341
151.865343 83.853609
151.268075 84.450877
