126.343795 84.705250
126.343795 85.635562
125.878639 86.565874
125.878639 87.496187
125.878639 88.426499
125.413483 88.891655
125.878639 88.891655
125.413483 89.356811
124.948327 89.821967
124.483170 89.821967
124.018014 89.821967
124.018014 90.287123
123.552858 90.752279
123.087702 91.217435
122.622546 91.682592
122.157390 92.147748
121.692234 92.612904
121.227078 92.612904
121.227078 93.078060
120.761922 93.543216
120.296766 93.543216
120.296766 94.008372
119.831609 94.473528
119.366453 94.473528
119.366453 94.938684
118.901297 95.403840
118.901297 95.868996
118.436141 96.334153
117.970985 96.799309
117.505829 97.264465
117.505829 97.729621
117.040673 98.194777
116.575517 98.659933
116.575517 99.125089
116.110361 99.590245
115.645205 100.055401
115.645205 100.520558
115.180048 100.985714
115.180048 101.450870
114.714892 101.916026
114.714892 102.381182
114.249736 102.846338
113.784580 103.311494
113.784580 103.776650
113.319424 104.241806
113.319424 104.706962
112.854268 105.172119
112.854268 105.637275
112.389112 106.102431
112.389112 106.567587
111.923956 107.032743
111.923956 107.497899
111.458800 107.963055
111.458800 108.428211
110.993643 108.893367
110.993643 109.358523
110.993643 109.823680
110.528487 110.288836
110.528487 110.753992
110.528487 111.219148
110.063331 111.684304
110.063331 112.149460
110.063331 112.614616
109.598175 113.079772
109.598175 113.544928
109.598175 114.010085
109.598175 114.475241
109.598175 114.940397
109.133019 115.405553
109.133019 115.870709
109.133019 116.335865
109.133019 116.801021
109.133019 117.266177
109.133019 117.731333
108.667863 118.196489
108.667863 118.661646
108.667863 119.126802
108.667863 119.591958
108.667863 120.057114
108.667863 120.522270
108.667863 120.987426
108.667863 121.452582
108.667863 121.917738
108.667863 122.382894
108.667863 122.848050
108.667863 123.313207
108.667863 123.778363
108.667863 124.243519
108.667863 124.708675
108.667863 125.173831
108.667863 125.638987
108.667863 126.104143
108.667863 126.569299
108.667863 127.034455
108.667863 127.499612
108.667863 127.964768
108.667863 128.429924
108.667863 128.895080
108.667863 129.360236
108.667863 129.825392
108.667863 130.290548
108.667863 130.755704
108.667863 131.220860
108.667863 131.686016
108.667863 132.151173
108.667863 132.616329
108.667863 133.081485
108.667863 133.546641
108.667863 134.011797
108.667863 134.476953
108.667863 134.942109
108.667863 135.407265
108.667863 135.872421
108.667863 136.337577
108.667863 136.802734
108.667863 137.267890
108.667863 137.733046
108.667863 138.198202
108.667863 138.663358
109.133019 139.128514
109.133019 139.593670
109.133019 140.058826
109.133019 140.523982
109.133019 140.989139
109.133019 141.454295
109.598175 141.919451
109.598175 142.384607
109.598175 142.849763
109.598175 143.314919
109.598175 143.780075
109.598175 144.245231
110.063331 144.710387
110.063331 145.175543
110.063331 145.640700
110.063331 146.105856
110.063331 146.571012
110.063331 147.036168
110.528487 147.036168
110.528487 147.501324
110.528487 147.966480
110.993643 148.431636
110.993643 148.896792
110.993643 149.361948
110.993643 149.827104
111.458800 149.827104
111.458800 150.292261
111.458800 150.757417
111.458800 151.222573
111.923956 151.222573
111.923956 151.687729
112.389112 152.152885
112.389112 152.618041
112.854268 153.083197
112.854268 153.548353
112.854268 154.013509
113.319424 154.013509
113.319424 154.478666
113.784580 154.943822
113.784580 155.408978
113.784580 155.874134
114.249736 155.874134
114.249736 156.339290
114.249736 156.804446
114.714892 156.804446
114.714892 157.269602
114.714892 157.734758
115.180048 157.734758
115.180048 158.199914
115.180048 158.665070
115.645205 158.665070
115.645205 159.130227
116.110361 159.130227
116.110361 159.595383
116.575517 160.060539
117.040673 160.525695
117.040673 161.456007
116.575517 162.386319
116.575517 163.316631
116.575517 164.246944
116.575517 165.177256
116.110361 165.642412
116.110361 166.572724
116.110361 167.503036
116.110361 168.433349
116.110361 169.363661
115.645205 170.293973
115.180048 169.828817
114.714892 169.828817
114.249736 169.828817
113.784580 169.828817
113.319424 169.828817
112.854268 169.828817
112.389112 169.828817
111.923956 169.828817
111.458800 169.828817
110.993643 169.828817
110.528487 169.363661
110.063331 169.363661
109.133019 169.363661
108.667863 169.363661
108.202707 168.898505
107.272395 168.898505
106.807239 168.433349
106.342082 168.433349
105.411770 167.968193
104.946614 167.968193
104.481458 167.968193
103.551146 167.503036
103.085990 167.503036
102.620834 167.037880
102.155678 167.037880
101.225365 166.572724
100.760209 166.572724
100.295053 166.572724
99.364741 166.107568
98.899585 166.107568
98.434429 165.642412
97.504116 165.642412
97.038960 165.177256
96.573804 165.177256
95.643492 165.177256
95.178336 164.712100
94.713180 164.712100
93.782868 164.246944
93.317712 164.246944
92.852555 164.246944
91.922243 163.781788
91.457087 163.781788
90.991931 163.316631
90.061619 163.316631
89.596463 162.851475
89.131307 162.851475
88.666151 161.921163
88.200994 161.456007
87.270682 160.990851
86.805526 160.525695
86.340370 159.595383
85.875214 159.130227
85.410058 158.665070
84.479746 157.734758
84.014589 157.269602
83.549433 156.804446
83.084277 156.339290
82.619121 155.408978
82.153965 154.943822
81.223653 154.478666
80.758497 153.548353
80.293341 153.083197
79.828185 152.618041
79.363028 152.152885
78.432716 151.222573
77.967560 150.757417
77.502404 150.292261
77.037248 149.827104
76.572092 148.896792
75.641780 148.431636
75.176624 147.966480
75.176624 147.501324
74.711467 147.036168
74.246311 146.571012
73.781155 146.105856
73.781155 145.175543
73.315999 144.710387
72.850843 144.245231
72.385687 143.780075
72.385687 143.314919
71.920531 142.849763
71.455375 142.384607
70.990219 141.919451
70.990219 141.454295
70.525062 140.989139
70.525062 140.523982
70.059906 140.058826
70.059906 139.593670
70.059906 139.128514
70.059906 138.663358
70.059906 138.198202
70.059906 137.267890
70.059906 136.802734
70.059906 136.337577
70.059906 135.872421
70.059906 135.407265
70.059906 134.942109
70.059906 134.476953
70.059906 133.546641
70.059906 133.081485
70.059906 132.616329
70.059906 132.151173
70.525062 131.686016
70.525062 131.220860
70.525062 130.755704
70.525062 129.825392
70.525062 129.360236
70.525062 128.895080
70.525062 128.429924
70.525062 127.964768
70.525062 127.499612
70.525062 127.034455
70.525062 126.569299
70.525062 126.104143
70.525062 125.638987
70.525062 125.173831
70.525062 124.708675
70.525062 124.243519
70.525062 123.778363
70.990219 123.313207
70.990219 122.848050
70.990219 122.382894
70.990219 121.917738
70.990219 120.987426
71.455375 120.522270
71.920531 120.057114
71.920531 119.591958
72.385687 119.126802
72.850843 118.661646
72.850843 117.731333
73.315999 117.266177
73.781155 116.801021
73.781155 116.335865
74.246311 115.870709
74.711467 115.405553
74.711467 114.475241
75.176624 114.010085
75.641780 113.544928
75.641780 113.079772
75.641780 112.614616
76.106936 112.149460
76.106936 111.684304
76.572092 111.219148
76.572092 110.753992
77.037248 110.288836
77.502404 109.823680
77.967560 109.358523
78.432716 108.893367
78.897872 108.428211
79.828185 107.963055
80.293341 107.497899
80.758497 107.032743
81.223653 106.102431
81.688809 105.637275
82.153965 105.172119
82.619121 104.706962
82.619121 104.241806
83.084277 103.776650
83.549433 103.311494
84.014589 102.846338
84.479746 102.381182
84.944902 101.916026
85.410058 101.450870
85.410058 100.985714
85.875214 100.520558
86.340370 100.055401
86.805526 99.590245
87.735838 99.125089
88.200994 98.659933
88.666151 98.194777
89.131307 97.729621
89.596463 97.264465
90.061619 96.799309
90.526775 96.334153
90.991931 95.868996
91.457087 95.868996
91.922243 95.403840
92.387399 94.938684
92.852555 94.473528
93.782868 94.008372
94.248024 94.008372
94.713180 94.008372
95.178336 94.008372
95.643492 93.543216
96.108648 93.543216
96.573804 93.543216
97.038960 93.543216
97.504116 93.543216
98.434429 93.078060
98.899585 93.078060
99.364741 93.078060
99.829897 93.078060
100.295053 92.612904
100.760209 92.612904
101.225365 92.612904
101.690521 92.612904
102.155678 92.147748
102.620834 92.147748
103.085990 92.147748
104.016302 92.147748
104.481458 91.682592
104.946614 91.682592
105.411770 91.682592
105.876926 91.682592
106.342082 91.217435
106.807239 90.752279
107.272395 90.752279
107.737551 90.287123
108.202707 90.287123
108.667863 89.821967
109.133019 89.356811
109.598175 89.356811
110.528487 88.891655
110.993643 88.426499
111.458800 88.426499
111.923956 87.961343
112.389112 87.496187
112.854268 87.496187
113.319424 87.031031
113.784580 86.565874
114.249736 86.565874
114.714892 86.565874
115.180048 86.565874
116.110361 86.565874
116.575517 86.565874
117.040673 86.565874
117.505829 86.565874
117.970985 86.565874
118.436141 86.565874
118.901297 86.100718
119.366453 86.100718
120.296766 86.100718
120.761922 86.100718
121.227078 86.100718
121.692234 86.100718
122.157390 86.100718
122.622546 86.100718
123.087702 86.100718
124.018014 86.100718
124.483170 86.100718
124.948327 86.100718
125.413483 85.635562
125.878639 85.170406
126.343795 85.170406
126.343795 84.705250
