141.262740 84.013213
140.769468 84.506484
140.769468 84.999756
140.276197 85.493027
139.782925 85.493027
139.289654 85.493027
138.796382 85.493027
138.796382 85.986299
138.303111 85.986299
137.809840 85.986299
137.316568 85.986299
137.316568 86.479570
136.823297 86.479570
136.330025 86.479570
135.836754 86.972842
135.343482 86.972842
134.850211 86.972842
134.850211 87.466113
134.356939 87.466113
133.863668 87.959384
133.370397 87.959384
132.877125 88.452656
132.383854 88.452656
131.890582 88.452656
131.890582 88.945927
131.397311 88.945927
131.397311 89.439199
130.904039 89.439199
130.410768 89.932470
129.917496 89.932470
129.424225 89.932470
129.424225 90.425742
128.930954 90.425742
128.930954 90.919013
128.437682 90.919013
127.944411 91.412285
127.451139 91.412285
127.451139 91.905556
126.957868 92.398827
126.464596 92.398827
125.971325 92.398827
125.971325 92.892099
125.478054 92.892099
125.478054 93.385370
124.984782 93.878642
124.491511 94.371913
123.998239 94.865185
123.504968 94.865185
123.011696 94.865185
123.011696 95.358456
122.518425 95.851727
122.025153 95.851727
122.025153 96.344999
121.531882 96.838270
121.038611 96.838270
121.038611 97.331542
120.545339 97.824813
120.052068 98.318085
119.558796 98.318085
119.558796 98.811356
119.065525 99.304628
118.572253 99.304628
118.572253 99.797899
118.078982 100.291170
118.078982 100.784442
117.585711 101.277713
117.092439 101.770985
116.599168 102.264256
116.105896 102.264256
116.105896 102.757528
115.612625 103.250799
115.612625 103.744070
115.119353 104.237342
114.626082 104.730613
114.132810 105.223885
114.132810 105.717156
113.639539 106.210428
113.639539 106.703699
113.146268 107.196971
112.652996 107.690242
112.652996 108.183513
112.159725 108.676785
112.159725 109.170056
111.666453 109.663328
111.666453 110.156599
111.173182 110.649871
111.173182 111.143142
110.679910 111.636414
110.679910 112.129685
110.186639 112.622956
110.186639 113.116228
110.186639 113.609499
109.693367 114.102771
109.693367 114.596042
109.200096 115.089314
109.200096 115.582585
108.706825 116.075856
108.706825 116.569128
108.706825 117.062399
108.213553 117.555671
108.213553 118.048942
108.213553 118.542214
107.720282 119.035485
107.720282 119.528757
107.720282 120.022028
107.227010 120.515299
107.227010 121.008571
107.227010 121.501842
107.227010 121.995114
106.733739 122.488385
106.733739 122.981657
106.733739 123.474928
106.733739 123.968199
106.240467 124.461471
106.240467 124.954742
106.240467 125.448014
106.240467 125.941285
106.240467 126.434557
106.240467 126.927828
106.240467 127.421100
106.240467 127.914371
106.240467 128.407642
105.747196 128.900914
105.747196 129.394185
105.747196 129.887457
105.747196 130.380728
105.747196 130.874000
105.747196 131.367271
105.747196 131.860543
105.747196 132.353814
105.747196 132.847085
105.747196 133.340357
105.747196 133.833628
105.747196 134.326900
105.747196 134.820171
105.747196 135.313443
105.747196 135.806714
105.747196 136.299985
105.747196 136.793257
105.747196 137.286528
105.747196 137.779800
105.747196 138.273071
105.747196 138.766343
105.747196 139.259614
105.747196 139.752886
105.747196 140.246157
105.747196 140.739428
105.747196 141.232700
105.747196 141.725971
105.747196 142.219243
105.747196 142.712514
105.747196 143.205786
105.747196 143.699057
105.747196 144.192328
105.747196 144.685600
105.747196 145.178871
105.747196 145.672143
105.747196 146.165414
105.747196 146.658686
105.747196 147.151957
106.240467 147.645229
106.240467 148.138500
106.240467 148.631771
106.240467 149.125043
106.240467 149.618314
106.240467 150.111586
106.240467 150.604857
106.240467 151.098129
106.240467 151.591400
106.733739 152.084672
106.733739 152.577943
106.733739 153.071214
106.733739 153.564486
107.227010 154.057757
107.227010 154.551029
107.227010 155.044300
107.227010 155.537572
107.720282 156.030843
107.720282 156.524114
107.720282 157.017386
107.227010 158.003929
107.227010 158.497200
106.733739 159.483743
106.240467 159.977015
105.747196 160.963557
105.747196 161.456829
105.253925 162.443372
104.760653 161.950100
104.267382 161.950100
103.774110 161.950100
103.280839 161.950100
102.787567 161.456829
102.294296 161.456829
101.801024 161.456829
101.307753 161.456829
100.814482 161.456829
100.321210 161.456829
99.827939 161.456829
99.334667 161.456829
98.348124 161.456829
97.854853 161.456829
97.361582 161.950100
96.868310 161.950100
96.375039 161.950100
95.881767 161.950100
95.388496 161.950100
94.895224 161.950100
94.401953 161.950100
93.908681 161.950100
93.415410 162.443372
92.922139 162.443372
91.935596 161.950100
91.442324 161.456829
90.949053 161.456829
90.455781 160.963557
89.962510 160.470286
89.469238 160.470286
88.975967 159.977015
88.482696 159.483743
87.989424 158.990472
87.496153 158.990472
87.002881 158.497200
86.509610 158.003929
86.016338 157.510657
85.523067 157.510657
85.029796 157.017386
84.536524 156.524114
84.043253 156.524114
83.549981 156.030843
83.056710 155.537572
82.563438 155.044300
82.070167 155.044300
81.576895 154.551029
81.083624 154.551029
80.590353 154.551029
80.097081 154.057757
79.603810 154.057757
79.110538 153.564486
78.617267 153.071214
78.123995 153.071214
77.630724 152.577943
77.137453 152.084672
76.644181 152.084672
76.150910 151.591400
75.164367 151.098129
74.671095 150.604857
74.177824 150.604857
73.684552 150.111586
73.191281 149.618314
72.698010 149.618314
72.204738 149.125043
71.711467 148.631771
71.711467 148.138500
71.218195 147.645229
71.218195 147.151957
70.724924 146.165414
70.724924 145.672143
70.231652 145.178871
70.231652 144.685600
69.738381 144.192328
69.245109 143.699057
69.245109 143.205786
68.751838 142.712514
68.751838 142.219243
68.258567 141.725971
68.258567 141.232700
67.765295 140.739428
67.765295 140.246157
67.765295 139.752886
67.765295 139.259614
67.765295 138.766343
67.765295 138.273071
67.765295 137.779800
67.765295 136.793257
67.765295 136.299985
67.765295 135.806714
67.765295 135.313443
67.765295 134.820171
68.258567 134.326900
68.258567 133.833628
68.258567 133.340357
68.258567 132.847085
68.258567 132.353814
68.258567 131.860543
68.258567 131.367271
68.751838 130.874000
68.751838 130.380728
68.751838 129.887457
68.751838 129.394185
68.751838 128.900914
68.751838 128.407642
69.245109 127.914371
69.245109 127.421100
69.245109 126.927828
69.245109 126.434557
69.245109 125.941285
69.738381 125.448014
69.738381 124.954742
69.738381 124.461471
69.738381 123.968199
70.231652 123.474928
70.231652 122.981657
70.231652 121.995114
70.724924 121.501842
70.724924 121.008571
70.724924 120.515299
70.724924 120.022028
71.218195 119.528757
71.218195 119.035485
71.218195 118.542214
71.711467 117.555671
71.711467 117.062399
71.711467 116.569128
71.711467 116.075856
72.204738 115.582585
72.204738 115.089314
72.204738 114.596042
72.698010 114.102771
72.698010 113.609499
73.191281 113.116228
73.191281 112.622956
73.684552 112.129685
74.177824 111.636414
74.671095 111.143142
75.164367 110.649871
75.657638 110.156599
75.657638 109.170056
76.150910 108.676785
76.644181 108.183513
77.137453 107.690242
77.630724 107.196971
78.123995 106.703699
78.617267 106.210428
79.110538 105.717156
79.603810 105.223885
80.097081 104.730613
80.590353 104.730613
81.083624 104.237342
81.576895 103.744070
81.576895 103.250799
82.070167 102.757528
82.563438 102.264256
83.056710 101.770985
83.549981 101.277713
84.043253 100.784442
84.536524 100.291170
85.029796 99.797899
85.523067 99.304628
86.016338 98.811356
86.509610 98.811356
87.002881 98.318085
87.496153 97.824813
87.989424 97.331542
88.482696 97.331542
88.975967 97.331542
89.469238 97.331542
89.962510 96.838270
90.455781 96.838270
90.949053 96.838270
91.442324 96.344999
91.935596 96.344999
92.428867 96.344999
92.922139 96.344999
93.415410 95.851727
93.908681 95.851727
94.401953 95.851727
94.895224 95.851727
95.388496 95.358456
95.881767 95.358456
96.375039 94.371913
96.868310 93.878642
97.361582 93.385370
97.361582 92.892099
97.854853 92.398827
98.348124 91.905556
98.348124 91.412285
98.841396 90.919013
99.334667 90.425742
99.334667 89.439199
99.827939 88.945927
100.321210 88.452656
100.814482 87.959384
100.814482 87.466113
101.307753 86.972842
101.801024 86.479570
101.801024 85.986299
102.294296 85.493027
102.787567 84.999756
103.280839 84.506484
103.280839 84.013213
103.774110 83.519941
104.267382 83.026670
104.760653 82.533399
105.253925 82.040127
105.747196 82.040127
106.240467 81.546856
106.733739 81.546856
107.227010 81.546856
107.720282 81.053584
108.213553 81.053584
108.706825 80.560313
109.200096 80.560313
109.693367 80.067041
110.186639 80.067041
110.679910 79.573770
111.173182 79.573770
111.666453 79.573770
112.159725 79.573770
112.652996 79.573770
113.146268 79.573770
113.639539 79.573770
114.132810 79.573770
114.626082 79.573770
115.119353 79.573770
115.612625 79.573770
116.105896 79.573770
116.599168 79.573770
117.585711 79.573770
118.078982 79.573770
118.572253 79.573770
119.065525 79.573770
119.558796 79.573770
120.052068 79.573770
120.545339 79.573770
121.038611 79.573770
121.531882 79.573770
122.025153 79.573770
122.518425 79.573770
123.011696 79.573770
123.504968 79.573770
123.998239 79.573770
124.491511 79.573770
124.984782 79.573770
125.478054 79.573770
125.971325 79.573770
126.464596 79.573770
126.957868 79.573770
127.451139 79.573770
127.944411 79.573770
128.437682 79.573770
128.930954 79.573770
129.424225 79.573770
129.917496 79.573770
130.410768 79.573770
130.904039 79.573770
131.397311 79.573770
131.890582 79.573770
132.383854 80.067041
132.877125 80.067041
133.370397 80.067041
134.356939 80.560313
134.850211 80.560313
135.343482 80.560313
135.836754 81.053584
136.330025 81.053584
136.823297 81.053584
137.316568 81.546856
137.809840 81.546856
138.796382 81.546856
139.289654 82.040127
139.782925 82.040127
140.276197 82.040127
140.769468 82.533399
141.262740 82.533399
141.756011 83.026670
141.262740 83.519941
141.262740 84.013213
