140.835872 81.115403
140.835872 81.721123
140.835872 82.326844
140.835872 82.932564
140.835872 83.538285
140.835872 84.144005
140.835872 84.749725
140.835872 85.355446
140.835872 85.961166
140.230152 86.566887
139.624431 87.172607
139.018711 87.172607
138.412991 87.778328
137.807270 87.778328
137.201550 87.778328
136.595829 88.384048
135.990109 88.384048
135.384388 88.989769
134.778668 88.989769
134.172947 88.989769
134.172947 89.595489
133.567227 89.595489
132.961507 89.595489
132.961507 90.201209
132.355786 90.201209
132.355786 90.806930
131.750066 90.806930
131.144345 90.806930
131.144345 91.412650
130.538625 91.412650
129.932904 91.412650
129.932904 92.018371
129.327184 92.018371
129.327184 92.624091
128.721463 92.624091
128.115743 93.229812
127.510023 93.835532
126.904302 93.835532
126.904302 94.441253
126.298582 94.441253
126.298582 95.046973
125.692861 95.046973
125.087141 95.652694
124.481420 96.258414
123.875700 96.864134
123.269979 97.469855
122.664259 97.469855
122.664259 98.075575
122.058539 98.681296
121.452818 99.287016
120.847098 99.892737
120.241377 100.498457
120.241377 101.104178
119.635657 101.709898
119.029936 102.315618
118.424216 102.921339
117.818495 103.527059
117.818495 104.132780
117.212775 104.738500
116.607054 105.344221
116.607054 105.949941
116.001334 106.555662
116.001334 107.161382
115.395614 107.767102
114.789893 108.372823
114.789893 108.978543
114.184173 109.584264
114.184173 110.189984
113.578452 110.795705
113.578452 111.401425
112.972732 112.007146
112.972732 112.612866
112.972732 113.218586
112.367011 113.824307
112.367011 114.430027
111.761291 115.035748
111.761291 115.641468
111.761291 116.247189
111.155570 116.852909
111.155570 117.458630
110.549850 118.064350
110.549850 118.670071
110.549850 119.275791
109.944130 119.881511
109.944130 120.487232
109.944130 121.092952
109.944130 121.698673
109.338409 122.304393
109.338409 122.910114
109.338409 123.515834
109.338409 124.121555
108.732689 124.727275
108.732689 125.332995
108.732689 125.938716
108.732689 126.544436
108.732689 127.150157
108.732689 127.755877
108.126968 128.361598
108.126968 128.967318
108.126968 129.573039
108.126968 130.178759
108.126968 130.784479
108.126968 131.390200
108.126968 131.995920
108.126968 132.601641
108.126968 133.207361
108.126968 133.813082
108.126968 134.418802
108.126968 135.024523
108.126968 135.630243
108.126968 136.235963
108.126968 136.841684
108.126968 137.447404
108.126968 138.053125
108.126968 138.658845
108.126968 139.264566
108.126968 139.870286
108.126968 140.476007
108.126968 141.081727
108.126968 141.687448
108.126968 142.293168
108.126968 142.898888
108.732689 143.504609
108.732689 144.110329
108.732689 144.716050
108.732689 145.321770
108.732689 145.927491
108.732689 146.533211
109.338409 147.138932
109.338409 147.744652
109.338409 148.350372
109.338409 148.956093
109.338409 149.561813
109.338409 150.167534
109.338409 150.773254
109.338409 151.378975
109.338409 151.984695
109.338409 152.590416
109.338409 153.196136
109.338409 153.801856
109.338409 154.407577
109.338409 155.013297
109.944130 155.619018
109.944130 156.224738
109.944130 156.830459
109.944130 157.436179
109.944130 158.041900
109.944130 158.647620
110.549850 159.253340
110.549850 159.859061
110.549850 160.464781
110.549850 161.070502
110.549850 161.676222
111.155570 161.676222
111.155570 162.281943
111.155570 162.887663
111.155570 163.493384
111.155570 164.099104
111.155570 164.704825
110.549850 165.916265
110.549850 166.521986
109.944130 167.733427
109.944130 168.339147
109.338409 169.550588
108.732689 170.156309
108.732689 171.367749
108.126968 171.367749
107.521248 171.367749
106.915527 171.973470
106.309807 171.973470
105.704086 172.579190
105.098366 172.579190
104.492646 172.579190
103.886925 173.184911
103.281205 173.184911
102.069764 173.184911
101.464043 173.184911
100.858323 173.790631
100.252602 173.790631
99.646882 173.790631
99.041162 174.396352
98.435441 174.396352
97.829721 174.396352
97.224000 174.396352
96.618280 173.790631
95.406839 173.790631
94.801118 173.790631
94.195398 173.184911
93.589677 173.184911
92.983957 172.579190
92.378237 172.579190
91.772516 171.973470
90.561075 171.973470
89.955355 171.367749
89.349634 171.367749
88.743914 171.367749
88.138193 170.762029
87.532473 170.762029
86.926753 170.156309
86.321032 170.156309
85.109591 169.550588
84.503871 169.550588
83.898150 169.550588
83.292430 168.944868
82.686709 168.944868
82.080989 168.339147
81.475269 168.339147
80.869548 167.733427
80.263828 167.733427
79.658107 167.733427
78.446666 167.733427
77.840946 167.127706
77.235225 167.127706
76.629505 167.127706
76.023785 166.521986
75.418064 165.916265
74.812344 165.916265
74.206623 165.310545
73.600903 164.704825
72.389462 164.704825
71.783741 164.099104
71.178021 164.099104
70.572300 163.493384
69.966580 162.887663
69.360860 162.887663
68.755139 162.281943
68.149419 161.676222
66.937978 161.676222
66.332257 161.070502
65.726537 161.070502
65.120816 160.464781
64.515096 159.859061
63.909376 159.859061
63.303655 159.253340
62.092214 158.647620
61.486494 158.647620
60.880773 158.041900
60.275053 158.041900
59.669332 157.436179
59.063612 156.830459
58.457892 156.830459
57.852171 156.224738
57.246451 155.619018
57.246451 155.013297
56.640730 154.407577
56.035010 153.801856
56.035010 153.196136
55.429289 152.590416
54.823569 151.984695
54.823569 151.378975
54.217848 150.773254
54.217848 150.167534
53.612128 149.561813
53.612128 148.956093
53.612128 148.350372
53.612128 147.744652
53.006407 147.138932
53.006407 146.533211
53.006407 145.927491
53.006407 145.321770
52.400687 144.716050
52.400687 144.110329
52.400687 143.504609
52.400687 142.898888
52.400687 142.293168
52.400687 141.687448
52.400687 141.081727
52.400687 140.476007
52.400687 139.870286
53.006407 139.264566
53.006407 138.053125
53.006407 137.447404
53.006407 136.841684
53.612128 136.235963
53.612128 135.630243
53.612128 135.024523
53.612128 134.418802
53.612128 133.813082
54.217848 133.207361
54.217848 132.601641
54.217848 131.995920
54.217848 131.390200
54.823569 130.784479
54.823569 130.178759
54.823569 129.573039
54.823569 128.967318
55.429289 128.361598
55.429289 127.755877
55.429289 127.150157
55.429289 126.544436
55.429289 125.938716
56.035010 125.332995
56.035010 124.727275
56.035010 124.121555
56.640730 122.910114
56.640730 122.304393
57.246451 121.698673
57.246451 121.092952
57.852171 120.487232
57.852171 119.881511
58.457892 119.275791
59.063612 118.670071
59.063612 118.064350
59.669332 117.458630
59.669332 116.247189
60.275053 115.641468
60.880773 115.035748
60.880773 114.430027
61.486494 113.824307
61.486494 113.218586
62.092214 112.612866
62.092214 112.007146
62.697935 111.401425
63.303655 110.795705
63.303655 109.584264
63.909376 108.978543
63.909376 108.372823
64.515096 107.767102
65.120816 107.161382
65.120816 106.555662
65.120816 105.949941
65.120816 105.344221
65.120816 104.738500
65.120816 104.132780
65.120816 103.527059
65.726537 102.921339
66.332257 102.315618
66.332257 101.709898
66.937978 101.104178
66.937978 100.498457
67.543698 99.892737
67.543698 99.287016
68.149419 98.681296
68.755139 98.075575
68.755139 97.469855
69.360860 96.864134
69.360860 96.258414
69.966580 95.652694
69.966580 95.046973
70.572300 94.441253
71.178021 93.835532
71.178021 92.624091
71.783741 92.018371
71.783741 91.412650
72.389462 90.806930
72.389462 90.201209
72.995182 89.595489
72.995182 88.989769
73.600903 88.384048
73.600903 87.778328
74.206623 87.172607
74.812344 86.566887
74.812344 85.961166
75.418064 85.355446
75.418064 84.749725
76.023785 84.144005
77.235225 83.538285
77.840946 83.538285
78.446666 82.932564
79.052387 82.326844
79.658107 81.721123
80.263828 81.721123
80.869548 81.115403
81.475269 80.509682
82.080989 79.903962
82.686709 79.298241
83.292430 79.298241
83.898150 78.692521
84.503871 78.086801
85.109591 77.481080
85.715312 77.481080
86.321032 76.875360
86.926753 76.269639
87.532473 75.663919
88.138193 75.663919
89.349634 75.663919
89.955355 75.663919
90.561075 75.058198
91.166796 75.058198
91.772516 75.058198
92.378237 75.058198
92.983957 75.058198
93.589677 75.058198
94.195398 75.058198
94.801118 75.058198
96.012559 75.058198
96.618280 75.058198
97.224000 75.058198
97.829721 74.452478
98.435441 74.452478
99.041162 74.452478
99.646882 74.452478
100.252602 74.452478
100.858323 74.452478
101.464043 74.452478
102.069764 74.452478
102.675484 74.452478
103.281205 74.452478
103.886925 74.452478
104.492646 74.452478
105.098366 74.452478
106.309807 74.452478
106.915527 74.452478
107.521248 74.452478
108.126968 74.452478
108.732689 74.452478
109.338409 74.452478
110.549850 75.058198
111.155570 75.058198
111.761291 75.058198
112.367011 75.058198
113.578452 75.058198
114.184173 75.058198
114.789893 75.058198
115.395614 75.663919
116.607054 75.663919
117.212775 75.663919
117.818495 75.663919
118.424216 75.663919
119.635657 75.663919
120.241377 76.269639
120.847098 76.269639
121.452818 76.269639
122.664259 76.269639
123.269979 76.269639
123.875700 76.269639
124.481420 76.269639
125.087141 76.875360
126.298582 76.875360
126.904302 76.875360
127.510023 76.875360
128.115743 76.875360
128.721463 76.875360
129.327184 76.875360
129.932904 77.481080
130.538625 77.481080
131.144345 77.481080
131.750066 77.481080
132.961507 77.481080
133.567227 77.481080
134.172947 77.481080
134.778668 78.086801
135.384388 78.086801
135.990109 78.086801
136.595829 78.086801
137.201550 78.086801
137.807270 78.086801
138.412991 78.086801
139.624431 78.692521
140.230152 78.692521
140.835872 78.692521
141.441593 78.692521
141.441593 79.298241
140.835872 79.903962
140.835872 80.509682
140.835872 81.115403
