146.878971 84.759425
146.355523 85.806321
145.832075 86.329769
145.308628 86.853216
144.785180 86.853216
144.261732 87.376664
143.738284 87.376664
143.214836 87.376664
142.691388 87.376664
142.167941 87.376664
141.644493 87.376664
141.121045 87.376664
141.121045 87.900112
140.597597 87.900112
140.074149 87.900112
139.550701 87.900112
139.027254 87.900112
139.027254 88.423560
138.503806 88.423560
137.980358 88.423560
137.456910 88.423560
137.456910 88.947008
136.933462 88.947008
136.410014 88.947008
135.886567 89.470456
135.363119 89.470456
134.839671 89.470456
134.316223 89.993903
133.792775 89.993903
133.269327 90.517351
132.745880 90.517351
132.222432 91.040799
131.698984 91.040799
131.175536 91.564247
130.652088 91.564247
130.128641 92.087695
129.605193 92.087695
129.081745 92.611143
128.558297 92.611143
128.034849 93.134590
127.511401 93.134590
127.511401 93.658038
126.987954 93.658038
126.464506 94.181486
125.941058 94.704934
125.417610 94.704934
124.894162 95.228382
124.370714 95.228382
124.370714 95.751829
123.847267 95.751829
123.847267 96.275277
123.323819 96.275277
122.800371 96.798725
122.276923 97.322173
121.753475 97.845621
121.230027 98.369069
120.706580 98.892516
120.183132 99.415964
119.659684 99.939412
119.136236 100.462860
118.612788 100.986308
118.089340 101.509756
117.565893 102.033203
117.042445 102.556651
117.042445 103.080099
116.518997 103.603547
115.995549 104.126995
115.472101 104.650443
115.472101 105.173890
114.948653 105.697338
114.425206 106.220786
114.425206 106.744234
113.901758 107.267682
113.378310 107.791130
113.378310 108.314577
112.854862 108.838025
112.854862 109.361473
112.331414 109.884921
112.331414 110.408369
111.807966 110.931817
111.807966 111.455264
111.284519 111.978712
111.284519 112.502160
110.761071 113.025608
110.761071 113.549056
110.237623 114.072504
110.237623 114.595951
110.237623 115.119399
109.714175 115.642847
109.714175 116.166295
109.714175 116.689743
109.190727 117.213191
109.190727 117.736638
109.190727 118.260086
108.667279 118.783534
108.667279 119.306982
108.667279 119.830430
108.667279 120.353878
108.143832 120.877325
108.143832 121.400773
108.143832 121.924221
108.143832 122.447669
108.143832 122.971117
108.143832 123.494565
107.620384 124.018012
107.620384 124.541460
107.620384 125.064908
107.620384 125.588356
107.620384 126.111804
107.620384 126.635252
107.620384 127.158699
107.620384 127.682147
107.620384 128.205595
107.620384 128.729043
107.620384 129.252491
107.620384 129.775939
107.620384 130.299386
107.096936 130.822834
107.096936 131.346282
107.096936 131.869730
107.096936 132.393178
106.573488 132.916626
106.573488 133.440073
106.573488 133.963521
106.573488 134.486969
106.573488 135.010417
106.573488 135.533865
106.050040 136.057312
106.050040 136.580760
106.050040 137.104208
106.050040 137.627656
106.050040 138.151104
106.050040 138.674552
106.050040 139.197999
106.050040 139.721447
106.050040 140.244895
106.050040 140.768343
106.050040 141.291791
106.050040 141.815239
106.050040 142.338686
106.050040 142.862134
106.050040 143.385582
106.050040 143.909030
106.050040 144.432478
106.050040 144.955926
106.050040 145.479373
106.050040 146.002821
106.050040 146.526269
106.050040 147.049717
106.050040 147.573165
106.050040 148.096613
106.050040 148.620060
106.050040 149.143508
106.050040 149.666956
106.050040 150.190404
106.050040 150.713852
106.050040 151.237300
106.050040 151.760747
106.050040 152.284195
106.573488 152.284195
106.573488 152.807643
106.573488 153.331091
106.573488 153.854539
106.050040 154.377987
105.526592 154.901434
105.003145 155.948330
104.479697 156.471778
103.956249 157.518674
103.956249 158.042121
103.432801 159.089017
102.909353 159.612465
102.385905 160.659361
101.862458 161.182808
101.339010 161.182808
100.815562 161.182808
100.292114 161.706256
99.768666 161.706256
99.245218 161.706256
98.721771 161.706256
98.198323 161.706256
97.674875 161.706256
97.151427 161.706256
96.627979 162.229704
96.104531 162.229704
95.581084 162.229704
95.057636 162.229704
94.534188 162.229704
94.010740 162.229704
92.963844 162.229704
92.440397 161.706256
91.916949 161.706256
91.393501 161.706256
90.870053 161.182808
89.823157 161.182808
89.299710 161.182808
88.776262 161.182808
88.252814 160.659361
87.729366 160.659361
87.205918 160.659361
86.159023 160.135913
85.635575 160.135913
85.112127 160.135913
84.588679 160.135913
84.065231 159.612465
83.018336 159.612465
82.494888 159.612465
81.971440 159.089017
81.447992 159.089017
80.924544 159.089017
80.401097 158.565569
79.354201 158.565569
78.830753 158.565569
78.307305 158.042121
77.783857 158.042121
77.260410 157.518674
76.736962 156.995226
76.213514 156.995226
75.690066 156.471778
74.643170 155.948330
74.119723 155.948330
73.596275 155.424882
73.072827 154.901434
72.549379 154.901434
72.025931 154.377987
71.502483 153.854539
70.979036 153.854539
70.455588 152.807643
70.455588 152.284195
69.932140 151.760747
69.932140 151.237300
69.932140 150.713852
69.932140 149.666956
69.408692 149.143508
69.408692 148.620060
69.408692 148.096613
69.408692 147.573165
68.885244 147.049717
68.885244 146.002821
68.885244 145.479373
68.885244 144.955926
68.361796 144.432478
68.361796 143.909030
68.361796 142.862134
67.838349 142.338686
67.838349 141.815239
67.838349 141.291791
67.838349 140.768343
67.314901 140.244895
67.314901 139.197999
67.314901 138.674552
67.314901 138.151104
67.314901 137.627656
67.314901 137.104208
67.314901 136.057312
67.314901 135.533865
67.314901 135.010417
67.838349 134.486969
67.838349 133.963521
67.838349 133.440073
67.838349 132.393178
67.838349 131.869730
67.838349 131.346282
68.361796 130.822834
68.361796 130.299386
68.361796 129.252491
68.361796 128.729043
68.361796 128.205595
68.361796 127.682147
68.885244 127.158699
68.885244 126.635252
68.885244 125.588356
68.885244 125.064908
68.885244 124.541460
69.408692 124.018012
69.408692 123.494565
69.408692 122.447669
69.408692 121.924221
69.408692 121.400773
69.932140 120.877325
69.932140 120.353878
69.932140 119.830430
69.932140 119.306982
70.455588 118.783534
70.455588 118.260086
70.455588 117.736638
70.455588 117.213191
70.979036 116.689743
70.979036 116.166295
70.979036 115.642847
71.502483 115.119399
71.502483 114.595951
71.502483 114.072504
71.502483 113.549056
72.025931 113.025608
72.025931 112.502160
72.025931 111.978712
72.025931 111.455264
72.025931 110.931817
72.549379 110.408369
72.549379 109.884921
72.549379 109.361473
72.549379 108.838025
73.072827 108.314577
73.596275 107.791130
74.119723 106.744234
74.643170 106.220786
75.166618 105.697338
75.690066 105.173890
76.213514 104.126995
76.736962 103.603547
77.260410 103.080099
77.783857 102.033203
78.307305 101.509756
78.830753 100.986308
79.354201 99.939412
79.877649 99.415964
80.924544 98.892516
81.447992 97.845621
81.971440 97.322173
82.494888 96.798725
83.018336 96.275277
83.541784 95.228382
84.065231 94.704934
84.588679 94.181486
85.112127 93.134590
85.635575 92.611143
86.159023 92.087695
86.682471 91.564247
87.205918 91.040799
87.729366 90.517351
88.252814 89.993903
89.299710 89.470456
89.823157 88.947008
90.346605 88.423560
90.870053 87.900112
91.393501 87.376664
91.916949 86.853216
92.440397 86.329769
92.963844 85.806321
93.487292 85.282873
94.010740 84.759425
95.057636 84.235977
95.581084 83.712529
96.104531 83.189082
96.627979 82.665634
97.151427 82.142186
97.674875 81.618738
98.198323 81.095290
98.721771 80.571842
99.245218 80.048395
99.768666 79.524947
100.815562 79.001499
101.339010 78.478051
101.862458 78.478051
102.385905 77.954603
102.909353 77.954603
103.432801 77.431155
103.956249 77.431155
104.479697 76.907708
105.003145 76.907708
105.526592 76.384260
106.573488 76.384260
107.096936 75.860812
107.620384 75.860812
108.143832 75.337364
108.667279 75.337364
109.190727 74.813916
109.714175 74.813916
110.237623 74.290468
110.761071 74.290468
111.284519 73.767021
112.331414 73.767021
112.854862 73.243573
113.378310 73.243573
113.901758 72.720125
114.425206 72.720125
114.948653 72.196677
115.472101 72.196677
115.995549 72.196677
116.518997 72.196677
117.565893 71.673229
118.089340 71.673229
118.612788 71.673229
119.136236 71.673229
119.659684 71.673229
120.183132 71.673229
120.706580 71.673229
121.230027 71.149781
121.753475 71.149781
122.800371 71.149781
123.323819 71.149781
123.847267 71.149781
124.370714 71.149781
124.894162 70.626334
125.417610 70.626334
125.941058 70.626334
126.464506 70.626334
126.987954 70.626334
127.511401 71.149781
128.558297 71.149781
129.081745 71.673229
129.605193 71.673229
130.128641 72.196677
130.652088 72.196677
131.175536 72.720125
131.698984 73.243573
132.745880 73.243573
133.269327 73.767021
133.792775 73.767021
134.316223 74.290468
134.839671 74.290468
135.363119 74.813916
135.886567 74.813916
136.933462 75.337364
137.456910 75.337364
137.980358 75.860812
138.503806 76.384260
139.027254 76.384260
139.550701 76.907708
140.074149 76.907708
141.121045 77.431155
141.644493 77.431155
142.167941 77.954603
142.167941 78.478051
142.691388 79.001499
143.214836 79.524947
143.214836 80.048395
143.738284 80.571842
144.261732 81.095290
144.261732 81.618738
144.785180 82.142186
145.308628 82.665634
145.308628 83.189082
145.832075 83.712529
146.355523 84.235977
146.878971 84.759425
