140.813799 81.582320
140.813799 82.174357
140.221762 82.174357
139.629726 82.174357
139.037689 82.174357
139.037689 82.766393
138.445653 82.766393
137.853616 82.766393
137.853616 83.358430
137.261579 83.358430
136.669543 83.950466
136.077506 83.950466
135.485470 83.950466
135.485470 84.542503
134.893433 84.542503
134.301397 85.134540
133.709360 85.134540
133.117324 85.726576
132.525287 85.726576
131.933251 86.318613
131.341214 86.318613
131.341214 86.910649
130.749177 86.910649
130.157141 87.502686
129.565104 87.502686
128.973068 88.094722
128.381031 88.094722
128.381031 88.686759
127.788995 88.686759
127.788995 89.278795
127.196958 89.278795
126.604922 89.870832
126.012885 89.870832
126.012885 90.462869
125.420848 90.462869
125.420848 91.054905
124.828812 91.054905
124.236775 91.646942
123.644739 92.238978
123.052702 92.238978
123.052702 92.831015
122.460666 93.423051
121.868629 94.015088
121.276593 94.607124
120.684556 95.199161
120.092519 95.791198
119.500483 96.383234
118.908446 96.975271
118.316410 97.567307
117.724373 98.159344
117.132337 98.751380
116.540300 99.343417
115.948264 99.935453
115.948264 100.527490
115.356227 101.119527
114.764190 101.711563
114.172154 102.303600
114.172154 102.895636
113.580117 103.487673
112.988081 104.079709
112.396044 104.671746
112.396044 105.263782
111.804008 105.855819
111.804008 106.447856
111.211971 107.039892
110.619935 107.631929
110.619935 108.223965
110.027898 108.816002
110.027898 109.408038
109.435861 110.000075
109.435861 110.592111
108.843825 111.184148
108.843825 111.776184
108.251788 112.368221
108.251788 112.960258
107.659752 113.552294
107.659752 114.144331
107.067715 114.736367
107.067715 115.328404
107.067715 115.920440
106.475679 116.512477
106.475679 117.104513
105.883642 117.696550
105.883642 118.288587
105.883642 118.880623
105.291606 119.472660
105.291606 120.064696
105.291606 120.656733
104.699569 121.248769
104.699569 121.840806
104.699569 122.432842
104.699569 123.024879
104.107532 123.616916
104.107532 124.208952
104.107532 124.800989
104.107532 125.393025
104.107532 125.985062
103.515496 126.577098
103.515496 127.169135
103.515496 127.761171
103.515496 128.353208
103.515496 128.945245
103.515496 129.537281
102.923459 130.129318
102.923459 130.721354
102.923459 131.313391
102.923459 131.905427
102.923459 132.497464
102.923459 133.089500
102.923459 133.681537
102.923459 134.273574
102.923459 134.865610
102.923459 135.457647
102.923459 136.049683
102.923459 136.641720
102.923459 137.233756
102.923459 137.825793
102.923459 138.417829
102.923459 139.009866
102.923459 139.601903
102.923459 140.193939
102.923459 140.785976
102.923459 141.378012
102.923459 141.970049
102.923459 142.562085
102.923459 143.154122
102.923459 143.746158
102.923459 144.338195
102.923459 144.930231
102.923459 145.522268
102.923459 146.114305
103.515496 146.114305
103.515496 146.706341
103.515496 147.298378
103.515496 147.890414
103.515496 148.482451
103.515496 149.074487
104.107532 149.666524
104.107532 150.258560
104.107532 150.850597
104.107532 151.442634
104.107532 152.034670
104.699569 152.626707
104.699569 153.218743
104.699569 153.810780
104.699569 154.402816
105.291606 154.994853
105.291606 155.586889
105.291606 156.178926
105.291606 156.770963
105.883642 156.770963
105.883642 157.362999
105.883642 157.955036
106.475679 158.547072
106.475679 159.139109
106.475679 159.731145
107.067715 160.323182
107.067715 160.915218
107.067715 161.507255
107.067715 162.099292
107.659752 162.691328
107.067715 163.875401
106.475679 164.467438
106.475679 165.651511
105.883642 166.243547
105.291606 167.427621
105.291606 168.019657
104.699569 169.203730
104.107532 169.203730
103.515496 169.203730
102.923459 169.203730
102.331423 169.203730
101.739386 169.203730
101.147350 169.795767
100.555313 169.795767
99.963277 169.795767
98.779204 169.795767
98.187167 169.795767
97.595130 169.795767
97.003094 170.387803
96.411057 170.387803
95.819021 170.387803
95.226984 170.387803
94.634948 170.387803
94.042911 170.387803
93.450875 170.387803
92.858838 170.387803
92.266801 169.795767
91.674765 169.795767
91.082728 169.795767
90.490692 169.203730
89.306619 169.203730
88.714582 169.203730
88.122546 169.203730
87.530509 168.611694
86.938472 168.611694
86.346436 168.611694
85.754399 168.019657
85.162363 168.019657
84.570326 168.019657
83.978290 167.427621
83.386253 167.427621
82.794217 167.427621
82.202180 167.427621
81.610143 166.835584
81.018107 166.835584
80.426070 166.835584
79.834034 166.243547
79.241997 166.243547
78.649961 166.243547
78.057924 165.651511
76.873851 165.651511
76.281814 165.059474
75.689778 165.059474
75.097741 165.059474
74.505705 164.467438
73.913668 164.467438
73.321632 163.875401
72.729595 163.875401
72.137559 163.283365
71.545522 163.283365
70.953486 163.283365
70.361449 162.691328
69.769412 162.691328
69.177376 162.099292
68.585339 162.099292
67.993303 162.099292
67.401266 161.507255
66.809230 161.507255
66.217193 160.915218
65.625157 160.323182
65.033120 159.731145
64.441083 159.139109
63.849047 158.547072
63.257010 157.955036
62.664974 157.362999
62.072937 156.770963
61.480901 156.178926
60.888864 154.994853
60.296828 154.402816
59.704791 153.810780
59.112754 153.218743
59.112754 152.626707
58.520718 152.034670
58.520718 151.442634
57.928681 150.850597
57.928681 150.258560
57.336645 149.666524
57.336645 149.074487
56.744608 148.482451
56.744608 147.890414
56.152572 147.298378
56.152572 146.706341
56.152572 146.114305
56.152572 145.522268
56.152572 144.930231
56.152572 144.338195
56.152572 143.746158
56.152572 143.154122
56.152572 142.562085
56.152572 141.970049
56.152572 140.785976
56.152572 140.193939
56.152572 139.601903
56.152572 139.009866
56.152572 138.417829
56.152572 137.825793
56.152572 137.233756
56.152572 136.641720
56.152572 136.049683
56.152572 134.865610
56.152572 134.273574
56.152572 133.681537
56.152572 133.089500
56.152572 132.497464
56.152572 131.905427
56.152572 131.313391
56.152572 130.721354
56.152572 130.129318
56.744608 129.537281
56.744608 128.945245
56.744608 128.353208
56.744608 127.169135
56.744608 126.577098
57.336645 125.985062
57.336645 125.393025
57.336645 124.800989
57.336645 124.208952
57.336645 123.616916
57.336645 123.024879
57.928681 121.840806
57.928681 121.248769
57.928681 120.656733
57.928681 120.064696
57.928681 119.472660
58.520718 118.880623
58.520718 118.288587
58.520718 117.696550
58.520718 116.512477
58.520718 115.920440
59.112754 115.328404
59.112754 114.736367
59.704791 114.144331
59.704791 113.552294
60.296828 112.960258
60.296828 112.368221
60.888864 111.776184
61.480901 110.592111
61.480901 110.000075
62.072937 109.408038
62.072937 108.816002
62.664974 108.223965
63.257010 107.631929
63.257010 107.039892
63.849047 106.447856
63.849047 105.263782
64.441083 104.671746
65.033120 104.079709
65.033120 103.487673
65.625157 102.895636
65.625157 102.303600
66.217193 101.711563
66.809230 101.119527
66.809230 100.527490
67.401266 99.343417
67.401266 98.751380
67.993303 98.159344
68.585339 97.567307
69.769412 96.975271
70.361449 96.383234
70.953486 95.791198
71.545522 95.199161
72.137559 94.607124
72.729595 94.015088
73.321632 93.423051
73.913668 93.423051
75.097741 92.831015
75.689778 92.238978
76.281814 91.646942
76.873851 91.054905
77.465888 90.462869
78.057924 89.870832
78.649961 89.278795
79.241997 88.686759
80.426070 88.094722
81.018107 87.502686
81.610143 86.910649
82.202180 86.318613
82.794217 85.726576
83.386253 85.134540
83.978290 84.542503
84.570326 83.950466
85.162363 83.358430
85.754399 82.766393
86.346436 82.174357
86.346436 81.582320
86.938472 80.990284
87.530509 79.806211
88.122546 79.214174
88.122546 78.622138
88.714582 78.030101
89.306619 77.438064
89.898655 76.846028
90.490692 76.253991
90.490692 75.661955
91.082728 75.069918
91.674765 74.477882
92.266801 73.885845
92.858838 73.885845
93.450875 73.885845
94.042911 73.293809
94.634948 73.293809
95.226984 73.293809
95.819021 73.293809
96.411057 73.293809
97.003094 73.293809
97.595130 72.701772
98.187167 72.701772
98.779204 72.701772
99.371240 72.701772
99.963277 72.701772
100.555313 72.701772
101.147350 72.109735
101.739386 72.109735
102.331423 72.109735
102.923459 72.109735
103.515496 72.109735
104.107532 71.517699
104.699569 71.517699
105.291606 71.517699
105.883642 71.517699
106.475679 71.517699
107.067715 71.517699
107.659752 70.925662
108.251788 70.925662
108.843825 70.925662
110.027898 70.925662
110.619935 70.925662
111.211971 70.925662
111.804008 70.333626
112.396044 70.333626
112.988081 70.925662
113.580117 70.925662
114.172154 70.925662
114.764190 70.925662
115.356227 70.925662
115.948264 70.925662
116.540300 70.925662
117.132337 71.517699
117.724373 71.517699
118.316410 71.517699
118.908446 71.517699
120.092519 71.517699
120.684556 71.517699
121.276593 71.517699
121.868629 72.109735
122.460666 72.109735
123.052702 72.109735
123.644739 72.109735
124.236775 72.109735
124.828812 72.109735
125.420848 72.701772
126.012885 72.701772
126.604922 73.293809
127.788995 73.293809
128.381031 73.885845
128.973068 74.477882
129.565104 74.477882
130.157141 75.069918
130.749177 75.069918
131.341214 75.661955
131.933251 75.661955
132.525287 76.253991
133.709360 76.253991
134.301397 76.846028
134.893433 76.846028
135.485470 77.438064
136.077506 78.030101
136.669543 78.030101
137.853616 78.622138
138.445653 78.622138
139.037689 79.214174
139.629726 79.806211
140.221762 79.806211
141.405835 80.398247
141.997872 80.990284
141.997872 81.582320
141.405835 81.582320
140.813799 81.582320
