134.457943 84.720578
133.916960 85.261561
133.375977 85.261561
133.375977 85.802544
132.834994 85.802544
132.294011 86.343527
131.753028 86.343527
131.212045 86.343527
131.212045 86.884510
130.671062 87.425493
130.130079 87.425493
130.130079 87.966476
129.589096 87.966476
129.048113 88.507459
128.507130 89.048442
127.966147 89.048442
127.966147 89.589425
127.425164 89.589425
126.884181 90.130408
126.343198 90.671391
125.802215 91.212374
125.261232 91.753357
124.720249 91.753357
124.720249 92.294340
124.179266 92.835323
123.638283 92.835323
123.638283 93.376306
123.097300 93.376306
123.097300 93.917289
122.556317 94.458272
122.015334 94.458272
122.015334 94.999255
121.474351 95.540238
120.933368 96.081221
120.392385 96.622204
119.851402 96.622204
119.851402 97.163187
119.310419 97.704170
118.769436 97.704170
118.769436 98.245153
118.228453 98.786136
117.687470 99.327119
117.146487 99.868102
116.605504 100.409085
116.064521 100.950068
116.064521 101.491051
115.523538 102.032034
114.982555 102.573017
114.441572 103.114000
114.441572 103.654983
113.900589 104.195966
113.359605 104.736949
112.818622 105.277932
112.818622 105.818915
112.277639 106.359898
112.277639 106.900881
111.736656 107.441864
111.195673 107.982847
111.195673 108.523830
110.654690 109.064813
110.654690 109.605797
110.113707 110.146780
110.113707 110.687763
109.572724 111.228746
109.572724 111.769729
109.031741 112.310712
109.031741 112.851695
108.490758 113.392678
108.490758 113.933661
107.949775 114.474644
107.949775 115.015627
107.949775 115.556610
107.408792 116.097593
107.408792 116.638576
106.867809 117.179559
106.867809 117.720542
106.867809 118.261525
106.326826 118.802508
106.326826 119.343491
106.326826 119.884474
106.326826 120.425457
105.785843 120.966440
105.785843 121.507423
105.785843 122.048406
105.244860 122.589389
105.244860 123.130372
105.244860 123.671355
105.244860 124.212338
105.244860 124.753321
104.703877 125.294304
104.703877 125.835287
104.703877 126.376270
104.703877 126.917253
104.703877 127.458236
104.703877 127.999219
104.703877 128.540202
104.162894 129.081185
104.162894 129.622168
104.162894 130.163151
104.162894 130.704134
104.162894 131.245117
104.162894 131.786100
104.162894 132.327083
104.162894 132.868066
104.162894 133.409049
104.162894 133.950032
104.162894 134.491015
104.162894 135.031998
104.162894 135.572981
104.162894 136.113964
104.162894 136.654947
104.162894 137.195930
104.162894 137.736913
104.162894 138.277896
104.162894 138.818879
104.162894 139.359863
104.162894 139.900846
104.162894 140.441829
104.162894 140.982812
104.162894 141.523795
104.162894 142.064778
104.162894 142.605761
104.162894 143.146744
104.162894 143.687727
104.162894 144.228710
104.162894 144.769693
104.162894 145.310676
104.162894 145.851659
104.162894 146.392642
104.162894 146.933625
104.162894 147.474608
104.162894 148.015591
104.162894 148.556574
104.162894 149.097557
104.162894 149.638540
104.162894 150.179523
104.162894 150.720506
104.703877 151.261489
104.703877 151.802472
104.703877 152.343455
104.703877 152.884438
104.703877 153.425421
104.703877 153.966404
104.703877 154.507387
105.244860 155.048370
105.244860 155.589353
105.244860 156.130336
105.244860 156.671319
105.244860 157.212302
105.244860 157.753285
105.785843 157.753285
105.785843 158.294268
105.785843 158.835251
105.785843 159.376234
106.326826 159.376234
106.326826 159.917217
106.326826 160.458200
106.326826 160.999183
106.867809 161.540166
106.867809 162.081149
106.867809 162.622132
107.408792 163.163115
107.408792 163.704098
107.408792 164.245081
106.867809 165.327047
106.326826 166.409013
106.326826 166.949996
105.785843 168.031962
105.244860 168.031962
104.703877 168.572945
104.162894 168.572945
103.621911 169.113929
103.080928 169.113929
102.539945 169.654912
101.998962 169.654912
101.457979 170.195895
100.376013 169.654912
99.835030 169.654912
99.294047 169.654912
98.753064 169.113929
97.671098 169.113929
97.130115 168.572945
96.589132 168.572945
95.507166 168.572945
94.966183 168.031962
94.425200 168.031962
93.884217 168.031962
92.802251 167.490979
92.261268 167.490979
91.720285 167.490979
91.179302 166.949996
90.097336 166.949996
89.556353 166.409013
89.015370 166.409013
88.474387 166.409013
87.392421 165.868030
86.851438 165.868030
86.310455 165.868030
85.228489 165.327047
84.687506 165.327047
84.146523 164.786064
83.605539 164.786064
82.523573 164.245081
81.982590 163.704098
81.441607 163.704098
80.900624 163.163115
80.359641 162.622132
79.277675 162.622132
78.736692 162.081149
78.195709 162.081149
77.654726 161.540166
76.572760 160.999183
76.031777 160.999183
75.490794 160.458200
74.949811 159.917217
74.408828 159.917217
73.326862 159.376234
72.785879 158.835251
72.244896 158.835251
71.703913 158.294268
70.621947 157.753285
70.080964 157.753285
69.539981 157.212302
68.998998 156.671319
68.458015 156.671319
67.376049 156.130336
66.835066 155.589353
66.294083 155.589353
65.753100 155.048370
65.212117 155.048370
64.671134 154.507387
64.130151 153.966404
63.589168 153.966404
63.048185 153.425421
62.507202 152.884438
61.966219 152.884438
61.425236 152.343455
60.884253 151.802472
60.343270 151.261489
60.343270 150.720506
60.343270 150.179523
59.802287 149.638540
59.802287 149.097557
59.802287 148.556574
59.261304 148.015591
59.261304 147.474608
59.261304 146.933625
59.261304 146.392642
59.261304 145.851659
58.720321 145.310676
58.720321 144.769693
58.720321 144.228710
58.720321 143.687727
58.720321 143.146744
58.720321 142.605761
58.720321 142.064778
58.720321 141.523795
58.179338 140.982812
58.179338 140.441829
58.179338 139.900846
58.720321 139.359863
58.720321 138.818879
58.720321 137.736913
59.261304 137.195930
59.261304 136.654947
59.802287 136.113964
59.802287 135.572981
59.802287 135.031998
60.343270 133.950032
60.343270 133.409049
60.884253 132.868066
60.884253 132.327083
61.425236 131.245117
61.425236 130.704134
61.425236 130.163151
61.966219 129.622168
61.966219 128.540202
62.507202 127.999219
62.507202 127.458236
62.507202 126.376270
63.048185 125.835287
63.048185 125.294304
63.589168 124.753321
63.589168 123.671355
63.589168 123.130372
64.130151 122.589389
64.130151 122.048406
64.671134 120.966440
64.671134 120.425457
64.671134 119.884474
65.212117 119.343491
65.212117 118.802508
65.753100 118.261525
65.753100 117.720542
66.294083 117.179559
66.294083 116.097593
66.835066 115.556610
67.376049 115.015627
67.376049 114.474644
67.917032 113.933661
68.458015 113.392678
68.458015 112.310712
68.998998 111.769729
69.539981 111.228746
69.539981 110.687763
70.080964 110.146780
70.621947 109.064813
71.162930 108.523830
71.162930 107.982847
71.703913 107.441864
72.244896 106.900881
72.244896 106.359898
72.785879 105.277932
73.326862 104.736949
73.326862 104.195966
73.867845 103.654983
74.408828 103.114000
74.408828 102.032034
74.949811 101.491051
75.490794 100.950068
76.031777 100.409085
76.031777 99.868102
76.572760 99.327119
77.113743 98.786136
77.654726 98.245153
78.195709 97.704170
78.195709 97.163187
78.736692 96.622204
79.277675 96.081221
79.818658 95.540238
79.818658 94.999255
80.359641 94.458272
80.900624 93.917289
81.441607 93.376306
81.982590 92.835323
81.982590 92.294340
82.523573 91.753357
83.064556 91.212374
83.605539 90.671391
83.605539 90.130408
84.146523 89.589425
84.687506 89.048442
85.228489 88.507459
85.769472 87.425493
85.769472 86.884510
86.310455 86.343527
86.851438 85.802544
87.392421 85.261561
87.933404 84.720578
88.474387 84.179595
89.015370 83.638612
89.556353 83.097629
90.097336 82.556646
90.638319 82.015663
91.179302 81.474680
91.720285 81.474680
92.261268 81.474680
92.802251 80.933697
93.343234 80.933697
93.884217 80.933697
94.425200 80.933697
94.966183 80.392714
95.507166 80.392714
96.048149 80.392714
97.130115 79.851730
97.671098 79.851730
98.212081 79.851730
98.753064 79.851730
99.294047 79.851730
99.835030 79.851730
100.376013 79.851730
101.457979 79.851730
101.998962 79.851730
102.539945 79.851730
103.080928 79.851730
103.621911 79.851730
104.162894 79.851730
105.244860 79.851730
105.785843 79.851730
106.326826 79.851730
106.867809 79.851730
107.408792 79.851730
108.490758 79.851730
109.031741 79.851730
109.572724 79.851730
110.113707 79.851730
110.654690 79.851730
111.195673 79.851730
111.736656 79.851730
112.818622 79.851730
113.359605 79.851730
113.900589 80.392714
114.441572 80.392714
114.982555 80.392714
115.523538 80.392714
116.605504 80.392714
117.146487 80.392714
117.687470 80.392714
118.228453 80.392714
118.769436 80.392714
119.310419 80.392714
120.392385 80.392714
120.933368 80.392714
121.474351 80.392714
122.015334 80.392714
122.556317 80.392714
123.097300 80.392714
123.638283 80.392714
124.179266 80.392714
124.720249 80.392714
125.261232 80.392714
125.802215 80.392714
126.884181 80.392714
127.425164 80.392714
127.966147 80.392714
128.507130 80.392714
129.048113 80.392714
129.589096 80.392714
130.671062 80.392714
131.212045 80.392714
131.753028 80.392714
132.294011 80.392714
132.834994 80.392714
133.375977 80.392714
133.375977 80.933697
133.916960 81.474680
133.916960 82.015663
134.457943 82.556646
134.457943 83.097629
134.457943 83.638612
134.998926 84.179595
134.998926 84.720578
134.457943 84.720578
