147.838544 81.526045
147.259353 82.105236
147.259353 82.684427
146.680162 83.263618
146.100971 83.842809
146.100971 84.422000
145.521780 85.580382
144.942589 86.159572
144.942589 86.738763
144.363398 87.317954
144.363398 87.897145
143.784207 87.897145
143.205016 88.476336
142.625826 88.476336
142.046635 88.476336
141.467444 88.476336
140.888253 89.055527
140.309062 89.055527
139.729871 89.055527
139.150680 89.055527
139.150680 89.634718
138.571489 89.634718
137.992298 89.634718
137.413107 89.634718
137.413107 90.213909
136.833917 90.213909
136.254726 90.793100
135.675535 90.793100
135.096344 91.372291
134.517153 91.372291
133.937962 91.372291
133.937962 91.951481
133.358771 91.951481
132.779580 91.951481
132.779580 92.530672
132.200389 92.530672
131.621199 92.530672
131.621199 93.109863
131.042008 93.689054
130.462817 93.689054
129.883626 94.268245
129.304435 94.847436
128.725244 94.847436
128.146053 95.426627
127.566862 96.005818
126.987671 96.585009
126.408481 96.585009
126.408481 97.164199
125.829290 97.164199
125.829290 97.743390
125.250099 98.322581
124.670908 98.901772
124.091717 98.901772
124.091717 99.480963
123.512526 99.480963
123.512526 100.060154
122.933335 100.639345
122.354144 100.639345
122.354144 101.218536
121.774953 101.797727
121.195762 102.376917
121.195762 102.956108
120.616572 102.956108
120.616572 103.535299
120.037381 104.114490
119.458190 104.693681
119.458190 105.272872
118.878999 105.852063
118.299808 106.431254
118.299808 107.010445
117.720617 107.589636
117.141426 108.168826
117.141426 108.748017
116.562235 109.327208
116.562235 109.906399
115.983044 110.485590
115.983044 111.064781
115.403854 111.643972
115.403854 112.223163
114.824663 112.802354
114.824663 113.381544
114.245472 113.960735
114.245472 114.539926
114.245472 115.119117
113.666281 115.698308
113.666281 116.277499
113.666281 116.856690
113.087090 117.435881
113.087090 118.015072
112.507899 118.594262
112.507899 119.173453
112.507899 119.752644
111.928708 120.331835
111.928708 120.911026
111.928708 121.490217
111.349517 122.069408
111.349517 122.648599
110.770326 123.227790
110.770326 123.806981
110.770326 124.386171
110.191135 124.965362
110.191135 125.544553
110.191135 126.123744
110.191135 126.702935
109.611945 127.282126
109.611945 127.861317
109.611945 128.440508
109.611945 129.019699
109.032754 129.598889
109.032754 130.178080
109.032754 130.757271
109.032754 131.336462
109.032754 131.915653
109.032754 132.494844
109.032754 133.074035
109.032754 133.653226
109.032754 134.232417
109.032754 134.811608
109.032754 135.390798
109.032754 135.969989
109.032754 136.549180
109.032754 137.128371
109.032754 137.707562
109.032754 138.286753
109.032754 138.865944
109.032754 139.445135
109.032754 140.024326
109.032754 140.603516
109.032754 141.182707
109.032754 141.761898
109.032754 142.341089
109.032754 142.920280
109.611945 142.920280
109.611945 143.499471
109.611945 144.078662
109.611945 144.657853
109.611945 145.237044
109.611945 145.816234
109.611945 146.395425
109.611945 146.974616
109.611945 147.553807
109.611945 148.132998
109.611945 148.712189
109.611945 149.291380
109.611945 149.870571
109.611945 150.449762
109.611945 151.028953
109.611945 151.608143
109.611945 152.187334
109.611945 152.766525
109.611945 153.345716
109.611945 153.924907
109.611945 154.504098
109.611945 155.083289
109.611945 155.662480
109.611945 156.241671
110.191135 156.820861
110.191135 157.400052
110.191135 157.979243
110.191135 158.558434
110.770326 159.137625
110.770326 159.716816
110.770326 160.296007
110.770326 160.875198
110.770326 161.454389
110.770326 162.033580
110.770326 162.612770
110.191135 163.191961
109.611945 164.350343
109.611945 164.929534
109.032754 165.508725
108.453563 166.087916
107.874372 166.667107
107.295181 166.667107
106.715990 167.246298
106.136799 167.825488
105.557608 168.404679
104.978417 168.404679
104.399227 168.404679
103.820036 168.404679
103.240845 168.404679
102.661654 168.404679
101.503272 168.404679
100.924081 168.404679
100.344890 168.404679
99.765699 168.404679
99.186509 168.404679
98.607318 168.404679
98.028127 168.404679
96.869745 168.404679
96.290554 168.404679
95.711363 168.404679
95.132172 168.404679
94.552981 168.404679
93.973790 168.404679
93.394600 168.404679
92.815409 168.404679
92.236218 168.404679
91.657027 168.404679
91.077836 168.404679
90.498645 168.404679
89.340263 168.404679
88.761072 168.404679
88.181882 168.404679
87.602691 168.404679
87.023500 168.404679
86.444309 168.404679
85.865118 168.404679
85.285927 168.404679
84.706736 168.404679
84.127545 168.404679
83.548354 168.404679
82.969163 168.404679
82.389973 168.404679
81.810782 167.825488
81.231591 167.246298
80.073209 166.667107
79.494018 166.087916
78.914827 165.508725
78.335636 164.350343
77.177255 163.771152
76.598064 163.191961
76.018873 162.612770
74.860491 161.454389
74.281300 160.875198
73.702109 160.296007
73.122918 159.716816
71.964537 159.137625
71.385346 157.979243
70.806155 157.400052
70.226964 156.820861
69.068582 156.241671
68.489391 155.083289
67.910200 154.504098
67.331009 153.924907
66.172628 153.345716
65.593437 152.766525
65.014246 151.608143
64.435055 151.028953
63.855864 150.449762
63.855864 149.870571
63.276673 149.291380
63.276673 148.712189
63.276673 148.132998
63.276673 147.553807
63.276673 146.395425
63.276673 145.816234
62.697482 145.237044
62.697482 144.657853
62.697482 144.078662
62.697482 143.499471
62.697482 142.920280
62.118291 142.341089
62.118291 141.761898
62.118291 141.182707
62.118291 140.024326
62.118291 139.445135
61.539100 138.865944
61.539100 138.286753
61.539100 137.707562
61.539100 137.128371
61.539100 136.549180
61.539100 135.969989
61.539100 135.390798
61.539100 134.811608
61.539100 133.653226
61.539100 133.074035
61.539100 132.494844
61.539100 131.915653
61.539100 131.336462
61.539100 130.757271
61.539100 130.178080
60.959910 129.598889
60.959910 129.019699
60.959910 128.440508
60.959910 127.861317
60.959910 126.702935
60.959910 126.123744
60.959910 125.544553
60.959910 124.965362
60.959910 124.386171
61.539100 123.806981
61.539100 123.227790
61.539100 122.648599
61.539100 122.069408
62.118291 121.490217
62.118291 120.911026
62.697482 120.331835
62.697482 119.752644
63.276673 119.173453
63.276673 118.594262
63.276673 118.015072
63.855864 117.435881
63.855864 116.856690
64.435055 116.277499
64.435055 115.698308
65.014246 115.119117
65.014246 114.539926
65.014246 113.960735
65.593437 113.381544
65.593437 112.802354
66.172628 112.223163
66.172628 111.643972
66.751818 111.064781
66.751818 110.485590
67.331009 109.906399
67.910200 109.327208
68.489391 108.748017
69.068582 108.168826
69.647773 107.589636
70.226964 107.010445
70.806155 106.431254
71.385346 105.852063
71.964537 105.272872
73.122918 104.693681
73.702109 104.114490
74.281300 103.535299
74.860491 102.376917
75.439682 101.797727
76.018873 101.218536
76.598064 100.639345
76.598064 100.060154
77.177255 99.480963
77.756445 98.901772
78.335636 98.322581
78.914827 97.743390
79.494018 97.164199
80.073209 96.585009
80.652400 96.005818
81.810782 95.426627
82.389973 94.847436
82.969163 94.268245
83.548354 93.689054
83.548354 93.109863
84.127545 92.530672
84.706736 91.951481
85.285927 91.372291
85.285927 90.793100
85.865118 90.213909
86.444309 89.634718
87.023500 88.476336
87.602691 87.897145
87.602691 87.317954
88.181882 86.738763
88.761072 86.159572
89.340263 85.580382
89.919454 85.001191
89.919454 84.422000
90.498645 83.842809
91.077836 83.263618
91.657027 82.684427
92.236218 82.105236
92.236218 81.526045
92.815409 80.946854
93.394600 80.367664
93.973790 79.788473
94.552981 79.209282
94.552981 78.630091
95.132172 78.050900
95.711363 77.471709
96.290554 76.892518
96.869745 76.313327
97.448936 76.313327
98.607318 75.734136
99.186509 75.734136
99.765699 75.734136
100.344890 75.734136
101.503272 75.734136
102.082463 75.734136
102.661654 75.734136
103.240845 75.734136
103.820036 75.734136
104.978417 75.734136
105.557608 75.734136
106.136799 75.734136
106.715990 75.734136
107.874372 75.734136
108.453563 75.154945
109.032754 75.154945
109.611945 75.154945
110.191135 75.154945
111.349517 75.154945
111.928708 75.154945
112.507899 75.154945
113.087090 75.154945
114.245472 75.154945
114.824663 75.154945
115.403854 75.154945
115.983044 75.154945
116.562235 75.154945
117.141426 75.154945
117.720617 75.154945
118.299808 75.154945
118.878999 75.154945
119.458190 75.154945
120.037381 75.154945
120.616572 75.154945
121.774953 75.154945
122.354144 75.154945
122.933335 75.154945
123.512526 75.154945
124.091717 75.154945
124.670908 75.154945
125.250099 75.154945
125.829290 75.154945
126.408481 75.154945
126.987671 75.154945
127.566862 75.154945
128.146053 75.154945
128.725244 75.154945
129.304435 75.154945
129.883626 75.154945
131.042008 75.154945
131.621199 75.154945
132.200389 75.154945
132.779580 75.154945
133.358771 75.154945
133.937962 75.154945
134.517153 75.154945
135.096344 75.154945
135.675535 75.154945
136.254726 75.154945
136.833917 75.734136
137.413107 75.734136
137.992298 75.734136
138.571489 75.734136
139.150680 76.313327
139.729871 76.313327
140.888253 76.313327
141.467444 76.892518
142.046635 76.892518
142.625826 76.892518
143.205016 77.471709
143.784207 77.471709
144.363398 77.471709
144.942589 77.471709
145.521780 78.050900
146.100971 78.050900
147.259353 78.050900
147.838544 78.630091
148.417734 78.630091
148.996925 78.630091
149.576116 78.630091
148.996925 79.209282
148.996925 79.788473
148.417734 80.367664
148.417734 80.946854
147.838544 81.526045
