118.117642 95.021902
118.117642 95.422873
117.716671 95.422873
117.716671 95.823844
117.315700 96.224815
116.914729 96.625786
116.513758 96.625786
116.513758 97.026757
116.112787 97.427727
115.711816 97.427727
115.711816 97.828698
115.310845 98.229669
114.909874 98.229669
114.909874 98.630640
114.508903 99.031611
114.107933 99.432582
113.706962 99.833553
113.305991 100.234524
113.305991 100.635495
112.905020 101.036466
112.504049 101.437436
112.103078 101.437436
112.103078 101.838407
112.103078 102.239378
111.702107 102.640349
111.301136 103.041320
111.301136 103.442291
110.900165 103.843262
110.900165 104.244233
110.499194 104.645204
110.098224 105.046175
110.098224 105.447146
109.697253 105.848116
109.697253 106.249087
109.697253 106.650058
109.296282 107.051029
108.895311 107.452000
108.895311 107.852971
108.494340 108.253942
108.494340 108.654913
108.494340 109.055884
108.093369 109.456855
108.093369 109.857826
107.692398 110.258796
107.692398 110.659767
107.692398 111.060738
107.291427 111.461709
107.291427 111.862680
107.291427 112.263651
106.890456 112.664622
106.890456 113.065593
106.890456 113.466564
106.890456 113.867535
106.489485 114.268506
106.489485 114.669476
106.489485 115.070447
106.489485 115.471418
106.489485 115.872389
106.489485 116.273360
106.088514 116.674331
106.088514 117.075302
106.088514 117.476273
106.088514 117.877244
106.088514 118.278215
106.088514 118.679185
106.088514 119.080156
106.088514 119.481127
106.088514 119.882098
106.088514 120.283069
106.088514 120.684040
106.088514 121.085011
106.088514 121.485982
106.088514 121.886953
106.088514 122.287924
106.088514 122.688895
106.088514 123.089865
106.088514 123.490836
106.088514 123.891807
106.088514 124.292778
106.088514 124.693749
106.088514 125.094720
106.088514 125.495691
106.088514 125.896662
106.088514 126.297633
106.088514 126.698604
106.088514 127.099575
106.088514 127.500545
106.088514 127.901516
106.088514 128.302487
106.088514 128.703458
106.088514 129.104429
106.088514 129.505400
106.088514 129.906371
106.088514 130.307342
106.088514 130.708313
106.088514 131.109284
106.088514 131.510254
106.088514 131.911225
106.088514 132.312196
106.088514 132.713167
106.088514 133.114138
106.088514 133.515109
106.088514 133.916080
106.088514 134.317051
106.088514 134.718022
106.088514 135.118993
106.088514 135.519964
106.088514 135.920934
106.088514 136.321905
106.088514 136.722876
106.088514 137.123847
106.088514 137.524818
106.088514 137.925789
106.088514 138.326760
106.088514 138.727731
106.088514 139.128702
106.088514 139.529673
106.088514 139.930644
106.088514 140.331614
106.088514 140.732585
106.489485 141.133556
106.489485 141.534527
106.489485 141.935498
106.489485 142.336469
106.489485 142.737440
106.489485 143.138411
106.489485 143.539382
106.890456 143.539382
106.890456 143.940353
106.890456 144.341324
106.890456 144.742294
106.890456 145.143265
107.291427 145.143265
107.291427 145.544236
107.291427 145.945207
107.692398 146.346178
107.692398 146.747149
107.692398 147.148120
107.692398 147.549091
108.093369 147.549091
108.093369 147.950062
108.093369 148.351033
108.494340 148.351033
108.494340 148.752003
108.494340 149.152974
108.494340 149.553945
108.895311 149.954916
108.895311 150.355887
109.296282 150.355887
109.296282 150.756858
109.296282 151.157829
109.697253 151.157829
109.697253 151.558800
109.697253 151.959771
110.098224 152.360742
110.098224 152.761713
110.499194 153.162683
110.499194 153.563654
110.900165 153.964625
110.900165 154.365596
111.301136 154.365596
111.301136 154.766567
111.702107 155.167538
111.702107 155.568509
111.702107 155.969480
112.103078 155.969480
112.504049 156.370451
112.504049 156.771422
112.905020 157.172393
113.305991 157.573363
113.305991 157.974334
113.706962 157.974334
113.706962 158.375305
114.107933 158.776276
113.706962 159.578218
113.706962 160.380160
113.706962 161.182102
113.706962 161.583073
113.305991 161.984043
112.905020 161.984043
112.504049 161.984043
111.702107 162.385014
111.301136 162.385014
110.900165 162.385014
110.499194 162.785985
110.098224 162.785985
109.697253 162.785985
109.296282 162.785985
108.895311 162.785985
108.494340 162.385014
107.692398 162.385014
107.291427 161.984043
106.890456 161.984043
106.489485 161.984043
106.088514 161.583073
105.687544 161.583073
104.885602 161.583073
104.484631 161.182102
104.083660 161.182102
103.682689 160.781131
103.281718 160.781131
102.880747 160.781131
102.479776 160.380160
101.677834 160.380160
101.276864 160.380160
100.875893 159.979189
100.474922 159.979189
100.073951 159.578218
99.672980 159.578218
98.871038 159.578218
98.470067 159.177247
98.069096 159.177247
97.668125 159.177247
97.267154 158.776276
96.866184 158.776276
96.064242 158.375305
95.663271 158.375305
95.262300 158.375305
94.861329 157.974334
94.460358 157.974334
94.059387 157.573363
93.257445 157.172393
92.856475 156.771422
92.455504 156.370451
91.653562 155.969480
91.252591 155.568509
90.851620 155.167538
90.049678 154.766567
89.648707 153.964625
89.247736 153.563654
88.846765 153.162683
88.044824 152.761713
87.643853 152.360742
87.242882 151.959771
86.440940 151.558800
86.039969 151.157829
85.638998 150.756858
84.837056 150.355887
84.436085 149.553945
84.035115 149.152974
83.233173 148.752003
82.832202 148.351033
82.431231 147.950062
81.629289 147.549091
81.228318 147.148120
80.827347 146.747149
80.426376 146.346178
80.025405 145.945207
79.624435 145.544236
78.822493 145.143265
78.421522 144.742294
78.020551 144.341324
77.619580 143.940353
77.218609 143.539382
76.817638 143.138411
76.416667 142.737440
76.015696 142.336469
76.015696 141.935498
76.015696 141.534527
76.015696 141.133556
76.015696 140.732585
76.015696 140.331614
76.015696 139.930644
76.015696 139.529673
76.015696 138.727731
76.015696 138.326760
76.015696 137.925789
76.015696 137.524818
76.015696 136.722876
76.015696 136.321905
76.416667 135.920934
76.416667 135.519964
76.416667 134.718022
76.416667 134.317051
76.416667 133.916080
76.416667 133.515109
76.416667 132.713167
76.416667 132.312196
76.416667 131.911225
76.416667 131.510254
76.416667 130.708313
76.416667 130.307342
76.817638 129.906371
76.817638 129.505400
76.817638 128.703458
76.817638 128.302487
76.817638 127.901516
76.817638 127.500545
76.817638 126.698604
76.817638 126.297633
76.817638 125.896662
76.817638 125.495691
76.817638 125.094720
76.817638 124.292778
77.218609 123.891807
77.218609 123.490836
77.218609 123.089865
77.218609 122.688895
77.619580 122.287924
77.619580 121.886953
77.619580 121.485982
78.020551 121.085011
78.020551 120.684040
78.421522 120.283069
78.421522 119.481127
78.822493 119.080156
78.822493 118.679185
78.822493 118.278215
79.223464 117.877244
79.223464 117.476273
79.624435 117.075302
79.624435 116.674331
80.025405 116.273360
80.025405 115.471418
80.426376 115.070447
80.426376 114.669476
80.827347 114.268506
81.228318 113.867535
81.629289 113.466564
82.030260 113.065593
82.431231 112.664622
82.832202 112.263651
83.233173 111.862680
83.233173 111.461709
83.634144 111.060738
84.035115 110.659767
84.436085 110.258796
84.837056 109.857826
85.238027 109.456855
85.638998 109.055884
86.039969 108.654913
86.440940 108.253942
86.841911 107.452000
87.242882 107.051029
87.643853 106.650058
88.044824 106.249087
88.445795 105.848116
88.846765 105.447146
89.247736 105.046175
89.247736 104.645204
89.648707 104.244233
90.049678 103.843262
90.450649 103.843262
91.252591 103.442291
91.653562 103.041320
92.054533 102.640349
92.455504 102.239378
92.856475 102.239378
93.257445 101.838407
94.059387 101.437436
94.460358 101.437436
94.861329 101.036466
95.262300 100.635495
96.064242 100.635495
96.465213 100.234524
96.866184 99.833553
97.668125 99.833553
98.069096 99.432582
98.470067 99.432582
98.871038 99.031611
99.672980 98.630640
100.073951 98.630640
100.474922 98.229669
100.875893 97.828698
101.677834 97.828698
102.078805 97.427727
102.479776 97.026757
103.281718 97.026757
103.682689 96.625786
104.083660 96.224815
104.484631 96.224815
104.885602 95.823844
105.286573 95.823844
105.687544 95.823844
106.088514 95.823844
106.489485 95.823844
106.890456 95.823844
107.692398 95.823844
108.093369 95.823844
108.494340 95.823844
108.895311 95.422873
109.296282 95.422873
109.697253 95.021902
110.098224 95.021902
110.499194 95.021902
110.900165 94.620931
111.301136 94.620931
111.702107 94.620931
112.103078 94.219960
112.504049 94.219960
112.905020 93.818989
113.305991 93.818989
113.706962 93.818989
114.107933 93.418018
114.508903 93.418018
114.909874 93.017047
115.310845 93.017047
115.711816 93.017047
116.513758 92.616077
116.914729 92.616077
117.315700 92.616077
117.716671 92.215106
118.117642 92.215106
118.518613 91.814135
118.518613 92.215106
118.518613 91.814135
118.518613 91.413164
118.518613 91.814135
118.518613 92.215106
118.919583 92.616077
118.919583 93.017047
118.919583 93.418018
118.919583 93.818989
118.518613 94.219960
118.518613 94.620931
118.117642 95.021902
