131.667036 83.822665
131.130084 83.822665
131.130084 84.359617
131.130084 84.896570
130.593131 85.433522
130.593131 85.970475
130.056179 86.507427
130.056179 87.044380
129.519226 87.581332
129.519226 88.118285
128.982274 88.118285
128.982274 88.655237
128.982274 89.192190
128.445321 89.729142
128.445321 90.266095
128.445321 90.803047
127.908369 91.340000
127.908369 91.876952
127.908369 92.413905
127.908369 92.950857
127.371416 93.487810
126.834464 94.024762
126.297511 94.561715
125.760559 94.561715
125.760559 95.098667
125.223606 95.635620
124.686654 96.172572
124.149701 96.709524
123.612749 97.246477
123.612749 97.783429
123.075796 97.783429
123.075796 98.320382
122.538844 98.857334
122.001891 99.394287
122.001891 99.931239
121.464939 99.931239
121.464939 100.468192
120.927986 101.005144
120.391034 101.542097
119.854081 102.079049
119.317129 102.616002
118.780176 103.152954
118.243224 103.689907
117.706271 104.226859
117.169319 104.763812
117.169319 105.300764
116.632366 105.837717
116.095414 106.374669
116.095414 106.911622
115.558461 107.448574
115.021509 107.985527
115.021509 108.522479
114.484556 109.059432
113.947604 109.596384
113.947604 110.133337
113.410651 110.670289
112.873699 111.207242
112.873699 111.744194
112.336746 112.281147
112.336746 112.818099
111.799794 113.355052
111.799794 113.892004
111.799794 114.428957
111.262841 114.965909
111.262841 115.502862
110.725889 116.039814
110.725889 116.576767
110.725889 117.113719
110.188936 117.650672
110.188936 118.187624
110.188936 118.724577
110.188936 119.261529
109.651984 119.798482
109.651984 120.335434
109.651984 120.872387
109.651984 121.409339
109.651984 121.946292
109.115031 122.483244
109.115031 123.020197
109.115031 123.557149
109.115031 124.094102
109.115031 124.631054
109.115031 125.168007
109.115031 125.704959
109.115031 126.241912
109.115031 126.778864
109.115031 127.315817
109.115031 127.852769
109.115031 128.389722
109.115031 128.926674
109.115031 129.463627
109.115031 130.000579
109.115031 130.537532
109.115031 131.074484
109.115031 131.611437
109.115031 132.148389
109.115031 132.685342
109.115031 133.222294
109.115031 133.759247
109.115031 134.296199
109.115031 134.833152
109.115031 135.370104
109.115031 135.907057
109.115031 136.444009
109.651984 136.444009
109.651984 136.980962
109.651984 137.517914
109.651984 138.054867
109.651984 138.591819
109.651984 139.128772
109.651984 139.665724
109.651984 140.202677
109.651984 140.739629
109.651984 141.276582
109.651984 141.813534
109.651984 142.350487
109.651984 142.887439
109.651984 143.424392
109.651984 143.961344
109.651984 144.498297
109.651984 145.035249
109.651984 145.572202
110.188936 145.572202
110.188936 146.109154
110.188936 146.646107
110.188936 147.183059
110.188936 147.720012
110.725889 148.256964
110.725889 148.793917
110.725889 149.330869
110.725889 149.867822
111.262841 150.404774
111.262841 150.941727
111.262841 151.478679
111.799794 152.015632
111.799794 152.552584
112.336746 153.089537
112.336746 153.626489
112.336746 154.163442
112.873699 154.700394
112.873699 155.237347
112.873699 155.774299
113.410651 156.311252
113.410651 156.848204
113.947604 157.385157
113.947604 157.922109
113.947604 158.459062
113.947604 158.996014
113.947604 159.532967
113.410651 160.069919
113.410651 160.606872
112.873699 161.143824
112.873699 161.680777
112.873699 162.217729
112.336746 162.754682
112.336746 163.291634
111.799794 163.828587
111.799794 164.365539
111.799794 164.902492
111.262841 165.439444
111.262841 165.976397
111.262841 166.513349
110.188936 166.513349
109.651984 166.513349
109.115031 166.513349
108.578079 166.513349
108.041126 166.513349
107.504174 166.513349
106.967221 166.513349
106.430269 166.513349
105.893316 166.513349
105.356364 166.513349
104.819411 166.513349
104.282459 166.513349
103.745506 166.513349
103.208554 166.513349
102.671601 165.976397
102.134649 165.976397
101.597696 165.439444
101.060744 165.439444
100.523791 165.439444
99.986839 164.902492
99.449886 164.902492
98.912934 164.365539
98.375981 164.365539
97.839029 164.365539
97.302076 163.828587
96.765124 163.828587
96.228171 163.828587
95.691219 163.291634
95.154266 163.291634
94.617314 162.754682
94.080361 162.754682
93.543409 162.754682
93.006456 162.217729
92.469504 162.217729
91.932551 162.217729
91.395599 161.680777
90.858646 161.680777
90.321694 161.143824
89.784741 161.143824
89.247789 161.143824
88.710836 160.606872
88.173884 160.606872
87.636931 160.069919
87.099979 160.069919
86.563026 160.069919
86.026074 159.532967
85.489121 159.532967
84.952169 159.532967
84.415216 158.996014
83.878264 158.996014
83.341311 158.459062
82.804359 157.922109
82.267406 157.385157
81.730454 157.385157
81.193501 156.848204
80.656549 156.311252
80.119596 155.774299
79.582644 155.237347
79.045691 154.700394
78.508739 154.700394
77.971786 154.163442
77.434834 153.626489
76.897881 153.089537
76.360929 152.552584
75.823976 152.015632
75.287024 152.015632
74.750071 151.478679
74.213119 150.941727
73.676166 150.404774
73.139214 149.867822
72.602261 149.330869
72.065309 149.330869
71.528356 148.793917
70.991404 148.256964
70.454451 147.720012
69.917499 147.183059
69.380546 146.646107
68.843594 146.646107
68.306641 146.109154
67.769689 145.572202
67.232736 145.035249
67.232736 144.498297
66.695784 143.961344
66.695784 143.424392
66.695784 142.887439
66.695784 142.350487
66.695784 141.813534
66.158832 141.276582
66.158832 140.739629
66.158832 140.202677
66.158832 139.665724
65.621879 139.128772
65.621879 138.591819
65.621879 138.054867
65.621879 137.517914
65.621879 136.980962
65.084927 136.444009
65.084927 135.907057
65.084927 135.370104
65.084927 134.833152
65.084927 134.296199
64.547974 133.759247
64.547974 133.222294
64.547974 132.685342
64.547974 132.148389
64.547974 131.611437
64.547974 131.074484
65.084927 130.537532
65.084927 130.000579
65.084927 129.463627
65.621879 128.926674
65.621879 128.389722
66.158832 127.852769
66.158832 127.315817
66.158832 126.778864
66.695784 126.241912
66.695784 125.704959
67.232736 125.168007
67.232736 124.631054
67.232736 124.094102
67.769689 123.557149
67.769689 123.020197
68.306641 122.483244
68.306641 121.946292
68.306641 121.409339
68.843594 120.872387
68.843594 120.335434
69.380546 119.798482
69.380546 119.261529
69.917499 118.724577
69.917499 118.187624
69.917499 117.650672
70.454451 117.113719
70.454451 116.576767
70.991404 116.039814
70.991404 115.502862
70.991404 114.965909
71.528356 114.428957
71.528356 113.892004
72.065309 113.355052
72.065309 112.818099
72.065309 112.281147
72.602261 111.744194
73.139214 111.207242
73.139214 110.670289
73.676166 110.133337
74.213119 109.596384
74.213119 109.059432
74.750071 108.522479
74.750071 107.985527
75.287024 107.448574
75.823976 106.911622
75.823976 106.374669
76.360929 105.837717
76.360929 105.300764
76.897881 104.763812
77.434834 104.226859
77.434834 103.689907
77.971786 103.152954
77.971786 102.616002
78.508739 102.079049
79.045691 101.542097
79.045691 101.005144
79.582644 100.468192
79.582644 99.931239
80.119596 99.394287
80.656549 98.857334
80.656549 98.320382
81.193501 97.783429
81.730454 97.246477
81.730454 96.709524
82.267406 96.172572
82.804359 95.635620
83.341311 95.098667
83.878264 94.561715
84.415216 94.024762
84.952169 93.487810
85.489121 92.950857
86.026074 92.413905
86.563026 92.413905
87.099979 91.876952
87.636931 91.340000
88.173884 90.803047
88.710836 90.266095
89.247789 89.729142
89.784741 89.192190
90.321694 88.655237
90.858646 88.655237
91.395599 88.118285
91.932551 87.581332
92.469504 87.044380
93.006456 86.507427
93.543409 85.970475
94.080361 85.433522
94.617314 85.433522
95.154266 84.896570
95.691219 84.359617
96.228171 84.359617
96.765124 84.359617
97.302076 83.822665
97.839029 83.822665
98.375981 83.285712
98.912934 83.285712
99.449886 82.748760
99.986839 82.748760
100.523791 82.748760
101.060744 82.211807
101.597696 82.211807
102.134649 81.674855
102.671601 81.674855
103.208554 81.674855
103.745506 81.137902
104.282459 81.137902
104.819411 80.600950
105.356364 80.600950
105.893316 80.063997
106.430269 80.063997
106.967221 80.063997
107.504174 79.527045
108.041126 79.527045
108.578079 78.990092
109.115031 78.990092
109.651984 78.990092
110.188936 78.990092
110.725889 78.990092
111.262841 78.990092
111.799794 78.990092
112.336746 78.990092
112.873699 78.990092
113.410651 78.990092
113.947604 78.990092
114.484556 78.990092
115.021509 78.990092
115.558461 78.990092
116.095414 78.990092
116.632366 78.990092
117.169319 78.990092
117.706271 78.990092
118.243224 78.990092
118.780176 78.990092
119.317129 78.990092
119.854081 78.990092
120.391034 78.990092
120.927986 78.990092
121.464939 78.990092
122.001891 78.990092
122.538844 78.990092
123.075796 78.990092
123.612749 78.990092
124.149701 79.527045
124.686654 79.527045
125.223606 79.527045
125.760559 79.527045
126.297511 79.527045
126.834464 79.527045
127.371416 79.527045
127.908369 79.527045
128.445321 80.063997
128.982274 80.063997
129.519226 80.600950
130.056179 81.137902
130.593131 81.137902
131.130084 81.674855
131.667036 82.211807
132.203989 82.211807
132.203989 82.748760
131.667036 83.285712
131.667036 83.822665
