142.071003 85.679926
141.452635 85.679926
140.834266 85.679926
140.215898 85.679926
139.597530 85.679926
139.597530 86.298294
138.979161 86.298294
138.360793 86.298294
137.742424 86.298294
137.124056 86.916662
136.505688 86.916662
135.887319 86.916662
135.268951 86.916662
135.268951 87.535031
134.650583 87.535031
134.032214 88.153399
133.413846 88.153399
132.795477 88.153399
132.177109 88.771767
131.558741 88.771767
130.940372 89.390136
130.322004 89.390136
129.703635 89.390136
129.703635 90.008504
129.085267 90.008504
128.466899 90.008504
128.466899 90.626873
127.848530 90.626873
127.230162 90.626873
127.230162 91.245241
126.611794 91.245241
125.993425 91.245241
125.993425 91.863609
125.375057 91.863609
125.375057 92.481978
124.756688 92.481978
124.138320 93.100346
123.519952 93.718714
122.901583 93.718714
122.283215 94.337083
121.664847 94.337083
121.664847 94.955451
121.046478 94.955451
120.428110 95.573820
119.809741 96.192188
119.191373 96.192188
119.191373 96.810556
118.573005 96.810556
118.573005 97.428925
117.954636 97.428925
117.954636 98.047293
117.336268 98.047293
117.336268 98.665662
116.717900 98.665662
116.099531 99.284030
115.481163 99.902398
114.862794 100.520767
114.244426 101.139135
114.244426 101.757503
113.626058 102.375872
113.007689 102.994240
112.389321 103.612609
111.770953 104.230977
111.152584 104.849345
110.534216 105.467714
110.534216 106.086082
109.915847 106.704450
109.297479 107.322819
109.297479 107.941187
108.679111 108.559556
108.060742 109.177924
108.060742 109.796292
107.442374 110.414661
106.824005 111.033029
106.824005 111.651397
106.205637 112.269766
106.205637 112.888134
105.587269 113.506503
105.587269 114.124871
104.968900 114.743239
104.968900 115.361608
104.350532 115.979976
104.350532 116.598344
103.732164 117.216713
103.732164 117.835081
103.732164 118.453450
103.113795 119.071818
103.113795 119.690186
102.495427 120.308555
102.495427 120.926923
102.495427 121.545292
101.877058 122.163660
101.877058 122.782028
101.877058 123.400397
101.877058 124.018765
101.258690 124.637133
101.258690 125.255502
101.258690 125.873870
101.258690 126.492239
100.640322 127.110607
100.640322 127.728975
100.640322 128.347344
100.640322 128.965712
100.640322 129.584080
100.021953 130.202449
100.021953 130.820817
100.021953 131.439186
100.021953 132.057554
100.021953 132.675922
100.021953 133.294291
100.021953 133.912659
100.021953 134.531027
100.021953 135.149396
100.021953 135.767764
100.021953 136.386133
99.403585 137.004501
99.403585 137.622869
99.403585 138.241238
99.403585 138.859606
99.403585 139.477974
99.403585 140.096343
99.403585 140.714711
99.403585 141.333080
99.403585 141.951448
99.403585 142.569816
100.021953 143.188185
100.021953 143.806553
100.021953 144.424921
100.021953 145.043290
100.021953 145.661658
100.021953 146.280027
100.021953 146.898395
100.021953 147.516763
100.021953 148.135132
100.021953 148.753500
100.021953 149.371869
100.640322 149.990237
100.640322 150.608605
100.640322 151.226974
100.640322 151.845342
100.640322 152.463710
101.258690 153.082079
101.258690 153.700447
101.258690 154.318816
101.258690 154.937184
101.877058 155.555552
101.877058 156.173921
101.877058 156.792289
101.877058 157.410657
102.495427 158.029026
102.495427 158.647394
102.495427 159.265763
103.113795 159.884131
103.113795 160.502499
103.732164 161.120868
103.732164 161.739236
103.732164 162.357604
103.113795 162.975973
103.113795 163.594341
102.495427 164.831078
101.877058 165.449446
101.877058 166.067815
101.258690 167.304551
100.640322 167.922920
100.021953 168.541288
99.403585 169.159657
98.785217 169.159657
98.166848 169.778025
97.548480 170.396393
96.930111 171.014762
96.311743 171.633130
95.693375 171.633130
95.075006 171.633130
94.456638 172.251499
93.838270 172.251499
93.219901 172.251499
92.601533 172.251499
91.983164 172.251499
91.364796 172.869867
90.746428 172.869867
90.128059 172.869867
89.509691 172.869867
88.891323 172.869867
88.272954 172.869867
87.654586 173.488235
87.036217 173.488235
86.417849 172.869867
85.799481 172.869867
84.562744 172.251499
83.944376 172.251499
83.326007 171.633130
82.089270 171.014762
81.470902 171.014762
80.852534 170.396393
80.234165 170.396393
78.997428 169.778025
78.379060 169.778025
77.760692 169.159657
77.142323 168.541288
75.905587 168.541288
75.287218 167.922920
74.668850 167.922920
74.050481 167.304551
72.813745 167.304551
72.195376 166.686183
71.577008 166.067815
70.958640 166.067815
69.721903 165.449446
69.103534 165.449446
68.485166 164.831078
67.866798 164.831078
67.248429 164.212710
66.011693 163.594341
65.393324 162.975973
64.774956 162.975973
64.156587 162.357604
63.538219 161.739236
62.919851 161.120868
62.301482 161.120868
61.683114 160.502499
60.446377 159.884131
59.828009 159.265763
59.209640 159.265763
58.591272 158.647394
57.972904 158.029026
57.354535 157.410657
57.354535 156.792289
56.736167 156.173921
56.736167 155.555552
56.117798 154.937184
56.117798 154.318816
55.499430 153.700447
55.499430 152.463710
54.881062 151.845342
54.881062 151.226974
54.262693 150.608605
54.262693 149.990237
53.644325 149.371869
53.644325 148.753500
53.025957 148.135132
53.025957 147.516763
52.407588 146.898395
52.407588 146.280027
52.407588 145.661658
51.789220 145.043290
51.789220 144.424921
51.170851 143.806553
51.170851 143.188185
51.170851 142.569816
50.552483 141.951448
50.552483 140.714711
50.552483 140.096343
50.552483 139.477974
51.170851 138.859606
51.170851 138.241238
51.170851 137.622869
51.170851 137.004501
51.170851 136.386133
51.789220 135.767764
51.789220 135.149396
51.789220 134.531027
51.789220 133.294291
51.789220 132.675922
52.407588 132.057554
52.407588 131.439186
52.407588 130.820817
52.407588 130.202449
52.407588 129.584080
53.025957 128.965712
53.025957 128.347344
53.025957 127.728975
53.025957 127.110607
53.644325 126.492239
53.644325 125.873870
54.262693 125.255502
54.881062 124.637133
54.881062 124.018765
55.499430 123.400397
55.499430 122.782028
56.117798 122.163660
56.117798 121.545292
56.736167 120.926923
56.736167 120.308555
57.354535 119.690186
57.354535 119.071818
57.972904 118.453450
57.972904 117.835081
57.972904 117.216713
58.591272 116.598344
58.591272 115.979976
58.591272 115.361608
58.591272 114.743239
59.209640 114.124871
59.209640 113.506503
59.209640 112.888134
59.209640 112.269766
59.828009 111.651397
60.446377 111.033029
61.064746 109.796292
61.683114 109.177924
62.301482 108.559556
62.919851 107.322819
63.538219 106.704450
64.156587 106.086082
64.774956 104.849345
65.393324 104.230977
66.011693 103.612609
66.630061 102.375872
67.248429 101.757503
67.866798 101.139135
68.485166 99.902398
69.103534 99.284030
69.721903 98.665662
70.340271 97.428925
70.958640 96.810556
72.195376 96.192188
72.813745 95.573820
73.432113 94.337083
74.050481 93.718714
75.287218 93.100346
75.905587 91.863609
76.523955 91.245241
77.760692 90.626873
78.379060 89.390136
78.997428 88.771767
79.615797 88.153399
80.852534 86.916662
81.470902 86.298294
82.089270 85.679926
83.326007 84.443189
83.944376 83.824820
84.562744 83.206452
85.181112 81.969715
86.417849 81.351347
87.036217 80.732979
87.654586 79.496242
88.891323 78.877873
89.509691 78.259505
90.128059 77.641137
90.746428 77.641137
91.364796 77.022768
91.983164 76.404400
92.601533 76.404400
93.219901 75.786032
93.838270 75.167663
94.456638 75.167663
95.075006 74.549295
95.693375 73.930926
96.311743 73.930926
96.930111 73.312558
97.548480 73.312558
98.166848 72.694190
98.785217 72.075821
99.403585 72.075821
100.021953 71.457453
101.258690 70.839084
101.877058 70.839084
102.495427 70.220716
103.113795 69.602348
103.732164 69.602348
104.350532 68.983979
104.968900 68.365611
105.587269 68.365611
106.205637 68.365611
106.824005 68.365611
107.442374 68.365611
108.060742 68.365611
108.679111 68.365611
109.297479 68.365611
109.915847 68.365611
110.534216 68.365611
111.152584 68.365611
111.770953 68.365611
112.389321 68.365611
113.007689 68.365611
113.626058 67.747243
114.244426 67.747243
114.862794 67.747243
115.481163 67.747243
116.099531 67.747243
116.717900 67.747243
117.336268 67.747243
118.573005 67.747243
119.191373 67.747243
119.809741 67.747243
120.428110 67.747243
121.046478 67.747243
121.664847 67.747243
122.283215 67.747243
122.901583 67.747243
123.519952 67.747243
124.138320 68.365611
124.756688 68.365611
125.375057 68.365611
125.993425 68.365611
127.230162 68.365611
127.848530 68.365611
128.466899 68.365611
129.085267 68.983979
129.703635 68.983979
130.322004 69.602348
130.940372 70.220716
131.558741 70.220716
132.177109 70.839084
132.795477 70.839084
133.413846 71.457453
134.032214 72.075821
134.650583 72.694190
135.268951 72.694190
135.268951 73.312558
135.887319 73.312558
136.505688 73.930926
137.124056 73.930926
137.742424 74.549295
138.360793 74.549295
138.979161 75.167663
139.597530 75.167663
140.215898 75.786032
140.834266 75.786032
141.452635 76.404400
142.071003 77.022768
142.071003 77.641137
142.689371 78.259505
142.689371 78.877873
143.307740 79.496242
143.307740 80.114610
143.926108 80.732979
143.926108 81.351347
144.544477 81.969715
143.926108 82.588084
143.307740 82.588084
143.926108 82.588084
144.544477 81.969715
143.926108 82.588084
143.926108 83.206452
143.307740 83.824820
142.689371 84.443189
142.689371 85.061557
142.071003 85.679926
