119.857607 97.373065
119.857607 97.726931
119.857607 98.080797
119.503741 98.434663
119.503741 98.788530
119.503741 98.434663
119.503741 98.788530
119.503741 98.434663
119.503741 98.788530
119.149875 99.142396
118.796008 99.496262
118.442142 99.850129
118.442142 100.203995
118.088276 100.557861
117.734410 100.911727
117.734410 101.265594
117.380543 101.619460
117.380543 101.973326
117.026677 102.327193
116.672811 102.681059
116.672811 103.034925
116.318944 103.388791
116.318944 103.742658
115.965078 104.096524
115.965078 104.450390
115.611212 104.804256
115.611212 105.158123
115.257346 105.511989
115.257346 105.865855
114.903479 106.219722
114.903479 106.573588
114.549613 106.927454
114.549613 107.281320
114.549613 107.635187
114.195747 107.989053
114.195747 108.342919
113.841880 108.696786
113.841880 109.050652
113.841880 109.404518
113.488014 109.758384
113.488014 110.112251
113.488014 110.466117
113.134148 110.819983
113.134148 111.173849
113.134148 111.527716
113.134148 111.881582
112.780282 112.235448
112.780282 112.589315
112.780282 112.943181
112.780282 113.297047
112.426415 113.650913
112.426415 114.004780
112.426415 114.358646
112.426415 114.712512
112.426415 115.066379
112.072549 115.420245
112.072549 115.774111
112.072549 116.127977
112.072549 116.481844
112.072549 116.835710
112.072549 117.189576
112.072549 117.543442
111.718683 117.897309
111.718683 118.251175
111.718683 118.605041
111.718683 118.958908
111.718683 119.312774
111.364817 119.666640
111.364817 120.020506
111.364817 120.374373
111.010950 120.728239
111.010950 121.082105
111.010950 121.435972
110.657084 121.789838
110.657084 122.143704
110.657084 122.497570
110.303218 122.851437
110.303218 123.205303
110.303218 123.559169
109.949351 123.913035
109.949351 124.266902
109.949351 124.620768
109.595485 124.974634
109.595485 125.328501
109.595485 125.682367
109.595485 126.036233
109.241619 126.390099
109.241619 126.743966
109.241619 127.097832
109.241619 127.451698
108.887753 127.805565
108.887753 128.159431
108.887753 128.513297
108.887753 128.867163
108.887753 129.221030
108.533886 129.574896
108.533886 129.928762
108.533886 130.282629
108.533886 130.636495
108.533886 130.990361
108.533886 131.344227
108.533886 131.698094
108.533886 131.344227
108.533886 131.698094
108.180020 132.051960
108.180020 132.405826
108.180020 132.051960
108.180020 131.698094
108.533886 131.698094
108.533886 131.344227
108.533886 131.698094
108.180020 132.051960
108.180020 132.405826
108.180020 132.051960
108.180020 131.698094
108.533886 131.698094
108.533886 131.344227
108.533886 131.698094
108.180020 132.051960
108.180020 132.405826
108.180020 132.051960
108.533886 131.698094
108.533886 131.344227
108.533886 131.698094
108.180020 132.051960
108.180020 132.405826
108.180020 132.051960
108.180020 131.698094
108.533886 131.698094
108.180020 132.051960
108.180020 132.405826
108.180020 132.051960
108.180020 132.405826
108.180020 132.759692
108.180020 132.405826
108.180020 132.051960
108.180020 132.405826
108.180020 132.051960
108.180020 132.405826
108.180020 132.051960
108.180020 132.405826
108.180020 132.051960
108.180020 131.698094
108.180020 132.051960
108.533886 131.698094
108.180020 132.051960
108.180020 132.405826
108.180020 132.051960
108.180020 132.405826
108.180020 132.051960
108.533886 131.698094
108.180020 132.051960
108.180020 132.405826
108.180020 132.759692
108.180020 132.405826
108.180020 132.405826
108.180020 132.051960
108.180020 132.405826
108.180020 132.051960
108.180020 132.405826
108.180020 132.051960
108.533886 131.698094
108.180020 132.051960
108.180020 132.405826
108.180020 132.759692
108.180020 132.405826
108.180020 132.051960
108.180020 132.405826
108.180020 132.051960
108.533886 131.698094
108.180020 132.051960
108.180020 132.405826
108.180020 132.051960
108.180020 132.405826
108.180020 132.051960
108.180020 132.405826
108.180020 132.051960
108.180020 131.698094
108.180020 132.051960
108.180020 132.405826
108.180020 132.051960
108.180020 132.405826
108.180020 132.051960
108.180020 132.405826
108.180020 132.405826
108.180020 132.051960
108.180020 132.405826
108.180020 132.051960
108.180020 131.698094
108.533886 131.698094
108.180020 132.051960
108.180020 131.698094
108.180020 132.051960
108.180020 132.405826
107.826154 132.051960
108.180020 132.405826
108.180020 132.051960
108.180020 132.405826
107.826154 132.051960
108.180020 132.405826
107.826154 132.051960
108.180020 132.405826
108.180020 132.051960
108.180020 132.405826
108.180020 132.051960
108.180020 132.405826
108.180020 132.051960
108.180020 132.405826
108.180020 132.051960
108.180020 132.405826
108.180020 132.051960
108.180020 132.405826
108.180020 132.051960
108.180020 132.405826
108.180020 132.759692
108.180020 132.759692
108.180020 133.113559
108.180020 132.759692
108.180020 132.405826
108.180020 132.759692
108.180020 133.113559
108.180020 132.759692
108.180020 132.405826
108.180020 132.759692
108.180020 133.113559
108.180020 132.759692
108.180020 133.113559
108.180020 132.759692
108.180020 133.113559
108.180020 133.467425
108.180020 133.113559
108.180020 133.467425
108.180020 133.113559
108.180020 132.759692
108.180020 133.113559
108.180020 133.467425
108.180020 133.113559
108.180020 132.759692
108.180020 133.113559
108.180020 133.467425
108.180020 133.113559
108.180020 133.467425
108.180020 133.113559
108.180020 132.759692
108.180020 133.113559
108.180020 133.467425
108.180020 133.113559
108.180020 132.759692
108.180020 133.113559
108.180020 133.467425
108.180020 133.113559
108.180020 132.759692
108.180020 133.113559
108.180020 133.467425
108.180020 133.113559
108.180020 132.759692
108.180020 133.113559
108.180020 133.467425
108.180020 133.113559
108.180020 133.467425
108.180020 133.113559
108.180020 132.759692
108.180020 133.113559
108.180020 133.467425
108.180020 133.113559
108.180020 132.759692
108.180020 133.113559
108.180020 133.467425
108.180020 133.113559
108.180020 133.467425
108.180020 133.113559
108.180020 132.759692
108.180020 133.113559
108.180020 133.467425
108.180020 133.113559
108.180020 132.759692
108.180020 133.113559
108.180020 133.467425
108.180020 133.113559
108.180020 132.759692
108.180020 133.113559
108.180020 133.467425
108.180020 133.113559
108.180020 132.759692
108.180020 133.113559
108.180020 133.467425
108.180020 133.113559
108.180020 133.467425
108.180020 133.113559
108.180020 133.467425
108.180020 133.113559
108.180020 133.467425
108.180020 133.113559
108.180020 133.467425
108.180020 133.113559
108.180020 133.467425
108.180020 133.821291
108.180020 134.175158
108.180020 133.821291
108.180020 133.467425
108.180020 133.821291
108.180020 134.175158
108.180020 133.821291
108.180020 133.467425
108.180020 133.821291
108.180020 134.175158
108.180020 133.821291
108.180020 133.467425
108.180020 133.113559
108.180020 133.467425
108.180020 133.113559
108.180020 133.467425
108.180020 133.113559
108.180020 133.467425
108.180020 133.821291
108.180020 134.175158
108.180020 133.821291
108.180020 134.175158
108.180020 133.821291
108.180020 134.175158
108.180020 133.821291
108.180020 134.175158
108.180020 133.821291
108.180020 134.175158
108.180020 133.821291
108.180020 133.467425
108.180020 133.821291
108.180020 134.175158
108.180020 133.821291
108.180020 134.175158
108.180020 133.821291
108.180020 133.467425
108.180020 133.821291
108.180020 134.175158
108.180020 133.821291
108.180020 133.467425
108.180020 133.821291
108.180020 134.175158
108.180020 133.821291
108.180020 133.467425
108.180020 133.821291
108.180020 134.175158
108.180020 133.821291
108.180020 133.467425
108.180020 133.821291
108.180020 134.175158
108.180020 133.821291
108.180020 134.175158
108.180020 133.821291
108.180020 134.175158
108.180020 133.821291
108.180020 134.175158
108.180020 133.821291
108.180020 134.175158
108.180020 133.821291
108.180020 134.175158
108.180020 134.529024
108.180020 134.882890
108.180020 135.236756
107.826154 135.590623
107.826154 135.944489
107.826154 136.298355
107.826154 136.652222
107.826154 137.006088
107.826154 137.359954
107.826154 137.713820
107.826154 137.359954
107.826154 137.713820
107.826154 137.359954
107.826154 137.006088
107.826154 136.652222
107.826154 137.006088
107.826154 136.652222
107.826154 137.006088
107.826154 137.359954
107.826154 137.713820
107.826154 137.359954
107.826154 137.006088
107.826154 136.652222
107.826154 137.006088
107.826154 137.359954
107.826154 137.713820
107.826154 138.067687
107.826154 138.421553
107.826154 138.775419
107.826154 139.129285
107.826154 139.483152
107.826154 139.837018
107.826154 140.190884
107.826154 140.544751
107.826154 140.898617
107.826154 141.252483
107.826154 141.606349
107.826154 141.960216
108.180020 142.314082
108.180020 142.667948
108.180020 143.021815
108.180020 143.375681
108.180020 143.021815
108.180020 143.375681
108.180020 143.729547
108.180020 144.083413
108.180020 143.729547
108.180020 144.083413
108.180020 144.437280
108.180020 144.791146
108.180020 144.437280
108.180020 144.791146
108.533886 145.145012
108.180020 144.791146
108.180020 144.437280
108.180020 144.791146
108.533886 145.145012
108.533886 145.498878
108.533886 145.145012
108.533886 145.498878
108.533886 145.852745
108.533886 146.206611
108.533886 145.852745
108.533886 146.206611
108.533886 146.560477
108.533886 146.914344
108.533886 146.560477
108.533886 146.914344
108.533886 147.268210
108.533886 147.622076
108.887753 147.622076
108.533886 147.268210
108.533886 146.914344
108.533886 146.560477
108.533886 146.206611
108.533886 145.852745
108.533886 145.498878
108.533886 145.145012
108.180020 145.145012
108.180020 144.791146
108.180020 144.437280
108.180020 144.083413
108.180020 143.729547
108.180020 143.375681
108.180020 143.729547
108.180020 144.083413
108.180020 144.437280
108.180020 144.083413
107.826154 144.437280
108.180020 144.083413
107.826154 143.729547
107.826154 143.375681
107.826154 143.729547
107.826154 144.083413
108.180020 144.437280
108.180020 144.791146
108.180020 144.437280
107.826154 144.791146
108.180020 144.437280
107.826154 144.083413
107.826154 143.729547
107.826154 143.375681
107.826154 143.729547
107.826154 144.083413
108.180020 144.437280
107.826154 144.083413
107.826154 143.729547
107.826154 143.375681
107.826154 143.729547
107.826154 144.083413
108.180020 144.437280
107.826154 144.083413
107.826154 143.729547
107.826154 143.375681
107.826154 143.729547
107.826154 144.083413
108.180020 144.437280
107.826154 144.083413
107.826154 143.729547
107.826154 143.375681
107.826154 143.021815
107.826154 142.667948
107.826154 142.314082
107.826154 142.667948
107.826154 143.021815
107.826154 143.375681
107.826154 143.729547
107.826154 143.375681
107.826154 143.021815
107.826154 142.667948
107.826154 143.021815
107.826154 142.667948
107.826154 142.314082
107.826154 142.667948
107.826154 143.021815
107.826154 143.375681
107.826154 143.021815
107.826154 142.667948
107.826154 142.314082
107.826154 141.960216
107.826154 142.314082
107.826154 142.667948
107.826154 143.021815
107.826154 142.667948
107.826154 142.314082
107.826154 142.667948
107.826154 143.021815
107.826154 143.375681
107.826154 143.021815
107.826154 142.667948
107.826154 142.314082
107.826154 142.667948
107.826154 143.021815
107.826154 143.375681
107.826154 143.729547
107.826154 144.083413
108.180020 144.437280
108.180020 144.791146
108.180020 145.145012
108.180020 145.498878
108.180020 145.852745
108.180020 146.206611
108.180020 146.560477
108.180020 146.914344
108.180020 147.268210
108.180020 147.622076
108.533886 147.975942
108.533886 148.329809
108.533886 148.683675
108.533886 149.037541
108.533886 149.391408
108.533886 149.745274
108.533886 150.099140
108.533886 150.453006
108.887753 150.453006
108.887753 150.806873
108.887753 151.160739
108.887753 151.514605
108.887753 151.868471
108.887753 152.222338
109.241619 152.222338
109.241619 152.576204
109.241619 152.222338
109.241619 152.576204
109.241619 152.930070
109.241619 153.283937
109.595485 153.637803
109.595485 153.991669
109.595485 154.345535
109.595485 154.699402
109.595485 155.053268
109.949351 155.053268
109.949351 155.407134
109.949351 155.761001
110.303218 156.114867
109.949351 156.468733
110.303218 156.822599
110.657084 157.176466
110.657084 157.530332
110.657084 157.884198
110.657084 158.238064
111.010950 158.238064
111.010950 158.591931
111.010950 158.945797
110.657084 158.591931
110.303218 158.591931
109.949351 158.591931
109.595485 158.591931
109.241619 158.591931
108.887753 158.238064
108.533886 157.884198
108.180020 157.176466
108.180020 156.822599
107.826154 156.468733
107.472287 156.114867
107.118421 156.114867
106.764555 155.761001
106.056822 155.761001
105.702956 155.407134
105.349090 155.407134
104.995224 155.053268
104.641357 155.053268
104.287491 154.699402
103.933625 154.699402
103.579758 154.699402
103.225892 154.345535
102.872026 154.345535
102.518160 153.991669
102.164293 153.991669
101.810427 153.637803
101.102694 153.637803
100.748828 153.283937
100.394962 153.283937
100.041096 152.930070
99.687229 152.930070
99.333363 152.576204
98.979497 152.576204
98.625631 152.222338
98.271764 152.222338
97.917898 152.222338
97.564032 151.868471
97.210165 151.868471
96.856299 151.514605
96.148567 151.514605
95.794700 151.160739
95.440834 151.160739
95.086968 150.806873
94.733101 150.806873
94.379235 150.453006
94.025369 150.099140
93.671503 150.099140
93.317636 149.745274
92.963770 149.391408
92.609904 149.037541
92.256038 149.037541
91.902171 148.683675
91.548305 148.329809
91.194439 147.975942
90.486706 147.975942
90.132840 147.622076
89.778974 147.268210
89.425107 146.914344
89.071241 146.914344
88.717375 146.560477
88.363508 146.206611
88.009642 145.852745
87.655776 145.852745
87.301910 145.498878
86.948043 145.145012
86.594177 144.791146
86.240311 144.791146
85.886445 144.437280
85.532578 144.083413
85.532578 143.729547
85.178712 143.375681
85.178712 143.021815
85.178712 142.667948
85.178712 142.314082
85.178712 141.606349
85.178712 141.252483
85.178712 140.898617
85.178712 140.544751
85.178712 140.190884
85.178712 139.837018
85.178712 139.483152
85.178712 139.129285
84.824846 138.775419
84.824846 138.421553
84.824846 138.067687
84.824846 137.359954
84.824846 137.006088
84.824846 136.652222
84.824846 136.298355
84.824846 135.944489
84.824846 135.590623
84.824846 135.236756
84.824846 134.882890
84.824846 134.529024
84.824846 134.175158
84.824846 133.821291
84.824846 133.467425
84.824846 133.113559
85.178712 132.759692
85.178712 132.051960
85.178712 131.698094
85.178712 131.344227
85.532578 130.990361
85.532578 130.636495
85.532578 130.282629
85.532578 129.928762
85.886445 129.574896
85.886445 129.221030
85.886445 128.867163
85.886445 128.513297
86.240311 127.805565
86.240311 127.451698
86.240311 127.097832
86.240311 126.743966
86.594177 126.390099
86.594177 126.036233
86.594177 125.682367
86.594177 125.328501
86.948043 124.974634
86.948043 124.620768
86.948043 124.266902
86.948043 123.559169
87.301910 123.205303
87.301910 122.851437
87.301910 122.497570
87.301910 122.143704
87.655776 121.789838
87.655776 121.435972
87.655776 121.082105
87.655776 120.728239
88.009642 120.374373
88.009642 119.666640
88.009642 119.312774
88.009642 118.958908
88.363508 118.605041
88.363508 118.251175
88.363508 117.897309
88.363508 117.543442
88.717375 117.189576
88.717375 116.835710
88.717375 116.481844
88.717375 116.127977
89.071241 115.420245
89.071241 115.066379
89.071241 114.712512
89.071241 114.358646
89.425107 114.004780
89.778974 113.650913
89.778974 113.297047
90.132840 112.943181
90.486706 112.589315
90.840572 112.235448
91.194439 111.881582
91.902171 111.527716
92.256038 111.173849
92.609904 110.819983
92.963770 110.819983
93.317636 110.466117
93.671503 110.112251
94.025369 109.758384
94.733101 109.758384
95.086968 109.404518
95.440834 109.050652
95.794700 108.696786
96.148567 108.696786
96.502433 108.342919
97.210165 107.989053
97.564032 107.635187
97.917898 107.635187
98.271764 107.281320
98.625631 106.927454
98.979497 106.573588
99.333363 106.573588
100.041096 106.219722
100.394962 105.865855
100.748828 105.511989
101.102694 105.511989
101.456561 105.158123
101.810427 104.804256
102.518160 104.450390
102.872026 104.450390
103.225892 104.096524
103.579758 103.742658
103.933625 103.388791
104.287491 103.388791
104.995224 103.034925
105.349090 102.681059
105.702956 102.327193
106.056822 102.327193
106.410689 101.973326
106.764555 101.619460
107.118421 101.619460
107.472287 101.619460
107.826154 101.265594
108.180020 101.265594
108.533886 101.265594
108.887753 101.265594
109.241619 100.911727
109.595485 101.265594
109.949351 100.911727
110.303218 100.911727
110.303218 100.557861
110.657084 100.557861
111.010950 100.557861
111.364817 100.203995
111.718683 100.203995
112.072549 100.203995
112.426415 99.850129
112.780282 99.850129
113.134148 99.850129
113.134148 99.496262
113.488014 99.496262
113.134148 99.496262
113.488014 99.496262
113.841880 99.496262
114.195747 99.496262
114.195747 99.142396
114.549613 99.142396
114.903479 98.788530
115.257346 98.788530
115.611212 98.434663
115.965078 98.434663
116.318944 98.080797
116.672811 98.080797
117.026677 97.726931
117.380543 97.373065
117.734410 97.373065
118.088276 97.019198
118.442142 97.019198
118.796008 97.019198
119.149875 97.019198
119.503741 97.373065
119.857607 97.373065
