120.677584 101.225285
120.316453 101.586416
120.316453 101.947547
119.955323 102.308677
119.594192 102.669808
119.233061 103.030939
118.871930 103.392069
118.871930 103.753200
118.510800 104.114331
118.149669 104.475461
118.149669 104.836592
117.788538 105.197723
117.788538 105.558854
117.427408 105.919984
117.427408 106.281115
117.066277 106.642246
116.705146 107.003376
116.705146 107.364507
116.705146 107.725638
116.344016 108.086768
116.344016 108.447899
115.982885 108.809030
115.982885 109.170160
115.621754 109.531291
115.621754 109.892422
115.621754 110.253552
115.260624 110.614683
115.260624 110.975814
115.260624 111.336944
114.899493 111.698075
114.899493 112.059206
114.899493 112.420336
114.538362 112.781467
114.538362 113.142598
114.538362 113.503728
114.538362 113.864859
114.177232 114.225990
114.177232 114.587120
114.177232 114.948251
114.177232 115.309382
114.177232 115.670512
113.816101 116.031643
113.816101 116.392774
113.816101 116.753905
113.816101 117.115035
113.454970 117.476166
113.454970 117.837297
113.454970 118.198427
113.454970 118.559558
113.454970 118.920689
113.093840 119.281819
113.093840 119.642950
113.093840 120.004081
113.093840 120.365211
113.093840 120.726342
113.093840 121.087473
113.093840 121.448603
113.093840 121.809734
113.093840 122.170865
113.093840 122.531995
112.732709 122.893126
112.732709 123.254257
112.732709 123.615387
112.732709 123.976518
112.732709 124.337649
112.732709 124.698779
112.732709 125.059910
112.732709 125.421041
112.732709 125.782171
112.732709 126.143302
112.732709 126.504433
112.732709 126.865563
112.732709 127.226694
112.732709 127.587825
112.732709 127.948956
112.732709 128.310086
112.732709 128.671217
112.732709 129.032348
112.732709 129.393478
112.732709 129.754609
112.732709 130.115740
112.371578 130.476870
112.371578 130.838001
112.371578 131.199132
112.371578 131.560262
112.371578 131.921393
112.371578 132.282524
112.371578 132.643654
112.371578 133.004785
112.371578 133.365916
112.371578 133.727046
112.371578 134.088177
112.371578 134.449308
112.371578 134.810438
112.371578 135.171569
112.371578 135.532700
112.371578 135.893830
112.732709 136.254961
112.732709 136.616092
112.732709 136.977222
112.732709 137.338353
112.732709 137.699484
112.732709 138.060614
112.732709 138.421745
112.732709 138.782876
112.732709 139.144007
112.732709 139.505137
113.093840 139.866268
112.732709 139.505137
112.732709 139.144007
112.732709 139.505137
113.093840 139.866268
112.732709 140.227399
113.093840 140.588529
113.093840 140.949660
113.093840 141.310791
113.093840 141.671921
113.454970 141.671921
113.093840 141.310791
113.093840 140.949660
113.093840 141.310791
113.454970 141.671921
113.454970 142.033052
113.454970 142.394183
113.454970 142.755313
113.454970 143.116444
113.816101 143.116444
113.454970 143.477575
113.816101 143.838705
113.816101 144.199836
114.177232 144.199836
114.177232 144.560967
114.177232 144.922097
114.177232 145.283228
114.538362 145.283228
114.538362 145.644359
114.538362 145.283228
114.538362 145.644359
114.899493 146.005489
114.899493 146.366620
114.899493 146.727751
115.260624 146.727751
115.260624 147.088881
115.260624 147.450012
115.621754 147.811143
115.621754 148.172273
115.621754 148.533404
115.982885 148.533404
116.344016 148.894535
116.344016 149.255665
116.344016 149.616796
116.705146 149.616796
116.705146 149.977927
117.066277 150.339058
117.066277 150.700188
117.427408 151.061319
117.788538 151.422450
117.788538 151.783580
117.788538 152.144711
118.149669 152.144711
118.510800 152.505842
118.510800 152.866972
118.871930 152.866972
119.233061 153.228103
119.233061 153.589234
119.233061 153.950364
119.594192 153.950364
119.594192 154.311495
119.955323 154.311495
119.955323 154.672626
120.316453 154.672626
120.677584 155.033756
121.038715 155.394887
121.038715 155.756018
121.399845 155.756018
121.760976 156.117148
122.122107 156.478279
122.483237 156.839410
122.844368 157.200540
123.205499 157.561671
123.566629 157.922802
123.566629 158.645063
123.566629 159.367324
123.566629 160.089586
123.566629 160.811847
123.927760 161.534109
123.927760 162.256370
123.927760 162.978631
123.927760 163.700893
123.927760 164.062023
123.927760 164.784285
123.927760 165.506546
123.927760 166.228807
123.927760 166.951069
123.927760 167.673330
123.927760 168.395591
123.566629 168.395591
123.205499 168.395591
122.844368 168.395591
122.483237 168.034461
122.122107 168.034461
121.760976 168.034461
121.399845 168.034461
121.038715 168.034461
120.677584 167.673330
120.316453 167.673330
119.955323 167.673330
119.594192 167.673330
119.233061 167.673330
118.871930 167.312199
118.510800 167.312199
118.149669 167.312199
117.788538 167.312199
117.427408 167.312199
117.066277 167.312199
116.705146 166.951069
116.344016 166.951069
115.982885 166.951069
115.260624 166.951069
114.899493 166.951069
114.538362 166.589938
114.177232 166.589938
113.816101 166.228807
113.093840 165.867677
112.732709 165.506546
112.371578 165.145415
111.649317 164.784285
111.288186 164.423154
110.565925 164.062023
110.204794 164.062023
109.843664 163.700893
109.121402 163.339762
108.760272 162.978631
108.399141 162.617501
107.676879 162.256370
107.315749 161.895239
106.593487 161.534109
106.232357 161.534109
105.871226 161.172978
105.148965 160.811847
104.787834 160.450716
104.065573 160.089586
103.704442 159.728455
103.343311 159.367324
102.621050 159.367324
102.259919 159.006194
101.898789 158.645063
101.176527 158.283932
100.815397 157.922802
100.093135 157.561671
99.732005 157.200540
99.370874 156.839410
98.648613 156.839410
98.287482 156.478279
97.926351 155.756018
97.565221 155.394887
97.204090 155.033756
97.204090 154.672626
96.842959 154.311495
96.481828 153.950364
96.481828 153.589234
96.120698 152.866972
95.759567 152.505842
95.398436 152.144711
95.398436 151.783580
95.037306 151.422450
94.676175 151.061319
94.315044 150.339058
94.315044 149.977927
93.953914 149.616796
93.592783 149.255665
93.231652 148.894535
93.231652 148.533404
92.870522 147.811143
92.509391 147.450012
92.148260 147.088881
92.148260 146.727751
91.787130 146.366620
91.425999 146.005489
91.425999 145.644359
91.425999 144.922097
91.425999 144.560967
91.425999 144.199836
91.425999 143.838705
91.425999 143.477575
91.425999 143.116444
91.425999 142.755313
91.425999 142.394183
91.425999 142.033052
91.064868 141.671921
91.064868 141.310791
91.064868 140.949660
91.064868 140.588529
91.064868 140.227399
91.064868 139.505137
90.703738 139.144007
90.703738 138.782876
90.703738 138.421745
90.703738 138.060614
90.703738 137.699484
90.342607 137.338353
90.342607 136.977222
90.342607 136.616092
90.342607 136.254961
90.342607 135.893830
89.981476 135.532700
89.981476 135.171569
89.981476 134.810438
89.981476 134.449308
89.981476 134.088177
89.981476 133.727046
89.620346 133.365916
89.620346 132.643654
89.620346 132.282524
89.620346 131.921393
89.620346 131.560262
89.259215 131.199132
89.259215 130.838001
89.259215 130.476870
89.259215 130.115740
89.259215 129.754609
89.259215 129.393478
89.259215 128.671217
89.620346 128.310086
89.620346 127.948956
89.620346 127.587825
89.620346 127.226694
89.620346 126.865563
89.620346 126.143302
89.620346 125.782171
89.620346 125.421041
89.981476 125.059910
89.981476 124.698779
89.981476 124.337649
89.981476 123.615387
89.981476 123.254257
89.981476 122.893126
89.981476 122.531995
89.981476 122.170865
89.981476 121.809734
90.342607 121.087473
90.342607 120.726342
90.342607 120.365211
90.342607 120.004081
90.342607 119.642950
90.703738 119.281819
90.703738 118.920689
91.064868 118.198427
91.064868 117.837297
91.425999 117.476166
91.425999 117.115035
91.425999 116.753905
91.787130 116.392774
91.787130 116.031643
92.148260 115.670512
92.148260 115.309382
92.509391 114.948251
92.509391 114.225990
92.870522 113.864859
92.870522 113.503728
93.231652 113.142598
93.231652 112.781467
93.592783 112.420336
93.953914 112.059206
94.315044 111.698075
94.676175 111.336944
95.037306 110.975814
95.398436 110.614683
95.759567 109.892422
96.120698 109.531291
96.481828 109.170160
96.842959 108.809030
97.204090 108.447899
97.565221 108.086768
97.926351 107.725638
98.287482 107.364507
98.648613 107.364507
99.009743 107.003376
99.370874 106.642246
99.732005 106.281115
100.093135 106.281115
100.454266 105.919984
100.815397 105.558854
101.176527 105.558854
101.898789 105.197723
102.259919 105.197723
102.621050 104.836592
102.982181 104.475461
103.343311 104.475461
103.704442 104.114331
104.426703 104.114331
104.787834 103.753200
105.148965 103.753200
105.510095 103.392069
105.871226 103.392069
106.232357 103.030939
106.954618 102.669808
107.315749 102.669808
107.676879 102.308677
108.038010 102.308677
108.399141 101.947547
108.760272 101.947547
109.121402 101.586416
109.843664 101.586416
110.204794 101.225285
110.565925 101.225285
110.927056 100.864155
111.288186 100.503024
111.649317 100.503024
112.371578 100.141893
112.732709 100.141893
113.093840 99.780763
113.454970 99.780763
113.816101 99.780763
114.177232 99.419632
114.538362 99.419632
114.899493 99.780763
115.260624 99.780763
115.621754 99.780763
115.982885 100.141893
116.344016 100.141893
116.705146 100.141893
116.344016 100.141893
116.705146 100.141893
117.066277 100.141893
117.427408 100.503024
117.788538 100.503024
118.149669 100.503024
118.510800 100.503024
118.871930 100.503024
119.233061 100.503024
118.871930 100.503024
119.233061 100.503024
119.594192 100.864155
119.955323 100.864155
120.316453 100.864155
120.677584 100.864155
121.038715 100.864155
120.677584 101.225285
