136.661225 81.405809
136.661225 82.490480
136.118889 83.575152
136.118889 84.117488
135.576554 85.202159
135.576554 85.744495
135.576554 86.829167
135.034218 87.371502
134.491882 87.371502
134.491882 87.913838
133.949546 87.913838
133.407211 88.456174
132.864875 88.456174
133.407211 88.456174
132.864875 88.456174
132.322539 88.998510
131.780203 88.998510
131.237867 88.998510
131.237867 89.540845
130.695532 89.540845
130.153196 90.083181
129.610860 90.083181
129.068524 90.625517
128.526189 90.625517
128.526189 91.167853
127.983853 91.167853
127.441517 91.710189
126.899181 91.710189
126.899181 92.252524
126.356845 92.252524
125.814510 92.794860
125.272174 93.337196
124.729838 93.337196
124.729838 93.879532
124.187502 93.879532
123.645167 94.421867
123.102831 94.964203
122.560495 94.964203
122.560495 95.506539
122.018159 96.048875
121.475823 96.591211
120.933488 96.591211
120.933488 97.133546
120.391152 97.675882
119.848816 98.218218
119.306480 98.760554
118.764145 99.302889
118.221809 99.845225
117.679473 100.387561
117.137137 100.929897
117.137137 101.472233
116.594801 102.014568
116.052466 102.556904
115.510130 103.099240
115.510130 103.641576
114.967794 104.183911
114.425458 104.726247
113.883123 105.268583
113.883123 105.810919
113.340787 106.353255
112.798451 106.895590
112.798451 107.437926
112.256115 107.980262
111.713779 108.522598
111.713779 109.064933
111.171444 109.607269
111.171444 110.149605
110.629108 110.691941
110.629108 111.234277
110.086772 111.776612
110.086772 112.318948
109.544436 112.861284
109.544436 113.403620
109.002101 113.945955
109.002101 114.488291
109.002101 115.030627
108.459765 115.572963
108.459765 116.115298
108.459765 116.657634
107.917429 117.199970
107.917429 117.742306
107.917429 118.284642
107.375093 118.826977
107.375093 119.369313
107.375093 119.911649
106.832757 120.453985
106.832757 120.996320
106.832757 121.538656
106.832757 122.080992
106.832757 122.623328
106.290422 123.165664
106.290422 123.707999
106.290422 124.250335
106.290422 124.792671
106.290422 125.335007
106.290422 125.877342
105.748086 126.419678
105.748086 126.962014
105.748086 127.504350
105.748086 128.046686
105.748086 128.589021
105.748086 129.131357
105.748086 129.673693
105.748086 130.216029
105.748086 130.758364
105.748086 131.300700
105.748086 131.843036
105.748086 132.385372
105.748086 132.927708
105.748086 133.470043
105.748086 134.012379
105.748086 134.554715
105.748086 135.097051
105.748086 135.639386
105.748086 136.181722
106.290422 136.724058
106.290422 137.266394
106.290422 137.808730
106.290422 138.351065
106.290422 138.893401
106.290422 139.435737
106.290422 139.978073
106.832757 139.978073
106.832757 140.520408
106.832757 141.062744
106.832757 141.605080
106.832757 142.147416
106.832757 142.689751
107.375093 142.689751
107.375093 143.232087
107.375093 143.774423
107.917429 144.316759
107.917429 144.859095
107.917429 144.316759
107.917429 144.859095
107.917429 145.401430
108.459765 145.943766
108.459765 146.486102
108.459765 147.028438
108.459765 147.570773
109.002101 147.570773
109.002101 148.113109
109.002101 148.655445
109.002101 149.197781
109.544436 149.197781
109.544436 149.740117
109.544436 150.282452
109.544436 150.824788
109.544436 151.367124
110.086772 151.367124
110.086772 151.909460
110.086772 152.451795
110.086772 152.994131
110.629108 152.994131
110.629108 153.536467
110.629108 154.078803
111.171444 154.621139
111.171444 155.163474
111.171444 155.705810
111.171444 156.248146
111.713779 156.248146
111.713779 156.790482
111.713779 157.332817
111.713779 157.875153
112.256115 157.875153
112.256115 158.417489
112.256115 158.959825
112.798451 158.959825
112.798451 159.502161
112.798451 160.044496
113.340787 160.044496
113.340787 160.586832
113.883123 161.129168
113.883123 161.671504
113.883123 162.213839
113.883123 162.756175
113.883123 163.298511
113.340787 164.383183
113.340787 164.925518
112.798451 166.010190
112.798451 167.094861
112.256115 167.637197
112.256115 168.721869
111.713779 169.264204
111.171444 169.806540
110.629108 169.806540
110.086772 169.806540
109.544436 170.348876
109.002101 170.348876
108.459765 170.348876
107.917429 170.348876
107.375093 170.891212
106.832757 170.891212
106.290422 170.891212
105.748086 171.433548
105.205750 170.891212
104.663414 170.891212
104.121079 170.891212
103.578743 170.891212
103.036407 170.891212
102.494071 170.348876
101.409400 170.348876
100.867064 170.348876
100.324728 170.348876
99.782392 170.348876
99.240057 170.348876
98.697721 169.806540
98.155385 169.806540
97.613049 169.806540
97.070714 169.806540
96.528378 169.806540
95.443706 169.264204
94.901370 169.264204
94.359035 169.264204
93.816699 169.264204
93.274363 169.264204
92.732027 168.721869
92.189692 168.721869
91.647356 168.721869
91.105020 168.721869
90.562684 168.721869
89.478013 168.721869
88.935677 168.179533
88.393341 168.179533
87.851005 168.179533
87.308670 168.179533
86.766334 168.179533
86.223998 167.637197
85.681662 167.637197
85.139326 167.637197
84.596991 167.094861
84.054655 167.094861
82.969983 166.552526
82.427648 166.552526
81.885312 166.010190
81.342976 166.010190
80.800640 165.467854
80.258304 165.467854
79.715969 165.467854
79.173633 164.925518
78.631297 164.925518
78.088961 164.383183
77.546626 164.383183
77.004290 163.840847
76.461954 163.840847
75.919618 163.298511
74.834947 163.298511
74.292611 162.756175
73.750275 162.756175
73.207939 162.213839
72.665604 162.213839
72.123268 162.213839
71.580932 161.671504
71.038596 161.671504
70.496261 161.129168
69.953925 161.129168
69.411589 160.586832
68.869253 160.586832
68.326917 160.044496
67.784582 160.044496
67.242246 159.502161
66.157574 158.959825
66.157574 158.417489
65.615239 157.875153
65.615239 157.332817
65.072903 156.790482
65.072903 156.248146
64.530567 155.705810
63.988231 154.621139
63.988231 154.078803
63.445895 153.536467
63.445895 152.994131
62.903560 152.451795
62.903560 151.909460
62.361224 151.367124
62.361224 150.824788
62.361224 150.282452
62.361224 149.740117
62.361224 148.655445
62.361224 148.113109
62.361224 147.570773
62.361224 147.028438
62.361224 146.486102
62.361224 145.943766
62.361224 145.401430
62.361224 144.859095
62.361224 144.316759
62.361224 143.774423
62.361224 143.232087
62.361224 142.689751
62.361224 142.147416
62.361224 141.605080
62.361224 141.062744
62.361224 140.520408
62.361224 139.978073
62.361224 139.435737
62.361224 138.893401
62.903560 138.351065
62.903560 137.808730
62.903560 137.266394
62.903560 136.724058
62.903560 136.181722
62.903560 135.639386
62.903560 135.097051
62.903560 134.554715
63.445895 134.012379
63.445895 133.470043
63.445895 132.927708
63.445895 132.385372
63.445895 131.843036
63.988231 131.300700
63.988231 130.758364
63.988231 129.673693
63.988231 129.131357
63.988231 128.589021
63.988231 128.046686
64.530567 127.504350
64.530567 126.962014
64.530567 126.419678
64.530567 125.877342
64.530567 125.335007
65.072903 124.792671
65.072903 124.250335
65.072903 123.707999
65.072903 123.165664
65.072903 122.623328
65.072903 122.080992
65.615239 121.538656
65.615239 120.996320
65.615239 120.453985
65.615239 119.911649
65.615239 119.369313
66.157574 118.826977
66.157574 118.284642
66.157574 117.742306
66.157574 117.199970
66.157574 116.657634
66.699910 116.115298
66.699910 115.572963
66.699910 114.488291
67.242246 113.945955
67.242246 113.403620
67.242246 112.861284
67.784582 112.318948
67.784582 111.776612
67.784582 111.234277
68.326917 110.691941
68.326917 110.149605
68.326917 109.607269
68.869253 109.064933
68.869253 108.522598
68.869253 107.980262
69.411589 107.437926
69.411589 106.895590
69.411589 105.810919
69.953925 105.268583
69.953925 104.726247
70.496261 104.183911
70.496261 103.641576
71.038596 103.099240
71.038596 102.556904
71.580932 102.014568
72.123268 101.472233
72.665604 100.929897
73.207939 100.387561
73.750275 100.387561
74.292611 99.845225
74.834947 99.302889
75.919618 98.760554
76.461954 98.218218
77.004290 97.675882
77.546626 97.133546
78.088961 97.133546
78.631297 96.591211
79.173633 96.048875
79.715969 95.506539
80.258304 94.964203
80.800640 94.421867
81.885312 93.879532
82.427648 93.879532
82.969983 93.337196
83.512319 92.794860
84.054655 92.252524
84.596991 91.710189
85.139326 91.167853
85.681662 90.625517
86.223998 90.625517
87.308670 90.083181
87.851005 89.540845
88.393341 89.540845
88.935677 89.540845
89.478013 88.998510
90.020348 88.998510
91.105020 88.998510
91.647356 88.456174
92.189692 88.456174
92.732027 87.913838
93.274363 87.913838
93.816699 87.913838
94.901370 87.371502
95.443706 87.371502
95.986042 87.371502
96.528378 86.829167
97.070714 86.829167
97.613049 86.829167
98.697721 86.286831
99.240057 86.286831
99.782392 86.286831
100.324728 85.744495
100.867064 85.744495
101.409400 85.202159
101.951736 85.202159
103.036407 85.202159
103.578743 84.659823
104.121079 84.659823
104.663414 84.659823
105.205750 84.117488
105.748086 84.117488
106.290422 84.117488
106.832757 83.575152
107.917429 83.575152
108.459765 83.575152
109.002101 83.032816
109.544436 83.032816
110.086772 82.490480
110.629108 82.490480
111.171444 82.490480
111.713779 81.948145
112.256115 81.948145
113.340787 81.948145
113.883123 81.405809
114.425458 81.405809
114.967794 81.405809
115.510130 80.863473
116.052466 80.863473
116.594801 80.321137
117.137137 80.321137
117.679473 80.321137
118.221809 79.778802
119.306480 79.778802
119.848816 79.778802
120.391152 79.236466
120.933488 79.236466
121.475823 79.236466
122.018159 78.694130
122.560495 78.694130
123.102831 78.694130
123.645167 78.694130
124.187502 78.694130
124.729838 78.694130
125.272174 78.694130
125.814510 79.236466
126.899181 79.236466
127.441517 79.236466
127.983853 79.236466
128.526189 79.236466
129.068524 79.236466
129.610860 79.236466
130.153196 79.236466
130.695532 79.778802
131.237867 79.778802
131.780203 79.778802
132.864875 79.778802
133.407211 79.778802
133.949546 79.778802
134.491882 79.778802
135.034218 79.778802
135.576554 80.321137
136.118889 80.321137
136.661225 80.321137
136.661225 80.863473
136.661225 81.405809
