112.235326 112.560781
112.235326 113.498781
112.235326 114.436782
112.235326 115.374783
112.235326 116.312783
112.235326 117.250784
111.297325 118.188785
110.359325 119.126785
110.359325 120.064786
109.421324 121.002787
109.421324 121.940787
108.483323 122.878788
108.483323 123.816789
108.483323 124.754789
107.545323 125.692790
107.545323 126.630791
107.545323 127.568791
107.545323 128.506792
107.545323 129.444793
106.607322 130.382793
106.607322 131.320794
106.607322 132.258795
106.607322 131.320794
106.607322 130.382793
106.607322 131.320794
106.607322 132.258795
106.607322 133.196795
106.607322 134.134796
106.607322 135.072797
106.607322 136.010797
106.607322 136.948798
106.607322 137.886799
106.607322 138.824799
107.545323 139.762800
107.545323 140.700801
107.545323 141.638801
107.545323 142.576802
107.545323 143.514803
107.545323 144.452803
108.483323 144.452803
108.483323 145.390804
108.483323 146.328805
109.421324 147.266805
109.421324 148.204806
110.359325 149.142807
110.359325 150.080807
110.359325 151.018808
111.297325 151.018808
112.235326 151.956809
112.235326 152.894809
113.173327 153.832810
113.173327 154.770811
114.111327 154.770811
114.111327 155.708811
115.049328 155.708811
115.987329 156.646812
115.049328 155.708811
115.987329 156.646812
115.049328 155.708811
115.987329 156.646812
115.049328 155.708811
115.987329 156.646812
115.049328 155.708811
115.987329 156.646812
116.925329 157.584813
116.925329 158.522813
117.863330 158.522813
118.801331 159.460814
118.801331 160.398815
118.801331 161.336815
118.801331 162.274816
117.863330 162.274816
116.925329 161.336815
115.987329 160.398815
115.049328 160.398815
114.111327 159.460814
113.173327 159.460814
112.235326 158.522813
111.297325 158.522813
110.359325 158.522813
109.421324 157.584813
108.483323 156.646812
107.545323 155.708811
106.607322 154.770811
106.607322 153.832810
105.669321 152.894809
104.731321 151.956809
103.793320 151.018808
102.855319 150.080807
102.855319 149.142807
101.917319 148.204806
101.917319 147.266805
100.979318 146.328805
100.979318 145.390804
100.979318 144.452803
100.041317 143.514803
100.041317 142.576802
99.103317 141.638801
99.103317 140.700801
98.165316 139.762800
98.165316 138.824799
97.227315 137.886799
97.227315 136.948798
97.227315 136.010797
96.289315 135.072797
96.289315 134.134796
96.289315 133.196795
96.289315 132.258795
97.227315 131.320794
97.227315 130.382793
97.227315 129.444793
97.227315 128.506792
97.227315 127.568791
97.227315 126.630791
97.227315 125.692790
97.227315 124.754789
98.165316 123.816789
99.103317 122.878788
100.041317 122.878788
100.979318 121.940787
101.917319 121.002787
102.855319 120.064786
103.793320 119.126785
104.731321 118.188785
105.669321 117.250784
106.607322 117.250784
107.545323 116.312783
108.483323 115.374783
109.421324 114.436782
110.359325 113.498781
111.297325 112.560781
112.235326 112.560781
