125.229132 88.088991
125.229132 88.503279
125.229132 88.917568
125.229132 89.331856
125.229132 90.160433
125.229132 90.574721
125.229132 90.989009
125.229132 91.403298
125.229132 92.231874
124.814844 93.060451
124.814844 93.889027
124.814844 94.717604
124.814844 95.131892
124.400555 95.546181
124.400555 95.960469
123.986267 96.374757
123.571979 96.789045
123.157690 96.789045
123.157690 97.203334
122.743402 97.617622
122.329114 98.031910
122.329114 98.446199
121.914825 98.860487
121.500537 99.274775
121.086249 99.274775
121.086249 99.689064
121.086249 100.103352
120.671961 100.517640
120.257672 100.931929
120.257672 101.346217
119.843384 101.760505
119.843384 102.174793
119.429096 102.589082
119.014807 103.003370
119.014807 103.417658
118.600519 103.831947
118.600519 104.246235
118.186231 104.660523
118.186231 105.074812
117.771942 105.489100
117.771942 105.903388
117.357654 106.317676
117.357654 106.731965
116.943366 107.146253
116.943366 107.560541
116.529078 107.974830
116.529078 108.389118
116.529078 108.803406
116.114789 109.217695
116.114789 109.631983
115.700501 110.046271
115.700501 110.460560
115.700501 110.874848
115.286213 111.289136
115.286213 111.703424
115.286213 112.117713
114.871924 112.532001
114.871924 112.946289
114.871924 113.360578
114.871924 113.774866
114.457636 114.189154
114.457636 114.603443
114.457636 115.017731
114.457636 115.432019
114.043348 115.846307
114.043348 116.260596
114.043348 116.674884
114.043348 117.089172
114.043348 117.503461
114.043348 117.917749
113.629059 118.332037
113.629059 118.746326
113.629059 119.160614
113.629059 119.574902
113.629059 119.989191
113.629059 120.403479
113.629059 120.817767
113.629059 121.232055
113.629059 121.646344
113.214771 122.060632
113.214771 122.474920
113.214771 122.889209
113.214771 123.303497
112.800483 123.717785
112.800483 124.132074
112.800483 124.546362
112.800483 124.960650
112.386194 125.374938
112.386194 125.789227
112.386194 126.203515
112.386194 126.617803
112.386194 127.032092
112.386194 127.446380
111.971906 127.860668
111.971906 128.274957
111.971906 128.689245
111.971906 129.103533
111.971906 129.517822
111.971906 129.932110
111.971906 130.346398
111.971906 130.760686
111.971906 131.174975
111.557618 131.589263
111.557618 132.003551
111.557618 132.417840
111.557618 132.832128
111.557618 133.246416
111.557618 133.660705
111.557618 134.074993
111.557618 134.489281
111.557618 134.903569
111.557618 135.317858
111.557618 135.732146
111.557618 136.146434
111.557618 136.560723
111.557618 136.975011
111.557618 137.389299
111.557618 137.803588
111.557618 138.217876
111.971906 138.632164
111.971906 139.046453
111.971906 139.460741
111.971906 139.875029
111.971906 140.289317
111.971906 140.703606
111.971906 141.117894
111.971906 141.532182
111.971906 141.946471
112.386194 142.360759
112.386194 142.775047
112.386194 143.189336
112.386194 143.603624
112.386194 144.017912
112.386194 144.432200
112.386194 144.846489
112.386194 145.260777
112.386194 145.675065
112.386194 146.089354
112.386194 146.503642
112.386194 146.917930
112.386194 147.332219
112.386194 147.746507
112.386194 148.160795
112.386194 148.575084
112.386194 148.989372
112.386194 149.403660
112.386194 149.817948
112.386194 150.232237
112.386194 150.646525
112.386194 151.060813
112.386194 151.475102
112.386194 151.889390
112.386194 152.303678
112.386194 152.717967
112.800483 152.717967
112.800483 153.132255
112.800483 152.717967
112.800483 153.132255
112.800483 153.546543
112.800483 153.132255
112.800483 153.546543
112.800483 153.960831
112.800483 154.375120
112.800483 154.789408
112.800483 154.375120
112.800483 154.789408
112.800483 155.203696
113.214771 155.617985
112.800483 156.032273
113.214771 155.617985
113.214771 156.032273
113.214771 156.446561
113.214771 156.860850
113.214771 157.275138
113.629059 157.689426
113.214771 158.103715
113.629059 158.518003
113.629059 158.932291
114.043348 159.346579
114.043348 159.760868
114.043348 160.175156
114.043348 160.589444
114.043348 161.003733
114.457636 161.003733
114.457636 161.418021
114.457636 161.832309
114.871924 162.246598
114.871924 162.660886
114.871924 163.075174
114.871924 163.489462
114.871924 163.903751
115.286213 164.318039
115.286213 164.732327
115.286213 165.146616
115.286213 165.560904
115.286213 165.975192
115.700501 166.389481
115.286213 166.389481
114.871924 166.389481
114.457636 166.803769
114.043348 166.803769
113.629059 167.218057
113.214771 167.218057
112.800483 167.218057
112.386194 167.632346
111.971906 167.632346
111.557618 168.046634
110.729041 167.632346
110.314753 167.218057
109.900465 167.218057
109.486176 166.803769
109.071888 166.803769
108.657600 166.389481
108.243311 165.975192
107.829023 165.975192
107.414735 165.560904
107.000447 165.560904
106.586158 165.146616
106.171870 165.146616
105.757582 164.732327
105.343293 164.318039
104.929005 164.318039
104.100428 163.903751
103.686140 163.903751
103.271852 163.489462
102.857563 163.075174
102.443275 163.075174
102.028987 162.660886
101.614699 162.660886
101.200410 162.246598
100.786122 161.832309
100.371834 161.832309
99.957545 161.418021
99.543257 161.418021
99.128969 161.003733
98.714680 161.003733
98.300392 160.589444
97.471816 160.175156
97.057527 160.175156
96.643239 159.760868
96.228951 159.760868
95.814662 159.346579
95.400374 158.932291
94.986086 158.932291
94.571797 158.518003
94.157509 158.518003
93.743221 158.103715
93.328932 157.689426
92.914644 157.689426
92.500356 157.275138
92.086068 157.275138
91.671779 156.860850
90.843203 156.860850
90.428914 156.446561
90.014626 156.032273
89.600338 156.032273
89.186049 155.617985
88.771761 155.203696
88.357473 154.789408
87.943185 154.375120
87.943185 153.546543
87.528896 153.132255
87.114608 152.717967
86.700320 152.303678
86.286031 151.889390
85.871743 151.475102
85.457455 150.646525
85.043166 150.232237
84.628878 149.817948
84.214590 149.403660
83.800301 148.989372
83.800301 148.575084
83.386013 147.746507
82.971725 147.332219
82.557437 146.917930
82.143148 146.503642
81.728860 146.089354
81.314572 145.675065
80.900283 144.846489
80.485995 144.432200
80.071707 144.017912
79.657418 143.603624
79.657418 143.189336
79.657418 142.360759
79.657418 141.946471
79.657418 141.532182
79.657418 140.703606
79.657418 140.289317
79.657418 139.875029
79.657418 139.460741
79.657418 138.632164
79.657418 138.217876
79.657418 137.803588
79.657418 136.975011
79.657418 136.560723
79.657418 136.146434
79.657418 135.732146
79.657418 134.903569
79.657418 134.489281
79.657418 134.074993
79.243130 133.246416
79.243130 132.832128
79.243130 132.417840
79.243130 132.003551
79.243130 131.174975
79.243130 130.760686
79.243130 130.346398
79.243130 129.932110
79.657418 129.517822
79.657418 128.689245
79.657418 128.274957
79.657418 127.860668
79.657418 127.446380
80.071707 127.032092
80.071707 126.617803
80.071707 126.203515
80.071707 125.789227
80.071707 124.960650
80.485995 124.546362
80.485995 124.132074
80.485995 123.717785
80.485995 123.303497
80.485995 122.889209
80.900283 122.474920
80.900283 122.060632
80.900283 121.646344
80.900283 120.817767
80.900283 120.403479
81.314572 119.989191
81.314572 119.574902
81.314572 119.160614
81.314572 118.746326
81.314572 118.332037
81.728860 117.917749
81.728860 117.089172
81.728860 116.674884
81.728860 116.260596
81.728860 115.846307
82.143148 115.432019
82.143148 115.017731
82.143148 114.603443
82.557437 114.189154
82.971725 113.774866
83.386013 113.360578
83.800301 112.946289
84.214590 112.532001
84.628878 112.117713
84.628878 111.703424
85.043166 111.289136
85.457455 110.874848
85.871743 110.460560
86.286031 110.046271
86.700320 109.631983
87.114608 108.803406
87.114608 108.389118
87.528896 107.974830
87.943185 107.560541
88.357473 107.146253
88.771761 106.731965
89.186049 106.317676
89.600338 105.903388
89.600338 105.489100
90.014626 105.074812
90.428914 104.660523
90.843203 104.246235
91.257491 104.246235
91.671779 103.831947
92.086068 103.417658
92.500356 103.003370
92.914644 103.003370
93.743221 102.589082
94.157509 102.174793
94.571797 102.174793
94.986086 101.760505
95.400374 101.346217
95.814662 101.346217
96.228951 100.931929
96.643239 100.517640
97.471816 100.517640
97.886104 100.103352
98.300392 99.689064
98.714680 99.274775
99.128969 99.274775
99.543257 98.860487
99.957545 98.446199
100.371834 98.446199
101.200410 98.031910
101.614699 97.617622
102.028987 97.617622
102.443275 97.203334
102.857563 96.789045
103.271852 96.789045
103.686140 96.374757
104.100428 96.374757
104.514717 95.960469
105.343293 95.960469
105.757582 95.546181
106.171870 95.131892
106.586158 95.131892
107.000447 94.717604
107.414735 94.717604
107.829023 94.303316
108.243311 94.303316
109.071888 93.889027
109.486176 93.889027
109.900465 93.474739
110.314753 93.060451
110.729041 93.060451
111.143330 92.646162
111.557618 92.646162
111.971906 92.231874
112.386194 92.231874
113.214771 91.817586
113.629059 91.403298
114.043348 91.403298
114.457636 90.989009
114.871924 90.989009
115.286213 90.574721
115.700501 90.574721
116.114789 90.160433
116.943366 90.160433
117.357654 89.746144
117.771942 89.331856
118.186231 89.331856
118.600519 89.331856
119.014807 89.331856
119.429096 89.331856
119.843384 89.331856
120.257672 89.331856
120.671961 89.331856
121.086249 89.331856
121.500537 88.917568
121.914825 88.917568
122.329114 88.917568
122.743402 88.917568
123.157690 88.917568
123.571979 88.917568
123.986267 88.917568
124.400555 88.917568
124.814844 88.917568
125.229132 88.917568
125.643420 88.917568
126.057709 88.917568
125.643420 88.503279
125.229132 88.088991
