109.896239 119.802609
109.620607 120.353872
109.344975 120.629504
109.069343 120.905136
108.793712 121.456400
108.518080 121.732032
108.518080 122.007664
108.242448 122.558928
107.966816 122.834560
107.691184 123.110192
107.415552 123.661456
107.139920 123.937088
107.139920 124.212720
106.864288 124.763984
106.588656 125.039615
106.313024 125.315247
106.037392 125.866511
105.761760 126.142143
105.486128 126.417775
105.486128 126.969039
105.210496 127.244671
104.934864 127.520303
104.659232 128.071567
104.383600 128.347199
104.107968 128.622831
104.107968 129.174095
103.832337 129.449727
103.556705 129.725359
103.281073 130.276622
103.005441 130.552254
102.729809 130.827886
102.729809 131.379150
102.454177 131.654782
102.454177 131.930414
102.454177 132.206046
102.178545 132.481678
102.178545 132.757310
102.178545 133.032942
102.178545 133.308574
101.902913 133.584206
101.902913 134.135470
101.902913 134.411102
101.902913 134.686734
101.627281 134.962365
101.627281 135.237997
101.627281 135.513629
101.627281 135.789261
101.627281 136.064893
101.351649 136.616157
101.351649 136.891789
101.351649 137.167421
101.351649 137.443053
101.076017 137.718685
101.076017 137.994317
101.076017 138.269949
101.076017 138.545581
100.800385 138.821213
100.800385 139.372477
100.800385 139.648109
100.800385 139.923740
100.524753 140.199372
100.524753 140.475004
100.524753 140.750636
100.524753 141.026268
100.249121 141.301900
100.249121 141.853164
100.249121 142.128796
100.249121 142.404428
99.973489 142.680060
99.973489 142.955692
99.973489 143.231324
99.973489 143.506956
99.973489 143.782588
99.697857 144.333852
99.697857 144.609483
99.697857 144.885115
99.697857 145.160747
99.422225 145.436379
99.422225 145.712011
99.422225 145.987643
99.422225 146.263275
99.146593 146.814539
99.146593 147.090171
99.422225 147.365803
99.697857 147.917067
99.973489 148.192699
100.249121 148.468331
100.524753 149.019595
100.800385 149.295227
100.800385 149.846490
101.076017 150.122122
101.351649 150.673386
101.627281 150.949018
101.902913 151.500282
102.178545 151.775914
102.178545 152.051546
102.454177 152.602810
102.729809 152.878442
103.005441 153.429706
103.281073 153.705338
103.556705 154.256602
103.832337 154.532233
103.832337 155.083497
104.107968 155.359129
104.383600 155.634761
104.659232 156.186025
104.934864 156.461657
105.210496 157.012921
105.210496 157.288553
105.486128 157.839817
105.761760 158.115449
106.037392 158.666713
106.313024 158.942345
106.588656 159.217977
106.588656 159.769240
106.864288 160.044872
107.139920 160.320504
107.691184 160.596136
107.966816 160.596136
108.242448 160.871768
108.518080 161.147400
108.793712 161.147400
109.069343 161.423032
109.344975 161.698664
109.620607 161.974296
109.896239 161.974296
110.171871 162.249928
110.723135 162.525560
110.998767 162.525560
111.274399 162.801192
111.550031 163.076824
111.825663 163.352456
112.101295 163.352456
112.376927 163.628088
112.652559 163.903720
112.928191 163.903720
113.479455 163.903720
113.755086 164.179351
114.030718 164.179351
114.306350 164.179351
114.581982 164.179351
114.857614 164.179351
115.408878 164.179351
115.684510 164.454983
115.960142 164.454983
116.235774 164.454983
116.511406 164.454983
116.787038 164.454983
117.062670 164.454983
117.613934 164.730615
117.889566 164.730615
118.165198 164.730615
118.440830 164.730615
118.716461 164.730615
118.992093 164.730615
119.543357 165.006247
119.818989 165.006247
120.094621 165.006247
120.370253 165.006247
120.645885 165.006247
120.921517 165.006247
121.472781 165.006247
121.748413 165.281879
122.024045 165.281879
122.299677 165.281879
122.575309 165.281879
122.850941 165.281879
123.402205 165.281879
123.677836 165.557511
123.953468 165.557511
124.229100 165.557511
124.504732 165.557511
124.780364 165.557511
125.331628 165.557511
125.607260 165.833143
125.882892 165.833143
126.158524 165.833143
126.434156 165.833143
126.709788 165.833143
127.261052 165.833143
127.536684 166.108775
127.812316 166.108775
128.087948 166.108775
128.363580 166.108775
128.639211 166.108775
129.190475 166.108775
129.466107 166.108775
129.741739 166.108775
130.017371 166.108775
130.293003 166.108775
130.568635 166.108775
130.844267 166.108775
131.119899 166.108775
131.395531 166.108775
131.671163 166.108775
131.946795 166.108775
131.671163 165.833143
131.395531 165.557511
131.119899 165.006247
130.568635 164.730615
130.293003 164.454983
130.017371 163.903720
129.741739 163.628088
129.466107 163.352456
129.190475 162.801192
128.914843 162.525560
128.639211 162.249928
128.363580 161.698664
128.087948 161.423032
127.812316 161.147400
127.536684 160.596136
127.261052 160.320504
126.985420 160.044872
126.709788 159.769240
126.434156 159.217977
126.158524 158.942345
125.882892 158.666713
125.607260 158.115449
125.331628 157.839817
125.055996 157.564185
124.780364 157.012921
124.504732 156.737289
124.229100 156.461657
123.953468 155.910393
123.677836 155.634761
123.402205 155.359129
123.126573 154.807865
122.850941 154.532233
122.575309 154.256602
122.299677 153.980970
122.024045 153.705338
121.748413 153.429706
121.472781 153.154074
121.197149 153.154074
120.921517 152.878442
120.370253 152.602810
120.094621 152.327178
120.094621 152.051546
119.818989 151.500282
119.818989 151.224650
119.543357 150.949018
119.543357 150.397754
119.267725 150.122122
119.267725 149.846490
118.992093 149.295227
118.992093 149.019595
118.716461 148.468331
118.440830 148.192699
118.440830 147.917067
118.165198 147.365803
118.165198 147.090171
117.889566 146.538907
117.889566 146.263275
117.613934 145.987643
117.613934 145.436379
117.338302 145.160747
117.338302 144.885115
117.062670 144.333852
117.062670 144.058220
116.787038 143.506956
116.511406 143.231324
116.511406 142.955692
116.235774 142.404428
116.235774 142.128796
115.960142 141.577532
115.960142 141.301900
115.684510 141.026268
115.684510 140.475004
115.408878 140.199372
115.408878 139.923740
115.133246 139.372477
115.133246 139.096845
115.133246 138.821213
115.133246 138.545581
115.133246 138.269949
115.133246 137.994317
115.133246 137.443053
115.133246 137.167421
115.133246 136.891789
115.133246 136.616157
115.133246 136.340525
114.857614 136.064893
114.857614 135.789261
114.857614 135.237997
114.857614 134.962365
114.857614 134.686734
114.857614 134.411102
114.857614 134.135470
114.857614 133.859838
114.857614 133.308574
114.857614 133.032942
114.857614 132.757310
114.857614 132.481678
114.857614 132.206046
114.581982 131.930414
114.581982 131.379150
114.581982 131.103518
114.581982 130.827886
114.581982 130.552254
114.581982 130.276622
114.581982 130.000990
114.581982 129.449727
114.581982 129.174095
114.581982 128.898463
114.581982 128.622831
114.581982 128.347199
114.306350 128.071567
114.306350 127.520303
114.306350 127.244671
114.306350 126.969039
114.306350 126.693407
114.306350 126.417775
114.306350 126.142143
114.306350 125.590879
114.306350 125.315247
114.306350 125.039615
114.306350 124.763984
114.306350 124.488352
114.030718 124.212720
114.030718 123.661456
114.030718 123.385824
114.030718 123.110192
114.030718 122.834560
114.030718 122.283296
114.030718 122.007664
113.755086 121.732032
113.755086 121.456400
113.755086 121.180768
113.755086 120.629504
113.755086 120.353872
113.479455 120.078241
113.479455 119.802609
113.479455 119.526977
113.755086 119.526977
113.479455 119.526977
113.203823 119.526977
113.479455 119.526977
113.203823 119.526977
112.928191 119.526977
113.203823 119.526977
112.928191 119.526977
113.203823 119.526977
112.928191 119.526977
112.652559 119.526977
112.376927 119.526977
112.652559 119.526977
112.376927 119.526977
112.652559 119.526977
112.928191 119.526977
113.203823 119.526977
112.928191 119.526977
113.203823 119.526977
113.479455 119.526977
113.203823 119.526977
112.928191 119.526977
112.652559 119.526977
112.376927 119.526977
112.101295 119.526977
111.825663 119.526977
111.550031 119.526977
111.274399 119.526977
110.998767 119.526977
110.723135 119.526977
110.447503 119.526977
110.171871 119.526977
109.896239 119.526977
109.896239 119.802609
