127.600965 87.669029
127.148330 88.121664
126.695695 88.121664
126.695695 88.574299
126.243060 89.026934
125.790424 89.026934
125.337789 89.479569
125.337789 89.932205
124.885154 90.384840
124.432519 90.837475
123.979884 91.290110
123.979884 91.742745
123.527248 92.195381
123.074613 92.648016
122.621978 93.100651
122.169343 93.553286
121.716708 94.005921
121.716708 94.458557
121.264072 94.911192
120.811437 95.363827
120.811437 95.816462
120.358802 96.269097
119.906167 96.721733
119.453532 97.174368
119.000896 97.627003
118.548261 97.627003
118.095626 98.079638
117.642991 98.079638
117.642991 98.532273
117.190356 98.984909
117.190356 99.437544
116.737720 99.890179
116.285085 100.342814
115.832450 100.795449
115.379815 101.248085
114.927180 101.700720
114.474544 102.153355
114.474544 102.605990
114.021909 103.058625
113.569274 103.511261
113.569274 103.963896
113.116639 104.416531
112.664004 104.869166
112.664004 105.321801
112.211368 105.774437
111.758733 106.227072
111.758733 106.679707
111.306098 107.132342
111.306098 107.584977
110.853463 108.037613
110.853463 108.490248
110.400828 108.942883
110.400828 109.395518
109.948192 109.848153
109.948192 110.300789
109.948192 110.753424
109.495557 111.206059
109.495557 111.658694
109.042922 112.111329
109.042922 112.563965
109.042922 113.016600
108.590287 113.469235
108.590287 113.921870
108.590287 114.374505
108.137652 114.827141
108.137652 115.279776
108.137652 115.732411
108.137652 116.185046
107.685016 116.637681
107.685016 117.090317
107.685016 117.542952
107.685016 117.995587
107.685016 118.448222
107.232381 118.900857
107.232381 119.353493
107.232381 119.806128
107.232381 120.258763
107.232381 120.711398
107.232381 121.164033
107.232381 121.616669
107.232381 122.069304
107.232381 122.521939
107.232381 122.974574
106.779746 123.427209
106.779746 123.879844
106.779746 124.332480
106.779746 124.785115
106.779746 125.237750
106.779746 125.690385
106.779746 126.143020
106.779746 126.595656
106.779746 127.048291
106.779746 127.500926
106.779746 127.953561
106.327111 128.406196
106.327111 128.858832
106.327111 129.311467
106.327111 129.764102
106.327111 130.216737
106.327111 130.669372
106.327111 131.122008
106.779746 131.574643
106.779746 132.027278
106.779746 132.479913
106.779746 132.932548
106.779746 133.385184
106.779746 133.837819
106.779746 134.290454
106.779746 134.743089
106.779746 135.195724
106.779746 135.648360
106.779746 136.100995
107.232381 136.553630
107.232381 137.006265
107.232381 137.458900
107.232381 137.911536
107.232381 138.364171
107.232381 138.816806
107.232381 139.269441
107.232381 139.722076
107.232381 140.174712
107.232381 140.627347
107.232381 141.079982
107.232381 141.532617
107.232381 141.985252
107.232381 142.437888
107.232381 142.890523
107.232381 143.343158
107.232381 143.795793
107.232381 144.248428
107.232381 144.701064
107.232381 145.153699
107.232381 145.606334
107.232381 146.058969
107.232381 146.511604
107.232381 146.964240
107.232381 147.416875
107.232381 147.869510
107.232381 148.322145
107.685016 148.774780
107.685016 149.227416
107.685016 149.680051
107.685016 150.132686
107.685016 150.585321
108.137652 151.037956
108.590287 151.490592
108.590287 151.943227
108.590287 152.395862
108.590287 152.848497
108.590287 153.301132
109.042922 153.753768
109.042922 154.206403
109.042922 154.659038
109.042922 155.111673
109.042922 155.564308
109.042922 156.016944
109.042922 156.469579
109.042922 156.922214
109.042922 157.374849
109.042922 157.827484
109.042922 158.280120
109.042922 158.732755
108.590287 159.185390
108.590287 159.638025
108.137652 160.090660
107.685016 160.543296
107.232381 160.995931
107.232381 161.448566
106.779746 161.901201
106.327111 161.448566
105.874476 160.995931
105.421840 160.995931
104.969205 160.543296
104.516570 160.543296
104.063935 160.090660
103.611300 160.090660
103.158665 159.638025
102.706029 159.638025
102.253394 159.185390
101.800759 159.185390
101.348124 159.185390
100.895489 158.732755
100.442853 158.732755
99.990218 158.280120
99.537583 158.280120
99.084948 157.827484
98.632313 157.827484
98.179677 157.374849
97.727042 156.922214
97.274407 156.469579
96.821772 156.016944
96.369137 156.016944
95.916501 155.564308
95.463866 155.111673
95.011231 155.111673
94.558596 155.111673
94.105961 154.659038
93.653325 154.659038
93.200690 154.659038
92.748055 154.206403
92.295420 154.206403
91.842785 154.206403
91.390149 153.753768
90.937514 153.753768
90.484879 153.753768
90.032244 153.301132
89.579609 153.301132
89.126973 153.301132
88.674338 152.848497
88.221703 152.848497
87.769068 152.848497
87.316433 152.395862
86.863797 152.395862
86.411162 151.943227
85.958527 151.943227
85.505892 151.490592
85.053257 151.037956
84.600621 150.585321
84.147986 150.132686
83.695351 150.132686
83.242716 149.680051
82.790081 149.227416
82.337445 148.774780
81.884810 148.322145
81.432175 148.322145
80.979540 148.322145
80.526905 147.869510
80.074269 147.416875
79.621634 146.964240
79.168999 146.511604
78.716364 146.058969
78.263729 145.606334
77.811093 145.153699
77.358458 145.153699
76.905823 144.701064
76.453188 144.248428
76.000553 143.795793
75.547917 143.343158
75.095282 142.890523
74.642647 142.437888
74.642647 141.985252
74.190012 141.532617
73.737377 141.079982
73.737377 140.627347
73.737377 140.174712
73.737377 139.722076
73.284741 139.269441
73.284741 138.816806
73.284741 138.364171
73.284741 137.911536
73.284741 137.458900
72.832106 137.006265
72.832106 136.553630
72.832106 136.100995
72.832106 135.648360
72.832106 135.195724
72.832106 134.743089
72.379471 134.290454
71.926836 133.837819
71.926836 133.385184
71.926836 132.932548
71.926836 132.479913
71.926836 132.027278
71.926836 131.574643
72.379471 131.122008
72.832106 130.669372
72.832106 130.216737
73.284741 129.764102
73.284741 129.311467
73.284741 128.858832
73.284741 128.406196
73.284741 127.953561
73.737377 127.500926
73.737377 127.048291
73.737377 126.595656
74.190012 126.143020
74.190012 125.690385
74.190012 125.237750
74.642647 124.785115
74.642647 124.332480
75.095282 123.879844
75.095282 123.427209
75.095282 122.974574
75.547917 122.521939
75.547917 122.069304
75.547917 121.616669
75.547917 121.164033
76.000553 120.711398
76.000553 120.258763
76.453188 119.806128
76.453188 119.353493
76.905823 118.900857
76.905823 118.448222
76.905823 117.995587
76.905823 117.542952
77.358458 117.090317
77.811093 117.090317
78.263729 116.637681
78.716364 116.185046
78.716364 115.732411
79.168999 115.279776
79.168999 114.827141
79.621634 114.374505
80.074269 113.921870
80.526905 113.469235
80.979540 113.016600
81.432175 112.563965
81.884810 112.563965
82.337445 112.111329
82.790081 111.658694
82.790081 111.206059
83.242716 110.753424
83.695351 110.300789
84.147986 109.848153
84.600621 109.395518
85.053257 108.942883
85.505892 108.490248
85.958527 108.037613
86.411162 107.584977
86.863797 107.132342
87.316433 107.132342
87.769068 106.679707
88.221703 106.227072
88.674338 105.774437
88.674338 105.321801
89.126973 104.869166
89.579609 104.416531
90.032244 103.963896
90.484879 103.511261
90.937514 103.058625
90.937514 102.605990
90.937514 102.153355
91.390149 101.700720
91.842785 101.248085
92.295420 100.795449
92.748055 100.342814
92.748055 99.890179
92.748055 99.437544
93.200690 98.984909
93.653325 98.532273
93.653325 98.079638
94.105961 97.627003
94.558596 97.174368
94.558596 96.721733
95.011231 96.269097
95.463866 95.816462
95.463866 95.363827
95.916501 94.911192
96.369137 94.458557
96.821772 94.005921
96.821772 93.553286
97.274407 93.100651
97.727042 92.648016
98.179677 92.648016
98.632313 92.195381
99.084948 91.742745
99.537583 91.742745
99.990218 91.290110
100.442853 90.837475
100.895489 90.837475
101.348124 90.384840
101.800759 89.932205
102.253394 89.479569
102.706029 89.479569
103.158665 89.479569
103.611300 89.026934
104.063935 89.026934
104.516570 88.574299
104.969205 88.574299
105.421840 88.121664
105.874476 88.121664
106.327111 88.121664
106.779746 87.669029
107.232381 87.669029
107.685016 87.216393
108.137652 86.763758
108.590287 86.763758
109.042922 86.763758
109.495557 86.311123
109.948192 86.311123
110.400828 85.858488
110.853463 85.858488
111.306098 85.405853
111.758733 85.405853
112.211368 85.405853
112.664004 85.405853
113.116639 84.953217
113.569274 84.953217
114.021909 84.500582
114.474544 84.047947
114.927180 84.047947
115.379815 84.047947
115.832450 84.047947
116.285085 84.047947
116.737720 84.047947
117.190356 84.047947
117.642991 84.047947
118.095626 84.047947
118.548261 84.047947
119.000896 84.047947
119.453532 84.047947
119.906167 83.595312
120.358802 83.595312
120.811437 83.595312
121.264072 83.595312
121.716708 83.595312
122.169343 83.595312
122.621978 83.595312
123.074613 83.595312
123.527248 83.595312
123.979884 83.595312
124.432519 83.595312
124.885154 83.595312
125.337789 83.595312
125.790424 83.595312
126.243060 83.595312
126.695695 84.047947
127.148330 84.047947
127.148330 84.500582
127.148330 84.953217
127.600965 85.405853
127.600965 85.858488
127.600965 86.311123
128.053600 86.311123
128.053600 86.763758
128.506236 87.216393
128.053600 87.669029
127.600965 87.669029
