116.232841 107.606745
116.232841 107.901514
116.232841 108.196283
115.938072 108.491052
115.938072 108.785821
115.938072 109.080590
115.938072 109.375359
115.643303 109.670128
115.643303 109.964897
115.643303 110.259666
115.348534 110.554435
115.348534 111.143973
115.348534 111.438742
115.348534 112.028280
115.348534 112.617818
115.348534 113.207356
115.643303 113.502125
115.348534 113.796894
115.348534 114.091662
115.053765 114.386431
114.758996 114.681200
114.464227 114.975969
114.169458 114.975969
114.169458 115.270738
114.169458 115.565507
113.874689 115.860276
113.579920 116.155045
113.285151 116.449814
112.990382 116.744583
112.990382 117.039352
112.695613 117.334121
112.400844 117.628890
112.400844 117.923659
112.106075 118.218428
111.811306 118.513197
111.811306 118.807966
111.516537 119.102735
111.516537 119.397504
111.221768 119.692273
111.221768 119.987042
110.926999 120.281811
110.926999 120.576580
110.926999 120.871349
110.632230 121.166118
110.632230 121.460887
110.337461 121.755656
110.337461 122.050425
110.337461 122.345194
110.042692 122.639963
110.042692 122.934732
110.042692 123.229501
110.042692 123.524270
109.747923 123.819039
109.747923 124.113808
109.747923 124.408577
109.747923 124.703346
109.453154 124.998115
109.453154 125.292884
109.453154 125.587653
109.453154 125.882422
109.453154 126.177191
109.453154 126.471959
109.453154 126.766728
109.453154 127.061497
109.453154 127.356266
109.158385 127.651035
109.158385 127.945804
109.158385 128.240573
109.158385 128.535342
109.158385 128.830111
109.158385 129.124880
109.158385 129.419649
109.158385 129.714418
109.158385 130.009187
109.158385 130.303956
108.863616 130.598725
108.863616 130.893494
108.863616 131.188263
108.863616 131.483032
108.863616 131.777801
108.863616 132.072570
108.863616 132.367339
108.863616 132.662108
108.863616 132.956877
108.863616 133.251646
108.863616 133.546415
108.863616 133.841184
108.863616 134.135953
108.863616 134.430722
108.863616 134.725491
108.863616 135.020260
108.863616 135.315029
108.863616 135.609798
108.863616 135.904567
108.863616 136.199336
108.863616 136.494105
108.863616 136.788874
108.863616 137.083643
108.863616 137.378412
108.863616 137.673181
108.863616 137.967950
108.863616 138.262719
108.863616 138.557488
109.158385 138.557488
109.158385 138.852257
109.158385 139.147025
109.158385 139.441794
109.158385 139.736563
109.158385 140.031332
109.158385 140.326101
109.158385 140.620870
109.158385 140.915639
109.453154 141.210408
109.453154 141.505177
109.453154 141.210408
109.453154 141.505177
109.453154 141.799946
109.453154 142.094715
109.453154 142.389484
109.747923 142.389484
109.747923 142.684253
109.747923 142.979022
109.747923 143.273791
109.747923 142.979022
109.747923 143.273791
109.747923 142.979022
109.747923 143.273791
109.747923 143.568560
110.042692 143.568560
110.042692 143.863329
110.042692 143.568560
110.042692 143.863329
110.042692 144.158098
110.042692 144.452867
110.337461 144.452867
110.337461 144.747636
110.337461 145.042405
110.632230 145.042405
110.632230 145.337174
110.632230 145.631943
110.632230 145.926712
110.926999 145.926712
110.926999 146.221481
111.221768 146.516250
111.221768 146.811019
111.516537 147.105788
111.516537 147.400557
111.811306 147.695326
111.811306 147.990095
112.106075 147.990095
112.106075 148.284864
112.400844 148.579633
112.400844 148.874402
112.695613 148.874402
112.695613 149.169171
112.990382 149.463940
112.990382 149.758709
113.285151 149.758709
113.579920 150.053478
113.579920 150.348247
113.874689 150.348247
113.874689 150.643016
114.169458 150.937785
114.169458 151.232554
114.464227 151.232554
114.758996 151.527323
114.758996 151.822091
115.053765 151.822091
115.348534 152.116860
115.643303 152.411629
115.643303 152.706398
115.938072 152.706398
116.232841 152.706398
116.527610 153.001167
116.822378 153.295936
117.117147 153.590705
117.411916 153.885474
117.706685 153.885474
118.001454 154.180243
118.296223 154.475012
118.590992 154.475012
118.885761 154.769781
119.180530 155.064550
119.475299 155.064550
119.770068 155.359319
120.064837 155.359319
120.359606 155.654088
120.654375 155.654088
120.949144 155.948857
121.243913 155.948857
121.243913 156.538395
121.243913 157.127933
121.538682 157.717471
121.538682 158.012240
121.538682 158.601778
121.538682 159.191316
121.833451 159.780854
121.833451 160.370392
121.833451 160.665161
121.833451 161.254699
122.128220 161.844237
122.128220 162.433775
122.128220 163.023313
122.128220 163.612851
122.422989 163.907620
122.422989 164.497157
122.422989 165.086695
122.128220 165.381464
121.833451 165.676233
121.538682 165.971002
121.243913 166.265771
120.949144 165.971002
120.654375 165.971002
120.359606 165.971002
120.064837 165.971002
119.770068 165.676233
119.475299 165.676233
119.180530 165.676233
118.885761 165.381464
118.590992 165.381464
118.296223 165.381464
118.001454 165.381464
117.706685 165.086695
117.411916 165.086695
117.117147 165.086695
116.822378 164.791926
116.527610 164.791926
116.232841 164.791926
115.938072 164.791926
115.643303 164.497157
115.348534 164.497157
115.053765 164.497157
114.758996 164.497157
114.464227 164.202388
114.169458 164.202388
113.874689 164.202388
113.579920 163.907620
113.285151 163.907620
112.990382 163.907620
112.695613 163.907620
112.400844 163.612851
112.106075 163.612851
111.811306 163.612851
111.516537 163.318082
110.926999 163.023313
110.632230 162.728544
110.337461 162.728544
110.042692 162.433775
109.747923 162.139006
109.453154 161.844237
109.158385 161.549468
108.863616 161.254699
108.274078 160.959930
107.979309 160.665161
107.684540 160.370392
107.389771 160.075623
107.095002 159.780854
106.800233 159.486085
106.505464 159.191316
105.915926 158.896547
105.621157 158.601778
105.326388 158.307009
105.031619 158.012240
104.736850 157.717471
104.442081 157.422702
104.147312 157.127933
103.852544 156.833164
103.263006 156.538395
102.968237 156.243626
102.673468 156.243626
102.378699 155.948857
102.083930 155.654088
101.789161 155.359319
101.494392 155.064550
101.199623 154.769781
100.610085 154.475012
100.315316 154.180243
100.315316 153.885474
100.020547 153.590705
99.725778 153.295936
99.431009 152.706398
99.431009 152.411629
99.136240 152.116860
98.841471 151.822091
98.546702 151.527323
98.546702 151.232554
98.251933 150.937785
97.957164 150.643016
97.662395 150.053478
97.662395 149.758709
97.367626 149.463940
97.072857 149.169171
97.072857 148.874402
96.778088 148.579633
96.483319 148.284864
96.188550 147.990095
96.188550 147.400557
95.893781 147.105788
95.599012 146.811019
95.304243 146.516250
95.304243 146.221481
95.009474 145.926712
94.714705 145.631943
94.419936 145.337174
94.419936 144.747636
94.125167 144.452867
93.830398 144.158098
93.830398 143.863329
93.535629 143.568560
93.240860 143.273791
93.240860 142.979022
93.240860 142.389484
92.946091 142.094715
92.946091 141.799946
92.946091 141.505177
92.946091 140.915639
92.946091 140.620870
92.946091 140.326101
92.946091 139.736563
92.946091 139.441794
92.946091 139.147025
92.946091 138.852257
92.946091 138.262719
92.946091 137.967950
92.946091 137.673181
92.651322 137.378412
92.651322 136.788874
92.651322 136.494105
92.651322 136.199336
92.651322 135.609798
92.651322 135.315029
92.651322 135.020260
92.651322 134.725491
92.651322 134.135953
92.651322 133.841184
92.651322 133.546415
92.651322 133.251646
92.651322 132.662108
92.651322 132.367339
92.651322 132.072570
92.651322 131.777801
92.651322 131.483032
92.651322 130.893494
92.651322 130.598725
92.651322 130.303956
92.651322 130.009187
92.946091 129.714418
92.946091 129.124880
92.946091 128.830111
92.946091 128.535342
92.946091 128.240573
92.946091 127.945804
92.946091 127.356266
92.946091 127.061497
92.946091 126.766728
92.946091 126.471959
92.946091 126.177191
92.946091 125.587653
92.946091 125.292884
93.240860 124.998115
93.240860 124.703346
93.240860 124.408577
93.240860 124.113808
93.535629 123.819039
93.535629 123.524270
93.535629 123.229501
93.535629 122.934732
93.830398 122.639963
93.830398 122.345194
93.830398 122.050425
94.125167 121.460887
94.125167 121.166118
94.125167 120.871349
94.419936 120.576580
94.714705 120.281811
94.714705 119.987042
95.009474 119.692273
95.304243 119.397504
95.599012 119.102735
95.893781 118.807966
95.893781 118.513197
96.188550 118.218428
96.483319 117.923659
96.778088 117.628890
97.072857 117.334121
97.367626 117.039352
97.662395 116.744583
97.957164 116.449814
98.251933 116.155045
98.546702 115.860276
98.546702 115.565507
98.841471 115.270738
99.136240 114.975969
99.431009 114.681200
99.725778 114.386431
100.020547 114.091662
100.315316 113.796894
100.610085 113.502125
100.904854 113.207356
101.199623 112.912587
101.494392 112.617818
102.083930 112.617818
102.378699 112.323049
102.673468 112.028280
102.968237 111.733511
103.263006 111.438742
103.852544 111.438742
104.147312 111.143973
104.442081 110.849204
104.736850 110.554435
105.031619 110.259666
105.621157 109.964897
105.915926 109.964897
106.210695 109.670128
106.505464 109.375359
106.800233 109.080590
107.389771 108.785821
107.684540 108.491052
107.979309 108.491052
108.274078 108.196283
108.863616 107.901514
109.158385 107.606745
109.453154 107.606745
109.747923 107.606745
110.042692 107.606745
110.337461 107.606745
110.632230 107.606745
110.926999 107.606745
111.221768 107.606745
111.516537 107.606745
111.811306 107.606745
112.106075 107.606745
112.400844 107.606745
112.695613 107.606745
112.990382 107.606745
113.285151 107.606745
113.579920 107.606745
113.874689 107.606745
114.169458 107.606745
114.464227 107.606745
114.758996 107.606745
115.053765 107.606745
115.348534 107.606745
115.643303 107.606745
115.938072 107.606745
116.232841 107.606745
