147.378769 83.500329
146.711975 84.833916
146.711975 85.500709
146.045182 86.167503
145.378388 87.501090
144.711595 87.501090
144.044802 87.501090
143.378008 88.167883
142.711215 87.501090
142.044421 88.167883
141.377628 88.167883
140.710835 88.167883
141.377628 88.167883
140.710835 88.167883
140.044041 88.167883
139.377248 88.167883
138.710454 88.167883
138.710454 88.834676
138.043661 88.834676
137.376868 88.834676
136.710074 88.834676
136.043281 88.834676
136.043281 89.501470
135.376487 89.501470
134.709694 90.168263
134.042901 90.168263
133.376107 90.168263
132.709314 90.835057
132.042520 90.835057
131.375727 90.835057
131.375727 91.501850
130.708934 91.501850
130.708934 92.168643
130.042140 92.168643
129.375347 92.168643
129.375347 92.835437
128.708553 92.835437
128.708553 93.502230
128.041760 93.502230
127.374967 93.502230
127.374967 94.169024
126.708173 94.169024
126.708173 94.835817
126.041380 95.502610
125.374586 95.502610
125.374586 96.169404
124.707793 96.836197
124.041000 97.502991
123.374206 97.502991
123.374206 98.169784
122.707413 98.836577
122.040619 99.503371
121.373826 99.503371
121.373826 100.170164
120.707033 100.836958
120.040239 100.836958
119.373446 101.503751
118.706652 101.503751
118.706652 102.170544
118.039859 102.170544
117.373066 102.170544
117.373066 102.837338
116.706272 103.504131
116.039479 104.170925
115.372685 104.170925
115.372685 104.837718
114.705892 105.504511
114.039099 106.171305
113.372305 106.171305
113.372305 106.838098
112.705512 107.504892
112.038718 108.171685
111.371925 108.838478
111.371925 109.505272
110.705132 110.172065
110.038338 110.838859
110.038338 111.505652
109.371545 112.172445
108.704751 112.839239
108.704751 113.506032
108.037958 114.172826
108.037958 114.839619
107.371165 115.506412
107.371165 116.173206
107.371165 116.839999
106.704371 117.506793
106.704371 118.173586
106.704371 118.840379
106.037578 119.507173
106.037578 120.173966
106.037578 120.840760
105.370784 121.507553
105.370784 122.174346
105.370784 122.841140
105.370784 123.507933
105.370784 124.174727
104.703991 124.841520
104.703991 125.508313
104.703991 126.175107
104.037198 126.841900
104.037198 127.508694
104.037198 128.175487
104.037198 128.842280
104.037198 129.509074
104.037198 130.175867
103.370404 130.842661
103.370404 131.509454
103.370404 132.176247
103.370404 132.843041
103.370404 133.509834
103.370404 134.176628
103.370404 134.843421
103.370404 135.510214
103.370404 136.177008
103.370404 136.843801
103.370404 137.510595
103.370404 138.177388
104.037198 138.844181
104.037198 139.510975
104.037198 140.177768
104.037198 140.844562
104.037198 141.511355
104.037198 142.178148
104.703991 142.844942
104.703991 143.511735
104.703991 144.178529
104.703991 144.845322
105.370784 144.845322
105.370784 145.512115
105.370784 146.178909
105.370784 146.845702
105.370784 147.512496
105.370784 148.179289
105.370784 148.846082
105.370784 149.512876
105.370784 150.179669
105.370784 150.846463
105.370784 151.513256
105.370784 152.180049
105.370784 152.846843
105.370784 153.513636
105.370784 154.180430
105.370784 154.847223
105.370784 155.514016
105.370784 156.180810
106.037578 156.847603
106.037578 157.514397
106.037578 158.181190
106.037578 158.847983
106.037578 159.514777
106.037578 160.181570
106.704371 160.848364
106.704371 161.515157
106.704371 162.181950
107.371165 162.848744
107.371165 163.515537
107.371165 164.182331
107.371165 164.849124
107.371165 165.515917
106.704371 166.849504
106.037578 167.516298
106.037578 168.183091
105.370784 169.516678
104.703991 170.183471
104.703991 170.850265
104.037198 172.183851
103.370404 172.850645
102.703611 172.850645
102.036817 173.517438
101.370024 173.517438
100.703231 174.184232
100.036437 174.184232
99.369644 174.851025
98.702850 174.851025
97.369264 175.517818
96.702470 175.517818
96.035677 175.517818
95.368883 176.184612
94.702090 176.184612
94.035297 176.184612
93.368503 176.851405
92.701710 176.851405
92.034916 176.851405
91.368123 176.851405
90.701330 177.518199
90.034536 177.518199
89.367743 177.518199
88.700949 177.518199
88.034156 177.518199
87.367363 178.184992
86.700569 178.184992
85.366982 178.184992
84.700189 178.184992
84.033396 178.184992
83.366602 177.518199
82.699809 177.518199
82.033015 176.851405
80.699429 176.851405
80.032635 176.184612
79.365842 176.184612
78.699048 176.184612
78.032255 175.517818
76.698668 175.517818
76.031875 174.851025
75.365081 174.851025
74.698288 174.184232
74.031495 174.184232
73.364701 174.184232
72.031114 173.517438
71.364321 173.517438
70.697528 172.850645
70.030734 172.850645
69.363941 172.183851
68.030354 172.183851
67.363561 172.183851
66.696767 171.517058
66.029974 171.517058
65.363180 170.850265
64.696387 170.183471
63.362800 169.516678
62.696007 168.849884
62.029213 168.183091
61.362420 166.849504
60.695627 166.182711
60.028833 165.515917
59.362040 164.849124
58.695246 164.182331
57.361660 163.515537
56.694866 162.848744
56.028073 162.181950
56.028073 161.515157
55.361279 160.181570
55.361279 159.514777
54.694486 158.847983
54.694486 158.181190
54.027693 157.514397
54.027693 156.847603
53.360899 155.514016
53.360899 154.847223
52.694106 154.180430
52.694106 153.513636
52.027312 152.846843
52.027312 152.180049
51.360519 150.846463
51.360519 150.179669
50.693726 149.512876
50.693726 148.846082
50.026932 148.179289
50.026932 147.512496
49.360139 146.178909
49.360139 145.512115
48.693345 144.845322
48.693345 144.178529
48.026552 143.511735
48.026552 142.844942
48.026552 142.178148
48.026552 140.844562
48.026552 140.177768
48.026552 139.510975
48.026552 138.844181
48.026552 138.177388
48.026552 136.843801
48.026552 136.177008
48.026552 135.510214
48.026552 134.843421
48.026552 134.176628
48.026552 132.843041
48.026552 132.176247
48.026552 131.509454
48.026552 130.842661
48.026552 130.175867
48.026552 128.842280
48.026552 128.175487
48.026552 127.508694
48.693345 126.841900
48.693345 126.175107
48.693345 125.508313
49.360139 124.841520
49.360139 124.174727
49.360139 123.507933
50.026932 122.841140
50.026932 122.174346
50.026932 121.507553
50.693726 120.840760
50.693726 120.173966
50.693726 119.507173
51.360519 118.840379
51.360519 117.506793
51.360519 116.839999
52.027312 116.173206
52.027312 115.506412
52.027312 114.839619
52.694106 114.172826
52.694106 113.506032
52.694106 112.839239
53.360899 112.172445
53.360899 111.505652
54.027693 110.172065
54.694486 109.505272
56.028073 108.838478
56.694866 107.504892
57.361660 106.838098
58.028453 106.171305
58.695246 104.837718
59.362040 104.170925
60.028833 103.504131
60.695627 102.170544
62.029213 101.503751
62.696007 100.836958
63.362800 99.503371
64.029594 98.836577
64.696387 98.169784
65.363180 96.836197
66.029974 96.169404
67.363561 95.502610
68.030354 94.169024
68.697147 93.502230
69.363941 92.835437
70.030734 91.501850
70.697528 90.835057
71.364321 90.168263
72.031114 89.501470
72.697908 88.834676
73.364701 87.501090
74.031495 86.834296
74.031495 86.167503
74.698288 85.500709
75.365081 84.833916
76.031875 84.167123
76.698668 83.500329
76.698668 82.833536
77.365462 82.166742
78.032255 81.499949
78.699048 80.833156
79.365842 80.166362
79.365842 79.499569
80.032635 78.832775
80.699429 78.165982
81.366222 77.499189
81.366222 76.832395
82.033015 76.165602
82.699809 75.498808
83.366602 74.832015
84.033396 74.165222
84.700189 74.165222
86.033776 73.498428
86.700569 72.831635
87.367363 72.831635
88.034156 72.164841
88.700949 71.498048
89.367743 71.498048
90.034536 70.831255
90.701330 70.164461
91.368123 70.164461
92.034916 69.497668
92.701710 68.830874
94.035297 68.164081
94.702090 68.164081
95.368883 67.497288
96.035677 66.830494
96.702470 66.830494
97.369264 66.163701
98.036057 65.496907
98.702850 65.496907
99.369644 64.830114
100.036437 64.163321
101.370024 64.163321
102.036817 64.163321
102.703611 63.496527
103.370404 63.496527
104.037198 63.496527
104.703991 63.496527
105.370784 63.496527
106.037578 63.496527
106.704371 63.496527
107.371165 63.496527
108.037958 63.496527
108.704751 63.496527
109.371545 63.496527
110.038338 63.496527
110.705132 63.496527
111.371925 63.496527
112.038718 63.496527
113.372305 62.829734
114.039099 62.829734
114.705892 62.829734
115.372685 62.829734
116.039479 62.829734
116.706272 62.829734
117.373066 62.829734
118.039859 62.829734
118.706652 62.829734
119.373446 62.829734
120.040239 62.829734
120.707033 62.829734
121.373826 62.829734
122.040619 62.829734
122.707413 62.829734
123.374206 62.829734
124.041000 62.829734
124.707793 62.829734
126.041380 62.829734
126.708173 62.829734
127.374967 62.829734
128.041760 62.829734
128.708553 62.829734
129.375347 63.496527
130.042140 63.496527
130.708934 64.163321
131.375727 64.830114
132.042520 65.496907
132.709314 65.496907
133.376107 66.163701
134.042901 66.830494
134.709694 67.497288
135.376487 68.164081
136.043281 68.164081
136.710074 68.830874
137.376868 69.497668
138.043661 70.164461
138.710454 70.164461
139.377248 70.831255
140.710835 70.831255
141.377628 71.498048
142.044421 72.164841
142.711215 72.164841
143.378008 72.831635
144.044802 72.831635
144.711595 73.498428
145.378388 74.165222
146.711975 74.165222
146.711975 74.832015
147.378769 75.498808
147.378769 76.165602
147.378769 76.832395
148.045562 77.499189
148.045562 78.832775
148.045562 79.499569
148.712355 80.166362
148.712355 80.833156
148.712355 81.499949
148.712355 82.166742
148.712355 82.833536
147.378769 83.500329
