114.601265 105.712929
114.932400 105.381793
114.932400 105.050658
114.932400 104.719523
114.601265 104.719523
114.932400 104.719523
115.263535 104.719523
114.932400 105.050658
114.932400 105.381793
114.601265 105.712929
114.601265 106.044064
114.270129 106.375199
113.938994 106.706335
113.938994 107.037470
113.938994 107.368605
113.607859 107.699741
113.276723 108.030876
113.276723 108.362011
113.276723 108.693147
112.945588 109.024282
112.945588 109.355418
112.614453 109.686553
112.614453 110.017688
112.283317 110.348824
112.283317 110.679959
112.283317 111.011094
111.952182 111.342230
111.952182 111.673365
111.952182 112.004500
111.621046 112.335636
111.621046 112.666771
111.621046 112.997906
111.621046 113.329042
111.289911 113.660177
111.289911 113.991313
111.289911 114.322448
111.289911 113.991313
111.289911 114.322448
111.289911 114.653583
111.289911 114.984719
110.958776 115.315854
110.958776 115.646989
110.958776 115.978125
110.958776 116.309260
110.958776 116.640395
110.958776 116.971531
110.958776 117.302666
110.958776 117.633801
110.958776 117.964937
110.958776 118.296072
110.627640 118.627208
110.627640 118.958343
110.627640 119.289478
110.627640 119.620614
110.296505 119.951749
110.296505 120.282884
110.296505 120.614020
110.296505 120.945155
110.296505 121.276290
110.296505 121.607426
110.296505 121.938561
110.296505 122.269696
110.296505 122.600832
110.296505 122.931967
110.296505 123.263103
110.296505 123.594238
110.296505 123.925373
110.296505 124.256509
110.296505 124.587644
109.965370 124.918779
109.634234 125.249915
109.303099 125.581050
108.971964 125.912185
108.971964 126.243321
108.971964 126.574456
108.971964 126.905591
108.971964 127.236727
108.971964 127.567862
108.971964 127.898998
108.971964 128.230133
108.971964 128.561268
108.971964 128.892404
108.971964 129.223539
108.971964 129.554674
108.971964 129.885810
108.971964 130.216945
108.971964 130.548080
108.971964 130.879216
108.971964 131.210351
108.971964 131.541486
108.971964 131.872622
108.971964 132.203757
108.971964 132.534893
108.971964 132.866028
108.971964 133.197163
108.971964 133.528299
108.971964 133.859434
108.971964 134.190569
108.971964 134.521705
108.971964 134.852840
108.971964 135.183975
108.971964 135.515111
108.971964 135.846246
108.971964 136.177381
108.971964 136.508517
108.971964 136.839652
108.971964 137.170788
108.971964 137.501923
108.971964 137.833058
108.971964 138.164194
109.303099 138.495329
109.634234 138.826464
109.965370 139.157600
110.296505 139.488735
110.296505 139.819870
110.296505 140.151006
110.296505 140.482141
110.296505 140.813276
110.296505 141.144412
110.296505 141.475547
110.296505 141.806683
110.296505 142.137818
110.296505 142.468953
110.296505 142.800089
110.296505 143.131224
110.296505 143.462359
110.296505 143.793495
110.296505 144.124630
110.627640 144.455765
110.958776 144.786901
111.289911 145.118036
111.289911 145.449172
111.289911 145.780307
111.289911 146.111442
111.289911 146.442578
111.621046 146.773713
111.952182 147.104848
112.283317 147.435984
111.952182 147.435984
111.621046 147.435984
111.289911 147.435984
111.621046 147.435984
111.952182 147.435984
112.283317 147.435984
111.952182 147.435984
111.621046 147.435984
111.289911 147.435984
111.621046 147.435984
111.952182 147.435984
112.283317 147.435984
112.283317 147.767119
112.283317 148.098254
112.283317 148.429390
112.614453 148.760525
112.945588 149.091660
113.276723 149.422796
113.607859 149.753931
113.607859 150.085067
113.607859 150.416202
113.607859 150.747337
113.607859 151.078473
113.607859 151.409608
113.607859 151.740743
113.938994 152.071879
114.270129 152.071879
114.601265 152.071879
114.601265 152.403014
114.601265 152.734149
114.601265 153.065285
114.932400 153.396420
115.263535 153.396420
115.594671 153.396420
115.925806 153.727555
115.925806 154.058691
115.925806 154.389826
115.925806 154.720962
115.925806 155.052097
115.925806 155.383232
116.256941 155.383232
116.588077 155.383232
116.919212 155.383232
116.919212 155.714368
116.919212 156.045503
116.919212 156.376638
117.250348 156.707774
117.581483 156.707774
117.912618 156.707774
118.243754 156.707774
118.574889 157.038909
118.906024 157.370044
119.237160 157.701180
119.568295 158.032315
119.899430 158.363450
120.230566 159.025721
120.561701 159.356857
120.561701 159.687992
120.561701 160.019127
120.561701 160.350263
120.561701 160.681398
120.561701 161.012533
120.561701 161.343669
120.561701 161.674804
120.561701 162.005939
120.561701 162.337075
120.561701 162.668210
120.561701 162.999345
120.561701 163.330481
120.561701 163.661616
120.230566 163.330481
119.899430 162.999345
119.568295 162.668210
119.237160 162.337075
118.906024 162.337075
118.574889 162.337075
118.243754 162.337075
117.912618 162.005939
117.581483 161.674804
117.250348 161.343669
116.919212 161.343669
116.588077 161.343669
116.256941 161.343669
115.925806 161.343669
115.594671 161.012533
115.263535 160.681398
114.932400 160.350263
114.601265 160.019127
114.270129 160.019127
113.938994 160.019127
113.607859 160.019127
113.276723 159.687992
112.945588 159.356857
112.614453 159.025721
112.283317 158.694586
111.952182 158.363450
111.621046 158.032315
111.289911 157.701180
110.958776 157.701180
110.627640 157.701180
110.296505 157.701180
109.965370 157.370044
109.634234 157.038909
109.303099 156.707774
108.971964 156.376638
108.640828 156.045503
108.309693 155.714368
107.978558 155.383232
107.647422 155.383232
107.316287 155.383232
106.985151 155.383232
106.654016 155.383232
106.322881 155.052097
105.991745 154.720962
105.660610 154.389826
105.329475 154.058691
104.998339 153.727555
104.667204 153.396420
104.336069 153.065285
104.004933 152.734149
103.673798 152.403014
103.342663 152.071879
103.011527 151.740743
102.680392 151.409608
102.349256 151.078473
102.018121 150.747337
101.355850 150.416202
101.024715 150.085067
101.024715 149.753931
101.024715 149.422796
101.024715 149.091660
101.024715 148.760525
101.024715 148.429390
101.024715 148.098254
101.024715 147.767119
100.693580 147.435984
100.362444 147.104848
100.031309 146.773713
99.700174 146.442578
99.700174 146.111442
99.700174 145.780307
99.700174 145.449172
99.700174 145.118036
99.700174 144.786901
99.700174 144.455765
99.700174 144.124630
99.369038 143.793495
99.037903 143.462359
98.706768 143.131224
98.706768 142.800089
98.706768 142.468953
98.706768 142.137818
98.706768 141.806683
98.375632 141.475547
98.044497 141.144412
97.713361 140.813276
97.382226 140.482141
97.382226 140.151006
97.382226 139.819870
97.382226 139.488735
97.382226 139.157600
97.382226 138.826464
97.382226 138.495329
97.382226 138.164194
97.382226 137.833058
97.382226 137.501923
97.382226 137.170788
97.382226 136.839652
97.382226 136.508517
97.382226 136.177381
97.382226 135.846246
97.382226 135.515111
97.382226 135.183975
97.713361 134.852840
98.044497 134.521705
98.375632 134.190569
98.706768 133.859434
98.706768 133.528299
98.706768 133.197163
98.706768 132.866028
98.706768 132.534893
98.706768 132.203757
98.706768 131.872622
98.706768 131.541486
98.706768 131.210351
98.706768 130.879216
98.706768 130.548080
98.706768 130.216945
98.706768 129.885810
98.706768 129.554674
98.706768 129.223539
98.706768 128.892404
98.706768 128.561268
98.706768 128.230133
98.706768 127.898998
98.706768 127.567862
98.706768 127.236727
98.706768 126.905591
98.706768 126.574456
98.706768 126.243321
98.706768 125.912185
98.706768 125.581050
98.706768 125.249915
98.706768 124.918779
98.706768 124.587644
98.706768 124.256509
98.706768 123.925373
98.706768 123.594238
99.037903 123.263103
99.369038 122.931967
99.700174 122.600832
99.700174 122.269696
99.700174 121.938561
99.700174 121.607426
99.700174 121.276290
99.700174 120.945155
99.700174 120.614020
99.700174 120.282884
99.700174 119.951749
99.700174 119.620614
99.700174 119.289478
99.700174 118.958343
99.700174 118.627208
99.700174 118.296072
99.700174 117.964937
100.031309 117.633801
100.362444 117.302666
100.693580 116.971531
101.024715 116.309260
101.024715 115.978125
101.024715 115.646989
101.024715 115.315854
101.355850 115.315854
101.686986 115.315854
102.018121 115.315854
102.349256 115.315854
102.680392 114.984719
103.011527 114.653583
103.342663 114.322448
103.673798 113.991313
104.004933 113.660177
104.336069 113.329042
104.667204 112.997906
104.998339 112.666771
105.329475 112.335636
105.660610 112.004500
105.991745 111.673365
106.322881 111.342230
106.654016 111.011094
106.985151 110.679959
107.316287 110.348824
107.647422 110.017688
107.978558 109.686553
108.309693 109.355418
108.640828 109.024282
108.971964 108.693147
109.303099 108.362011
109.634234 108.030876
109.965370 107.699741
110.296505 107.368605
110.627640 107.037470
110.958776 106.706335
111.289911 106.375199
111.621046 106.375199
111.952182 106.375199
112.283317 106.375199
112.614453 106.375199
112.945588 106.375199
113.276723 106.375199
113.607859 106.375199
113.938994 106.375199
114.270129 106.375199
114.270129 106.044064
114.601265 106.044064
114.601265 105.712929
