78.589983 80.037879
80.311185 81.759082
80.311185 83.480284
80.311185 85.201486
80.311185 86.922688
78.589983 88.643891
78.589983 90.365093
78.589983 92.086295
78.589983 93.807498
78.589983 95.528700
78.589983 97.249902
78.589983 98.971104
78.589983 97.249902
78.589983 98.971104
78.589983 97.249902
78.589983 95.528700
78.589983 97.249902
78.589983 95.528700
78.589983 97.249902
78.589983 95.528700
78.589983 97.249902
78.589983 95.528700
78.589983 97.249902
78.589983 95.528700
78.589983 97.249902
78.589983 95.528700
78.589983 97.249902
78.589983 98.971104
78.589983 100.692307
78.589983 102.413509
78.589983 104.134711
78.589983 105.855914
80.311185 107.577116
80.311185 109.298318
80.311185 111.019520
80.311185 112.740723
80.311185 114.461925
80.311185 116.183127
80.311185 117.904330
80.311185 119.625532
82.032387 121.346734
82.032387 123.067936
82.032387 124.789139
83.753589 126.510341
83.753589 128.231543
85.474792 129.952746
85.474792 131.673948
87.195994 133.395150
88.917196 135.116352
88.917196 136.837555
90.638399 138.558757
92.359601 140.279959
94.080803 142.001162
95.802005 143.722364
97.523208 145.443566
99.244410 145.443566
100.965612 147.164768
102.686815 148.885971
104.408017 148.885971
106.129219 150.607173
107.850421 150.607173
109.571624 150.607173
111.292826 152.328375
113.014028 152.328375
114.735231 152.328375
116.456433 154.049578
118.177635 155.770780
119.898837 157.491982
119.898837 159.213184
118.177635 160.934387
118.177635 162.655589
116.456433 164.376791
114.735231 164.376791
113.014028 166.097994
111.292826 166.097994
109.571624 166.097994
107.850421 166.097994
106.129219 166.097994
104.408017 166.097994
102.686815 166.097994
100.965612 166.097994
99.244410 166.097994
97.523208 166.097994
95.802005 166.097994
94.080803 166.097994
92.359601 164.376791
90.638399 164.376791
88.917196 164.376791
87.195994 162.655589
85.474792 160.934387
83.753589 160.934387
82.032387 159.213184
80.311185 157.491982
78.589983 155.770780
76.868780 154.049578
76.868780 152.328375
76.868780 150.607173
76.868780 148.885971
76.868780 147.164768
76.868780 145.443566
76.868780 143.722364
76.868780 142.001162
76.868780 140.279959
76.868780 138.558757
76.868780 136.837555
76.868780 135.116352
76.868780 133.395150
76.868780 131.673948
75.147578 129.952746
75.147578 128.231543
75.147578 126.510341
75.147578 124.789139
73.426376 123.067936
73.426376 121.346734
73.426376 119.625532
73.426376 117.904330
71.705173 116.183127
71.705173 114.461925
71.705173 112.740723
71.705173 111.019520
71.705173 109.298318
71.705173 107.577116
71.705173 105.855914
71.705173 104.134711
71.705173 102.413509
71.705173 100.692307
71.705173 98.971104
71.705173 97.249902
71.705173 95.528700
71.705173 93.807498
71.705173 92.086295
71.705173 90.365093
71.705173 88.643891
73.426376 86.922688
73.426376 85.201486
75.147578 83.480284
76.868780 81.759082
76.868780 80.037879
78.589983 78.316677
78.589983 80.037879
