80.426379 79.434595
80.898736 80.379308
81.371093 80.851665
81.371093 81.324022
81.371093 81.796379
81.371093 82.268736
80.898736 82.741093
80.898736 83.213450
80.898736 83.685807
80.426379 84.158164
80.426379 84.630521
80.426379 85.102878
79.954022 85.575235
79.954022 86.047591
79.954022 86.519948
79.954022 86.992305
79.481665 87.464662
79.481665 87.937019
79.481665 88.409376
79.481665 88.881733
79.009308 89.354090
79.009308 89.826447
79.009308 90.298804
79.009308 90.771161
79.009308 91.243518
78.536951 91.715875
78.536951 92.188231
78.536951 92.660588
78.536951 93.132945
78.536951 93.605302
78.536951 94.077659
78.536951 94.550016
78.064594 95.022373
78.064594 95.494730
78.064594 95.967087
78.064594 96.439444
78.064594 96.911801
78.064594 97.384158
78.064594 97.856515
78.064594 98.328871
78.064594 98.801228
78.064594 99.273585
78.064594 99.745942
78.064594 100.218299
78.064594 100.690656
78.064594 101.163013
78.064594 101.635370
78.064594 102.107727
78.064594 102.580084
78.064594 103.052441
78.064594 103.524798
78.064594 103.997155
78.064594 104.469511
78.064594 104.941868
78.064594 105.414225
78.064594 105.886582
78.064594 106.358939
78.064594 106.831296
78.064594 107.303653
78.064594 107.776010
78.064594 108.248367
78.536951 108.720724
78.536951 109.193081
78.536951 109.665438
78.536951 110.137795
78.536951 110.610151
78.536951 111.082508
78.536951 111.554865
79.009308 112.027222
79.009308 112.499579
79.009308 112.971936
79.009308 112.499579
79.009308 112.971936
79.009308 113.444293
79.009308 113.916650
79.481665 114.389007
79.481665 114.861364
79.481665 115.333721
79.481665 114.861364
79.481665 115.333721
79.481665 115.806078
79.954022 116.278435
79.954022 116.750791
79.954022 117.223148
79.954022 117.695505
80.426379 118.167862
80.426379 118.640219
80.426379 119.112576
80.898736 119.584933
80.898736 120.057290
80.898736 120.529647
81.371093 121.002004
81.371093 121.474361
81.371093 121.946718
81.843450 122.419075
81.843450 122.891431
81.843450 123.363788
81.843450 122.891431
81.843450 123.363788
81.843450 123.836145
82.315807 123.836145
82.315807 124.308502
82.315807 124.780859
82.788164 124.780859
82.788164 125.253216
83.260520 125.725573
83.260520 126.197930
83.260520 126.670287
83.260520 127.142644
83.732877 127.142644
83.732877 127.615001
83.732877 128.087358
84.205234 128.087358
84.205234 128.559715
84.677591 129.032071
84.677591 129.504428
85.149948 129.976785
85.149948 130.449142
85.622305 130.921499
86.094662 131.393856
86.094662 131.866213
86.094662 132.338570
86.567019 132.338570
86.567019 132.810927
87.039376 133.283284
87.511733 133.755641
87.511733 134.227998
87.511733 134.700355
87.984090 134.700355
87.984090 135.172712
88.456447 135.172712
88.456447 135.645068
88.928804 136.117425
89.401160 136.589782
89.873517 137.062139
89.873517 137.534496
89.873517 138.006853
90.345874 138.006853
90.818231 138.479210
90.818231 138.951567
91.290588 138.951567
91.290588 139.423924
91.762945 139.896281
91.762945 140.368638
92.235302 140.368638
92.707659 140.840995
92.707659 141.313352
93.180016 141.313352
93.652373 141.785708
93.652373 142.258065
94.124730 142.258065
94.597087 142.730422
94.597087 143.202779
95.069444 143.202779
95.541800 143.675136
96.014157 144.147493
96.014157 144.619850
96.486514 144.619850
96.958871 145.092207
97.431228 145.564564
97.903585 146.036921
98.375942 146.509278
98.848299 146.981635
99.320656 147.453992
99.793013 147.926348
100.265370 147.926348
100.737727 148.398705
101.210084 148.871062
101.682440 149.343419
102.154797 149.343419
102.627154 149.815776
103.099511 150.288133
103.571868 150.760490
104.044225 150.760490
104.516582 151.232847
104.988939 151.705204
105.461296 151.705204
105.933653 152.177561
106.406010 152.649918
106.878367 152.649918
107.350724 153.122275
107.823080 153.122275
108.295437 153.594632
108.767794 154.066988
109.240151 154.066988
109.712508 154.539345
110.184865 154.539345
110.657222 155.011702
111.129579 155.011702
111.601936 155.484059
112.074293 155.484059
112.546650 155.956416
113.019007 155.956416
113.491364 155.956416
113.963720 156.428773
114.436077 156.428773
114.908434 156.901130
115.380791 156.901130
115.853148 157.373487
116.325505 157.373487
116.797862 157.373487
117.270219 157.845844
117.742576 157.845844
118.214933 157.845844
118.687290 158.318201
119.159647 158.318201
119.632004 158.318201
120.104361 158.790558
120.576717 158.790558
121.049074 159.262915
121.521431 159.735272
121.993788 160.679985
121.521431 161.152342
121.049074 161.624699
120.576717 162.097056
120.104361 162.569413
120.104361 163.041770
119.632004 163.514127
119.159647 163.986484
118.687290 164.458841
118.214933 164.931198
118.214933 165.875912
117.270219 165.875912
116.797862 165.875912
116.325505 165.875912
115.853148 166.348268
114.908434 166.348268
114.436077 166.348268
113.963720 166.820625
113.491364 166.820625
112.546650 166.820625
112.074293 166.820625
111.601936 167.292982
111.129579 167.292982
110.657222 167.292982
109.712508 167.765339
109.240151 167.765339
108.767794 167.765339
108.295437 167.765339
107.350724 168.237696
106.878367 168.237696
106.406010 168.237696
105.933653 168.710053
104.988939 168.710053
104.516582 168.710053
104.044225 168.710053
103.571868 168.710053
102.627154 168.710053
102.154797 169.182410
101.682440 169.182410
101.210084 169.182410
100.265370 169.182410
99.793013 169.182410
99.320656 169.182410
98.848299 169.654767
97.903585 169.654767
97.431228 169.654767
96.958871 169.654767
96.014157 169.654767
95.541800 170.127124
95.069444 170.127124
94.597087 170.127124
93.652373 170.127124
93.180016 170.127124
92.707659 170.127124
92.235302 170.599481
91.290588 170.599481
90.818231 170.599481
90.345874 170.599481
89.873517 170.599481
88.928804 170.599481
88.456447 171.071838
87.984090 171.071838
87.511733 171.071838
86.567019 171.071838
86.094662 171.071838
85.622305 170.599481
85.149948 170.127124
84.677591 169.654767
84.205234 169.654767
83.732877 169.182410
83.260520 168.710053
82.788164 168.237696
82.315807 168.237696
81.843450 167.765339
81.371093 167.292982
80.898736 166.820625
79.954022 166.348268
79.481665 166.348268
79.009308 165.875912
78.536951 165.403555
78.064594 164.931198
77.592237 164.458841
77.119880 163.986484
76.647524 163.514127
76.647524 163.041770
76.175167 162.569413
75.702810 162.097056
75.230453 161.152342
74.758096 160.679985
74.285739 160.207628
73.813382 159.735272
73.341025 159.262915
72.868668 158.790558
72.868668 158.318201
72.868668 157.845844
72.868668 157.373487
72.868668 156.901130
72.868668 156.428773
72.868668 155.956416
72.868668 155.011702
72.396311 154.539345
72.396311 154.066988
72.396311 153.122275
72.396311 152.177561
72.396311 151.232847
71.923954 150.288133
71.923954 149.815776
71.923954 148.871062
71.923954 147.926348
71.451597 146.981635
71.451597 146.036921
71.451597 145.564564
71.451597 144.619850
70.979240 143.675136
70.979240 142.730422
70.979240 141.785708
70.979240 141.313352
70.506884 140.368638
70.506884 139.423924
70.506884 138.479210
70.506884 137.534496
70.506884 137.062139
70.034527 136.117425
70.034527 135.172712
70.034527 134.227998
70.034527 133.283284
69.562170 132.810927
69.562170 131.866213
69.562170 130.921499
69.562170 129.976785
69.089813 129.032071
69.089813 128.559715
69.089813 127.615001
69.089813 126.670287
68.617456 125.725573
68.617456 124.780859
68.617456 123.836145
68.617456 123.363788
68.617456 122.419075
68.145099 121.474361
68.145099 120.529647
68.145099 119.584933
68.145099 119.112576
67.672742 118.167862
67.672742 117.223148
67.672742 116.278435
67.672742 115.333721
67.200385 114.861364
67.200385 113.916650
67.200385 112.971936
67.200385 112.499579
67.200385 111.554865
67.200385 111.082508
67.200385 110.610151
67.200385 109.665438
67.200385 109.193081
67.672742 108.248367
67.672742 107.776010
67.672742 107.303653
67.672742 106.358939
67.672742 105.886582
67.672742 105.414225
67.672742 104.469511
67.672742 103.997155
67.672742 103.524798
67.672742 102.580084
68.145099 102.107727
68.145099 101.163013
68.145099 100.690656
68.145099 100.218299
68.145099 99.273585
68.145099 98.801228
68.145099 98.328871
68.145099 97.384158
68.145099 96.911801
68.617456 95.967087
68.617456 95.494730
68.617456 95.022373
68.617456 94.077659
68.617456 93.605302
68.617456 93.132945
68.617456 92.188231
68.617456 91.715875
68.617456 91.243518
69.089813 90.298804
69.562170 89.826447
70.034527 89.354090
70.506884 88.881733
70.979240 88.409376
70.979240 87.464662
71.451597 86.992305
71.923954 86.519948
72.396311 86.047591
72.868668 85.575235
73.341025 85.102878
73.341025 84.158164
73.813382 83.685807
74.285739 83.213450
74.758096 82.741093
75.230453 82.268736
75.702810 81.796379
76.175167 80.851665
76.175167 80.379308
76.647524 79.906951
77.119880 79.434595
77.592237 78.962238
78.064594 78.489881
78.536951 77.545167
78.536951 77.072810
79.009308 77.545167
79.481665 78.017524
79.954022 78.489881
80.426379 78.962238
80.426379 79.434595
