81.647963 87.080739
82.042787 87.475563
82.437611 87.870387
82.832435 88.265211
83.227259 88.660035
83.622083 89.054859
84.016907 89.844507
84.411731 90.634154
84.806554 91.028978
85.201378 91.818626
85.596202 92.213450
85.991026 93.003097
86.385850 93.397921
86.780674 94.187569
87.175498 94.582393
87.570321 95.372041
87.965145 95.766865
88.359969 96.556512
88.359969 96.951336
88.359969 97.346160
88.359969 97.740984
88.359969 98.135808
88.359969 98.530632
88.359969 98.925455
88.359969 99.320279
88.359969 99.715103
88.359969 100.109927
87.965145 100.504751
87.965145 100.899575
87.965145 101.294399
87.965145 101.689222
87.965145 102.084046
87.965145 102.478870
87.965145 102.873694
87.965145 103.268518
87.965145 103.663342
87.965145 104.058166
87.965145 104.452990
87.965145 104.847813
87.965145 105.242637
88.359969 105.242637
88.359969 105.637461
88.359969 106.032285
88.359969 106.427109
88.359969 106.821933
88.359969 107.216757
88.359969 107.611580
88.359969 108.006404
88.359969 108.401228
88.359969 108.796052
88.754793 108.796052
88.754793 109.190876
88.754793 109.585700
88.754793 109.980524
88.754793 110.375348
88.754793 109.980524
88.754793 110.375348
89.149617 110.770171
89.149617 111.164995
89.149617 111.559819
89.149617 111.954643
89.544441 112.349467
89.544441 112.744291
89.544441 113.139115
89.544441 113.533938
89.939265 113.928762
89.939265 114.323586
89.939265 114.718410
89.939265 115.113234
90.334089 115.113234
90.334089 115.508058
90.728912 115.902882
90.728912 116.297705
90.728912 116.692529
91.123736 117.087353
91.123736 117.482177
91.123736 117.877001
91.518560 117.877001
91.518560 118.271825
91.913384 118.666649
91.913384 119.061473
92.308208 119.456296
92.308208 119.851120
92.703032 120.245944
92.703032 120.640768
93.097856 121.035592
93.492679 121.430416
93.492679 121.825240
93.492679 122.220063
93.887503 122.220063
94.282327 122.614887
94.282327 123.009711
94.677151 123.404535
94.677151 123.799359
95.071975 123.799359
95.466799 124.194183
95.466799 124.589007
95.861623 124.983831
96.256446 125.378654
96.256446 125.773478
96.651270 126.168302
97.046094 126.563126
97.046094 126.957950
97.440918 127.352774
97.835742 127.747598
98.230566 128.142421
98.230566 128.537245
98.230566 128.932069
98.625390 128.932069
99.020214 129.326893
99.415037 129.721717
99.809861 130.116541
100.204685 130.511365
100.599509 130.906188
100.994333 131.301012
101.389157 131.695836
101.783981 132.090660
102.178804 132.485484
102.573628 132.880308
102.968452 133.275132
103.363276 133.669956
103.758100 134.064779
104.152924 134.064779
104.547748 134.459603
104.942571 134.854427
105.337395 135.249251
105.732219 135.249251
106.127043 135.644075
106.521867 136.038899
106.916691 136.038899
107.311515 136.433723
107.706339 136.828546
108.101162 136.828546
108.495986 137.223370
108.890810 137.223370
109.285634 137.618194
109.680458 137.618194
110.075282 138.013018
110.470106 138.013018
110.864929 138.407842
111.259753 138.407842
111.654577 138.802666
112.049401 138.802666
112.444225 139.197490
112.839049 139.197490
113.233873 139.592314
113.628697 139.592314
114.023520 139.592314
114.418344 139.987137
114.813168 139.987137
115.207992 139.987137
115.602816 140.381961
115.997640 140.381961
116.392464 140.381961
116.787287 140.381961
117.182111 140.776785
117.576935 141.171609
117.971759 141.961257
118.366583 142.356081
118.366583 143.145728
118.761407 143.540552
119.156231 144.330200
119.551054 144.725024
119.945878 145.514671
120.340702 145.909495
120.735526 146.699143
121.130350 147.093967
121.525174 147.883615
121.919998 148.278439
122.314822 149.068086
122.314822 149.462910
122.709645 149.857734
122.709645 150.252558
122.709645 150.647382
122.709645 151.042206
122.709645 151.437029
122.709645 151.831853
122.709645 152.226677
122.709645 152.621501
122.709645 153.016325
123.104469 153.411149
123.104469 153.805973
123.104469 154.200797
123.104469 154.595620
123.104469 154.990444
123.104469 155.385268
123.104469 155.780092
123.104469 156.174916
123.104469 156.569740
123.499293 156.964564
123.499293 157.359387
123.499293 157.754211
123.499293 158.149035
123.499293 158.543859
123.499293 158.938683
123.104469 159.333507
122.709645 159.333507
122.314822 159.728331
121.525174 160.123154
121.130350 160.123154
120.735526 160.517978
120.340702 160.517978
119.945878 160.912802
119.551054 160.912802
118.761407 161.307626
118.366583 161.702450
117.971759 161.702450
117.576935 162.097274
117.182111 162.097274
116.392464 162.492098
115.997640 162.886922
115.602816 162.886922
115.207992 162.886922
114.813168 162.886922
114.418344 162.886922
114.023520 162.886922
113.628697 162.886922
113.233873 163.281745
112.839049 163.281745
112.444225 163.281745
112.049401 163.281745
111.654577 163.281745
111.259753 163.281745
110.864929 163.281745
110.470106 163.281745
110.075282 163.281745
109.680458 163.281745
109.285634 163.281745
108.890810 163.281745
108.495986 163.281745
108.101162 163.281745
107.706339 163.281745
107.311515 163.281745
106.916691 163.281745
106.521867 163.281745
105.732219 163.281745
105.337395 163.281745
104.942571 162.886922
104.152924 162.886922
103.758100 162.886922
103.363276 162.492098
102.573628 162.492098
102.178804 162.492098
101.783981 162.097274
100.994333 162.097274
100.599509 162.097274
100.204685 161.702450
99.415037 161.702450
99.020214 161.702450
98.625390 161.307626
97.835742 161.307626
97.440918 161.307626
96.651270 160.912802
96.256446 160.912802
95.861623 160.912802
95.071975 160.517978
94.677151 160.517978
94.282327 160.517978
93.492679 160.123154
93.097856 160.123154
92.703032 160.123154
91.913384 159.728331
91.518560 159.728331
91.123736 159.728331
90.334089 159.333507
89.939265 159.333507
89.544441 159.333507
88.754793 158.938683
88.359969 158.543859
87.965145 158.149035
87.570321 157.754211
87.175498 157.359387
86.780674 156.569740
86.780674 156.174916
86.385850 155.780092
85.991026 155.385268
85.596202 154.990444
85.201378 154.595620
84.806554 153.805973
84.411731 153.411149
84.016907 153.016325
83.622083 152.621501
83.227259 152.226677
82.832435 151.437029
82.832435 151.042206
82.437611 150.647382
82.042787 150.252558
81.647963 149.857734
81.647963 149.068086
81.253140 148.673262
81.253140 148.278439
81.253140 147.883615
81.253140 147.488791
81.253140 146.699143
81.253140 146.304319
81.253140 145.909495
81.253140 145.514671
81.253140 145.119848
80.858316 144.725024
80.858316 144.330200
80.858316 143.540552
80.858316 143.145728
80.858316 142.750904
80.858316 142.356081
80.858316 141.961257
80.858316 141.566433
80.858316 141.171609
80.463492 140.381961
80.463492 139.987137
80.463492 139.592314
80.463492 139.197490
80.463492 138.802666
80.463492 138.407842
80.463492 138.013018
80.463492 137.223370
80.463492 136.828546
80.068668 136.433723
80.068668 136.038899
80.068668 135.644075
80.068668 135.249251
80.068668 134.459603
80.068668 134.064779
80.068668 133.669956
80.068668 133.275132
80.068668 132.880308
79.673844 132.485484
79.673844 132.090660
79.673844 131.301012
79.673844 130.906188
79.673844 130.511365
79.673844 130.116541
79.673844 129.721717
79.673844 129.326893
79.673844 128.932069
79.279020 128.142421
79.279020 127.747598
79.279020 127.352774
79.279020 126.957950
79.279020 126.563126
79.279020 126.168302
79.279020 125.773478
79.279020 125.378654
79.279020 124.983831
79.279020 124.589007
79.279020 123.799359
79.279020 123.404535
78.884196 123.009711
78.884196 122.614887
78.884196 121.825240
78.884196 121.430416
78.884196 121.035592
78.489373 120.640768
78.489373 119.851120
78.489373 119.456296
78.489373 119.061473
78.094549 118.666649
78.094549 118.271825
78.094549 117.482177
78.094549 117.087353
78.094549 116.692529
77.699725 116.297705
77.699725 115.508058
77.699725 115.113234
77.699725 114.718410
77.304901 114.323586
77.304901 113.533938
77.304901 113.139115
77.304901 112.744291
77.304901 112.349467
76.910077 111.954643
76.910077 111.164995
76.910077 110.770171
76.910077 110.375348
76.515253 109.980524
76.515253 109.190876
76.515253 108.796052
76.515253 108.401228
76.515253 108.006404
76.120429 107.216757
76.120429 106.821933
76.120429 106.427109
76.120429 106.032285
75.725606 105.637461
75.725606 104.847813
75.725606 104.452990
75.725606 104.058166
75.725606 103.663342
75.330782 102.873694
75.330782 102.478870
75.330782 102.084046
75.330782 101.689222
74.935958 100.899575
74.935958 100.504751
74.935958 100.109927
74.935958 99.715103
74.935958 99.320279
75.330782 98.925455
75.330782 98.530632
75.725606 97.740984
75.725606 97.346160
76.120429 96.951336
76.120429 96.556512
76.120429 96.161688
76.515253 95.766865
76.515253 95.372041
76.910077 94.977217
76.910077 94.187569
76.910077 93.792745
77.304901 93.397921
77.304901 93.003097
77.699725 92.608274
77.699725 92.213450
78.094549 91.818626
78.094549 91.423802
78.489373 91.028978
78.884196 90.634154
79.279020 90.239330
79.673844 89.844507
80.068668 89.449683
80.463492 89.054859
80.858316 88.660035
81.253140 88.265211
81.647963 87.870387
81.647963 87.475563
81.647963 87.080739
