77.330964 76.227351
77.330964 77.585618
77.330964 78.943885
77.330964 80.302152
77.330964 81.660419
77.330964 83.018686
77.330964 84.376953
77.330964 85.735220
77.330964 87.093486
77.330964 88.451753
77.330964 89.810020
77.330964 91.168287
77.330964 92.526554
77.330964 91.168287
77.330964 89.810020
77.330964 91.168287
77.330964 92.526554
77.330964 93.884821
77.330964 95.243088
77.330964 96.601355
77.330964 97.959622
77.330964 99.317889
77.330964 100.676156
77.330964 102.034423
78.689231 103.392690
78.689231 104.750957
78.689231 106.109224
78.689231 107.467490
80.047498 108.825757
80.047498 110.184024
81.405765 111.542291
81.405765 112.900558
81.405765 114.258825
82.764032 115.617092
84.122299 116.975359
84.122299 118.333626
85.480566 119.691893
85.480566 121.050160
86.838833 122.408427
86.838833 123.766694
88.197100 125.124961
89.555367 126.483228
89.555367 127.841494
90.913634 129.199761
92.271901 130.558028
92.271901 131.916295
93.630168 133.274562
94.988434 134.632829
96.346701 135.991096
97.704968 137.349363
99.063235 138.707630
100.421502 140.065897
101.779769 141.424164
103.138036 141.424164
104.496303 142.782431
105.854570 144.140698
107.212837 144.140698
108.571104 145.498965
109.929371 145.498965
111.287638 146.857232
112.645905 146.857232
114.004172 148.215498
115.362438 148.215498
116.720705 149.573765
118.078972 149.573765
119.437239 150.932032
118.078972 152.290299
116.720705 153.648566
116.720705 155.006833
116.720705 156.365100
115.362438 156.365100
114.004172 156.365100
112.645905 156.365100
111.287638 157.723367
109.929371 157.723367
108.571104 157.723367
107.212837 159.081634
105.854570 159.081634
104.496303 159.081634
103.138036 159.081634
101.779769 159.081634
100.421502 159.081634
99.063235 160.439901
97.704968 160.439901
96.346701 160.439901
94.988434 160.439901
93.630168 160.439901
90.913634 161.798168
89.555367 161.798168
88.197100 163.156435
86.838833 163.156435
85.480566 163.156435
84.122299 163.156435
82.764032 164.514702
81.405765 164.514702
80.047498 164.514702
78.689231 164.514702
77.330964 164.514702
75.972697 163.156435
74.614430 163.156435
73.256164 161.798168
71.897897 161.798168
70.539630 160.439901
69.181363 159.081634
69.181363 157.723367
67.823096 156.365100
67.823096 155.006833
67.823096 153.648566
66.464829 152.290299
66.464829 150.932032
66.464829 149.573765
66.464829 148.215498
66.464829 146.857232
65.106562 145.498965
65.106562 144.140698
65.106562 142.782431
63.748295 141.424164
63.748295 140.065897
63.748295 138.707630
63.748295 137.349363
63.748295 135.991096
62.390028 134.632829
62.390028 133.274562
62.390028 131.916295
61.031761 130.558028
61.031761 129.199761
61.031761 127.841494
61.031761 126.483228
61.031761 125.124961
59.673494 123.766694
59.673494 122.408427
59.673494 121.050160
59.673494 119.691893
59.673494 118.333626
59.673494 116.975359
59.673494 115.617092
59.673494 114.258825
61.031761 112.900558
61.031761 111.542291
61.031761 110.184024
61.031761 108.825757
61.031761 107.467490
61.031761 106.109224
61.031761 104.750957
61.031761 103.392690
61.031761 102.034423
61.031761 100.676156
61.031761 99.317889
61.031761 97.959622
62.390028 96.601355
63.748295 95.243088
65.106562 93.884821
65.106562 92.526554
66.464829 91.168287
66.464829 89.810020
67.823096 88.451753
67.823096 87.093486
69.181363 85.735220
69.181363 84.376953
70.539630 83.018686
70.539630 81.660419
71.897897 80.302152
71.897897 78.943885
73.256164 77.585618
74.614430 76.227351
75.972697 74.869084
75.972697 73.510817
77.330964 72.152550
77.330964 70.794283
77.330964 69.436016
78.689231 69.436016
78.689231 70.794283
77.330964 72.152550
77.330964 73.510817
77.330964 74.869084
77.330964 76.227351
