82.591249 59.575389
82.591249 60.184603
81.982035 60.793816
81.372822 61.403030
81.372822 62.012243
80.763609 62.621456
80.763609 63.230670
80.154395 63.839883
80.154395 64.449097
79.545182 65.058310
79.545182 65.667523
78.935968 66.276737
78.935968 66.885950
78.935968 67.495163
78.326755 68.104377
78.326755 68.713590
77.717542 69.322804
77.717542 69.932017
77.717542 70.541230
77.108328 71.150444
77.108328 71.759657
77.108328 72.368870
77.108328 72.978084
76.499115 73.587297
76.499115 74.196511
76.499115 74.805724
76.499115 75.414937
75.889902 76.024151
75.889902 76.633364
75.889902 77.242578
75.889902 77.851791
75.889902 78.461004
75.889902 79.070218
75.280688 79.679431
75.280688 80.288644
75.280688 80.897858
75.280688 81.507071
75.280688 82.116285
75.280688 82.725498
75.280688 83.334711
75.280688 83.943925
75.280688 84.553138
75.280688 85.162351
75.280688 85.771565
75.280688 86.380778
75.280688 86.989992
75.280688 87.599205
75.280688 88.208418
75.280688 88.817632
75.280688 89.426845
75.280688 90.036059
75.280688 90.645272
75.280688 91.254485
75.280688 91.863699
75.889902 92.472912
75.889902 93.082125
75.889902 93.691339
75.889902 94.300552
75.889902 94.909766
75.889902 95.518979
76.499115 96.128192
76.499115 96.737406
76.499115 97.346619
76.499115 97.955832
76.499115 98.565046
76.499115 99.174259
76.499115 99.783473
76.499115 100.392686
77.108328 101.001899
77.108328 101.611113
77.108328 102.220326
77.108328 102.829540
77.108328 103.438753
77.717542 104.047966
77.717542 104.657180
77.717542 105.266393
78.326755 105.875606
78.326755 106.484820
78.326755 107.094033
78.935968 107.703247
78.935968 108.312460
78.935968 108.921673
78.935968 109.530887
78.935968 110.140100
78.935968 110.749313
79.545182 111.358527
79.545182 111.967740
80.154395 112.576954
80.763609 113.186167
80.763609 113.795380
80.763609 114.404594
81.372822 115.013807
81.372822 115.623021
81.982035 116.232234
81.982035 116.841447
82.591249 117.450661
82.591249 118.059874
83.200462 118.669087
83.200462 119.278301
83.200462 119.887514
83.809675 120.496728
83.809675 121.105941
84.418889 121.105941
85.028102 121.715154
85.028102 122.324368
85.637316 122.933581
85.637316 123.542795
86.246529 124.152008
86.855742 124.761221
87.464956 125.370435
87.464956 125.979648
88.074169 126.588861
88.683383 127.198075
88.683383 127.807288
89.292596 127.807288
89.901809 128.416502
90.511023 129.025715
91.120236 129.634928
91.729449 130.244142
91.729449 130.853355
91.729449 131.462568
92.338663 131.462568
92.338663 132.071782
92.947876 132.680995
93.557090 133.290209
93.557090 133.899422
94.166303 134.508635
94.166303 135.117849
94.775516 135.117849
94.775516 135.727062
95.384730 135.727062
95.384730 136.336276
95.993943 136.945489
96.603156 137.554702
97.212370 138.163916
97.821583 138.773129
98.430797 139.382342
99.040010 139.991556
99.040010 140.600769
99.649223 140.600769
100.258437 141.209983
100.867650 141.819196
101.476864 142.428409
102.086077 143.037623
102.695290 143.037623
103.304504 143.646836
103.913717 144.256049
104.522930 144.865263
105.132144 144.865263
105.741357 145.474476
106.350571 146.083690
106.959784 146.083690
107.568997 146.692903
108.178211 147.302116
108.787424 147.302116
109.396637 147.911330
110.005851 147.911330
110.615064 148.520543
111.224278 149.129757
111.833491 149.129757
112.442704 149.738970
113.051918 149.738970
113.661131 149.738970
114.270345 150.348183
114.879558 150.348183
115.488771 150.957397
116.097985 150.957397
116.707198 150.957397
117.316411 151.566610
117.925625 151.566610
118.534838 151.566610
119.144052 152.175823
119.753265 152.175823
120.362478 152.175823
120.971692 152.175823
121.580905 152.785037
122.190119 152.785037
122.190119 153.394250
122.190119 154.003464
122.190119 154.612677
121.580905 155.221890
121.580905 155.831104
120.971692 156.440317
120.362478 157.049530
119.753265 157.049530
119.144052 157.658744
118.534838 157.658744
117.925625 157.658744
117.316411 157.658744
116.707198 158.267957
116.097985 158.267957
115.488771 158.267957
114.879558 158.877171
114.270345 158.877171
113.661131 159.486384
113.051918 159.486384
112.442704 159.486384
111.833491 159.486384
111.224278 160.095597
110.615064 160.095597
110.005851 160.095597
109.396637 160.095597
108.787424 160.095597
108.178211 160.704811
107.568997 160.704811
106.959784 160.704811
106.350571 161.314024
105.741357 161.314024
105.132144 161.314024
104.522930 161.314024
103.913717 161.923238
103.304504 161.923238
102.695290 161.923238
102.086077 161.923238
101.476864 162.532451
100.867650 162.532451
100.258437 162.532451
99.649223 162.532451
99.040010 163.141664
98.430797 163.141664
97.821583 163.141664
97.212370 163.141664
96.603156 163.141664
95.993943 163.750878
95.384730 163.750878
94.775516 163.750878
94.166303 163.750878
93.557090 164.360091
92.947876 164.360091
92.338663 164.360091
91.729449 164.360091
91.120236 164.969304
90.511023 164.969304
89.901809 164.969304
89.292596 164.969304
88.683383 164.969304
88.074169 164.969304
87.464956 164.969304
86.855742 164.969304
86.246529 164.969304
85.637316 164.969304
85.028102 164.969304
84.418889 164.969304
83.809675 164.969304
83.200462 164.969304
82.591249 164.969304
81.982035 165.578518
81.372822 165.578518
80.763609 165.578518
80.154395 165.578518
79.545182 165.578518
78.935968 165.578518
78.326755 164.969304
77.717542 164.360091
77.108328 163.750878
76.499115 163.141664
75.889902 162.532451
75.280688 161.923238
74.671475 161.314024
74.062261 160.704811
73.453048 160.704811
72.843835 160.095597
72.843835 159.486384
72.234621 158.877171
72.234621 158.267957
71.625408 157.658744
71.625408 157.049530
71.625408 156.440317
71.016194 155.831104
71.016194 155.221890
71.016194 154.612677
70.406981 154.003464
70.406981 153.394250
70.406981 152.785037
70.406981 152.175823
69.797768 151.566610
69.797768 150.957397
69.188554 150.348183
69.188554 149.738970
69.188554 149.129757
69.188554 148.520543
69.188554 147.911330
68.579341 147.302116
68.579341 146.692903
67.970128 146.083690
67.970128 145.474476
67.970128 144.865263
67.360914 144.256049
67.360914 143.646836
67.360914 143.037623
67.360914 142.428409
66.751701 141.819196
66.751701 141.209983
66.751701 140.600769
66.142487 139.991556
66.142487 139.382342
65.533274 138.773129
65.533274 138.163916
65.533274 137.554702
64.924061 136.945489
64.924061 136.336276
64.924061 135.727062
64.314847 135.117849
64.314847 134.508635
64.314847 133.899422
64.314847 133.290209
64.314847 132.680995
63.705634 132.071782
63.705634 131.462568
63.705634 130.853355
63.096421 130.244142
63.096421 129.634928
63.096421 129.025715
63.096421 128.416502
63.096421 127.198075
63.096421 126.588861
63.096421 125.979648
63.096421 125.370435
63.096421 124.761221
63.096421 124.152008
63.096421 123.542795
63.096421 122.933581
63.096421 122.324368
63.096421 121.715154
63.096421 121.105941
63.096421 120.496728
63.096421 119.887514
63.096421 119.278301
63.096421 118.669087
63.096421 118.059874
63.096421 117.450661
63.096421 116.841447
63.096421 116.232234
63.096421 115.623021
63.096421 115.013807
63.096421 114.404594
63.096421 113.795380
63.096421 113.186167
63.096421 112.576954
63.096421 111.967740
63.096421 111.358527
63.096421 110.749313
63.096421 110.140100
63.096421 109.530887
63.096421 108.921673
63.096421 108.312460
63.096421 107.703247
63.096421 107.094033
63.096421 106.484820
63.096421 105.875606
63.096421 105.266393
63.096421 104.657180
63.096421 104.047966
63.096421 103.438753
63.096421 102.829540
63.096421 102.220326
63.096421 101.611113
63.096421 101.001899
63.096421 100.392686
63.096421 99.783473
63.096421 99.174259
63.096421 98.565046
63.096421 97.955832
63.096421 97.346619
63.096421 96.737406
63.096421 96.128192
63.096421 95.518979
63.096421 94.909766
63.096421 94.300552
63.096421 93.691339
63.096421 93.082125
63.096421 92.472912
63.096421 91.863699
63.096421 91.254485
63.096421 90.645272
63.705634 90.036059
63.705634 89.426845
63.705634 88.817632
63.705634 88.208418
64.314847 87.599205
64.314847 86.989992
64.314847 86.380778
64.314847 85.771565
64.314847 85.162351
64.314847 84.553138
64.314847 83.943925
64.314847 83.334711
64.314847 82.725498
64.314847 82.116285
64.924061 81.507071
64.924061 80.897858
64.924061 80.288644
64.924061 79.679431
64.924061 79.070218
65.533274 78.461004
65.533274 77.851791
65.533274 77.242578
65.533274 76.633364
66.142487 76.024151
66.142487 75.414937
66.751701 74.805724
66.751701 74.196511
67.360914 73.587297
67.970128 72.978084
68.579341 72.368870
69.188554 71.759657
69.797768 71.150444
70.406981 70.541230
71.016194 69.932017
71.016194 69.322804
71.625408 68.713590
72.234621 68.104377
72.843835 67.495163
73.453048 66.885950
74.062261 66.276737
74.671475 65.667523
75.280688 65.058310
75.889902 64.449097
76.499115 63.839883
77.108328 63.230670
77.717542 62.621456
78.326755 62.012243
78.935968 61.403030
79.545182 60.793816
79.545182 60.184603
80.154395 59.575389
80.763609 58.966176
81.372822 58.356963
81.982035 57.747749
82.591249 57.747749
83.200462 58.356963
83.200462 58.966176
82.591249 59.575389
