88.566737 52.806467
89.225021 54.123035
89.225021 54.781319
89.225021 55.439603
89.225021 56.097886
88.566737 56.756170
87.908453 57.414454
87.908453 58.072738
87.250170 58.731022
87.250170 59.389305
86.591886 60.047589
86.591886 60.705873
86.591886 61.364157
85.933602 62.022441
85.933602 62.680724
85.275318 63.339008
85.275318 63.997292
85.275318 64.655576
85.275318 65.313860
84.617034 65.972143
84.617034 66.630427
84.617034 67.288711
84.617034 67.946995
83.958751 68.605279
83.958751 69.263562
83.958751 69.921846
83.958751 70.580130
83.958751 71.238414
83.958751 71.896698
83.958751 72.554981
83.300467 73.213265
83.300467 73.871549
82.642183 74.529833
82.642183 75.188117
82.642183 75.846400
81.983899 76.504684
81.983899 77.162968
81.983899 77.821252
81.983899 78.479536
81.325615 79.137819
81.325615 79.796103
81.325615 80.454387
81.325615 81.112671
81.325615 81.770955
80.667332 82.429238
80.667332 83.087522
80.667332 83.745806
80.667332 84.404090
80.667332 85.062374
80.009048 85.720657
80.009048 86.378941
80.009048 87.037225
80.009048 87.695509
80.009048 88.353793
80.009048 89.012076
80.009048 89.670360
80.009048 90.328644
80.009048 90.986928
80.009048 91.645212
80.009048 92.303495
80.009048 92.961779
80.009048 93.620063
80.009048 94.278347
80.009048 94.936631
80.009048 95.594914
80.009048 96.253198
80.009048 96.911482
80.009048 97.569766
80.009048 98.228050
80.009048 98.886333
80.009048 99.544617
80.009048 100.202901
80.009048 100.861185
80.009048 101.519469
80.009048 102.177753
80.009048 102.836036
80.009048 103.494320
80.009048 104.152604
80.009048 104.810888
80.009048 105.469172
80.009048 106.127455
80.009048 106.785739
80.667332 107.444023
80.667332 108.102307
80.667332 108.760591
80.667332 109.418874
81.325615 110.077158
81.325615 110.735442
81.325615 111.393726
81.325615 112.052010
81.983899 112.710293
81.983899 113.368577
81.983899 114.026861
81.983899 114.685145
82.642183 114.685145
82.642183 115.343429
83.300467 116.001712
83.300467 116.659996
83.958751 117.318280
83.958751 117.976564
83.958751 118.634848
84.617034 118.634848
84.617034 119.293131
84.617034 119.951415
85.275318 119.951415
85.275318 120.609699
85.933602 121.267983
85.933602 121.926267
86.591886 121.926267
86.591886 122.584550
86.591886 123.242834
87.250170 123.242834
87.250170 123.901118
87.908453 123.901118
87.908453 124.559402
88.566737 124.559402
88.566737 125.217686
89.225021 125.875969
89.883305 126.534253
89.883305 127.192537
90.541589 127.192537
91.199872 127.850821
91.858156 128.509105
91.858156 129.167388
92.516440 129.167388
93.174724 129.825672
93.833008 130.483956
94.491291 130.483956
94.491291 131.142240
95.149575 131.142240
95.807859 131.800524
96.466143 132.458807
97.124427 132.458807
97.782710 133.117091
98.440994 133.775375
98.440994 134.433659
99.099278 135.091943
99.099278 135.750226
99.757562 135.750226
100.415846 136.408510
100.415846 137.066794
101.074129 137.066794
101.074129 137.725078
101.732413 138.383362
102.390697 139.041645
103.048981 139.699929
103.707265 140.358213
104.365548 140.358213
104.365548 141.016497
105.023832 141.016497
105.682116 141.674781
106.340400 142.333064
106.998684 142.991348
107.656967 142.991348
108.315251 143.649632
108.973535 144.307916
109.631819 144.307916
110.290103 144.966200
110.948387 144.966200
111.606670 145.624483
112.264954 145.624483
112.923238 146.282767
113.581522 146.282767
114.239806 146.941051
114.898089 146.941051
115.556373 146.941051
116.214657 147.599335
116.872941 147.599335
117.531225 147.599335
118.189508 148.257619
118.847792 148.257619
119.506076 148.257619
120.164360 148.257619
120.822644 148.915902
121.480927 148.915902
122.139211 148.915902
122.797495 149.574186
123.455779 149.574186
124.114063 150.232470
124.772346 150.232470
125.430630 150.232470
126.088914 150.890754
126.747198 150.890754
127.405482 150.890754
128.063765 150.890754
128.722049 152.207321
129.380333 152.865605
129.380333 154.182173
129.380333 154.840457
129.380333 155.498740
128.722049 156.157024
128.722049 156.815308
128.722049 157.473592
128.063765 158.131876
127.405482 158.790159
126.747198 159.448443
126.088914 160.106727
125.430630 160.765011
124.772346 161.423295
124.114063 162.081578
123.455779 162.739862
122.797495 163.398146
122.139211 164.056430
121.480927 164.714714
120.822644 165.372997
120.164360 165.372997
119.506076 166.031281
118.847792 166.031281
118.189508 166.689565
117.531225 166.689565
116.872941 167.347849
116.214657 167.347849
115.556373 168.006133
114.239806 168.664416
113.581522 168.664416
112.923238 169.322700
112.264954 169.322700
111.606670 169.980984
110.948387 169.980984
110.290103 170.639268
109.631819 170.639268
108.973535 171.297552
108.315251 171.297552
107.656967 171.297552
106.998684 171.955835
105.682116 171.955835
105.023832 172.614119
104.365548 172.614119
103.707265 173.272403
103.048981 173.272403
102.390697 173.272403
101.732413 173.930687
100.415846 173.930687
99.757562 174.588971
99.099278 174.588971
98.440994 174.588971
97.782710 175.247254
97.124427 175.247254
96.466143 175.905538
95.149575 175.905538
94.491291 175.905538
93.833008 176.563822
93.174724 176.563822
92.516440 177.222106
91.858156 177.222106
91.199872 177.222106
90.541589 177.222106
89.883305 177.222106
89.225021 177.222106
88.566737 177.222106
87.908453 177.222106
87.250170 177.222106
86.591886 177.222106
85.933602 177.222106
85.275318 177.222106
84.617034 177.222106
83.958751 177.222106
83.300467 177.222106
82.642183 177.222106
81.983899 177.880390
81.325615 177.880390
80.667332 177.880390
79.350764 177.880390
78.692480 177.880390
78.034196 177.880390
77.375913 177.880390
76.717629 177.880390
76.059345 177.880390
75.401061 177.880390
74.742777 177.880390
74.084494 177.880390
73.426210 177.222106
72.767926 177.222106
72.109642 177.222106
71.451358 177.222106
70.793075 176.563822
70.134791 176.563822
68.818223 176.563822
68.159939 176.563822
67.501656 175.905538
66.843372 175.905538
66.185088 175.905538
65.526804 175.905538
64.868520 175.247254
64.210237 174.588971
64.210237 173.930687
64.210237 172.614119
63.551953 171.955835
63.551953 171.297552
63.551953 170.639268
62.893669 169.980984
62.893669 169.322700
62.235385 168.664416
62.235385 167.347849
62.235385 166.689565
61.577101 166.031281
61.577101 165.372997
61.577101 164.714714
60.918818 164.056430
60.918818 163.398146
60.260534 162.739862
60.260534 161.423295
60.260534 160.765011
59.602250 160.106727
59.602250 159.448443
59.602250 158.790159
58.943966 158.131876
58.943966 157.473592
58.285682 156.157024
58.285682 155.498740
58.285682 154.840457
57.627399 154.182173
57.627399 153.523889
56.969115 152.865605
56.969115 152.207321
56.969115 151.549038
56.310831 150.232470
56.310831 149.574186
56.310831 148.915902
56.310831 147.599335
56.310831 146.941051
55.652547 145.624483
55.652547 144.966200
55.652547 144.307916
55.652547 142.991348
54.994263 142.333064
54.994263 141.016497
54.994263 140.358213
54.994263 139.699929
54.335980 138.383362
54.335980 137.725078
54.335980 136.408510
54.335980 135.750226
54.335980 135.091943
53.677696 133.775375
53.677696 133.117091
53.677696 132.458807
53.677696 131.142240
53.019412 130.483956
53.019412 129.167388
53.019412 128.509105
53.019412 127.850821
53.019412 126.534253
52.361128 125.875969
52.361128 124.559402
52.361128 123.901118
52.361128 123.242834
51.702844 121.926267
51.702844 121.267983
51.702844 120.609699
51.702844 119.293131
51.702844 118.634848
51.702844 117.976564
51.702844 117.318280
52.361128 116.659996
52.361128 116.001712
52.361128 115.343429
52.361128 114.026861
52.361128 113.368577
52.361128 112.710293
52.361128 112.052010
52.361128 111.393726
53.019412 110.735442
53.019412 110.077158
53.019412 109.418874
53.019412 108.102307
53.019412 107.444023
53.019412 106.785739
53.019412 106.127455
53.019412 105.469172
53.677696 104.810888
53.677696 104.152604
53.677696 102.836036
53.677696 102.177753
53.677696 101.519469
53.677696 100.861185
53.677696 100.202901
53.677696 99.544617
54.335980 98.886333
54.335980 98.228050
54.335980 96.911482
54.335980 96.253198
54.335980 95.594914
54.335980 94.936631
54.994263 94.278347
54.994263 93.620063
55.652547 92.961779
55.652547 92.303495
55.652547 91.645212
56.310831 90.986928
56.310831 90.328644
56.969115 89.670360
56.969115 89.012076
56.969115 88.353793
57.627399 87.695509
57.627399 87.037225
58.285682 86.378941
58.285682 85.720657
58.285682 85.062374
58.943966 84.404090
58.943966 83.745806
59.602250 83.087522
59.602250 82.429238
59.602250 81.770955
60.260534 81.112671
60.260534 80.454387
60.918818 79.796103
60.918818 79.137819
60.918818 78.479536
61.577101 77.821252
61.577101 77.162968
62.235385 76.504684
62.235385 75.846400
62.235385 75.188117
62.893669 74.529833
62.893669 73.871549
63.551953 73.213265
63.551953 72.554981
64.210237 71.238414
64.868520 70.580130
64.868520 69.921846
65.526804 69.263562
66.185088 68.605279
66.185088 67.946995
66.843372 67.288711
66.843372 65.972143
67.501656 65.313860
68.159939 64.655576
68.159939 63.997292
68.818223 63.339008
69.476507 62.680724
69.476507 62.022441
70.134791 61.364157
70.793075 60.047589
70.793075 59.389305
71.451358 58.731022
72.109642 58.072738
72.767926 57.414454
73.426210 56.756170
74.084494 56.756170
74.742777 56.097886
75.401061 55.439603
76.059345 54.781319
76.717629 54.123035
78.034196 54.123035
78.692480 53.464751
79.350764 52.806467
80.009048 52.148184
80.667332 51.489900
81.325615 50.831616
81.983899 50.831616
82.642183 50.831616
83.300467 50.831616
83.958751 50.173332
84.617034 50.173332
85.275318 50.173332
85.933602 50.173332
86.591886 50.173332
87.250170 50.173332
87.908453 50.173332
88.566737 50.173332
89.225021 50.831616
89.225021 51.489900
89.883305 52.148184
89.225021 52.806467
88.566737 52.806467
