87.252512 97.440993
87.252512 98.230943
87.252512 99.020893
87.252512 99.810843
87.252512 100.600792
87.252512 101.390742
87.252512 102.180692
87.252512 102.970642
87.252512 103.760591
87.252512 104.550541
87.252512 105.340491
87.252512 106.130441
87.252512 106.920390
87.252512 107.710340
88.042462 108.500290
88.042462 109.290240
88.042462 110.080189
88.042462 110.870139
88.042462 111.660089
88.042462 112.450039
88.832411 113.239988
88.832411 114.029938
88.832411 114.819888
88.832411 114.029938
88.832411 114.819888
88.832411 115.609838
89.622361 116.399787
89.622361 117.189737
89.622361 117.979687
90.412311 118.769637
90.412311 119.559586
90.412311 120.349536
91.202261 120.349536
91.202261 121.139486
91.202261 121.929436
91.992210 122.719385
91.992210 123.509335
92.782160 124.299285
93.572110 125.089235
93.572110 125.879184
94.362060 126.669134
94.362060 127.459084
95.152009 128.249034
94.362060 127.459084
94.362060 126.669134
93.572110 125.879184
93.572110 125.089235
93.572110 125.879184
94.362060 126.669134
93.572110 125.879184
93.572110 125.089235
93.572110 125.879184
94.362060 126.669134
93.572110 125.879184
93.572110 125.089235
93.572110 125.879184
94.362060 126.669134
94.362060 127.459084
95.152009 128.249034
95.941959 129.038983
95.152009 128.249034
94.362060 127.459084
94.362060 126.669134
93.572110 125.879184
93.572110 125.089235
93.572110 125.879184
94.362060 126.669134
94.362060 127.459084
95.152009 128.249034
95.941959 129.038983
95.941959 129.828933
95.941959 129.038983
95.152009 128.249034
94.362060 127.459084
94.362060 126.669134
93.572110 125.879184
93.572110 125.089235
93.572110 125.879184
94.362060 126.669134
94.362060 127.459084
95.152009 128.249034
95.941959 129.038983
95.941959 129.828933
96.731909 130.618883
95.941959 129.828933
95.941959 129.038983
95.152009 128.249034
94.362060 127.459084
94.362060 126.669134
94.362060 127.459084
95.152009 128.249034
95.152009 129.038983
95.941959 129.828933
96.731909 130.618883
95.941959 129.828933
95.941959 129.038983
95.152009 128.249034
94.362060 127.459084
94.362060 126.669134
93.572110 125.879184
93.572110 125.089235
93.572110 125.879184
94.362060 126.669134
94.362060 127.459084
95.152009 128.249034
95.941959 129.038983
95.941959 129.828933
96.731909 130.618883
95.941959 129.828933
95.941959 129.038983
95.152009 128.249034
94.362060 127.459084
94.362060 126.669134
94.362060 127.459084
95.152009 128.249034
95.941959 129.038983
95.152009 128.249034
94.362060 127.459084
94.362060 126.669134
93.572110 125.879184
93.572110 125.089235
93.572110 125.879184
94.362060 126.669134
94.362060 127.459084
95.152009 128.249034
94.362060 127.459084
94.362060 126.669134
93.572110 125.879184
93.572110 125.089235
93.572110 125.879184
94.362060 126.669134
94.362060 127.459084
94.362060 126.669134
94.362060 127.459084
95.152009 128.249034
94.362060 127.459084
94.362060 126.669134
93.572110 126.669134
94.362060 126.669134
94.362060 127.459084
95.152009 128.249034
94.362060 127.459084
94.362060 126.669134
94.362060 127.459084
95.152009 128.249034
95.152009 129.038983
95.941959 129.828933
96.731909 130.618883
97.521859 131.408833
96.731909 130.618883
95.941959 129.828933
95.941959 129.038983
95.152009 128.249034
95.941959 129.038983
95.941959 129.828933
96.731909 130.618883
96.731909 131.408833
97.521859 132.198782
98.311808 132.988732
99.101758 133.778682
99.891708 134.568632
100.681658 135.358581
101.471607 136.148531
102.261557 136.938481
103.051507 136.938481
103.841457 137.728430
104.631406 138.518380
105.421356 139.308330
106.211306 140.098280
107.001256 140.098280
107.791205 140.888229
108.581155 141.678179
109.371105 141.678179
110.161055 142.468129
110.951004 142.468129
111.740954 143.258079
112.530904 144.048028
113.320854 144.048028
114.110803 144.837978
114.900753 144.837978
115.690703 144.837978
116.480653 145.627928
117.270602 145.627928
118.060552 146.417878
118.850502 146.417878
119.640452 146.417878
120.430401 147.207827
121.220351 147.997777
121.220351 148.787727
122.010301 149.577677
122.010301 150.367626
122.010301 151.157576
121.220351 151.947526
121.220351 152.737476
120.430401 153.527425
120.430401 154.317375
119.640452 154.317375
118.850502 154.317375
118.060552 154.317375
117.270602 154.317375
116.480653 154.317375
114.900753 154.317375
114.110803 154.317375
113.320854 154.317375
112.530904 154.317375
111.740954 154.317375
110.951004 154.317375
110.161055 154.317375
109.371105 154.317375
108.581155 154.317375
107.791205 154.317375
107.001256 154.317375
106.211306 154.317375
105.421356 154.317375
104.631406 153.527425
103.841457 153.527425
103.051507 153.527425
102.261557 152.737476
101.471607 152.737476
100.681658 152.737476
99.891708 152.737476
99.101758 151.947526
98.311808 151.947526
97.521859 151.947526
96.731909 151.157576
95.941959 150.367626
95.152009 149.577677
94.362060 148.787727
93.572110 147.997777
92.782160 147.207827
91.992210 147.207827
91.202261 146.417878
90.412311 145.627928
90.412311 144.837978
90.412311 144.048028
90.412311 143.258079
89.622361 142.468129
89.622361 141.678179
89.622361 140.888229
89.622361 140.098280
89.622361 139.308330
89.622361 138.518380
89.622361 137.728430
89.622361 136.938481
89.622361 136.148531
89.622361 135.358581
89.622361 134.568632
88.832411 133.778682
88.832411 132.988732
88.832411 132.198782
88.832411 131.408833
88.832411 130.618883
88.832411 129.828933
88.832411 129.038983
88.832411 128.249034
88.832411 127.459084
88.832411 126.669134
88.832411 125.879184
88.042462 125.089235
88.042462 124.299285
88.042462 123.509335
88.042462 122.719385
88.042462 121.929436
87.252512 121.139486
87.252512 120.349536
87.252512 119.559586
87.252512 118.769637
86.462562 117.979687
86.462562 117.189737
86.462562 116.399787
85.672612 115.609838
85.672612 114.819888
85.672612 114.029938
85.672612 113.239988
84.882663 112.450039
84.882663 111.660089
84.092713 110.870139
84.092713 110.080189
84.092713 109.290240
84.092713 108.500290
84.092713 107.710340
84.092713 106.920390
84.092713 106.130441
84.092713 105.340491
84.092713 104.550541
84.092713 103.760591
84.092713 102.970642
84.092713 102.180692
84.092713 101.390742
84.092713 100.600792
84.092713 99.810843
84.092713 99.020893
84.092713 98.230943
84.092713 97.440993
84.882663 97.440993
85.672612 97.440993
86.462562 97.440993
87.252512 97.440993
