81.946245 60.871266
81.946245 61.538378
81.279133 62.205490
81.279133 62.872602
81.279133 63.539714
81.279133 64.206826
81.279133 64.873938
81.279133 65.541050
80.612021 66.208162
80.612021 66.875274
80.612021 67.542386
80.612021 68.209498
81.279133 68.876610
80.612021 69.543722
80.612021 70.210834
79.944909 70.877946
79.944909 71.545058
79.277797 72.212170
79.277797 72.879282
79.277797 73.546394
78.610685 74.213506
78.610685 74.880618
78.610685 75.547730
77.943573 76.214842
77.943573 76.881954
77.943573 77.549066
77.276461 78.216178
77.276461 78.883290
77.276461 79.550401
76.609349 80.217513
76.609349 80.884625
76.609349 81.551737
76.609349 82.218849
75.942237 82.885961
75.942237 84.220185
75.942237 84.887297
75.942237 85.554409
75.942237 86.221521
75.942237 86.888633
75.942237 87.555745
75.942237 88.222857
75.942237 88.889969
75.942237 89.557081
75.942237 90.224193
75.942237 90.891305
75.942237 91.558417
75.942237 92.225529
75.942237 92.892641
75.275125 93.559753
75.275125 94.226865
75.275125 94.893977
75.275125 95.561089
75.275125 96.228201
75.275125 96.895313
75.275125 97.562425
75.275125 98.229537
75.275125 98.896649
75.275125 99.563760
75.275125 100.230872
75.275125 100.897984
75.275125 101.565096
75.275125 102.232208
75.942237 102.899320
75.942237 103.566432
75.942237 104.233544
75.942237 104.900656
75.942237 105.567768
75.942237 106.234880
75.942237 106.901992
75.942237 107.569104
75.942237 108.236216
76.609349 108.903328
76.609349 109.570440
76.609349 110.237552
77.276461 110.904664
77.276461 111.571776
77.943573 112.238888
77.943573 112.906000
77.943573 113.573112
77.943573 114.240224
78.610685 114.907336
79.277797 115.574448
79.277797 116.241560
79.944909 116.908672
79.944909 117.575784
80.612021 118.242896
80.612021 118.910008
81.279133 118.910008
81.946245 119.577119
81.946245 120.244231
82.613357 120.911343
83.280469 121.578455
83.280469 122.245567
83.947581 122.912679
83.947581 123.579791
84.614693 124.246903
84.614693 124.914015
85.281805 125.581127
85.281805 126.248239
85.281805 126.915351
85.948917 126.915351
86.616029 127.582463
86.616029 128.249575
86.616029 128.916687
87.283141 128.916687
87.283141 129.583799
87.950253 130.250911
88.617364 130.918023
88.617364 131.585135
88.617364 132.252247
89.284476 132.252247
89.951588 132.919359
89.951588 133.586471
90.618700 133.586471
90.618700 134.253583
91.285812 134.920695
91.952924 135.587807
91.952924 136.254919
92.620036 136.254919
93.287148 136.922031
93.954260 137.589143
94.621372 138.256255
95.288484 138.923367
95.288484 139.590478
95.955596 139.590478
96.622708 140.257590
97.289820 140.924702
97.956932 141.591814
98.624044 142.258926
99.291156 142.258926
99.958268 142.926038
100.625380 143.593150
101.292492 144.260262
101.959604 144.260262
102.626716 144.927374
103.293828 145.594486
103.960940 145.594486
104.628052 146.261598
105.295164 146.261598
105.962276 146.928710
106.629388 147.595822
107.296500 147.595822
107.963612 148.262934
108.630723 148.262934
109.297835 148.930046
109.964947 148.930046
110.632059 149.597158
111.299171 149.597158
111.966283 149.597158
112.633395 150.264270
113.300507 150.264270
113.967619 150.931382
114.634731 150.931382
115.301843 150.931382
115.968955 151.598494
116.636067 151.598494
117.303179 151.598494
117.970291 151.598494
118.637403 152.265606
119.304515 152.265606
119.971627 152.265606
120.638739 152.265606
121.305851 152.265606
121.972963 152.932718
122.640075 152.932718
123.307187 153.599830
123.974299 153.599830
124.641411 154.266942
125.308523 154.934054
125.308523 155.601166
124.641411 156.268278
123.974299 156.935390
123.307187 157.602502
122.640075 158.269614
121.972963 158.936726
121.305851 159.603838
120.638739 160.270949
119.971627 160.938061
119.304515 161.605173
118.637403 162.272285
117.970291 162.939397
117.303179 162.939397
116.636067 162.939397
115.968955 163.606509
115.301843 163.606509
114.634731 163.606509
113.967619 164.273621
113.300507 164.273621
112.633395 164.273621
111.966283 164.940733
111.299171 164.940733
110.632059 165.607845
109.964947 165.607845
109.297835 165.607845
108.630723 166.274957
107.963612 166.274957
107.296500 166.274957
106.629388 166.942069
105.962276 166.942069
105.295164 167.609181
104.628052 167.609181
103.960940 167.609181
103.293828 168.276293
102.626716 168.276293
101.959604 168.943405
101.292492 168.943405
100.625380 169.610517
99.958268 169.610517
99.291156 169.610517
98.624044 170.277629
97.956932 170.277629
97.289820 170.277629
96.622708 170.277629
95.955596 170.277629
95.288484 170.277629
94.621372 170.944741
93.954260 170.944741
93.287148 170.944741
92.620036 170.944741
91.952924 170.944741
91.285812 170.944741
90.618700 170.944741
89.951588 170.944741
89.284476 170.944741
88.617364 170.944741
87.950253 170.944741
87.283141 170.944741
86.616029 170.944741
85.948917 170.944741
85.281805 170.944741
84.614693 170.944741
83.947581 170.944741
83.280469 171.611853
82.613357 171.611853
81.946245 171.611853
81.279133 171.611853
80.612021 171.611853
79.944909 171.611853
79.277797 171.611853
78.610685 171.611853
77.943573 171.611853
77.276461 171.611853
76.609349 171.611853
75.942237 171.611853
75.275125 171.611853
74.608013 171.611853
73.940901 171.611853
73.273789 171.611853
72.606677 171.611853
71.939565 171.611853
71.272453 171.611853
70.605341 171.611853
69.938229 171.611853
69.271117 171.611853
68.604005 171.611853
68.604005 170.944741
68.604005 170.277629
68.604005 169.610517
67.936893 168.943405
67.936893 168.276293
67.936893 167.609181
67.936893 166.942069
67.269782 166.274957
67.269782 165.607845
67.269782 164.940733
66.602670 164.273621
66.602670 163.606509
66.602670 162.939397
66.602670 162.272285
65.935558 161.605173
65.935558 160.938061
65.935558 160.270949
65.935558 159.603838
65.268446 158.936726
65.268446 158.269614
65.268446 157.602502
64.601334 156.935390
64.601334 156.268278
64.601334 155.601166
64.601334 154.934054
64.601334 154.266942
63.934222 153.599830
63.934222 152.932718
63.934222 152.265606
63.934222 151.598494
63.267110 150.931382
63.267110 150.264270
63.267110 149.597158
63.267110 148.930046
63.267110 148.262934
62.599998 147.595822
62.599998 146.928710
62.599998 146.261598
62.599998 145.594486
62.599998 144.927374
61.932886 144.260262
61.932886 143.593150
61.932886 142.926038
61.932886 142.258926
61.265774 141.591814
60.598662 140.924702
60.598662 140.257590
59.931550 139.590478
59.931550 138.923367
59.931550 138.256255
59.931550 137.589143
59.264438 136.922031
59.264438 136.254919
59.264438 135.587807
58.597326 134.920695
58.597326 134.253583
58.597326 133.586471
58.597326 132.919359
58.597326 132.252247
58.597326 131.585135
58.597326 130.918023
58.597326 130.250911
58.597326 129.583799
58.597326 128.916687
58.597326 128.249575
58.597326 127.582463
58.597326 126.915351
58.597326 126.248239
58.597326 125.581127
58.597326 124.914015
58.597326 124.246903
58.597326 123.579791
57.930214 122.912679
57.930214 122.245567
57.930214 120.911343
57.930214 120.244231
57.930214 119.577119
57.930214 118.910008
57.930214 118.242896
57.263102 117.575784
57.263102 116.908672
57.263102 116.241560
57.263102 115.574448
56.595990 114.907336
56.595990 114.240224
56.595990 113.573112
56.595990 112.906000
56.595990 112.238888
56.595990 111.571776
56.595990 110.904664
57.263102 110.237552
57.263102 109.570440
57.263102 108.903328
57.263102 108.236216
57.930214 107.569104
57.930214 106.901992
57.930214 106.234880
58.597326 105.567768
58.597326 104.900656
58.597326 104.233544
58.597326 103.566432
58.597326 102.899320
58.597326 102.232208
58.597326 101.565096
58.597326 100.897984
59.264438 100.230872
59.264438 99.563760
59.264438 98.896649
59.264438 98.229537
59.931550 97.562425
60.598662 96.895313
61.265774 96.228201
61.265774 95.561089
61.932886 94.893977
61.932886 94.226865
61.932886 93.559753
62.599998 92.892641
62.599998 92.225529
63.267110 91.558417
63.934222 90.891305
63.934222 90.224193
64.601334 89.557081
64.601334 88.889969
64.601334 88.222857
65.268446 87.555745
65.268446 86.888633
65.268446 86.221521
65.935558 85.554409
65.935558 84.887297
66.602670 84.220185
66.602670 83.553073
66.602670 82.885961
67.269782 82.218849
67.269782 81.551737
67.269782 80.884625
67.936893 80.217513
67.936893 79.550401
68.604005 78.883290
68.604005 78.216178
68.604005 77.549066
69.271117 76.881954
69.271117 76.214842
69.271117 75.547730
69.938229 74.880618
69.938229 74.213506
70.605341 73.546394
71.272453 72.879282
71.272453 72.212170
71.272453 71.545058
71.939565 70.877946
72.606677 70.210834
72.606677 69.543722
73.273789 68.876610
73.273789 68.209498
73.940901 67.542386
73.940901 66.875274
74.608013 66.208162
74.608013 65.541050
75.275125 64.873938
75.942237 64.206826
75.942237 63.539714
76.609349 62.872602
76.609349 62.205490
76.609349 61.538378
77.276461 60.871266
77.943573 60.204154
77.943573 59.537042
78.610685 58.869930
79.277797 58.869930
79.944909 58.869930
80.612021 58.869930
81.279133 58.869930
81.946245 58.869930
82.613357 58.202819
83.280469 57.535707
83.280469 58.202819
82.613357 58.869930
81.946245 59.537042
81.946245 60.204154
81.946245 60.871266
