85.790882 53.588680
86.393218 54.191016
86.995554 55.395688
86.995554 56.600360
87.597890 57.202696
88.200226 58.407368
88.200226 59.612040
88.200226 60.214376
87.597890 60.816712
86.995554 61.419048
86.995554 62.021384
86.393218 62.623720
85.790882 63.226056
85.790882 63.828392
85.188546 64.430728
85.188546 65.033064
84.586210 65.635400
84.586210 66.237736
83.983874 66.840072
83.983874 67.442408
83.381538 68.044744
83.381538 68.647080
82.779202 69.249416
82.779202 69.851752
82.176866 70.454088
82.176866 71.056424
82.176866 71.658760
81.574529 72.261096
81.574529 72.863432
81.574529 73.465768
80.972193 74.068104
80.972193 74.670440
80.972193 75.272776
80.369857 75.875112
80.369857 76.477448
80.369857 77.079784
79.767521 77.682120
79.767521 78.284456
79.767521 78.886792
79.165185 79.489128
79.165185 80.091464
79.165185 80.693800
79.165185 81.296136
79.165185 81.898472
78.562849 82.500808
78.562849 83.103144
78.562849 83.705480
78.562849 84.307816
78.562849 84.910152
78.562849 85.512488
77.960513 86.114824
77.960513 86.717160
77.960513 87.319496
77.960513 87.921832
77.960513 88.524169
77.960513 89.126505
77.960513 89.728841
77.960513 90.331177
77.960513 90.933513
77.960513 91.535849
77.960513 92.138185
77.960513 92.740521
77.960513 93.342857
77.960513 93.945193
77.960513 94.547529
77.960513 95.149865
77.960513 95.752201
77.960513 96.354537
77.960513 96.956873
78.562849 97.559209
78.562849 98.161545
78.562849 98.763881
78.562849 99.366217
78.562849 99.968553
78.562849 100.570889
79.165185 101.173225
79.165185 101.775561
79.165185 102.377897
79.165185 102.980233
79.165185 103.582569
79.767521 104.184905
79.767521 104.787241
79.767521 105.389577
80.369857 105.991913
80.369857 106.594249
80.369857 107.196585
80.972193 107.798921
80.972193 108.401257
80.972193 109.003593
81.574529 109.605929
81.574529 110.208265
82.176866 110.810601
82.176866 111.412937
82.176866 112.015273
82.779202 112.015273
82.779202 112.617609
82.779202 113.219945
83.381538 113.219945
83.381538 113.822281
83.381538 114.424617
83.983874 114.424617
83.983874 115.026953
84.586210 115.629289
84.586210 116.231625
85.188546 116.833961
85.188546 117.436297
85.188546 118.038633
85.790882 118.038633
86.393218 118.640969
86.393218 119.243305
86.995554 119.845641
86.995554 120.447977
87.597890 120.447977
88.200226 121.050313
88.200226 121.652649
88.200226 122.254985
88.802562 122.254985
88.802562 122.857321
89.404898 123.459657
89.404898 124.061993
90.007234 124.664329
90.007234 125.266665
90.609570 125.266665
90.609570 125.869001
91.211906 126.471337
91.211906 127.073673
91.814242 127.073673
91.814242 127.676009
92.416578 127.676009
92.416578 128.278345
92.416578 128.880681
93.018914 128.880681
93.018914 129.483017
93.621250 129.483017
94.223586 130.085353
94.223586 130.687689
94.825922 130.687689
94.825922 131.290025
95.428258 131.892361
96.030594 132.494697
96.030594 133.097033
96.632930 133.097033
96.632930 133.699369
97.235266 134.301705
97.235266 134.904041
97.837602 134.904041
98.439938 135.506377
98.439938 136.108713
99.042274 136.108713
99.644610 136.711049
100.246946 137.313385
100.849282 137.915721
101.451618 138.518057
102.053954 139.120393
102.656290 139.722729
103.258626 140.325065
103.860962 140.927401
104.463298 140.927401
105.065634 141.529737
105.667970 142.132073
106.270306 142.734409
106.872642 142.734409
107.474978 143.336745
108.077314 143.939081
108.679650 143.939081
109.281986 144.541417
109.884322 144.541417
110.486658 145.143753
111.088994 145.143753
111.691330 145.746089
112.293666 145.746089
112.896002 146.348425
113.498338 146.348425
114.100674 146.950761
114.703010 146.950761
115.305346 147.553097
115.907682 147.553097
116.510018 147.553097
117.112354 148.155433
117.714690 148.155433
118.317026 148.155433
118.919362 148.757769
119.521698 148.757769
120.124034 148.757769
120.726370 149.360105
121.328706 149.360105
121.931042 149.360105
122.533378 149.360105
123.135714 149.360105
123.738050 149.962441
124.340386 149.962441
124.942722 149.962441
125.545058 149.962441
125.545058 151.167113
126.147394 152.371785
126.749730 152.974121
126.749730 154.178793
127.352066 155.383466
127.352066 155.985802
126.749730 156.588138
126.147394 157.190474
126.147394 157.792810
125.545058 158.395146
125.545058 158.997482
124.942722 159.599818
123.738050 159.599818
123.135714 160.202154
122.533378 160.804490
121.931042 161.406826
121.328706 161.406826
120.726370 162.009162
120.124034 162.611498
119.521698 163.213834
118.919362 163.213834
118.317026 163.816170
117.714690 164.418506
117.112354 164.418506
116.510018 164.418506
115.907682 165.020842
115.305346 165.020842
114.703010 165.020842
114.100674 165.020842
113.498338 165.020842
112.896002 165.623178
112.293666 165.623178
111.088994 165.623178
110.486658 165.623178
109.884322 165.623178
109.281986 166.225514
108.679650 166.225514
108.077314 166.225514
107.474978 166.225514
106.270306 166.225514
105.667970 166.225514
105.065634 166.827850
104.463298 166.827850
103.860962 166.827850
103.258626 166.827850
102.656290 166.827850
101.451618 167.430186
100.849282 167.430186
100.246946 167.430186
99.644610 167.430186
99.042274 167.430186
97.837602 167.430186
97.235266 167.430186
96.632930 168.032522
96.030594 168.032522
94.825922 168.032522
94.223586 168.032522
93.621250 168.032522
93.018914 168.032522
91.814242 168.634858
91.211906 168.634858
90.609570 168.634858
90.007234 168.634858
88.802562 168.634858
88.200226 168.634858
87.597890 168.634858
86.995554 169.237194
85.790882 169.237194
85.188546 169.237194
84.586210 169.237194
83.983874 169.237194
82.779202 169.237194
82.176866 169.237194
81.574529 169.237194
80.972193 169.237194
80.369857 169.237194
79.767521 168.634858
79.165185 168.634858
78.562849 168.634858
77.960513 168.634858
76.755841 168.032522
76.153505 168.032522
75.551169 168.032522
74.948833 167.430186
74.346497 167.430186
73.744161 167.430186
73.141825 166.827850
72.539489 165.623178
71.937153 165.020842
71.334817 164.418506
70.732481 163.816170
70.130145 163.213834
69.527809 162.611498
68.925473 162.009162
68.323137 161.406826
67.720801 160.804490
67.118465 160.202154
66.516129 158.997482
65.913793 158.395146
65.913793 157.792810
65.311457 157.190474
65.311457 156.588138
65.311457 155.985802
64.709121 155.383466
64.709121 154.781130
64.709121 154.178793
64.709121 153.576457
64.106785 152.974121
64.106785 152.371785
64.106785 151.769449
63.504449 151.167113
63.504449 150.564777
63.504449 149.962441
62.902113 149.360105
62.902113 148.757769
62.902113 148.155433
62.902113 146.950761
62.299777 146.348425
62.299777 145.746089
62.299777 145.143753
61.697441 144.541417
61.697441 143.939081
61.697441 143.336745
61.095105 142.734409
61.095105 142.132073
61.095105 141.529737
61.095105 140.927401
60.492769 140.325065
60.492769 139.722729
60.492769 139.120393
59.890433 138.518057
59.890433 137.915721
59.890433 137.313385
59.890433 136.711049
59.288097 136.108713
59.288097 135.506377
59.288097 134.904041
59.288097 133.699369
59.288097 133.097033
59.288097 132.494697
59.288097 131.892361
59.288097 130.687689
58.685761 130.085353
58.685761 129.483017
58.685761 128.278345
58.685761 127.676009
58.685761 127.073673
58.685761 125.869001
58.685761 125.266665
58.685761 124.664329
58.685761 124.061993
58.083425 122.857321
58.083425 122.254985
58.083425 121.652649
58.083425 120.447977
58.083425 119.845641
58.083425 119.243305
58.083425 118.640969
58.083425 117.436297
58.083425 116.833961
57.481089 116.231625
57.481089 115.026953
57.481089 114.424617
57.481089 113.822281
57.481089 112.617609
57.481089 112.015273
57.481089 111.412937
57.481089 110.810601
57.481089 109.605929
57.481089 109.003593
57.481089 108.401257
57.481089 107.196585
57.481089 106.594249
57.481089 105.991913
57.481089 105.389577
57.481089 104.184905
57.481089 103.582569
57.481089 102.980233
58.083425 101.775561
58.083425 101.173225
58.083425 100.570889
58.083425 99.366217
58.083425 98.763881
58.083425 98.161545
58.083425 97.559209
58.083425 96.354537
58.083425 95.752201
58.685761 95.149865
58.685761 93.945193
58.685761 93.342857
58.685761 92.740521
58.685761 92.138185
58.685761 90.933513
58.685761 90.331177
58.685761 89.728841
58.685761 88.524169
59.288097 87.921832
59.288097 87.319496
59.288097 86.114824
59.288097 85.512488
59.288097 84.910152
59.288097 84.307816
59.288097 83.103144
59.890433 82.500808
59.890433 81.898472
59.890433 81.296136
60.492769 80.091464
60.492769 79.489128
61.095105 78.886792
61.095105 78.284456
61.095105 77.079784
61.697441 76.477448
61.697441 75.875112
62.299777 75.272776
62.299777 74.068104
62.902113 73.465768
62.902113 72.863432
62.902113 72.261096
63.504449 71.056424
63.504449 70.454088
64.106785 69.851752
64.106785 69.249416
64.106785 68.044744
65.311457 67.442408
65.913793 66.840072
66.516129 66.237736
67.118465 65.635400
67.720801 65.033064
68.323137 64.430728
68.925473 63.828392
70.130145 63.226056
70.732481 62.623720
71.334817 62.021384
71.937153 61.419048
72.539489 60.816712
73.141825 60.214376
74.346497 59.612040
74.948833 59.009704
75.551169 58.407368
76.153505 57.805032
76.755841 56.600360
77.358177 55.998024
77.960513 55.395688
78.562849 55.395688
79.165185 54.793352
79.767521 54.191016
80.369857 53.588680
80.972193 53.588680
81.574529 52.986344
82.176866 52.384008
82.779202 51.781672
83.381538 51.781672
83.983874 51.179336
84.586210 51.781672
85.188546 52.384008
85.790882 52.986344
85.790882 53.588680
