86.313360 83.008735
85.859745 83.462351
85.859745 83.915966
85.859745 84.369581
85.859745 84.823197
85.859745 85.276812
85.406129 85.730428
85.406129 86.184043
85.406129 86.637659
85.406129 87.091274
85.406129 87.544890
85.406129 87.998505
85.406129 88.452121
85.406129 88.905736
85.406129 89.359352
85.406129 89.812967
84.952514 90.266582
84.952514 90.720198
84.952514 91.173813
84.952514 91.627429
84.952514 92.081044
85.406129 92.534660
85.406129 92.988275
85.406129 93.441891
85.406129 93.895506
85.406129 94.349122
85.406129 94.802737
85.406129 95.256353
85.406129 95.709968
85.406129 96.163583
85.406129 96.617199
85.406129 97.070814
85.859745 97.070814
85.859745 97.524430
85.859745 97.978045
85.859745 98.431661
85.859745 98.885276
85.859745 99.338892
86.313360 99.338892
86.313360 99.792507
86.313360 100.246123
86.313360 100.699738
86.313360 101.153354
86.766976 101.153354
86.766976 101.606969
86.766976 102.060584
86.766976 102.514200
87.220591 102.514200
87.220591 102.967815
87.220591 103.421431
87.220591 103.875046
87.220591 104.328662
87.220591 104.782277
87.220591 105.235893
87.220591 105.689508
87.220591 106.143124
87.220591 106.596739
87.220591 107.050354
87.674206 107.503970
87.674206 107.957585
87.674206 108.411201
87.674206 108.864816
87.674206 109.318432
87.674206 109.772047
87.674206 110.225663
87.674206 110.679278
87.674206 111.132894
88.127822 111.132894
88.127822 111.586509
88.127822 112.040125
88.127822 112.493740
88.127822 112.947355
88.127822 113.400971
88.581437 113.400971
88.581437 113.854586
88.581437 114.308202
88.581437 114.761817
89.035053 115.215433
89.035053 115.669048
89.035053 116.122664
89.488668 116.576279
89.488668 117.029895
89.488668 117.483510
89.942284 117.937126
89.942284 118.390741
89.942284 118.844356
90.395899 119.297972
90.395899 119.751587
90.395899 120.205203
90.849515 120.205203
90.849515 120.658818
90.849515 121.112434
91.303130 121.112434
91.303130 121.566049
91.756746 122.019665
91.756746 122.473280
92.210361 122.926896
92.210361 123.380511
92.663977 123.834127
92.663977 124.287742
93.117592 124.741357
93.117592 125.194973
93.571207 125.194973
93.571207 125.648588
94.024823 126.102204
94.024823 126.555819
94.478438 126.555819
94.478438 127.009435
94.932054 127.463050
94.932054 127.916666
95.385669 127.916666
95.385669 128.370281
95.839285 128.823897
96.292900 129.277512
96.746516 129.731128
97.200131 130.184743
97.200131 130.638358
97.653747 130.638358
98.107362 131.091974
98.107362 131.545589
98.560978 131.545589
99.014593 131.999205
99.468208 132.452820
99.921824 132.906436
99.921824 133.360051
100.375439 133.360051
100.829055 133.813667
101.282670 134.267282
101.736286 134.720898
102.189901 135.174513
102.643517 135.628129
103.097132 136.081744
103.550748 136.535359
104.004363 136.535359
104.457979 136.988975
104.911594 137.442590
105.365209 137.442590
105.818825 137.896206
106.272440 138.349821
106.726056 138.349821
107.179671 138.803437
107.633287 139.257052
108.086902 139.257052
108.540518 139.710668
108.994133 139.710668
109.447749 140.164283
109.901364 140.164283
110.354980 140.617899
110.808595 140.617899
111.262210 141.071514
111.715826 141.071514
112.169441 141.525130
112.623057 141.525130
112.623057 141.978745
113.076672 141.978745
113.530288 141.978745
113.983903 141.978745
114.437519 142.432360
114.891134 142.432360
115.344750 142.432360
115.798365 142.885976
116.251981 143.339591
116.705596 143.339591
117.159211 143.793207
117.612827 144.246822
118.066442 144.246822
118.066442 144.700438
118.520058 144.700438
118.973673 145.154053
119.427289 145.154053
119.880904 145.607669
120.334520 146.061284
120.788135 146.061284
121.241751 146.514900
121.695366 146.968515
122.148981 146.968515
122.602597 147.422130
123.056212 147.875746
123.509828 147.875746
123.963443 148.329361
124.417059 148.329361
124.870674 148.782977
125.324290 149.236592
125.324290 149.690208
125.324290 150.143823
125.324290 150.597439
125.324290 151.051054
125.324290 151.504670
125.324290 152.411901
125.777905 152.865516
125.777905 153.319131
125.777905 153.772747
125.777905 154.226362
125.777905 154.679978
125.777905 155.587209
125.777905 156.040824
125.777905 156.494440
126.231521 156.948055
126.231521 157.401671
126.231521 157.855286
126.231521 158.308902
126.231521 159.216132
126.231521 159.669748
125.777905 160.123363
125.324290 160.576979
124.870674 161.030594
124.417059 161.484210
123.963443 161.937825
123.509828 162.391441
122.602597 162.845056
122.148981 163.298672
121.695366 163.752287
121.241751 164.205903
120.788135 164.659518
120.334520 164.659518
119.880904 164.659518
119.427289 164.659518
118.973673 164.659518
118.520058 164.659518
118.066442 164.659518
117.612827 164.659518
117.159211 164.659518
116.705596 164.659518
115.798365 165.113133
115.344750 165.113133
114.891134 165.113133
114.437519 165.113133
113.983903 165.113133
113.530288 165.566749
113.076672 165.566749
112.623057 165.566749
111.715826 165.566749
111.262210 165.566749
110.808595 165.566749
110.354980 166.020364
109.901364 166.020364
109.447749 166.020364
108.994133 166.020364
108.540518 166.020364
107.633287 166.473980
107.179671 166.473980
106.726056 166.473980
106.272440 166.473980
105.818825 166.473980
105.365209 166.927595
104.457979 166.473980
104.004363 166.020364
103.550748 165.566749
102.643517 165.566749
102.189901 165.113133
101.282670 164.659518
100.829055 164.659518
100.375439 164.205903
99.468208 163.752287
99.014593 163.298672
98.560978 163.298672
97.653747 162.845056
97.200131 162.391441
96.292900 161.937825
95.839285 161.937825
95.385669 161.484210
94.478438 161.030594
94.024823 160.576979
93.117592 160.576979
92.663977 160.123363
92.210361 159.669748
91.303130 159.669748
90.849515 159.216132
89.942284 158.762517
89.488668 158.308902
89.035053 158.308902
88.127822 157.855286
87.674206 157.401671
87.220591 156.948055
86.313360 156.948055
85.859745 156.494440
84.952514 156.040824
84.498898 155.587209
84.045283 155.133593
83.591667 154.679978
83.138052 154.226362
83.138052 153.772747
82.684436 153.319131
82.230821 152.865516
82.230821 152.411901
81.777206 151.958285
81.323590 151.504670
80.869975 151.051054
80.869975 150.597439
80.416359 150.143823
79.962744 149.690208
79.509128 149.236592
79.509128 148.782977
79.055513 148.329361
78.601897 147.875746
78.148282 147.422130
78.148282 146.968515
77.694666 146.514900
77.241051 146.061284
76.787435 145.607669
76.787435 145.154053
76.333820 144.700438
75.880205 143.793207
75.880205 143.339591
75.880205 142.885976
75.880205 142.432360
75.880205 141.978745
75.880205 141.525130
75.880205 140.617899
75.880205 140.164283
75.880205 139.710668
75.880205 139.257052
75.880205 138.803437
75.880205 138.349821
75.880205 137.896206
75.880205 136.988975
75.880205 136.535359
75.880205 136.081744
75.880205 135.628129
75.880205 135.174513
75.880205 134.720898
75.880205 133.813667
75.880205 133.360051
75.880205 132.906436
75.880205 132.452820
75.880205 131.999205
75.880205 131.545589
75.880205 130.638358
75.880205 130.184743
75.880205 129.731128
75.880205 129.277512
75.880205 128.823897
75.880205 128.370281
75.880205 127.916666
75.880205 127.463050
75.880205 126.555819
75.880205 126.102204
75.880205 125.648588
75.880205 125.194973
75.880205 124.741357
75.880205 124.287742
75.880205 123.834127
75.880205 122.926896
75.880205 122.473280
75.880205 122.019665
75.880205 121.566049
75.880205 121.112434
75.880205 120.658818
75.880205 120.205203
75.880205 119.751587
75.880205 118.844356
75.880205 118.390741
75.880205 117.937126
75.880205 117.483510
75.880205 117.029895
75.880205 116.576279
75.426589 116.122664
75.426589 115.669048
74.972974 115.215433
74.519358 114.761817
74.519358 113.854586
74.065743 113.400971
74.065743 112.947355
74.065743 112.493740
74.065743 112.040125
74.065743 111.132894
74.065743 110.679278
73.612127 110.225663
73.612127 109.772047
73.612127 109.318432
73.612127 108.411201
73.612127 107.957585
73.612127 107.503970
73.612127 107.050354
73.158512 106.596739
73.158512 105.689508
73.158512 105.235893
73.158512 104.782277
73.158512 104.328662
73.158512 103.421431
73.158512 102.967815
72.704896 102.514200
72.704896 102.060584
72.704896 101.606969
72.704896 100.699738
72.704896 100.246123
72.704896 99.792507
72.704896 99.338892
72.251281 98.885276
72.251281 97.978045
72.251281 97.524430
72.251281 97.070814
72.251281 96.617199
72.251281 96.163583
72.251281 95.709968
72.704896 94.802737
72.704896 94.349122
73.158512 93.895506
73.612127 93.441891
73.612127 92.988275
74.065743 92.534660
74.065743 92.081044
74.519358 91.627429
74.972974 91.173813
74.972974 90.720198
75.426589 90.266582
75.880205 90.266582
76.333820 90.266582
76.333820 89.812967
76.787435 89.812967
76.787435 89.359352
77.241051 89.359352
77.694666 89.359352
77.694666 88.905736
78.148282 88.905736
78.601897 88.905736
78.601897 88.452121
79.055513 87.998505
79.509128 87.544890
79.962744 87.544890
80.416359 87.544890
80.416359 87.091274
80.869975 86.637659
81.323590 86.637659
81.323590 86.184043
81.777206 85.730428
82.230821 85.276812
82.684436 84.823197
83.138052 84.369581
83.591667 84.369581
83.591667 83.915966
83.591667 83.462351
84.045283 83.008735
84.498898 83.008735
84.952514 82.555120
85.406129 83.008735
85.859745 83.008735
86.313360 83.008735
