77.156470 75.123861
76.601858 75.678473
76.601858 76.233085
76.601858 76.787697
76.601858 77.342309
76.047246 77.896921
76.047246 78.451533
76.047246 79.006145
76.047246 79.560757
75.492634 80.115369
75.492634 80.669981
75.492634 81.224593
75.492634 81.779205
75.492634 82.333817
75.492634 82.888429
74.938022 83.443041
74.938022 83.997653
74.938022 84.552265
74.938022 85.106877
74.938022 85.661489
74.938022 86.216101
74.938022 86.770713
74.938022 87.325325
74.938022 87.879937
74.938022 88.434549
74.938022 88.989161
74.938022 89.543773
74.383410 90.098385
74.383410 90.652997
74.383410 91.207609
74.383410 91.762222
74.383410 92.316834
74.383410 92.871446
74.938022 93.426058
74.938022 93.980670
74.938022 94.535282
74.938022 95.089894
74.938022 95.644506
74.938022 96.199118
74.938022 96.753730
74.938022 97.308342
74.938022 97.862954
74.938022 98.417566
74.938022 98.972178
74.938022 99.526790
75.492634 100.081402
75.492634 100.636014
75.492634 101.190626
75.492634 101.745238
75.492634 102.299850
75.492634 102.854462
76.047246 103.409074
76.047246 103.963686
76.047246 104.518298
76.047246 105.072910
76.601858 105.627522
76.601858 106.182134
76.047246 105.627522
76.047246 105.072910
76.047246 104.518298
76.047246 103.963686
76.047246 103.409074
76.047246 103.963686
75.492634 103.963686
76.047246 103.963686
76.047246 103.409074
76.047246 103.963686
75.492634 103.963686
76.047246 103.963686
75.492634 103.963686
76.047246 103.963686
76.047246 103.409074
76.047246 103.963686
75.492634 103.963686
76.047246 103.963686
75.492634 103.963686
76.047246 103.963686
75.492634 103.963686
76.047246 103.963686
76.047246 103.409074
76.047246 103.963686
75.492634 103.963686
76.047246 103.963686
75.492634 103.963686
76.047246 103.963686
75.492634 103.963686
76.047246 103.963686
76.047246 103.409074
76.047246 103.963686
75.492634 103.963686
76.047246 103.963686
76.047246 103.409074
76.047246 103.963686
75.492634 103.409074
75.492634 102.854462
76.047246 103.409074
76.047246 103.963686
76.047246 103.409074
76.047246 103.963686
75.492634 103.963686
76.047246 103.963686
75.492634 103.963686
76.047246 103.963686
76.047246 103.409074
75.492634 103.963686
76.047246 103.409074
76.047246 103.963686
75.492634 103.963686
76.047246 103.963686
75.492634 103.963686
76.047246 103.963686
75.492634 103.963686
76.047246 103.963686
76.047246 103.409074
76.047246 103.963686
76.047246 103.409074
76.047246 103.963686
75.492634 103.963686
76.047246 103.963686
76.047246 103.409074
76.047246 103.963686
75.492634 103.963686
76.047246 103.963686
76.047246 103.409074
76.047246 103.963686
76.047246 103.409074
76.047246 103.963686
76.047246 104.518298
76.047246 105.072910
76.047246 104.518298
76.047246 103.963686
76.047246 103.409074
76.047246 103.963686
75.492634 103.963686
76.047246 103.963686
75.492634 103.963686
76.047246 103.963686
76.047246 103.409074
76.047246 103.963686
75.492634 103.963686
76.047246 103.963686
76.047246 103.409074
76.047246 103.963686
75.492634 103.963686
76.047246 103.963686
76.047246 103.409074
76.047246 103.963686
76.047246 103.409074
76.047246 103.963686
75.492634 103.963686
76.047246 103.963686
76.047246 103.409074
76.047246 103.963686
75.492634 103.963686
76.047246 103.963686
76.047246 103.409074
76.047246 103.963686
75.492634 103.963686
76.047246 103.963686
76.047246 103.409074
76.047246 103.963686
76.047246 103.409074
76.047246 103.963686
76.047246 103.409074
76.047246 103.963686
75.492634 103.963686
76.047246 103.963686
75.492634 103.963686
76.047246 103.963686
76.047246 103.409074
75.492634 103.963686
76.047246 103.409074
76.047246 103.963686
75.492634 103.963686
76.047246 103.963686
76.047246 103.409074
76.047246 103.963686
75.492634 103.963686
76.047246 103.963686
75.492634 103.963686
76.047246 103.963686
75.492634 103.963686
76.047246 103.963686
76.047246 103.409074
76.047246 103.963686
76.047246 104.518298
76.047246 105.072910
76.047246 104.518298
76.047246 103.963686
76.047246 103.409074
76.047246 103.963686
75.492634 103.963686
76.047246 103.963686
76.047246 104.518298
75.492634 103.963686
76.047246 103.409074
76.047246 103.963686
76.047246 103.409074
76.047246 103.963686
76.047246 104.518298
76.047246 105.072910
76.601858 105.627522
76.601858 106.182134
76.601858 106.736746
76.601858 107.291358
77.156470 107.845970
77.156470 108.400582
77.156470 108.955194
77.711082 109.509806
77.711082 110.064418
77.711082 110.619030
78.265694 111.173642
78.265694 111.728254
78.265694 112.282866
78.820306 112.282866
78.820306 112.837478
78.820306 113.392090
79.374918 113.946702
79.374918 114.501314
79.374918 115.055926
79.929530 115.055926
79.929530 115.610538
80.484142 116.165150
80.484142 116.719762
81.038754 117.274374
81.038754 117.828986
81.038754 118.383598
81.593366 118.383598
81.593366 118.938210
81.593366 119.492822
82.147978 119.492822
82.147978 120.047434
82.147978 120.602046
82.702590 120.602046
82.702590 121.156658
83.257202 121.711270
83.257202 122.265882
83.257202 122.820494
83.811814 122.820494
83.811814 123.375106
84.366426 123.929718
84.366426 124.484330
84.921038 124.484330
84.921038 125.038942
85.475650 125.593554
85.475650 126.148166
85.475650 126.702778
86.030262 126.702778
86.584874 127.257390
86.584874 127.812002
86.584874 128.366614
87.139486 128.366614
87.139486 128.921226
87.694098 128.921226
87.694098 129.475838
88.248710 130.030450
88.803322 130.585062
89.357934 131.139674
89.357934 131.694286
89.912546 131.694286
89.912546 132.248898
90.467158 132.803510
91.021770 133.358122
91.576382 133.912734
91.576382 134.467346
92.130994 134.467346
92.130994 135.021958
92.685606 135.021958
92.685606 135.576570
93.240218 136.131182
93.794830 136.685794
94.349443 137.240406
94.904055 137.795018
95.458667 138.349630
96.013279 138.904242
96.567891 139.458854
97.122503 140.013466
97.677115 140.568078
98.231727 140.568078
98.786339 141.122690
99.340951 141.677302
99.895563 142.231914
100.450175 142.786526
101.004787 143.341138
101.559399 143.341138
102.114011 143.895750
102.668623 144.450363
103.223235 144.450363
103.777847 145.004975
104.332459 145.559587
104.887071 145.559587
105.441683 146.114199
105.996295 146.114199
106.550907 146.668811
107.105519 147.223423
107.660131 147.223423
108.214743 147.778035
108.769355 147.778035
109.323967 148.332647
109.878579 148.332647
110.433191 148.887259
110.987803 148.887259
110.987803 149.441871
111.542415 150.551095
111.542415 151.660319
112.097027 152.214931
112.097027 153.324155
112.651639 154.433379
112.651639 155.542603
113.206251 156.097215
112.651639 156.651827
112.651639 157.206439
112.097027 158.315663
111.542415 158.870275
111.542415 159.424887
110.987803 159.979499
110.987803 160.534111
110.433191 161.088723
110.433191 161.643335
109.878579 162.197947
109.323967 162.752559
108.769355 163.307171
108.214743 163.307171
107.660131 163.861783
106.550907 164.416395
105.996295 164.971007
105.441683 164.971007
104.887071 165.525619
104.332459 166.080231
103.777847 166.634843
103.223235 166.634843
102.668623 167.189455
101.559399 167.744067
101.004787 167.744067
100.450175 167.744067
99.340951 168.298679
98.786339 168.298679
98.231727 168.853291
97.677115 168.853291
96.567891 168.853291
96.013279 169.407903
95.458667 169.407903
94.349443 169.962515
93.794830 169.962515
93.240218 169.962515
92.130994 170.517127
91.576382 170.517127
91.021770 171.071739
89.912546 171.071739
89.357934 171.071739
88.803322 171.626351
87.694098 171.626351
87.139486 172.180963
86.584874 172.180963
85.475650 172.180963
84.921038 172.735575
84.366426 172.735575
83.811814 172.735575
83.257202 172.735575
82.702590 172.735575
82.147978 172.735575
81.593366 172.735575
81.038754 172.735575
79.929530 172.735575
79.374918 172.735575
78.820306 172.735575
78.265694 172.735575
77.711082 172.735575
77.156470 172.735575
76.601858 172.735575
76.047246 172.735575
75.492634 172.735575
74.938022 172.735575
73.828798 172.735575
73.274186 172.735575
72.719574 172.735575
72.164962 172.735575
71.610350 172.735575
71.055738 172.735575
70.501126 172.735575
69.946514 172.735575
69.391902 172.735575
68.837290 172.735575
68.282678 172.180963
67.728066 171.626351
67.173454 171.626351
66.618842 171.071739
65.509618 171.071739
64.955006 170.517127
64.400394 170.517127
63.845782 169.962515
63.291170 169.962515
62.736558 169.407903
62.181946 168.853291
61.627334 168.853291
61.072722 168.298679
61.072722 167.744067
60.518110 167.189455
60.518110 166.634843
59.963498 166.080231
59.963498 164.971007
59.408886 164.416395
58.854274 163.861783
58.854274 163.307171
58.299662 162.197947
58.299662 161.643335
57.745050 161.088723
57.745050 160.534111
57.190438 159.424887
57.190438 158.870275
56.635826 158.315663
56.635826 157.761051
56.081214 157.206439
56.081214 156.097215
55.526602 155.542603
55.526602 154.987991
54.971990 154.433379
54.971990 153.324155
54.417378 152.769543
54.417378 152.214931
53.862766 151.660319
53.862766 150.551095
53.862766 149.996483
53.862766 148.887259
53.862766 148.332647
53.862766 147.223423
53.862766 146.668811
53.862766 146.114199
53.862766 145.004975
53.862766 144.450363
53.862766 143.895750
53.862766 142.786526
53.862766 142.231914
53.862766 141.122690
53.862766 140.568078
53.862766 140.013466
53.862766 138.904242
53.862766 138.349630
53.862766 137.795018
53.862766 136.685794
53.862766 136.131182
53.862766 135.021958
53.862766 134.467346
53.862766 133.912734
53.862766 132.803510
53.862766 132.248898
53.862766 131.694286
53.862766 130.585062
53.862766 130.030450
53.862766 128.921226
53.862766 128.366614
53.862766 127.812002
53.862766 126.702778
53.862766 126.148166
53.862766 125.593554
53.862766 124.484330
53.862766 123.929718
53.862766 122.820494
53.862766 122.265882
53.862766 121.711270
53.862766 120.602046
53.862766 120.047434
53.862766 119.492822
53.862766 118.383598
53.862766 117.828986
53.862766 116.719762
53.862766 116.165150
53.862766 115.610538
53.862766 114.501314
53.862766 113.946702
53.862766 113.392090
53.862766 112.282866
53.862766 111.728254
54.417378 111.173642
54.417378 110.619030
54.417378 109.509806
54.417378 108.955194
54.417378 108.400582
54.971990 107.845970
54.971990 106.736746
54.971990 106.182134
54.971990 105.627522
55.526602 105.072910
55.526602 104.518298
55.526602 103.409074
55.526602 102.854462
55.526602 102.299850
56.081214 101.745238
56.081214 100.636014
56.081214 100.081402
56.081214 99.526790
56.081214 98.972178
56.635826 98.417566
56.635826 97.308342
56.635826 96.753730
56.635826 96.199118
56.635826 95.644506
57.190438 94.535282
57.190438 93.980670
57.190438 93.426058
57.190438 92.871446
57.190438 92.316834
57.745050 91.207609
57.745050 90.652997
57.745050 90.098385
58.299662 89.543773
58.854274 88.989161
59.408886 87.879937
59.963498 87.325325
60.518110 86.770713
61.072722 86.216101
61.627334 85.661489
62.181946 84.552265
62.736558 83.997653
63.291170 83.443041
63.845782 82.888429
63.845782 82.333817
64.400394 81.224593
64.955006 80.669981
65.509618 80.115369
66.064230 79.560757
66.618842 79.006145
67.173454 78.451533
67.728066 77.342309
68.282678 76.787697
68.837290 76.233085
69.391902 75.678473
69.946514 75.678473
70.501126 75.678473
71.055738 75.678473
71.055738 75.123861
71.610350 75.123861
72.164962 75.123861
72.719574 75.123861
73.274186 75.123861
73.274186 74.569249
72.719574 75.123861
72.164962 75.123861
71.610350 75.123861
71.055738 75.123861
70.501126 75.678473
69.946514 75.678473
69.391902 75.678473
69.946514 75.678473
70.501126 75.678473
71.055738 75.123861
71.610350 75.123861
72.164962 75.123861
72.719574 75.123861
73.274186 74.569249
73.828798 74.569249
74.383410 74.569249
74.938022 74.014637
75.492634 74.014637
76.047246 73.460025
76.601858 73.460025
77.156470 73.460025
77.156470 74.014637
77.156470 74.569249
77.156470 75.123861
