88.571614 116.052011
88.571614 116.297776
88.571614 116.543541
88.571614 116.789307
88.817379 117.035072
88.571614 117.280837
88.817379 117.526602
88.817379 117.772367
88.817379 118.018133
88.817379 118.263898
89.063144 118.263898
88.817379 118.509663
89.063144 118.755428
89.063144 119.001193
89.063144 119.246959
89.308909 119.246959
89.308909 119.492724
89.308909 119.738489
89.554674 119.984254
89.554674 120.230019
89.554674 120.475785
89.554674 120.721550
89.800440 120.721550
89.800440 120.967315
89.800440 121.213080
90.046205 121.458845
90.046205 121.704611
90.046205 121.458845
90.046205 121.704611
90.291970 121.950376
90.291970 122.196141
90.291970 122.441906
90.537735 122.441906
90.537735 122.687671
90.537735 122.933437
90.783500 122.933437
90.783500 123.179202
91.029266 123.424967
91.029266 123.670732
91.029266 123.916497
91.275031 123.916497
91.275031 124.162263
91.275031 123.916497
91.275031 124.162263
91.275031 123.916497
91.275031 124.162263
91.275031 123.916497
91.275031 124.162263
91.275031 123.916497
91.275031 124.162263
91.275031 123.916497
91.275031 124.162263
91.275031 124.408028
91.520796 124.653793
91.766561 124.653793
91.766561 124.899558
91.766561 124.653793
91.766561 124.899558
91.766561 124.653793
91.520796 124.408028
91.275031 124.408028
91.275031 124.162263
91.275031 123.916497
91.029266 123.670732
91.029266 123.424967
91.029266 123.670732
91.275031 123.916497
91.275031 124.162263
91.520796 124.408028
91.766561 124.653793
91.520796 124.408028
91.275031 124.408028
91.275031 124.162263
91.275031 123.916497
91.029266 123.670732
91.029266 123.424967
91.029266 123.670732
91.275031 123.916497
91.275031 124.162263
91.275031 123.916497
91.275031 124.162263
91.275031 123.916497
91.275031 124.162263
91.275031 123.916497
91.275031 124.162263
91.275031 123.916497
91.275031 124.162263
91.520796 124.408028
91.520796 124.653793
91.766561 124.653793
91.766561 124.899558
91.766561 124.653793
91.520796 124.653793
91.520796 124.408028
91.275031 124.162263
91.275031 123.916497
91.029266 123.670732
91.029266 123.916497
91.275031 124.162263
91.520796 124.408028
91.520796 124.653793
91.766561 124.653793
91.766561 124.899558
92.012326 125.145323
92.258092 125.391089
92.012326 125.636854
92.258092 125.391089
92.258092 125.636854
92.258092 125.391089
92.258092 125.636854
92.503857 125.882619
92.503857 126.128384
92.749622 126.128384
92.749622 126.374149
92.995387 126.619914
92.995387 126.865680
93.241152 126.865680
92.995387 126.865680
92.749622 126.619914
92.749622 126.374149
92.749622 126.128384
92.503857 125.882619
92.503857 125.882619
92.258092 125.636854
92.258092 125.882619
92.503857 125.882619
92.503857 126.128384
92.749622 126.128384
92.503857 126.128384
92.749622 126.128384
92.749622 126.374149
92.995387 126.619914
93.241152 126.865680
93.241152 127.111445
93.486918 127.111445
93.732683 127.357210
93.732683 127.602975
93.978448 127.602975
93.978448 127.848740
93.978448 127.602975
93.978448 127.848740
93.978448 127.602975
93.978448 127.848740
93.978448 128.094506
94.224213 128.094506
94.224213 128.340271
94.469978 128.586036
94.469978 128.831801
94.715744 128.831801
94.715744 129.077566
94.961509 129.323332
94.961509 129.569097
95.207274 129.569097
95.207274 129.814862
95.207274 130.060627
95.453039 130.060627
95.698804 130.306392
95.698804 130.552158
95.944570 130.797923
95.944570 130.552158
95.944570 130.797923
96.190335 131.043688
96.190335 131.289453
96.436100 131.535218
96.681865 131.535218
96.927630 131.780984
96.927630 132.026749
97.173395 132.026749
97.419161 132.272514
97.664926 132.518279
97.664926 132.764044
97.910691 132.764044
98.156456 133.009810
98.402221 133.255575
98.647987 133.501340
98.893752 133.747105
98.893752 133.992870
99.139517 133.992870
99.385282 134.238636
99.631047 134.484401
99.876813 134.484401
100.122578 134.730166
100.368343 134.975931
100.368343 135.221696
100.614108 135.221696
100.859873 135.221696
101.105639 135.467462
101.351404 135.713227
101.597169 135.713227
101.842934 135.958992
102.088699 136.204757
102.334465 136.204757
102.580230 136.450522
102.825995 136.450522
103.071760 136.696288
103.317525 136.942053
103.563291 136.942053
103.809056 137.187818
104.054821 137.187818
104.300586 137.433583
104.546351 137.433583
104.792117 137.679348
105.037882 137.679348
105.283647 137.679348
105.529412 137.925114
105.775177 137.925114
106.020943 138.170879
106.266708 138.170879
106.512473 138.170879
106.758238 138.416644
107.004003 138.416644
107.249769 138.416644
107.495534 138.662409
107.741299 138.662409
107.987064 138.662409
108.232829 138.908174
108.478595 138.908174
108.724360 139.399705
108.970125 139.645470
109.215890 139.891235
109.461655 140.382765
109.953186 140.628531
110.198951 141.120061
110.444716 141.365826
110.690481 141.857357
110.936246 142.103122
111.182012 142.348887
111.427777 142.840417
111.673542 143.086183
111.919307 143.577713
112.165072 143.823478
112.656603 144.069243
112.902368 144.560774
113.148133 144.806539
113.393898 145.298069
113.639664 145.543835
113.885429 146.035365
114.131194 146.281130
114.376959 146.526895
114.622724 147.018426
115.114255 147.264191
115.360020 147.755721
115.605785 148.001487
115.851550 148.247252
116.097316 148.738782
116.343081 148.984547
116.343081 149.230313
116.343081 149.476078
116.343081 149.721843
116.343081 149.967608
116.343081 150.213373
116.343081 150.459139
116.343081 150.704904
116.343081 150.950669
116.343081 151.196434
116.343081 151.442199
116.343081 151.687965
116.097316 151.933730
115.605785 151.933730
115.360020 152.179495
115.114255 152.179495
114.868490 152.179495
114.376959 152.425260
114.131194 152.425260
113.885429 152.425260
113.639664 152.671025
113.148133 152.671025
112.902368 152.916791
112.656603 152.916791
112.410838 152.916791
111.919307 153.162556
111.673542 153.162556
111.427777 153.162556
111.182012 153.408321
110.690481 153.408321
110.444716 153.408321
110.198951 153.654086
109.953186 153.654086
109.461655 153.654086
109.215890 153.899851
108.970125 153.899851
108.724360 154.145616
108.478595 154.145616
107.987064 154.145616
107.741299 154.145616
107.495534 154.145616
107.249769 154.145616
107.004003 154.145616
106.758238 154.145616
106.512473 154.145616
106.266708 154.145616
106.020943 154.145616
105.775177 154.145616
105.529412 154.145616
105.283647 153.899851
105.037882 153.899851
104.792117 153.899851
104.546351 153.899851
104.300586 153.899851
103.809056 153.899851
103.563291 153.899851
103.317525 153.899851
103.071760 153.899851
102.825995 153.899851
102.580230 153.899851
102.334465 153.899851
102.088699 153.899851
101.597169 153.899851
101.351404 153.899851
101.105639 153.899851
100.859873 153.899851
100.614108 153.899851
100.368343 153.899851
100.122578 153.899851
99.876813 153.899851
99.385282 153.899851
99.139517 153.654086
98.893752 153.654086
98.647987 153.654086
98.402221 153.654086
98.156456 153.654086
97.910691 153.654086
97.664926 153.654086
97.173395 153.654086
96.927630 153.654086
96.681865 153.654086
96.436100 153.654086
96.190335 153.654086
95.944570 153.654086
95.698804 153.654086
95.453039 153.654086
94.961509 153.654086
94.715744 153.654086
94.469978 153.654086
94.224213 153.654086
93.978448 153.654086
93.732683 153.654086
93.486918 153.654086
93.241152 153.654086
92.749622 153.408321
92.503857 153.408321
92.258092 153.408321
92.012326 153.408321
91.766561 153.162556
91.520796 152.916791
91.275031 152.671025
91.029266 152.179495
90.783500 151.933730
90.537735 151.687965
90.046205 151.442199
89.800440 150.950669
89.554674 150.704904
89.308909 150.459139
89.063144 149.967608
88.817379 149.721843
88.571614 149.476078
88.325848 149.230313
88.080083 148.738782
87.834318 148.493017
87.588553 148.247252
87.342788 148.001487
87.097022 147.509956
86.605492 147.264191
86.359727 147.018426
86.113962 146.772661
85.868196 146.281130
85.622431 146.035365
85.376666 145.789600
85.376666 145.298069
85.376666 145.052304
85.130901 144.806539
85.130901 144.315009
85.130901 144.069243
85.130901 143.577713
85.130901 143.331948
84.885136 142.840417
84.885136 142.594652
84.885136 142.348887
84.885136 141.857357
84.885136 141.611591
84.639370 141.120061
84.639370 140.874296
84.639370 140.628531
84.639370 140.137000
84.639370 139.891235
84.393605 139.399705
84.393605 139.153940
84.393605 138.662409
84.393605 138.416644
84.393605 138.170879
84.147840 137.679348
84.147840 137.433583
84.147840 136.942053
84.147840 136.696288
84.147840 136.450522
83.902075 135.958992
83.902075 135.713227
83.902075 135.221696
83.902075 134.975931
83.902075 134.484401
83.656310 134.238636
83.656310 133.992870
83.656310 133.747105
83.902075 133.501340
83.902075 133.009810
83.902075 132.764044
83.902075 132.518279
83.902075 132.272514
83.902075 132.026749
83.902075 131.780984
83.902075 131.289453
83.902075 131.043688
83.902075 130.797923
83.902075 130.552158
83.902075 130.306392
84.147840 130.060627
84.147840 129.569097
84.147840 129.323332
84.147840 129.077566
84.147840 128.831801
84.147840 128.586036
84.147840 128.340271
84.147840 127.848740
84.147840 127.602975
84.147840 127.357210
84.147840 127.111445
84.393605 126.865680
84.393605 126.619914
84.393605 126.128384
84.393605 125.882619
84.393605 125.636854
84.393605 125.391089
84.393605 125.145323
84.393605 124.899558
84.393605 124.408028
84.393605 124.162263
84.393605 123.916497
84.639370 123.670732
84.639370 123.424967
84.639370 123.179202
84.639370 122.687671
84.639370 122.441906
84.639370 122.196141
84.639370 121.950376
84.639370 121.704611
84.639370 121.458845
84.639370 120.967315
84.639370 120.721550
84.885136 120.475785
84.885136 120.230019
84.885136 119.984254
84.885136 119.492724
84.885136 119.246959
84.885136 119.001193
84.885136 118.755428
84.885136 118.509663
84.885136 118.263898
84.885136 117.772367
84.885136 117.526602
84.885136 117.280837
84.885136 117.035072
84.885136 116.789307
84.885136 116.543541
84.885136 116.052011
84.639370 116.052011
84.885136 116.052011
84.639370 116.052011
84.885136 116.052011
84.639370 116.052011
84.885136 116.052011
84.639370 116.052011
84.885136 116.052011
84.639370 116.052011
84.393605 116.052011
84.639370 116.052011
84.393605 116.052011
84.147840 116.052011
84.393605 116.052011
84.639370 116.052011
84.885136 116.052011
85.130901 116.052011
85.376666 116.052011
85.622431 116.052011
85.376666 116.052011
85.622431 116.052011
85.868196 116.052011
86.113962 116.052011
85.868196 116.052011
86.113962 116.052011
86.359727 116.052011
86.605492 116.052011
86.359727 116.052011
86.605492 116.052011
86.851257 116.052011
87.097022 116.052011
87.097022 115.806246
87.342788 115.806246
87.097022 115.806246
87.342788 115.806246
87.588553 115.806246
87.834318 115.806246
88.080083 115.806246
88.325848 115.806246
88.571614 115.560481
88.817379 115.806246
88.571614 116.052011
