88.138822 56.409886
88.138822 57.749776
88.138822 58.419722
88.138822 59.089667
88.808767 59.759612
88.808767 60.429558
88.808767 61.769448
89.478712 62.439394
88.808767 63.109339
88.808767 63.779284
88.138822 64.449230
87.468876 65.119175
87.468876 65.789120
86.798931 66.459066
86.128986 67.129011
85.459040 67.798956
85.459040 68.468902
84.789095 69.138847
84.119150 69.808793
84.119150 70.478738
83.449204 71.148683
83.449204 71.818629
82.779259 72.488574
82.779259 73.158519
82.109314 73.828465
82.109314 74.498410
81.439368 75.168355
81.439368 75.838301
80.769423 76.508246
80.769423 77.178191
80.769423 77.848137
80.099478 78.518082
80.099478 79.188027
79.429532 79.857973
79.429532 80.527918
79.429532 81.197863
78.759587 81.867809
78.759587 82.537754
78.759587 83.207699
78.759587 83.877645
78.089642 84.547590
78.089642 85.217536
78.089642 85.887481
78.089642 86.557426
78.089642 87.227372
78.089642 87.897317
77.419696 88.567262
77.419696 89.237208
77.419696 89.907153
77.419696 90.577098
77.419696 91.247044
77.419696 91.916989
77.419696 92.586934
77.419696 93.256880
77.419696 93.926825
77.419696 94.596770
77.419696 95.266716
77.419696 95.936661
77.419696 96.606606
77.419696 97.276552
77.419696 97.946497
77.419696 98.616442
77.419696 99.286388
77.419696 99.956333
77.419696 100.626279
77.419696 101.296224
77.419696 101.966169
77.419696 102.636115
77.419696 103.306060
77.419696 103.976005
77.419696 104.645951
77.419696 105.315896
77.419696 105.985841
77.419696 106.655787
78.089642 107.325732
78.089642 107.995677
78.089642 108.665623
78.089642 109.335568
78.089642 110.005513
78.089642 110.675459
78.759587 111.345404
78.759587 112.015349
78.759587 112.685295
78.759587 113.355240
79.429532 114.025186
79.429532 114.695131
79.429532 115.365076
80.099478 116.035022
80.099478 116.704967
80.769423 117.374912
80.769423 118.044858
80.769423 118.714803
81.439368 119.384748
81.439368 120.054694
82.109314 120.724639
82.109314 121.394584
82.779259 122.064530
82.779259 122.734475
83.449204 123.404420
83.449204 124.074366
83.449204 124.744311
84.119150 124.744311
84.119150 125.414256
84.789095 125.414256
84.789095 126.084202
84.789095 126.754147
85.459040 126.754147
85.459040 127.424092
86.128986 127.424092
86.128986 128.094038
86.128986 128.763983
86.798931 128.763983
87.468876 129.433929
87.468876 130.103874
87.468876 130.773819
88.138822 130.773819
88.808767 131.443765
89.478712 132.113710
89.478712 132.783655
90.148658 133.453601
90.818603 134.123546
90.818603 134.793491
91.488548 134.793491
92.158494 135.463437
92.158494 136.133382
92.828439 136.133382
92.828439 136.803327
93.498385 137.473273
93.498385 138.143218
94.168330 138.143218
94.838275 138.813163
94.838275 139.483109
95.508221 139.483109
95.508221 140.153054
96.178166 140.153054
96.178166 140.822999
96.848111 140.822999
97.518057 141.492945
98.188002 142.162890
98.188002 142.832835
98.857947 142.832835
99.527893 143.502781
99.527893 144.172726
100.197838 144.172726
100.867783 144.842672
100.867783 145.512617
101.537729 145.512617
102.207674 146.182562
102.877619 146.852508
103.547565 147.522453
103.547565 148.192398
104.217510 148.192398
104.887455 148.862344
105.557401 149.532289
106.227346 150.202234
106.897292 150.872180
106.897292 151.542125
107.567237 151.542125
108.237182 152.212070
108.907128 152.882016
108.907128 153.551961
109.577073 153.551961
110.247018 153.551961
110.916964 154.221906
111.586909 154.891852
112.256854 155.561797
112.926800 155.561797
113.596745 156.231742
114.266690 156.901688
114.936636 156.901688
115.606581 157.571633
116.276526 157.571633
116.946472 158.241579
117.616417 158.911524
118.286362 158.911524
118.956308 159.581469
119.626253 159.581469
119.626253 160.921360
120.296198 161.591305
120.296198 162.261251
120.296198 162.931196
120.296198 164.271087
120.296198 164.941032
119.626253 165.610977
119.626253 166.280923
119.626253 166.950868
119.626253 167.620813
119.626253 168.290759
119.626253 168.960704
118.956308 169.630649
118.286362 170.300595
117.616417 170.970540
116.946472 171.640485
116.276526 171.640485
115.606581 172.310431
114.936636 172.980376
114.266690 173.650322
113.596745 174.320267
112.926800 174.990212
112.256854 175.660158
111.586909 175.660158
110.247018 176.330103
109.577073 176.330103
108.907128 177.000048
108.237182 177.000048
107.567237 177.669994
106.897292 177.669994
106.227346 178.339939
105.557401 178.339939
104.887455 179.009884
103.547565 179.009884
102.877619 179.679830
102.207674 179.679830
101.537729 180.349775
100.867783 180.349775
100.197838 181.019720
99.527893 181.019720
98.857947 181.689666
98.188002 181.689666
96.848111 182.359611
96.178166 182.359611
95.508221 182.359611
94.838275 182.359611
94.168330 183.029556
93.498385 183.029556
92.828439 183.029556
92.158494 183.029556
91.488548 183.029556
90.818603 183.699502
90.148658 183.699502
89.478712 183.699502
88.808767 183.699502
88.138822 183.699502
87.468876 184.369447
86.798931 184.369447
86.128986 184.369447
85.459040 184.369447
84.789095 184.369447
84.119150 185.039392
83.449204 185.039392
82.779259 185.039392
82.109314 185.039392
81.439368 185.039392
80.769423 185.709338
80.099478 185.709338
79.429532 185.709338
78.759587 185.709338
78.089642 185.709338
77.419696 186.379283
76.749751 186.379283
76.079805 186.379283
75.409860 186.379283
74.739915 186.379283
74.069969 186.379283
73.400024 186.379283
72.060133 186.379283
71.390188 186.379283
70.720243 186.379283
70.050297 186.379283
69.380352 186.379283
68.710407 186.379283
68.040461 186.379283
67.370516 186.379283
66.700571 186.379283
66.030625 186.379283
65.360680 186.379283
64.020789 186.379283
63.350844 186.379283
62.680899 186.379283
62.010953 186.379283
61.341008 186.379283
60.671062 185.709338
60.001117 185.039392
59.331172 184.369447
58.661226 183.699502
57.991281 183.029556
57.321336 182.359611
56.651390 181.689666
55.981445 181.019720
54.641554 180.349775
54.641554 179.679830
53.971609 179.009884
53.301664 178.339939
53.301664 177.669994
53.301664 177.000048
53.301664 175.660158
53.301664 174.990212
53.301664 173.650322
53.301664 172.980376
53.301664 171.640485
52.631718 170.970540
52.631718 170.300595
52.631718 168.960704
52.631718 168.290759
52.631718 166.950868
52.631718 166.280923
52.631718 164.941032
52.631718 164.271087
52.631718 163.601141
52.631718 162.261251
52.631718 161.591305
52.631718 160.251415
52.631718 159.581469
51.961773 158.241579
51.961773 157.571633
51.961773 156.231742
51.961773 155.561797
51.961773 154.891852
51.961773 153.551961
51.961773 152.882016
51.961773 151.542125
51.961773 150.872180
51.961773 149.532289
51.961773 148.862344
51.961773 148.192398
51.961773 146.852508
51.961773 146.182562
51.291828 145.512617
51.291828 144.842672
51.291828 143.502781
51.291828 142.832835
51.291828 142.162890
51.291828 141.492945
51.291828 140.822999
51.291828 140.153054
50.621882 139.483109
50.621882 138.813163
50.621882 138.143218
50.621882 136.803327
50.621882 136.133382
50.621882 135.463437
50.621882 134.793491
50.621882 134.123546
49.951937 133.453601
49.951937 132.783655
49.951937 132.113710
49.951937 131.443765
49.951937 130.103874
49.951937 129.433929
49.951937 128.763983
49.951937 128.094038
49.281992 127.424092
49.281992 126.754147
49.281992 126.084202
49.281992 125.414256
49.281992 124.074366
49.281992 123.404420
49.281992 122.734475
49.281992 122.064530
48.612046 121.394584
48.612046 120.724639
48.612046 120.054694
48.612046 119.384748
49.281992 118.714803
49.281992 117.374912
49.281992 116.704967
49.281992 116.035022
49.281992 115.365076
49.281992 114.695131
49.281992 114.025186
49.281992 113.355240
49.281992 112.685295
49.281992 112.015349
49.281992 110.675459
49.281992 110.005513
49.281992 109.335568
49.281992 108.665623
49.281992 107.995677
49.281992 107.325732
49.281992 106.655787
49.281992 105.985841
49.281992 105.315896
49.281992 103.976005
49.281992 103.306060
49.281992 102.636115
49.281992 101.966169
49.281992 101.296224
49.281992 100.626279
49.281992 99.956333
49.281992 99.286388
49.281992 97.946497
49.281992 97.276552
49.281992 96.606606
49.281992 95.936661
49.951937 95.266716
49.951937 94.596770
49.951937 93.926825
50.621882 93.256880
50.621882 92.586934
51.291828 91.916989
51.961773 91.247044
51.961773 90.577098
52.631718 89.907153
53.301664 88.567262
53.301664 87.897317
53.971609 87.227372
54.641554 86.557426
54.641554 85.887481
55.311500 85.217536
55.311500 84.547590
55.981445 83.877645
56.651390 83.207699
56.651390 82.537754
57.321336 81.867809
57.991281 80.527918
57.991281 79.857973
58.661226 79.188027
59.331172 78.518082
59.331172 77.848137
60.001117 77.178191
60.671062 76.508246
60.671062 75.838301
61.341008 75.168355
62.010953 74.498410
62.680899 73.828465
63.350844 73.158519
63.350844 72.488574
64.020789 71.148683
64.690735 70.478738
65.360680 69.808793
66.030625 69.138847
66.700571 68.468902
67.370516 67.798956
68.040461 67.129011
68.710407 65.789120
69.380352 65.119175
70.050297 64.449230
70.720243 63.779284
71.390188 63.109339
72.060133 62.439394
72.730079 61.769448
73.400024 60.429558
74.069969 60.429558
74.739915 59.759612
75.409860 59.759612
76.079805 59.089667
76.749751 59.089667
77.419696 58.419722
78.089642 58.419722
78.759587 58.419722
79.429532 57.749776
80.099478 57.749776
81.439368 57.079831
82.109314 57.079831
82.779259 57.079831
83.449204 56.409886
84.119150 56.409886
84.789095 55.739940
85.459040 55.739940
86.128986 55.739940
86.798931 56.409886
87.468876 57.079831
88.138822 57.749776
88.138822 57.079831
88.138822 56.409886
