85.754884 63.193528
85.754884 63.853394
86.414751 64.513261
85.754884 65.173127
85.754884 65.832994
85.095018 66.492860
85.095018 67.152727
84.435151 67.812593
84.435151 68.472460
83.775285 69.132326
83.775285 69.792193
83.775285 70.452060
83.115418 71.111926
82.455552 71.771793
82.455552 72.431659
82.455552 73.091526
82.455552 73.751392
82.455552 74.411259
82.455552 75.071125
82.455552 75.730992
81.795685 76.390858
81.795685 77.050725
81.795685 77.710591
81.795685 78.370458
81.795685 77.710591
81.795685 77.050725
81.795685 77.710591
81.795685 78.370458
81.795685 77.710591
81.795685 77.050725
81.795685 76.390858
81.795685 77.050725
81.795685 77.710591
81.795685 78.370458
81.135819 79.030324
81.135819 79.690191
80.475952 80.350057
80.475952 81.009924
79.816086 81.669790
79.816086 82.329657
79.816086 82.989524
79.156219 83.649390
79.156219 84.309257
79.156219 84.969123
79.156219 85.628990
78.496352 86.288856
78.496352 86.948723
78.496352 87.608589
78.496352 88.268456
77.836486 88.928322
77.836486 89.588189
77.836486 90.248055
77.836486 90.907922
77.836486 91.567788
77.836486 92.227655
77.176619 92.887521
77.176619 93.547388
77.176619 94.207255
77.176619 94.867121
77.176619 95.526988
77.176619 96.186854
77.176619 96.846721
77.176619 97.506587
77.176619 98.166454
77.176619 98.826320
77.176619 99.486187
77.176619 100.146053
77.176619 100.805920
77.176619 101.465786
77.176619 102.125653
77.176619 102.785519
77.176619 103.445386
77.176619 104.105252
77.836486 104.765119
77.836486 105.424985
77.836486 106.084852
77.836486 106.744719
77.836486 107.404585
77.836486 108.064452
78.496352 108.724318
78.496352 109.384185
78.496352 110.044051
78.496352 110.703918
78.496352 111.363784
79.156219 112.023651
79.156219 112.683517
79.156219 113.343384
79.156219 114.003250
79.156219 114.663117
79.156219 115.322983
79.816086 115.982850
79.816086 116.642716
79.816086 117.302583
79.816086 117.962449
80.475952 118.622316
80.475952 119.282183
80.475952 119.942049
80.475952 120.601916
80.475952 121.261782
81.135819 121.261782
81.135819 121.921649
81.135819 122.581515
81.135819 123.241382
81.795685 123.241382
81.795685 123.901248
81.795685 124.561115
82.455552 124.561115
82.455552 125.220981
83.115418 125.880848
83.115418 126.540714
83.775285 127.200581
83.775285 127.860447
84.435151 128.520314
84.435151 129.180180
85.095018 129.840047
85.095018 130.499914
85.754884 131.159780
86.414751 131.819647
86.414751 132.479513
87.074617 133.139380
87.074617 133.799246
87.734484 133.799246
88.394350 134.459113
88.394350 135.118979
89.054217 135.778846
89.054217 136.438712
89.714083 136.438712
90.373950 137.098579
91.033817 137.758445
91.033817 138.418312
91.693683 138.418312
92.353550 139.078178
93.013416 139.738045
93.673283 140.397911
94.333149 141.057778
94.993016 141.717644
95.652882 142.377511
96.312749 143.037378
96.972615 143.697244
97.632482 143.697244
98.292348 144.357111
98.952215 145.016977
99.612081 145.676844
100.271948 145.676844
100.931814 146.336710
101.591681 146.996577
102.251547 146.996577
102.911414 147.656443
103.571281 147.656443
104.231147 148.316310
104.891014 148.316310
105.550880 148.976176
106.210747 148.976176
106.870613 149.636043
106.870613 150.295909
106.210747 150.955776
106.210747 151.615642
105.550880 152.275509
105.550880 152.935375
105.550880 153.595242
105.550880 154.255108
105.550880 154.914975
104.891014 155.574842
104.231147 156.234708
104.231147 156.894575
104.231147 157.554441
103.571281 158.214308
103.571281 158.874174
102.911414 159.534041
102.911414 160.193907
102.911414 160.853774
102.251547 161.513640
102.251547 162.173507
101.591681 162.833373
101.591681 163.493240
100.931814 164.153106
100.271948 164.812973
99.612081 164.812973
98.952215 165.472839
98.292348 165.472839
97.632482 165.472839
96.972615 166.132706
96.312749 166.792573
95.652882 166.792573
94.993016 166.792573
94.333149 167.452439
93.673283 167.452439
93.013416 168.112306
92.353550 168.112306
91.693683 168.772172
91.033817 168.772172
90.373950 168.772172
89.714083 168.772172
89.054217 169.432039
88.394350 169.432039
87.734484 169.432039
87.074617 169.432039
86.414751 169.432039
85.754884 169.432039
85.095018 170.091905
84.435151 170.091905
83.775285 170.091905
83.115418 170.091905
82.455552 170.091905
81.795685 170.751772
81.135819 170.751772
80.475952 170.751772
79.816086 170.751772
79.156219 170.751772
78.496352 170.751772
77.836486 170.751772
77.176619 170.751772
76.516753 171.411638
75.856886 171.411638
75.197020 171.411638
74.537153 171.411638
73.877287 171.411638
73.217420 170.751772
72.557554 170.091905
71.897687 170.091905
71.237821 169.432039
70.577954 169.432039
69.918088 168.772172
69.258221 168.772172
68.598355 168.112306
67.938488 168.112306
67.278622 167.452439
66.618755 167.452439
65.958888 166.792573
65.299022 166.792573
64.639155 166.792573
63.979289 166.132706
63.319422 166.132706
62.659556 165.472839
61.999689 165.472839
61.339823 164.812973
60.679956 164.812973
60.020090 164.153106
59.360223 163.493240
59.360223 162.833373
59.360223 162.173507
58.700357 161.513640
58.700357 160.853774
58.040490 160.193907
57.380624 159.534041
57.380624 158.874174
56.720757 158.214308
56.720757 157.554441
56.060891 156.894575
55.401024 156.234708
55.401024 155.574842
55.401024 154.914975
54.741158 154.255108
54.081291 153.595242
53.421424 152.935375
53.421424 152.275509
52.761558 151.615642
52.761558 150.955776
52.101691 150.295909
51.441825 149.636043
51.441825 148.976176
51.441825 148.316310
50.781958 147.656443
50.122092 146.996577
50.122092 146.336710
49.462225 145.676844
49.462225 145.016977
49.462225 144.357111
49.462225 143.697244
49.462225 143.037378
49.462225 142.377511
49.462225 141.717644
49.462225 141.057778
49.462225 140.397911
49.462225 139.738045
49.462225 139.078178
50.122092 138.418312
50.122092 137.758445
50.122092 137.098579
50.122092 136.438712
50.122092 135.778846
50.122092 135.118979
50.122092 134.459113
50.122092 133.799246
50.122092 133.139380
50.122092 132.479513
50.122092 131.819647
50.122092 131.159780
50.122092 130.499914
50.122092 129.840047
50.122092 129.180180
50.122092 128.520314
50.122092 127.860447
50.122092 127.200581
50.122092 126.540714
50.122092 125.880848
50.122092 125.220981
50.781958 124.561115
50.781958 123.901248
50.781958 123.241382
50.781958 122.581515
50.781958 121.921649
50.781958 121.261782
50.781958 120.601916
50.781958 119.942049
50.781958 119.282183
50.781958 118.622316
50.781958 117.962449
50.781958 117.302583
50.781958 116.642716
50.781958 115.982850
50.781958 115.322983
50.781958 114.663117
50.781958 114.003250
50.781958 113.343384
50.781958 112.683517
50.781958 111.363784
50.781958 110.703918
51.441825 110.044051
51.441825 109.384185
51.441825 108.724318
51.441825 108.064452
51.441825 107.404585
51.441825 106.744719
51.441825 106.084852
51.441825 105.424985
51.441825 104.765119
51.441825 104.105252
51.441825 103.445386
51.441825 102.785519
51.441825 102.125653
51.441825 101.465786
51.441825 100.805920
52.101691 100.146053
52.101691 99.486187
52.101691 98.826320
52.101691 98.166454
52.101691 97.506587
52.761558 96.846721
52.761558 96.186854
52.761558 95.526988
52.761558 94.867121
53.421424 94.207255
53.421424 93.547388
53.421424 92.887521
53.421424 92.227655
53.421424 91.567788
54.081291 90.907922
54.081291 90.248055
54.081291 89.588189
54.081291 88.928322
54.741158 88.268456
54.741158 87.608589
54.741158 86.948723
54.741158 86.288856
55.401024 85.628990
55.401024 84.969123
55.401024 84.309257
55.401024 83.649390
55.401024 82.989524
55.401024 82.329657
55.401024 81.669790
55.401024 81.009924
56.060891 80.350057
56.060891 79.690191
56.060891 79.030324
56.060891 78.370458
56.060891 77.710591
56.720757 77.050725
56.720757 76.390858
57.380624 75.730992
58.040490 75.071125
58.040490 74.411259
58.700357 73.751392
58.700357 73.091526
59.360223 72.431659
60.020090 71.771793
60.020090 71.111926
60.679956 70.452060
61.339823 69.792193
61.339823 69.132326
61.999689 68.472460
62.659556 67.812593
62.659556 67.152727
63.319422 66.492860
63.319422 65.832994
63.979289 65.173127
64.639155 64.513261
64.639155 63.853394
65.299022 63.193528
65.958888 62.533661
65.958888 61.873795
66.618755 61.213928
67.278622 60.554062
67.938488 60.554062
68.598355 59.894195
69.258221 59.894195
69.918088 59.894195
70.577954 59.894195
71.237821 59.894195
71.897687 59.894195
72.557554 59.894195
73.217420 59.894195
73.877287 59.894195
74.537153 59.894195
75.197020 59.894195
75.856886 59.894195
76.516753 59.894195
77.176619 59.894195
77.836486 59.894195
78.496352 59.894195
79.156219 59.894195
79.816086 59.894195
80.475952 59.894195
81.135819 59.234329
81.795685 59.234329
82.455552 59.234329
83.115418 59.234329
83.775285 59.894195
84.435151 59.894195
84.435151 60.554062
84.435151 61.213928
85.095018 61.213928
85.095018 61.873795
85.095018 62.533661
85.095018 63.193528
85.754884 63.193528
