82.138441 76.988060
82.138441 77.500653
82.138441 78.013246
82.651034 78.525839
82.651034 79.038432
82.651034 79.551025
82.651034 80.063618
83.163627 80.576211
83.163627 81.088804
83.676220 81.601397
83.676220 82.113990
83.676220 82.626583
84.188813 83.139176
84.188813 83.651769
84.188813 84.164362
84.701406 84.164362
84.701406 84.676955
85.213999 85.189548
84.701406 85.702141
84.701406 86.214734
84.701406 86.727327
84.701406 87.239920
84.188813 87.752513
84.188813 88.265106
84.188813 88.777699
84.188813 89.290292
83.676220 89.802885
83.676220 90.315478
83.676220 90.828071
83.676220 91.340664
83.676220 91.853257
83.676220 92.365850
83.163627 92.878443
83.163627 93.391036
83.163627 93.903629
83.163627 94.416222
83.163627 94.928815
83.163627 95.441408
83.163627 95.954001
83.163627 96.466594
83.163627 96.979187
83.163627 97.491780
83.163627 98.004373
83.163627 98.516966
83.163627 99.029559
83.163627 99.542152
83.163627 100.054745
83.163627 100.567337
83.163627 101.079930
83.163627 101.592523
83.163627 102.105116
83.163627 102.617709
83.163627 103.130302
83.163627 103.642895
83.163627 104.155488
82.651034 104.668081
82.651034 105.180674
82.651034 105.693267
82.651034 106.205860
82.651034 106.718453
82.651034 107.231046
82.651034 107.743639
82.651034 108.256232
82.651034 108.768825
82.651034 109.281418
82.651034 109.794011
82.651034 110.306604
82.651034 110.819197
82.651034 111.331790
82.651034 111.844383
82.651034 112.356976
82.651034 112.869569
82.651034 113.382162
82.651034 113.894755
82.651034 114.407348
82.651034 114.919941
82.651034 115.432534
82.651034 115.945127
82.651034 116.457720
83.163627 116.970313
83.163627 117.482906
83.163627 117.995499
83.163627 118.508092
83.163627 119.020685
83.163627 119.533278
83.676220 119.533278
83.676220 120.045871
83.676220 120.558464
83.676220 121.071057
84.188813 121.583650
84.188813 122.096243
84.188813 122.608836
84.188813 123.121429
84.701406 123.121429
84.701406 123.634022
85.213999 124.146615
85.213999 124.659208
85.213999 125.171801
85.726592 125.684394
85.726592 126.196987
86.239185 126.709580
86.239185 127.222173
86.239185 127.734766
86.751778 127.734766
86.751778 128.247359
87.264371 128.759952
87.264371 129.272545
87.776964 129.785138
87.776964 130.297731
88.289557 130.297731
88.289557 130.810324
88.289557 131.322917
88.802150 131.322917
88.802150 131.835510
89.314743 132.348103
89.827336 132.860696
89.827336 133.373289
90.339929 133.373289
90.339929 133.885882
90.339929 134.398475
90.852522 134.398475
91.365115 134.911068
91.877708 135.423661
92.390301 135.936254
92.390301 136.448847
92.902894 136.961440
93.415487 136.961440
93.928080 137.474033
93.928080 137.986626
94.440673 137.986626
94.953266 138.499219
95.465859 139.011812
95.978452 139.524405
95.978452 140.036998
96.491045 140.036998
97.003638 140.549591
97.516231 141.062184
98.028824 141.574777
98.541417 141.574777
99.054010 142.087370
99.566603 142.599963
100.079196 143.112556
100.591789 143.112556
101.104382 143.625149
101.616975 143.625149
102.129568 144.137742
102.642161 144.650335
103.154754 144.650335
103.667347 145.162928
104.179940 145.162928
104.692533 145.675521
105.205126 145.675521
105.717719 146.188114
106.230312 146.188114
106.742905 146.700707
107.255498 146.700707
107.768091 147.213299
108.280684 147.213299
108.793277 147.213299
109.305870 147.725892
109.818463 147.725892
110.331056 148.238485
110.843649 148.238485
111.356242 148.751078
111.868835 148.751078
112.381428 148.751078
112.894021 149.263671
113.406614 149.263671
113.919207 149.776264
114.431800 149.776264
114.944393 149.776264
115.456986 150.288857
115.969579 150.288857
116.482172 150.288857
116.994765 150.288857
117.507358 150.801450
118.019951 150.801450
118.532544 150.801450
119.045137 150.801450
119.557730 151.314043
120.070323 151.826636
120.582915 152.851822
121.095508 153.364415
121.608101 154.389601
121.608101 154.902194
122.120694 155.927380
122.633287 156.952566
123.145880 157.465159
123.145880 158.490345
123.658473 159.515531
124.171066 160.028124
124.171066 160.540717
123.658473 161.053310
123.658473 162.078496
123.658473 162.591089
123.658473 163.103682
123.145880 163.616275
123.145880 164.128868
123.145880 164.641461
123.145880 165.154054
123.145880 166.179240
122.633287 166.691833
122.633287 167.204426
122.633287 167.717019
122.633287 168.229612
122.120694 168.742205
121.095508 168.742205
120.582915 168.742205
120.070323 168.742205
119.557730 168.742205
119.045137 168.742205
118.532544 169.254798
118.019951 169.254798
117.507358 169.254798
116.994765 169.254798
115.969579 169.254798
115.456986 169.254798
114.944393 169.767391
114.431800 169.767391
113.919207 169.767391
113.406614 169.767391
112.894021 169.767391
112.381428 169.767391
111.868835 169.767391
111.356242 169.767391
110.843649 169.767391
110.331056 169.767391
109.818463 169.767391
109.305870 169.767391
108.793277 170.279984
108.280684 170.279984
107.768091 170.279984
107.255498 170.279984
106.230312 170.279984
105.717719 170.279984
105.205126 170.792577
104.692533 170.792577
104.179940 170.792577
103.667347 170.792577
103.154754 170.792577
102.642161 170.792577
102.129568 171.305170
101.616975 171.305170
101.104382 171.305170
100.591789 171.305170
100.079196 171.305170
99.566603 171.817763
99.054010 171.817763
98.541417 171.817763
98.028824 171.305170
97.516231 171.305170
97.003638 170.792577
96.491045 170.792577
95.978452 170.792577
95.465859 170.279984
94.953266 170.279984
94.440673 169.767391
93.928080 169.767391
93.415487 169.254798
92.902894 169.254798
92.390301 168.742205
91.365115 168.742205
90.852522 168.742205
90.339929 168.229612
89.827336 168.229612
89.314743 167.717019
88.802150 167.717019
88.289557 167.204426
87.776964 167.204426
87.264371 166.691833
86.751778 166.691833
86.239185 166.179240
85.726592 165.666647
84.701406 165.154054
84.188813 165.154054
83.676220 164.641461
83.163627 164.128868
82.651034 164.128868
81.625848 163.616275
81.113255 163.103682
80.600662 163.103682
80.088069 162.591089
79.575476 162.078496
78.550290 161.565903
78.037697 161.565903
77.525104 161.053310
77.012511 160.540717
76.499918 160.540717
75.987325 160.028124
75.474732 159.515531
74.962139 159.002938
74.449546 158.490345
74.449546 157.977752
73.936953 157.465159
73.424361 156.439973
73.424361 155.927380
72.911768 155.414787
72.911768 154.902194
72.399175 154.389601
72.399175 153.877008
71.886582 152.851822
71.373989 152.339229
71.373989 151.826636
70.861396 151.314043
70.861396 150.801450
70.348803 150.288857
70.348803 149.263671
69.836210 148.751078
69.323617 148.238485
69.323617 147.725892
69.323617 147.213299
69.323617 146.700707
69.323617 146.188114
69.323617 145.162928
69.323617 144.650335
69.323617 144.137742
69.323617 143.625149
69.323617 143.112556
69.323617 142.599963
69.323617 142.087370
69.323617 141.574777
69.323617 141.062184
69.323617 140.549591
69.836210 140.036998
69.836210 139.524405
69.836210 139.011812
69.836210 138.499219
69.836210 137.986626
69.836210 136.961440
69.836210 136.448847
69.836210 135.936254
69.836210 135.423661
69.836210 134.911068
69.836210 134.398475
69.836210 133.885882
69.836210 133.373289
69.836210 132.860696
69.836210 132.348103
69.836210 131.835510
69.836210 131.322917
69.836210 130.810324
69.836210 130.297731
69.836210 129.785138
69.836210 128.759952
69.836210 128.247359
69.836210 127.734766
69.323617 127.222173
69.323617 126.709580
69.323617 125.684394
69.323617 125.171801
69.323617 124.659208
69.323617 124.146615
68.811024 123.121429
68.811024 122.608836
68.811024 122.096243
68.811024 121.583650
68.811024 121.071057
68.298431 120.045871
68.298431 119.533278
68.298431 119.020685
68.298431 118.508092
68.298431 117.995499
68.298431 116.970313
67.785838 116.457720
67.785838 115.945127
67.785838 115.432534
67.785838 114.919941
67.785838 113.894755
67.785838 113.382162
67.785838 112.869569
67.785838 112.356976
67.785838 111.844383
67.785838 111.331790
67.785838 110.819197
67.785838 110.306604
67.273245 109.794011
67.273245 109.281418
67.273245 108.768825
67.273245 108.256232
67.273245 107.231046
67.273245 106.718453
67.273245 106.205860
67.273245 105.693267
67.273245 105.180674
67.273245 104.668081
67.273245 104.155488
67.273245 103.642895
67.273245 103.130302
67.273245 102.617709
67.273245 102.105116
67.273245 101.592523
67.273245 100.567337
67.273245 100.054745
67.273245 99.542152
67.273245 99.029559
67.273245 98.516966
67.273245 98.004373
67.273245 97.491780
67.273245 96.979187
67.273245 96.466594
67.273245 95.954001
67.273245 95.441408
67.273245 94.928815
67.273245 94.416222
67.273245 93.391036
67.273245 92.878443
67.273245 92.365850
67.273245 91.853257
67.273245 91.340664
67.273245 90.828071
67.273245 90.315478
67.273245 89.802885
67.273245 89.290292
67.785838 88.777699
68.298431 88.265106
68.298431 87.752513
68.811024 87.752513
68.811024 87.239920
69.323617 86.727327
69.323617 86.214734
69.836210 85.702141
69.836210 85.189548
70.348803 84.676955
70.861396 84.164362
70.861396 83.651769
71.373989 83.139176
71.373989 82.626583
71.886582 82.113990
71.886582 81.601397
71.886582 81.088804
72.399175 80.576211
72.399175 80.063618
72.399175 79.551025
72.911768 79.038432
72.911768 78.525839
72.911768 78.013246
73.424361 76.988060
73.936953 76.475467
73.936953 75.962874
74.449546 75.450281
74.962139 74.937688
75.474732 74.425095
75.987325 73.912502
76.499918 73.399909
77.012511 73.399909
77.525104 72.887316
78.037697 72.374723
78.550290 71.862130
79.062883 71.349537
79.575476 70.836944
80.088069 70.324351
80.600662 69.811758
81.113255 69.811758
81.625848 69.811758
81.625848 70.324351
81.625848 70.836944
81.625848 71.349537
81.625848 71.862130
81.625848 72.374723
81.625848 72.887316
81.625848 73.399909
81.625848 73.912502
81.625848 74.425095
81.625848 74.937688
81.625848 75.450281
82.138441 75.962874
82.138441 76.475467
82.138441 76.988060
