85.836014 59.418495
86.336066 60.418598
86.336066 60.918650
86.336066 61.418702
86.336066 61.918753
85.836014 62.418805
85.335962 62.918857
85.335962 63.418909
84.835911 63.918960
84.835911 64.419012
84.335859 64.919064
84.335859 65.419116
83.835807 65.919167
83.335756 66.419219
83.335756 66.919271
82.835704 67.419322
82.835704 67.919374
82.335652 68.419426
82.335652 68.919478
81.835600 69.419529
81.835600 69.919581
81.835600 70.419633
81.335549 70.919684
81.335549 71.419736
80.835497 71.919788
80.835497 72.419840
80.835497 72.919891
80.335445 73.419943
80.335445 73.919995
80.335445 74.420046
79.835394 74.920098
79.835394 75.420150
79.835394 75.920202
79.335342 76.420253
79.335342 76.920305
79.335342 77.420357
79.335342 76.920305
79.335342 77.420357
78.835290 77.920408
78.835290 78.420460
78.835290 78.920512
78.835290 79.420564
78.335238 79.920615
78.335238 80.420667
78.335238 80.920719
78.335238 81.420771
78.335238 81.920822
77.835187 82.420874
77.835187 82.920926
77.835187 83.420977
77.835187 83.921029
77.835187 84.421081
77.835187 84.921133
77.335135 85.421184
77.335135 85.921236
77.335135 86.421288
77.335135 86.921339
77.335135 87.421391
77.335135 86.921339
77.335135 86.421288
77.335135 86.921339
77.335135 87.421391
77.335135 87.921443
77.335135 87.421391
77.335135 87.921443
77.335135 88.421495
77.335135 88.921546
77.335135 89.421598
77.335135 89.921650
77.335135 90.421701
77.335135 90.921753
77.335135 91.421805
77.335135 91.921857
77.335135 92.421908
77.335135 92.921960
77.335135 93.422012
77.335135 93.922064
77.335135 94.422115
77.335135 94.922167
77.335135 95.422219
77.335135 95.922270
77.335135 96.422322
77.335135 96.922374
77.335135 97.422426
77.335135 97.922477
77.335135 98.422529
77.835187 98.922581
77.835187 99.422632
77.835187 99.922684
77.835187 100.422736
77.835187 100.922788
77.835187 101.422839
77.835187 101.922891
78.335238 101.922891
78.335238 102.422943
78.335238 102.922994
78.335238 102.422943
78.335238 102.922994
78.335238 102.422943
78.335238 102.922994
78.335238 102.422943
78.335238 102.922994
78.335238 103.423046
78.335238 103.923098
78.335238 104.423150
78.835290 104.423150
78.835290 104.923201
78.835290 105.423253
78.835290 104.923201
78.835290 105.423253
78.835290 105.923305
78.835290 106.423356
79.335342 106.423356
79.335342 106.923408
79.335342 107.423460
79.335342 106.923408
79.335342 107.423460
79.335342 106.923408
79.335342 107.423460
79.335342 106.923408
79.335342 107.423460
79.335342 106.923408
79.335342 107.423460
79.335342 106.923408
79.335342 107.423460
79.835394 107.923512
79.835394 108.423563
79.835394 108.923615
79.835394 108.423563
79.835394 108.923615
80.335445 109.423667
80.335445 109.923719
80.335445 110.423770
80.835497 110.923822
80.835497 111.423874
80.835497 111.923925
81.335549 112.423977
81.335549 112.924029
81.835600 113.424081
81.835600 113.924132
81.835600 114.424184
81.835600 113.924132
81.835600 114.424184
81.835600 113.924132
81.835600 114.424184
81.835600 114.924236
82.335652 114.924236
82.335652 115.424287
82.835704 115.924339
82.835704 116.424391
82.835704 116.924443
83.335756 116.924443
83.335756 117.424494
83.335756 117.924546
83.835807 117.924546
83.835807 118.424598
84.335859 118.424598
84.335859 118.924649
84.335859 119.424701
84.835911 119.424701
84.835911 119.924753
85.335962 120.424805
85.335962 120.924856
85.836014 121.424908
86.336066 121.924960
86.336066 122.425011
86.336066 122.925063
86.836118 122.925063
87.336169 123.425115
87.836221 123.925167
87.836221 124.425218
88.336273 124.925270
88.336273 125.425322
88.836324 125.425322
89.336376 125.925374
89.336376 126.425425
89.836428 126.925477
89.836428 127.425529
90.336480 127.425529
90.836531 127.925580
91.336583 128.425632
91.336583 128.925684
91.836635 128.925684
92.336687 129.425736
92.336687 129.925787
92.836738 129.925787
93.336790 130.425839
93.836842 130.925891
93.836842 131.425942
94.336893 131.425942
94.836945 131.925994
95.336997 132.426046
95.336997 132.926098
95.837049 132.926098
96.337100 133.426149
96.837152 133.926201
96.837152 134.426253
97.337204 134.426253
97.837255 134.426253
98.337307 134.926304
98.837359 135.426356
99.337411 135.926408
99.837462 135.926408
100.337514 136.426460
100.837566 136.926511
101.337617 137.426563
101.837669 137.426563
102.337721 137.926615
102.837773 138.426667
103.337824 138.426667
103.837876 138.926718
104.337928 138.926718
104.837979 139.426770
105.338031 139.426770
105.838083 139.926822
106.338135 140.426873
106.838186 140.426873
107.338238 140.926925
107.838290 140.926925
108.338342 141.426977
108.838393 141.426977
109.338445 141.927029
109.838497 141.927029
110.338548 141.927029
110.838600 142.427080
111.338652 142.427080
111.838704 142.927132
112.338755 142.927132
112.838807 142.927132
113.338859 143.427184
113.838910 143.427184
114.338962 143.427184
114.839014 143.927235
115.339066 143.927235
115.839117 143.927235
116.339169 144.427287
116.839221 144.427287
117.339272 144.427287
117.839324 144.927339
117.839324 145.427391
118.339376 146.427494
118.839428 147.427597
118.839428 148.427701
119.339479 149.427804
119.839531 149.927856
118.839428 150.927959
118.339376 151.428011
117.839324 151.928063
117.339272 152.428115
116.839221 152.928166
116.339169 153.428218
115.839117 154.428322
114.839014 154.928373
114.338962 155.428425
113.838910 155.928477
113.338859 156.428528
112.838807 156.928580
112.338755 157.928684
111.338652 158.428735
110.838600 158.428735
110.338548 158.428735
109.838497 158.428735
109.338445 158.428735
108.838393 158.428735
108.338342 158.428735
107.838290 158.428735
107.338238 158.428735
106.838186 158.428735
105.838083 158.928787
105.338031 158.928787
104.837979 158.928787
104.337928 158.928787
103.837876 158.928787
103.337824 158.928787
102.337721 158.928787
101.837669 158.928787
101.337617 158.928787
100.837566 159.428839
100.337514 159.428839
99.837462 159.428839
98.837359 159.428839
98.337307 159.428839
97.837255 159.428839
97.337204 159.428839
96.837152 159.428839
96.337100 159.428839
95.336997 159.928890
94.836945 159.928890
94.336893 159.928890
93.836842 159.928890
93.336790 159.928890
92.336687 159.928890
91.836635 159.928890
91.336583 159.928890
90.836531 159.928890
89.836428 160.428942
89.336376 160.428942
88.836324 160.428942
88.336273 160.428942
87.836221 160.428942
86.836118 160.428942
86.336066 160.428942
85.836014 160.428942
85.335962 160.428942
84.835911 160.428942
84.335859 160.428942
83.835807 159.928890
82.835704 159.928890
82.335652 159.428839
81.835600 159.428839
81.335549 159.428839
80.835497 158.928787
80.335445 158.928787
79.835394 158.428735
79.335342 158.428735
78.835290 157.928684
78.335238 157.928684
77.835187 157.428632
77.335135 157.428632
76.835083 156.928580
76.335031 156.928580
75.834980 156.428528
75.834980 155.928477
75.334928 154.928373
75.334928 154.428322
75.334928 153.928270
74.834876 153.428218
74.834876 152.928166
74.334825 152.428115
74.334825 151.928063
74.334825 151.428011
73.834773 150.927959
73.834773 149.927856
73.834773 149.427804
73.334721 148.927753
73.334721 148.427701
73.334721 147.927649
72.834669 147.427597
72.834669 146.927546
72.834669 146.427494
72.334618 145.927442
72.334618 145.427391
72.334618 144.427287
71.834566 143.927235
71.834566 143.427184
71.334514 142.927132
71.334514 142.427080
71.334514 141.927029
71.334514 141.426977
71.334514 140.926925
70.834463 140.426873
70.834463 139.926822
70.834463 139.426770
70.834463 138.926718
70.834463 138.426667
70.334411 137.926615
70.334411 137.426563
70.334411 136.926511
70.334411 136.426460
70.334411 135.926408
69.834359 135.426356
69.834359 134.926304
69.834359 134.426253
69.834359 133.926201
69.834359 133.426149
69.334307 132.926098
69.334307 132.426046
69.334307 131.925994
69.334307 131.425942
69.334307 130.925891
68.834256 130.425839
68.834256 129.925787
68.834256 129.425736
68.834256 128.925684
68.834256 128.425632
68.334204 127.925580
68.334204 127.425529
68.334204 126.925477
68.334204 126.425425
68.334204 125.925374
67.834152 125.425322
67.834152 124.425218
67.834152 123.925167
67.834152 123.425115
67.834152 122.925063
67.334101 122.425011
67.334101 121.924960
67.334101 121.424908
67.334101 120.924856
67.334101 120.424805
66.834049 119.924753
66.834049 119.424701
66.834049 118.924649
66.834049 118.424598
66.834049 117.924546
66.834049 117.424494
66.834049 116.924443
66.834049 116.424391
66.834049 115.924339
66.834049 115.424287
66.834049 114.924236
66.834049 114.424184
66.834049 113.924132
66.834049 113.424081
66.834049 112.924029
66.834049 112.423977
66.834049 111.423874
66.834049 110.923822
66.834049 110.423770
66.834049 109.923719
66.834049 109.423667
66.834049 108.923615
66.834049 108.423563
66.834049 107.923512
66.834049 107.423460
66.834049 106.923408
67.334101 106.423356
67.334101 105.923305
67.334101 105.423253
67.334101 104.923201
67.334101 104.423150
67.334101 103.923098
67.334101 103.423046
67.334101 102.922994
67.334101 102.422943
67.334101 101.922891
67.334101 101.422839
67.334101 100.922788
67.334101 100.422736
67.334101 99.922684
67.334101 99.422632
67.834152 98.422529
67.834152 97.922477
67.834152 97.422426
67.834152 96.922374
67.834152 96.422322
67.834152 95.922270
67.834152 95.422219
67.834152 94.922167
67.834152 94.422115
67.834152 93.922064
67.834152 93.422012
67.834152 92.921960
67.834152 92.421908
67.834152 91.921857
67.834152 91.421805
68.334204 90.921753
68.334204 90.421701
68.334204 89.921650
68.334204 89.421598
68.334204 88.921546
68.334204 88.421495
68.334204 87.421391
68.834256 86.921339
68.834256 86.421288
68.834256 85.921236
69.334307 85.421184
69.334307 84.921133
69.334307 84.421081
69.834359 83.921029
69.834359 82.920926
69.834359 82.420874
69.834359 81.920822
70.334411 81.420771
70.334411 80.920719
70.334411 80.420667
70.834463 79.920615
70.834463 79.420564
70.834463 78.420460
70.834463 77.920408
71.334514 77.420357
71.334514 76.920305
71.334514 76.420253
71.834566 75.920202
71.834566 75.420150
71.834566 74.920098
72.334618 73.919995
72.334618 73.419943
72.334618 72.919891
72.334618 72.419840
72.834669 71.919788
72.834669 71.419736
72.834669 70.919684
73.334721 70.419633
73.834773 69.419529
74.334825 68.919478
74.834876 68.919478
75.334928 68.419426
75.834980 67.919374
76.335031 67.419322
76.835083 66.919271
77.335135 66.419219
77.835187 65.919167
78.335238 65.419116
78.835290 64.919064
79.335342 64.419012
79.835394 63.918960
80.335445 63.418909
80.835497 62.918857
81.335549 62.418805
81.835600 61.918753
82.335652 61.418702
83.335756 60.918650
83.835807 60.918650
84.335859 60.418598
84.835911 59.918547
85.335962 59.918547
85.836014 59.418495
