87.178774 122.734324
87.383828 122.939378
87.383828 123.144433
87.383828 122.939378
87.383828 123.144433
87.383828 122.939378
87.383828 123.144433
87.383828 122.939378
87.383828 123.144433
87.383828 123.349487
87.588883 123.554542
87.588883 123.759596
87.588883 123.964651
87.793937 124.169705
87.793937 124.374759
87.998992 124.579814
87.998992 124.784868
87.998992 124.989923
87.998992 125.194977
88.204046 125.194977
88.204046 125.400032
88.204046 125.194977
87.998992 124.989923
87.998992 124.784868
87.998992 124.579814
87.793937 124.374759
87.793937 124.169705
87.793937 124.374759
87.998992 124.579814
87.998992 124.784868
87.998992 124.989923
87.998992 125.194977
88.204046 125.194977
87.998992 124.989923
87.998992 124.784868
87.998992 124.579814
87.793937 124.374759
87.793937 124.169705
87.793937 124.374759
87.998992 124.579814
87.998992 124.784868
87.998992 124.989923
87.998992 125.194977
88.204046 125.194977
87.998992 124.989923
87.998992 124.784868
87.998992 124.989923
88.204046 125.194977
88.204046 125.400032
87.998992 125.194977
87.998992 124.989923
87.998992 124.784868
87.998992 124.579814
87.793937 124.374759
87.793937 124.169705
87.793937 124.374759
87.793937 124.579814
87.998992 124.579814
87.998992 124.784868
87.998992 124.989923
88.204046 125.194977
87.998992 124.989923
87.998992 124.784868
87.998992 124.579814
87.793937 124.374759
87.793937 124.169705
87.793937 124.374759
87.793937 124.579814
87.998992 124.579814
87.793937 124.374759
87.793937 124.169705
87.793937 124.374759
87.793937 124.579814
87.793937 124.784868
87.998992 124.784868
87.998992 124.989923
87.998992 124.784868
87.998992 124.579814
87.793937 124.374759
87.793937 124.169705
87.793937 124.374759
87.793937 124.169705
87.793937 124.374759
87.793937 124.169705
87.793937 124.374759
87.998992 124.579814
87.998992 124.784868
87.998992 124.579814
87.793937 124.374759
87.793937 124.169705
87.793937 124.374759
87.793937 124.169705
87.793937 124.374759
87.998992 124.579814
87.998992 124.784868
87.998992 124.989923
87.998992 124.784868
87.998992 124.579814
87.793937 124.374759
87.793937 124.169705
87.588883 124.169705
87.793937 124.169705
87.588883 124.169705
87.793937 124.169705
87.588883 124.169705
87.793937 124.169705
87.588883 123.964651
87.588883 123.759596
87.588883 123.964651
87.588883 124.169705
87.793937 124.169705
87.793937 124.374759
87.793937 124.169705
87.793937 124.374759
87.793937 124.169705
87.793937 124.374759
87.793937 124.169705
87.588883 124.374759
87.793937 124.579814
87.998992 124.579814
87.998992 124.784868
87.998992 124.579814
87.793937 124.374759
87.793937 124.169705
87.588883 123.964651
87.588883 123.759596
87.588883 123.964651
87.588883 124.169705
87.793937 124.169705
87.793937 124.374759
87.793937 124.169705
87.793937 124.374759
87.793937 124.169705
87.793937 124.374759
87.793937 124.169705
87.793937 124.374759
87.793937 124.169705
87.793937 124.374759
87.793937 124.169705
87.793937 124.374759
87.793937 124.169705
87.793937 124.374759
87.793937 124.169705
87.793937 124.374759
87.793937 124.169705
87.793937 124.374759
87.793937 124.579814
87.998992 124.579814
87.998992 124.784868
87.998992 124.989923
88.204046 125.194977
88.204046 125.400032
88.204046 125.194977
88.204046 125.400032
88.409100 125.605086
88.409100 125.810140
88.409100 126.015195
88.614155 126.015195
88.614155 126.220249
88.819209 126.425304
88.819209 126.630358
89.024264 126.835413
89.024264 127.040467
89.024264 126.835413
89.024264 127.040467
89.229318 127.245521
89.229318 127.450576
89.229318 127.245521
89.229318 127.450576
89.434373 127.655630
89.434373 127.860685
89.639427 128.065739
89.639427 128.270794
89.844481 128.270794
89.844481 128.475848
90.049536 128.680902
90.049536 128.885957
90.254590 129.091011
90.254590 129.296066
90.459645 129.296066
90.459645 129.501120
90.459645 129.706175
90.664699 129.706175
90.869754 129.911229
90.869754 130.116283
90.869754 129.911229
90.869754 130.116283
90.869754 130.321338
91.074808 130.321338
91.279862 130.526392
91.279862 130.731447
91.484917 130.936501
91.484917 131.141556
91.689971 131.141556
91.689971 131.346610
91.895026 131.346610
91.895026 131.551664
91.895026 131.346610
91.895026 131.551664
91.895026 131.756719
92.100080 131.756719
92.305134 131.961773
92.305134 132.166828
92.510189 132.166828
92.510189 132.371882
92.715243 132.576937
92.920298 132.781991
93.125352 132.987045
93.330407 133.192100
93.535461 133.397154
93.740515 133.602209
93.945570 133.807263
94.150624 134.012318
94.355679 134.217372
94.355679 134.422426
94.355679 134.627481
94.560733 134.627481
94.765788 134.832535
94.970842 135.037590
95.175896 135.037590
95.380951 135.242644
95.586005 135.447699
95.791060 135.652753
95.996114 135.857807
96.201169 136.062862
96.406223 136.267916
96.611277 136.472971
96.816332 136.678025
97.021386 136.883079
97.226441 136.883079
97.431495 137.088134
97.636550 137.293188
97.431495 137.293188
97.431495 137.088134
97.226441 136.883079
97.021386 136.883079
96.816332 136.678025
96.611277 136.678025
96.611277 136.472971
96.406223 136.267916
96.201169 136.062862
95.996114 136.062862
95.791060 135.857807
95.791060 135.652753
95.586005 135.447699
95.380951 135.447699
95.380951 135.242644
95.175896 135.037590
94.970842 135.037590
94.765788 134.832535
94.560733 134.832535
94.560733 134.627481
94.355679 134.627481
94.355679 134.422426
94.355679 134.217372
94.150624 134.012318
93.945570 133.807263
93.740515 133.807263
93.740515 133.602209
93.535461 133.397154
93.330407 133.192100
93.125352 132.987045
92.920298 132.781991
92.715243 132.576937
92.510189 132.371882
92.510189 132.166828
92.510189 132.371882
92.715243 132.576937
92.920298 132.781991
93.125352 132.987045
93.125352 133.192100
93.330407 133.192100
93.535461 133.397154
93.535461 133.602209
93.740515 133.602209
93.945570 133.807263
93.945570 134.012318
94.150624 134.012318
94.355679 134.217372
94.355679 134.422426
94.560733 134.627481
94.560733 134.832535
94.765788 134.832535
94.970842 135.037590
95.175896 135.037590
95.380951 135.242644
95.380951 135.447699
95.586005 135.447699
95.791060 135.652753
95.996114 135.857807
96.201169 136.062862
96.406223 136.267916
96.611277 136.472971
96.816332 136.678025
97.021386 136.883079
97.226441 136.883079
97.431495 137.088134
97.636550 137.293188
97.841604 137.498243
98.046658 137.498243
98.251713 137.703297
98.456767 137.908352
98.661822 138.113406
98.866876 138.113406
99.071931 138.318460
99.276985 138.523515
99.482039 138.523515
99.687094 138.728569
99.892148 138.933624
100.097203 138.933624
100.302257 139.138678
100.507312 139.343733
100.712366 139.343733
100.917420 139.548787
101.122475 139.753841
101.327529 139.753841
101.532584 139.958896
101.737638 140.163950
101.942693 140.163950
102.147747 140.369005
102.352801 140.369005
102.557856 140.574059
102.762910 140.779114
102.967965 140.779114
103.173019 140.984168
103.378074 140.984168
103.583128 141.189222
103.788182 141.189222
103.993237 141.394277
104.198291 141.394277
104.403346 141.599331
104.608400 141.599331
104.813455 141.804386
105.018509 141.804386
105.223563 142.009440
105.428618 142.009440
105.633672 142.214495
105.838727 142.214495
106.043781 142.214495
106.248836 142.419549
106.453890 142.419549
106.658944 142.624603
106.863999 142.624603
107.069053 142.624603
107.274108 142.829658
107.479162 142.829658
107.684217 142.829658
107.889271 143.034712
108.094325 143.034712
108.299380 143.034712
108.504434 143.239767
108.709489 143.239767
108.914543 143.239767
109.119598 143.444821
109.324652 143.444821
109.529706 143.444821
109.734761 143.649876
109.939815 143.649876
110.144870 143.854930
110.349924 144.059984
110.554978 144.470093
110.965087 144.880202
111.170142 145.085257
111.375196 145.495365
111.785305 145.905474
111.990359 146.110529
112.195414 146.520638
112.400468 146.930746
112.400468 147.135801
112.400468 147.340855
112.400468 147.545910
112.400468 147.750964
112.400468 147.956019
112.195414 148.161073
112.195414 148.571182
112.195414 148.776236
112.195414 148.981291
112.195414 149.186345
112.195414 149.391400
111.990359 149.596454
111.990359 149.801508
111.990359 150.006563
111.990359 150.416672
111.990359 150.621726
111.580251 150.621726
111.375196 150.621726
111.170142 150.621726
110.760033 150.621726
110.554978 150.621726
110.349924 150.621726
110.144870 150.621726
109.734761 150.621726
109.529706 150.621726
109.324652 150.621726
108.914543 150.621726
108.709489 150.621726
108.504434 150.621726
108.299380 150.621726
107.889271 150.621726
107.684217 150.621726
107.479162 150.621726
107.069053 150.621726
106.863999 150.621726
106.658944 150.621726
106.248836 150.621726
106.043781 150.621726
105.838727 150.621726
105.633672 150.621726
105.223563 150.621726
105.018509 150.621726
104.813455 150.621726
104.403346 150.621726
104.198291 150.621726
103.993237 150.621726
103.788182 150.621726
103.378074 150.621726
103.173019 150.621726
102.967965 150.621726
102.557856 150.621726
102.352801 150.621726
102.147747 150.621726
101.737638 150.621726
101.532584 150.621726
101.327529 150.621726
101.122475 150.621726
100.712366 150.621726
100.507312 150.621726
100.302257 150.621726
99.892148 150.621726
99.687094 150.621726
99.482039 150.621726
99.276985 150.621726
98.866876 150.621726
98.661822 150.621726
98.456767 150.621726
98.251713 150.416672
98.046658 150.211617
97.841604 150.006563
97.636550 149.801508
97.431495 149.596454
97.226441 149.391400
97.021386 149.186345
96.611277 148.981291
96.406223 148.776236
96.201169 148.571182
95.996114 148.366127
95.791060 148.161073
95.586005 147.956019
95.380951 147.750964
95.175896 147.545910
94.970842 147.340855
94.765788 147.135801
94.560733 146.930746
94.355679 146.725692
94.150624 146.520638
93.945570 146.315583
93.740515 146.110529
93.535461 145.905474
93.330407 145.700420
93.125352 145.495365
92.920298 145.290311
92.715243 145.085257
92.305134 144.880202
92.100080 144.675148
91.895026 144.470093
91.689971 144.265039
91.484917 144.059984
91.484917 143.854930
91.279862 143.649876
91.074808 143.444821
91.074808 143.034712
90.869754 142.829658
90.869754 142.624603
90.664699 142.419549
90.664699 142.009440
90.459645 141.804386
90.254590 141.599331
90.254590 141.189222
90.049536 140.984168
90.049536 140.779114
89.844481 140.369005
89.844481 140.163950
89.639427 139.958896
89.434373 139.753841
89.434373 139.343733
89.229318 139.138678
89.229318 138.933624
89.024264 138.523515
89.024264 138.318460
88.819209 138.113406
88.819209 137.908352
88.614155 137.498243
88.409100 137.293188
88.409100 137.088134
88.204046 136.678025
88.204046 136.472971
87.998992 136.267916
87.998992 135.857807
87.793937 135.652753
87.588883 135.447699
87.588883 135.242644
87.588883 135.037590
87.588883 134.832535
87.588883 134.422426
87.588883 134.217372
87.588883 134.012318
87.588883 133.807263
87.588883 133.602209
87.588883 133.397154
87.588883 133.192100
87.588883 132.987045
87.588883 132.781991
87.588883 132.576937
87.588883 132.371882
87.588883 131.961773
87.588883 131.756719
87.588883 131.551664
87.588883 131.141556
87.588883 130.936501
87.588883 130.731447
87.588883 130.526392
87.588883 130.116283
87.588883 129.911229
87.588883 129.706175
87.588883 129.296066
87.588883 129.091011
87.588883 128.885957
87.588883 128.680902
87.588883 128.270794
87.588883 128.065739
87.588883 127.860685
87.588883 127.450576
87.588883 127.245521
87.588883 127.040467
87.588883 126.630358
87.588883 126.425304
87.588883 126.220249
87.588883 126.015195
87.588883 125.605086
87.588883 125.400032
87.588883 125.194977
87.588883 124.784868
87.588883 124.579814
87.588883 124.374759
87.588883 124.169705
87.588883 123.759596
87.588883 123.554542
87.383828 123.554542
87.383828 123.349487
87.383828 123.144433
87.383828 122.939378
87.178774 122.734324
87.178774 122.529270
87.383828 122.529270
87.383828 122.119161
87.178774 122.324215
86.973719 122.324215
86.973719 122.529270
86.973719 122.324215
87.178774 122.529270
86.973719 122.324215
86.973719 122.119161
86.973719 121.914106
86.973719 122.119161
86.973719 122.324215
87.178774 122.529270
87.178774 122.734324
