92.679394 53.271475
92.081521 53.869348
92.081521 54.467221
91.483648 55.065094
91.483648 55.662967
90.885775 56.260840
90.885775 56.858713
90.885775 57.456586
90.287902 58.054459
90.287902 58.652332
90.287902 59.250205
89.690029 59.848078
89.690029 60.445951
89.690029 61.043824
89.690029 61.641697
89.092156 62.239570
89.092156 62.837443
89.092156 63.435316
89.092156 64.033189
89.092156 64.631062
89.092156 65.228935
88.494282 65.826808
87.896409 66.424681
87.896409 67.022555
87.298536 67.620428
86.700663 68.218301
86.700663 68.816174
86.102790 69.414047
85.504917 70.011920
85.504917 70.609793
84.907044 71.207666
84.907044 71.805539
84.309171 72.403412
84.309171 73.001285
83.711298 73.599158
83.711298 74.197031
83.113425 74.794904
83.113425 75.392777
83.113425 75.990650
82.515552 76.588523
82.515552 77.186396
82.515552 77.784269
81.917679 78.382142
81.917679 78.980015
81.917679 79.577888
81.319806 80.175761
81.319806 80.773634
81.319806 81.371507
81.319806 81.969380
81.319806 82.567253
80.721933 83.165126
80.721933 83.762999
80.721933 84.360872
80.721933 84.958745
80.721933 85.556618
80.721933 86.154491
80.721933 86.752364
80.721933 87.350237
80.124060 87.948110
80.124060 88.545983
80.124060 89.143856
80.124060 89.741730
80.124060 90.339603
80.124060 90.937476
80.124060 91.535349
80.124060 92.133222
80.124060 92.731095
80.124060 93.328968
80.124060 93.926841
80.124060 94.524714
80.124060 95.122587
80.124060 95.720460
80.721933 96.318333
80.721933 96.916206
80.721933 97.514079
80.721933 98.111952
80.721933 98.709825
80.721933 99.307698
80.721933 99.905571
80.721933 100.503444
81.319806 101.101317
81.319806 101.699190
81.319806 102.297063
81.319806 102.894936
81.319806 103.492809
81.917679 104.090682
81.917679 104.688555
81.917679 105.286428
81.917679 105.884301
82.515552 105.884301
82.515552 106.482174
82.515552 107.080047
82.515552 107.677920
83.113425 107.677920
83.113425 108.275793
83.113425 108.873666
83.113425 109.471539
83.711298 109.471539
83.711298 110.069412
83.711298 110.667285
84.309171 110.667285
84.309171 111.265158
84.309171 111.863031
84.907044 111.863031
84.907044 112.460905
84.907044 113.058778
85.504917 113.058778
85.504917 113.656651
86.102790 114.254524
86.700663 114.852397
86.700663 115.450270
87.298536 116.048143
87.298536 116.646016
87.896409 116.646016
87.896409 117.243889
87.896409 117.841762
88.494282 117.841762
89.092156 118.439635
89.092156 119.037508
89.092156 119.635381
89.690029 119.635381
89.690029 120.233254
90.287902 120.233254
90.287902 120.831127
90.885775 120.831127
90.885775 121.429000
91.483648 121.429000
92.081521 122.026873
92.081521 122.624746
92.679394 123.222619
92.679394 123.820492
93.277267 123.820492
93.277267 124.418365
93.875140 125.016238
93.875140 125.614111
94.473013 125.614111
95.070886 126.211984
95.070886 126.809857
95.668759 126.809857
96.266632 127.407730
96.266632 128.005603
96.266632 128.603476
96.864505 128.603476
97.462378 129.201349
98.060251 129.799222
98.658124 130.397095
99.255997 130.994968
99.853870 131.592841
100.451743 131.592841
101.049616 132.190714
101.049616 132.788587
101.647489 132.788587
102.245362 133.386460
102.843235 133.984333
102.843235 134.582207
103.441108 134.582207
104.038981 134.582207
104.636854 135.180080
105.234727 135.777953
105.832600 135.777953
106.430473 136.375826
106.430473 136.973699
107.028346 136.973699
107.626219 136.973699
108.224092 137.571572
108.821965 137.571572
109.419838 138.169445
110.017711 138.169445
110.615584 138.767318
111.213458 138.767318
111.811331 139.365191
112.409204 139.365191
113.007077 139.365191
113.604950 139.963064
114.202823 139.963064
114.800696 139.963064
115.398569 140.560937
115.996442 140.560937
116.594315 140.560937
117.192188 141.158810
117.790061 141.158810
118.387934 141.158810
118.985807 141.158810
119.583680 141.158810
120.181553 141.756683
120.779426 141.756683
121.377299 141.756683
121.975172 141.756683
122.573045 142.354556
123.170918 142.952429
123.170918 144.148175
123.768791 145.343921
123.768791 145.941794
124.366664 147.137540
124.366664 148.333286
124.964537 148.931159
124.964537 150.126905
124.964537 150.724778
124.366664 151.322651
123.768791 151.920524
123.768791 153.116270
123.170918 153.714143
122.573045 154.312016
122.573045 154.909889
121.975172 155.507762
121.377299 156.105635
121.377299 156.703508
120.779426 157.301382
120.181553 157.899255
119.583680 158.497128
118.985807 159.095001
118.387934 159.095001
117.790061 159.692874
117.192188 160.290747
116.594315 160.290747
115.996442 160.888620
115.398569 160.888620
114.800696 161.486493
114.202823 161.486493
113.604950 162.084366
113.007077 162.682239
112.409204 162.682239
111.811331 163.280112
111.213458 163.280112
110.615584 163.877985
110.017711 163.877985
108.821965 163.877985
108.224092 163.877985
107.626219 163.877985
107.028346 164.475858
105.832600 164.475858
105.234727 164.475858
104.636854 164.475858
104.038981 165.073731
102.843235 165.073731
102.245362 165.073731
101.647489 165.073731
101.049616 165.671604
99.853870 165.671604
99.255997 165.671604
98.658124 165.671604
98.060251 165.671604
96.864505 166.269477
96.266632 166.269477
95.668759 166.269477
95.070886 166.269477
94.473013 166.269477
93.875140 166.867350
93.277267 166.867350
92.679394 166.867350
91.483648 166.867350
90.885775 166.269477
90.287902 166.269477
89.690029 166.269477
89.092156 166.269477
87.896409 166.269477
87.298536 166.269477
86.700663 166.269477
86.102790 165.671604
84.907044 165.671604
84.309171 165.671604
83.711298 165.671604
83.113425 165.671604
81.917679 165.671604
81.319806 165.671604
80.721933 165.073731
80.124060 165.073731
78.928314 165.073731
78.330441 165.073731
77.732568 164.475858
77.134695 163.877985
77.134695 163.280112
76.536822 162.682239
75.938949 162.084366
75.938949 161.486493
75.341076 160.888620
74.743203 160.290747
74.743203 159.692874
74.145330 159.095001
73.547457 158.497128
72.949584 157.899255
72.949584 157.301382
72.351711 156.703508
71.753838 156.105635
71.753838 155.507762
71.155965 154.909889
70.558092 154.312016
70.558092 153.714143
69.960219 153.116270
69.960219 152.518397
69.362346 151.322651
69.362346 150.724778
69.362346 150.126905
68.764473 149.529032
68.764473 148.931159
68.764473 148.333286
68.166600 147.137540
68.166600 146.539667
68.166600 145.941794
67.568727 145.343921
67.568727 144.746048
67.568727 144.148175
66.970854 142.952429
66.970854 142.354556
66.970854 141.756683
66.372981 141.158810
66.372981 140.560937
66.372981 139.963064
65.775107 138.767318
65.775107 138.169445
65.775107 137.571572
65.177234 136.973699
65.177234 136.375826
65.177234 135.777953
64.579361 134.582207
64.579361 133.984333
64.579361 133.386460
63.981488 132.788587
63.981488 132.190714
63.981488 131.592841
63.383615 130.397095
63.383615 129.799222
63.383615 129.201349
62.785742 128.603476
62.785742 128.005603
62.785742 127.407730
62.187869 126.211984
62.187869 125.614111
62.187869 125.016238
61.589996 124.418365
61.589996 123.820492
61.589996 123.222619
60.992123 122.026873
60.992123 121.429000
60.992123 120.831127
60.394250 120.233254
60.394250 119.635381
60.394250 119.037508
59.796377 117.841762
59.796377 117.243889
59.796377 116.646016
59.796377 115.450270
59.796377 114.852397
59.796377 113.656651
59.796377 113.058778
59.796377 112.460905
59.796377 111.265158
59.796377 110.667285
59.796377 110.069412
59.796377 108.873666
59.796377 108.275793
59.796377 107.080047
59.796377 106.482174
59.796377 105.884301
59.796377 104.688555
59.796377 104.090682
59.796377 102.894936
59.796377 102.297063
59.796377 101.699190
59.796377 100.503444
59.796377 99.905571
59.796377 99.307698
59.796377 98.111952
59.796377 97.514079
59.796377 96.318333
59.796377 95.720460
59.198504 95.122587
59.198504 93.926841
59.198504 93.328968
59.198504 92.133222
59.198504 91.535349
59.198504 90.937476
59.198504 89.741730
59.796377 89.143856
59.796377 88.545983
59.796377 87.948110
59.796377 87.350237
60.394250 86.752364
60.394250 86.154491
60.394250 85.556618
60.394250 84.958745
60.992123 84.360872
60.992123 83.762999
60.992123 83.165126
60.992123 82.567253
61.589996 81.969380
61.589996 81.371507
61.589996 80.773634
61.589996 80.175761
62.187869 79.577888
62.187869 78.980015
62.187869 77.784269
62.187869 77.186396
62.785742 76.588523
62.785742 75.990650
62.785742 75.392777
62.785742 74.794904
63.383615 74.197031
63.383615 73.599158
63.383615 73.001285
63.383615 72.403412
63.981488 71.805539
63.981488 71.207666
63.981488 70.609793
63.981488 70.011920
64.579361 69.414047
65.177234 68.218301
65.775107 67.620428
66.372981 67.022555
66.970854 66.424681
67.568727 66.424681
68.166600 66.424681
68.166600 65.826808
68.764473 65.826808
69.362346 65.228935
69.960219 65.228935
70.558092 65.228935
70.558092 64.631062
71.155965 64.033189
71.753838 64.033189
72.351711 64.033189
72.351711 63.435316
72.949584 62.837443
73.547457 62.837443
74.145330 62.239570
74.743203 61.641697
75.341076 61.043824
75.938949 61.043824
75.938949 60.445951
76.536822 59.848078
77.134695 59.848078
77.732568 59.250205
78.330441 58.652332
78.928314 58.054459
78.928314 57.456586
79.526187 57.456586
79.526187 56.858713
80.124060 56.260840
80.721933 55.662967
81.319806 55.662967
81.319806 55.065094
81.917679 54.467221
82.515552 54.467221
83.113425 54.467221
83.711298 54.467221
84.309171 54.467221
84.907044 54.467221
85.504917 54.467221
86.102790 54.467221
86.102790 53.869348
86.700663 53.869348
87.298536 53.869348
87.896409 53.869348
88.494282 53.271475
89.092156 53.271475
89.690029 53.271475
90.287902 53.271475
90.885775 52.673602
91.483648 52.673602
92.081521 52.673602
92.679394 52.673602
92.679394 53.271475
