90.466515 53.309149
89.727703 54.047962
88.988890 54.786775
88.250077 55.525588
88.250077 56.264401
87.511264 57.003214
86.772451 57.742027
86.772451 58.480840
86.033638 59.219653
85.294825 59.958465
85.294825 60.697278
84.556012 61.436091
84.556012 62.174904
83.817199 62.913717
83.817199 63.652530
83.078386 64.391343
83.078386 65.130156
82.339573 65.868969
82.339573 66.607782
81.600760 67.346595
81.600760 68.085408
81.600760 68.824221
80.861947 69.563034
80.861947 70.301847
80.861947 71.040660
80.123134 71.779473
80.123134 72.518286
80.123134 73.257099
80.123134 73.995912
79.384321 74.734725
79.384321 75.473538
79.384321 76.212351
79.384321 76.951163
79.384321 77.689976
79.384321 78.428789
78.645508 79.167602
78.645508 79.906415
78.645508 80.645228
78.645508 81.384041
78.645508 82.122854
78.645508 82.861667
78.645508 83.600480
78.645508 84.339293
78.645508 85.078106
78.645508 85.816919
78.645508 86.555732
78.645508 87.294545
78.645508 88.033358
78.645508 88.772171
78.645508 89.510984
78.645508 90.249797
78.645508 90.988610
78.645508 91.727423
78.645508 92.466236
78.645508 93.205049
79.384321 93.943861
79.384321 94.682674
79.384321 95.421487
79.384321 96.160300
79.384321 96.899113
79.384321 97.637926
79.384321 98.376739
79.384321 99.115552
79.384321 99.854365
79.384321 100.593178
79.384321 101.331991
79.384321 102.070804
79.384321 102.809617
79.384321 103.548430
80.123134 103.548430
80.123134 104.287243
80.123134 105.026056
80.123134 105.764869
80.123134 106.503682
80.123134 107.242495
80.861947 107.981308
80.861947 108.720121
80.861947 109.458934
80.861947 110.197747
80.861947 110.936559
81.600760 110.936559
81.600760 111.675372
81.600760 112.414185
81.600760 113.152998
82.339573 113.152998
82.339573 113.891811
82.339573 114.630624
82.339573 115.369437
83.078386 115.369437
83.078386 116.108250
83.078386 116.847063
83.078386 117.585876
83.817199 117.585876
83.817199 118.324689
83.817199 119.063502
83.817199 119.802315
84.556012 119.802315
84.556012 120.541128
84.556012 121.279941
85.294825 122.018754
85.294825 122.757567
85.294825 123.496380
86.033638 123.496380
86.033638 124.235193
86.772451 124.974006
86.772451 125.712819
86.772451 126.451632
87.511264 126.451632
87.511264 127.190445
88.250077 127.929257
88.988890 128.668070
88.988890 129.406883
89.727703 130.145696
89.727703 130.884509
90.466515 130.884509
90.466515 131.623322
91.205328 132.362135
91.944141 133.100948
91.944141 133.839761
92.682954 133.839761
92.682954 134.578574
93.421767 134.578574
94.160580 135.317387
94.160580 136.056200
94.160580 136.795013
94.899393 136.795013
95.638206 137.533826
95.638206 138.272639
96.377019 138.272639
97.115832 139.011452
97.854645 139.011452
98.593458 139.750265
98.593458 140.489078
99.332271 140.489078
100.071084 141.227891
100.071084 141.966704
100.809897 141.966704
100.809897 142.705517
101.548710 143.444330
102.287523 144.183143
103.026336 144.921955
103.026336 145.660768
103.765149 145.660768
104.503962 146.399581
105.242775 147.138394
105.981588 147.138394
106.720401 147.877207
107.459213 148.616020
108.198026 149.354833
108.936839 150.093646
109.675652 150.093646
110.414465 150.832459
111.153278 151.571272
111.892091 151.571272
112.630904 152.310085
113.369717 153.048898
114.108530 153.048898
114.847343 153.787711
115.586156 153.787711
116.324969 154.526524
117.063782 154.526524
117.802595 155.265337
118.541408 155.265337
118.541408 156.004150
119.280221 156.742963
120.019034 157.481776
120.019034 158.959402
120.757847 159.698215
120.757847 160.437028
120.757847 161.175841
120.757847 161.914653
120.757847 163.392279
120.757847 164.131092
120.757847 164.869905
120.757847 165.608718
120.757847 166.347531
120.757847 167.086344
120.019034 167.825157
120.019034 168.563970
120.019034 169.302783
119.280221 170.041596
119.280221 170.780409
118.541408 171.519222
118.541408 172.258035
118.541408 172.996848
117.802595 174.474474
117.802595 175.213287
117.063782 175.952100
117.063782 176.690913
116.324969 177.429726
115.586156 178.168539
114.847343 178.907351
114.108530 179.646164
113.369717 180.384977
112.630904 181.123790
111.892091 181.862603
111.153278 182.601416
109.675652 183.340229
108.936839 183.340229
108.198026 184.079042
107.459213 184.079042
106.720401 184.817855
105.981588 184.817855
105.242775 185.556668
103.765149 185.556668
103.026336 186.295481
102.287523 186.295481
101.548710 187.034294
100.809897 187.034294
100.071084 187.034294
99.332271 187.773107
98.593458 187.773107
97.115832 187.773107
96.377019 188.511920
95.638206 188.511920
94.899393 188.511920
94.160580 188.511920
93.421767 189.250733
91.944141 189.250733
91.205328 189.250733
90.466515 189.989546
89.727703 189.989546
88.988890 189.989546
88.250077 190.728359
86.772451 190.728359
86.033638 190.728359
85.294825 190.728359
84.556012 191.467172
83.817199 191.467172
83.078386 191.467172
82.339573 191.467172
81.600760 192.205985
80.861947 192.205985
79.384321 192.205985
78.645508 192.205985
77.906695 192.205985
77.167882 192.205985
76.429069 192.944798
75.690256 192.944798
74.951443 192.944798
74.212630 192.944798
73.473817 192.944798
72.735005 192.944798
71.996192 192.944798
71.257379 192.944798
70.518566 192.944798
69.779753 192.944798
69.040940 192.944798
68.302127 192.944798
67.563314 192.944798
66.085688 192.944798
65.346875 192.944798
64.608062 192.944798
63.869249 192.944798
63.130436 192.944798
62.391623 192.205985
61.652810 191.467172
60.913997 189.989546
60.175184 189.250733
59.436371 188.511920
58.697558 187.773107
57.958745 187.034294
57.219932 186.295481
56.481119 185.556668
55.742307 184.817855
55.003494 184.079042
54.264681 183.340229
53.525868 182.601416
52.787055 181.862603
52.048242 181.123790
51.309429 180.384977
50.570616 179.646164
49.831803 178.907351
49.092990 178.168539
48.354177 177.429726
47.615364 176.690913
47.615364 175.952100
46.876551 175.213287
46.137738 173.735661
45.398925 172.996848
45.398925 172.258035
45.398925 171.519222
45.398925 170.041596
44.660112 169.302783
44.660112 168.563970
44.660112 167.825157
43.921299 166.347531
43.921299 165.608718
43.921299 164.869905
43.182486 164.131092
43.182486 162.653466
43.182486 161.914653
42.443673 161.175841
42.443673 160.437028
42.443673 158.959402
41.704860 158.220589
41.704860 157.481776
41.704860 156.742963
40.966047 155.265337
40.966047 154.526524
40.966047 153.787711
40.227234 152.310085
40.227234 151.571272
40.227234 150.832459
40.227234 150.093646
40.227234 149.354833
40.227234 148.616020
40.227234 147.138394
40.227234 146.399581
40.227234 145.660768
40.227234 144.921955
40.227234 144.183143
40.227234 142.705517
40.227234 141.966704
39.488421 141.227891
39.488421 140.489078
39.488421 139.750265
39.488421 139.011452
39.488421 137.533826
39.488421 136.795013
39.488421 136.056200
39.488421 135.317387
39.488421 134.578574
39.488421 133.100948
39.488421 132.362135
39.488421 131.623322
39.488421 130.884509
39.488421 130.145696
39.488421 128.668070
39.488421 127.929257
39.488421 127.190445
39.488421 126.451632
39.488421 125.712819
39.488421 124.974006
39.488421 123.496380
39.488421 122.757567
39.488421 122.018754
39.488421 121.279941
39.488421 119.802315
39.488421 119.063502
39.488421 118.324689
39.488421 117.585876
39.488421 116.847063
39.488421 115.369437
39.488421 114.630624
40.227234 113.891811
40.227234 113.152998
40.227234 111.675372
40.227234 110.936559
40.227234 110.197747
40.227234 109.458934
40.227234 108.720121
40.227234 107.242495
40.227234 106.503682
40.227234 105.764869
40.227234 105.026056
40.227234 103.548430
40.227234 102.809617
40.227234 102.070804
40.227234 101.331991
40.227234 99.854365
40.966047 99.115552
40.966047 98.376739
40.966047 97.637926
40.966047 96.899113
40.966047 96.160300
40.966047 95.421487
40.966047 94.682674
41.704860 93.943861
41.704860 93.205049
42.443673 91.727423
42.443673 90.988610
42.443673 90.249797
43.182486 89.510984
43.182486 88.772171
43.921299 88.033358
43.921299 87.294545
43.921299 86.555732
44.660112 85.816919
44.660112 84.339293
45.398925 83.600480
45.398925 82.861667
45.398925 82.122854
46.137738 81.384041
46.137738 80.645228
46.137738 79.906415
46.876551 79.167602
46.876551 78.428789
47.615364 76.951163
47.615364 76.212351
47.615364 75.473538
48.354177 74.734725
49.092990 73.995912
49.831803 73.257099
49.831803 72.518286
50.570616 71.040660
51.309429 70.301847
51.309429 69.563034
52.048242 68.824221
52.787055 68.085408
52.787055 66.607782
53.525868 65.868969
54.264681 65.130156
54.264681 64.391343
55.003494 63.652530
55.742307 62.174904
55.742307 61.436091
56.481119 60.697278
57.219932 59.958465
57.219932 59.219653
57.958745 58.480840
58.697558 57.742027
59.436371 57.003214
60.175184 56.264401
60.913997 55.525588
61.652810 54.786775
63.130436 54.047962
63.869249 53.309149
64.608062 52.570336
65.346875 51.831523
66.085688 51.092710
66.824501 50.353897
67.563314 50.353897
68.302127 50.353897
69.040940 50.353897
70.518566 50.353897
71.257379 49.615084
71.996192 49.615084
72.735005 49.615084
73.473817 49.615084
74.212630 49.615084
74.951443 49.615084
75.690256 48.876271
77.167882 48.876271
77.906695 48.876271
78.645508 49.615084
79.384321 49.615084
80.123134 49.615084
80.861947 49.615084
81.600760 49.615084
83.078386 50.353897
83.817199 50.353897
84.556012 50.353897
85.294825 50.353897
86.033638 50.353897
86.772451 51.092710
88.250077 51.092710
88.988890 51.092710
89.727703 51.831523
89.727703 52.570336
90.466515 53.309149
