89.009452 66.251007
88.155695 67.104764
87.301938 67.958521
87.301938 68.812278
86.448181 69.666034
86.448181 70.519791
85.594424 71.373548
85.594424 72.227305
84.740667 73.081062
84.740667 73.934819
84.740667 74.788575
83.886911 75.642332
83.886911 76.496089
83.886911 77.349846
83.033154 78.203603
83.033154 79.057360
83.033154 79.911116
83.033154 80.764873
82.179397 81.618630
81.325640 82.472387
81.325640 83.326144
81.325640 84.179901
80.471883 85.033657
80.471883 85.887414
80.471883 86.741171
80.471883 87.594928
80.471883 88.448685
80.471883 89.302442
80.471883 90.156198
80.471883 91.009955
80.471883 91.863712
80.471883 92.717469
80.471883 93.571226
80.471883 94.424982
80.471883 95.278739
80.471883 96.132496
80.471883 96.986253
80.471883 97.840010
80.471883 98.693767
80.471883 99.547523
80.471883 100.401280
80.471883 101.255037
81.325640 102.108794
81.325640 102.962551
81.325640 103.816308
81.325640 104.670064
82.179397 105.523821
82.179397 106.377578
82.179397 107.231335
82.179397 108.085092
82.179397 108.938849
83.033154 109.792605
83.033154 110.646362
83.033154 111.500119
83.033154 112.353876
83.886911 113.207633
83.886911 114.061390
83.886911 114.915146
83.886911 115.768903
84.740667 116.622660
84.740667 117.476417
85.594424 118.330174
85.594424 119.183931
86.448181 120.037687
86.448181 120.891444
87.301938 121.745201
87.301938 122.598958
88.155695 123.452715
88.155695 124.306471
89.009452 125.160228
89.863208 126.013985
89.863208 126.867742
90.716965 127.721499
91.570722 128.575256
92.424479 129.429012
92.424479 130.282769
93.278236 131.136526
94.131993 131.990283
94.985749 132.844040
95.839506 133.697797
96.693263 134.551553
97.547020 135.405310
98.400777 136.259067
98.400777 137.112824
98.400777 137.966581
99.254534 138.820338
100.108290 139.674094
100.962047 141.381608
101.815804 142.235365
101.815804 143.089122
102.669561 143.089122
103.523318 143.942879
104.377074 144.796635
105.230831 145.650392
106.084588 145.650392
106.938345 146.504149
107.792102 147.357906
107.792102 148.211663
107.792102 149.065419
108.645859 149.919176
108.645859 150.772933
109.499615 151.626690
110.353372 152.480447
111.207129 153.334204
112.060886 154.187960
112.914643 155.041717
113.768400 155.895474
114.622156 156.749231
115.475913 157.602988
116.329670 158.456745
117.183427 159.310501
118.037184 159.310501
118.890941 160.164258
119.744697 161.018015
120.598454 161.018015
121.452211 161.871772
121.452211 162.725529
122.305968 163.579286
122.305968 164.433042
122.305968 165.286799
122.305968 166.140556
122.305968 166.994313
122.305968 167.848070
122.305968 168.701827
122.305968 169.555583
123.159725 170.409340
123.159725 171.263097
123.159725 172.116854
123.159725 172.970611
122.305968 173.824367
122.305968 174.678124
121.452211 175.531881
120.598454 176.385638
120.598454 177.239395
119.744697 178.093152
118.890941 178.946908
118.890941 179.800665
118.037184 180.654422
117.183427 181.508179
117.183427 182.361936
116.329670 183.215693
115.475913 184.069449
114.622156 184.923206
113.768400 186.630720
112.914643 187.484477
112.060886 188.338234
111.207129 188.338234
110.353372 189.191990
109.499615 190.045747
108.645859 190.045747
107.792102 190.899504
106.938345 191.753261
106.084588 192.607018
105.230831 193.460775
104.377074 193.460775
103.523318 194.314531
102.669561 195.168288
101.815804 196.022045
100.962047 196.875802
100.108290 197.729559
99.254534 197.729559
98.400777 197.729559
97.547020 197.729559
96.693263 197.729559
95.839506 198.583316
94.985749 198.583316
94.131993 198.583316
93.278236 199.437072
92.424479 199.437072
91.570722 199.437072
90.716965 200.290829
89.863208 200.290829
89.009452 200.290829
88.155695 200.290829
87.301938 201.144586
86.448181 201.144586
85.594424 201.144586
84.740667 201.144586
83.886911 201.998343
83.033154 201.998343
82.179397 201.998343
81.325640 202.852100
80.471883 202.852100
79.618126 202.852100
78.764370 202.852100
77.910613 202.852100
77.056856 202.852100
76.203099 202.852100
75.349342 201.998343
74.495585 201.998343
73.641829 201.998343
72.788072 201.998343
71.934315 201.144586
71.080558 201.144586
70.226801 201.144586
69.373045 200.290829
68.519288 200.290829
67.665531 200.290829
66.811774 199.437072
65.958017 199.437072
65.104260 199.437072
64.250504 199.437072
63.396747 198.583316
62.542990 198.583316
61.689233 197.729559
60.835476 196.875802
59.981719 196.022045
59.127963 195.168288
58.274206 195.168288
57.420449 194.314531
56.566692 193.460775
55.712935 192.607018
54.859178 192.607018
54.005422 191.753261
53.151665 190.899504
52.297908 190.045747
51.444151 189.191990
50.590394 188.338234
49.736637 187.484477
48.882881 186.630720
48.882881 184.923206
48.029124 184.069449
48.029124 183.215693
47.175367 182.361936
46.321610 181.508179
45.467853 180.654422
44.614097 179.800665
44.614097 178.946908
44.614097 178.093152
43.760340 177.239395
43.760340 176.385638
42.906583 175.531881
42.906583 174.678124
42.052826 173.824367
41.199069 172.970611
41.199069 172.116854
40.345312 171.263097
39.491556 170.409340
39.491556 169.555583
38.637799 168.701827
38.637799 167.848070
38.637799 166.994313
38.637799 166.140556
37.784042 165.286799
37.784042 164.433042
37.784042 163.579286
37.784042 162.725529
37.784042 161.871772
37.784042 161.018015
37.784042 160.164258
36.930285 159.310501
36.930285 158.456745
36.930285 157.602988
36.930285 156.749231
36.930285 155.895474
36.076528 155.041717
36.076528 154.187960
36.076528 153.334204
36.076528 152.480447
36.076528 151.626690
36.076528 150.772933
35.222771 149.919176
35.222771 149.065419
35.222771 148.211663
35.222771 147.357906
35.222771 146.504149
35.222771 145.650392
35.222771 144.796635
35.222771 143.942879
35.222771 143.089122
35.222771 142.235365
35.222771 141.381608
35.222771 140.527851
35.222771 139.674094
35.222771 138.820338
35.222771 137.966581
35.222771 137.112824
35.222771 136.259067
35.222771 135.405310
35.222771 134.551553
35.222771 133.697797
35.222771 132.844040
35.222771 131.990283
35.222771 131.136526
35.222771 130.282769
35.222771 129.429012
35.222771 128.575256
35.222771 127.721499
35.222771 126.867742
35.222771 126.013985
35.222771 125.160228
35.222771 124.306471
35.222771 123.452715
35.222771 122.598958
35.222771 121.745201
35.222771 120.891444
35.222771 120.037687
35.222771 119.183931
35.222771 118.330174
35.222771 117.476417
35.222771 116.622660
35.222771 115.768903
35.222771 114.915146
35.222771 114.061390
35.222771 113.207633
35.222771 112.353876
35.222771 111.500119
35.222771 110.646362
35.222771 109.792605
35.222771 108.938849
35.222771 108.085092
35.222771 107.231335
35.222771 106.377578
35.222771 105.523821
36.076528 104.670064
36.076528 103.816308
36.076528 102.962551
36.076528 102.108794
36.076528 101.255037
36.076528 100.401280
36.076528 99.547523
36.076528 98.693767
36.076528 97.840010
36.076528 96.986253
36.076528 96.132496
36.076528 95.278739
36.076528 94.424982
36.930285 93.571226
36.930285 92.717469
36.930285 91.863712
36.930285 91.009955
37.784042 90.156198
37.784042 89.302442
37.784042 88.448685
37.784042 87.594928
38.637799 86.741171
38.637799 85.887414
38.637799 85.033657
38.637799 84.179901
39.491556 83.326144
39.491556 82.472387
39.491556 81.618630
39.491556 80.764873
40.345312 79.911116
40.345312 79.057360
40.345312 78.203603
40.345312 77.349846
40.345312 76.496089
41.199069 75.642332
42.052826 74.788575
42.052826 73.934819
42.906583 73.081062
42.906583 72.227305
43.760340 71.373548
43.760340 70.519791
44.614097 69.666034
44.614097 68.812278
45.467853 67.958521
46.321610 67.104764
46.321610 66.251007
46.321610 65.397250
47.175367 64.543494
48.029124 63.689737
48.029124 62.835980
48.882881 61.982223
48.882881 61.128466
49.736637 60.274709
49.736637 59.420953
50.590394 58.567196
51.444151 57.713439
52.297908 56.859682
53.151665 56.005925
54.005422 55.152168
54.859178 54.298412
55.712935 53.444655
56.566692 52.590898
57.420449 51.737141
58.274206 50.883384
59.127963 50.029627
59.981719 50.029627
60.835476 49.175871
61.689233 49.175871
62.542990 49.175871
63.396747 48.322114
64.250504 48.322114
65.104260 48.322114
65.958017 48.322114
66.811774 47.468357
67.665531 48.322114
68.519288 48.322114
69.373045 48.322114
70.226801 48.322114
71.080558 48.322114
71.934315 48.322114
72.788072 49.175871
73.641829 49.175871
74.495585 49.175871
75.349342 49.175871
76.203099 49.175871
77.056856 49.175871
77.910613 49.175871
78.764370 50.029627
79.618126 50.883384
80.471883 51.737141
81.325640 52.590898
82.179397 52.590898
83.033154 53.444655
83.886911 54.298412
83.886911 55.152168
84.740667 55.152168
84.740667 56.005925
85.594424 56.859682
86.448181 57.713439
86.448181 58.567196
87.301938 59.420953
87.301938 60.274709
88.155695 60.274709
88.155695 61.128466
88.155695 61.982223
89.009452 62.835980
89.009452 63.689737
89.009452 64.543494
89.009452 65.397250
89.009452 66.251007
