82.703035 89.376886
83.074522 90.119859
83.446008 90.491345
83.446008 90.862831
83.446008 91.234317
83.446008 91.605804
83.446008 91.977290
83.074522 92.348776
83.074522 92.720262
83.074522 93.091749
83.074522 93.463235
83.074522 93.834721
83.074522 94.206207
83.074522 94.577693
83.074522 94.949180
83.074522 95.320666
83.074522 95.692152
83.074522 96.063638
83.074522 96.435125
83.074522 96.806611
83.074522 97.178097
83.074522 97.549583
83.074522 97.921070
83.074522 98.292556
83.074522 98.664042
83.074522 99.035528
83.074522 99.407015
83.074522 99.778501
83.074522 100.149987
83.074522 100.521473
83.074522 100.892960
83.074522 101.264446
83.074522 101.635932
83.074522 102.007418
83.074522 102.378905
83.074522 102.750391
83.074522 103.121877
83.074522 103.493363
83.074522 103.864850
83.074522 104.236336
83.074522 104.607822
83.446008 104.979308
83.446008 105.350795
83.446008 105.722281
83.446008 106.093767
83.446008 106.465253
83.446008 106.836740
83.817494 106.836740
83.817494 107.208226
83.817494 107.579712
83.817494 107.951198
84.188980 108.322684
84.188980 108.694171
84.188980 109.065657
84.188980 108.694171
84.188980 109.065657
84.188980 108.694171
84.188980 109.065657
84.188980 108.694171
84.188980 109.065657
84.188980 108.694171
84.188980 109.065657
84.188980 108.694171
84.188980 109.065657
84.188980 108.694171
84.188980 109.065657
84.188980 108.694171
84.188980 109.065657
84.188980 108.694171
84.188980 109.065657
84.188980 108.694171
84.188980 109.065657
84.188980 108.694171
84.188980 109.065657
84.188980 108.694171
84.188980 109.065657
84.188980 108.694171
84.188980 109.065657
84.188980 108.694171
84.188980 109.065657
84.188980 108.694171
84.188980 109.065657
84.188980 108.694171
84.188980 109.065657
84.188980 108.694171
84.188980 109.065657
84.188980 108.694171
84.188980 108.322684
84.188980 108.694171
84.188980 109.065657
84.188980 108.694171
84.188980 109.065657
84.188980 108.694171
84.188980 109.065657
84.188980 108.694171
84.188980 109.065657
84.188980 108.694171
84.188980 109.065657
84.188980 108.694171
84.188980 109.065657
84.188980 108.694171
84.188980 109.065657
84.188980 108.694171
84.188980 109.065657
84.188980 108.694171
84.188980 109.065657
84.188980 108.694171
84.188980 109.065657
84.188980 108.694171
84.188980 109.065657
84.188980 108.694171
84.188980 109.065657
84.188980 108.694171
84.188980 109.065657
84.188980 108.694171
84.188980 109.065657
84.188980 108.694171
84.188980 109.065657
84.188980 108.694171
84.188980 109.065657
84.188980 108.694171
84.188980 109.065657
84.188980 108.694171
84.188980 109.065657
84.188980 108.694171
84.188980 109.065657
84.188980 108.694171
84.188980 109.065657
84.188980 109.437143
84.188980 109.808629
84.560467 109.808629
84.560467 110.180116
84.560467 110.551602
84.560467 110.923088
84.560467 111.294574
84.560467 111.666061
84.931953 112.037547
84.931953 112.409033
84.931953 112.780519
84.931953 113.152006
85.303439 113.523492
85.303439 113.894978
85.303439 114.266464
85.303439 114.637951
85.303439 115.009437
85.674925 115.009437
85.674925 115.380923
85.674925 115.752409
86.046412 116.123896
86.046412 116.495382
86.046412 116.866868
86.417898 117.238354
86.417898 117.609841
86.417898 117.981327
86.417898 118.352813
86.789384 118.352813
86.789384 118.724299
86.789384 119.095786
86.789384 119.467272
87.160870 119.467272
87.160870 119.838758
87.160870 120.210244
87.532357 120.210244
87.532357 120.581731
87.532357 120.953217
87.903843 120.953217
87.903843 121.324703
87.903843 121.696189
88.275329 121.696189
88.275329 122.067675
88.275329 122.439162
88.646815 122.439162
88.646815 122.810648
88.646815 123.182134
89.018302 123.182134
89.018302 123.553620
89.018302 123.925107
89.389788 123.925107
89.389788 124.296593
89.389788 124.668079
89.761274 124.668079
89.761274 125.039565
90.132760 125.411052
90.132760 125.782538
90.504247 125.782538
90.504247 126.154024
90.875733 126.525510
91.247219 126.896997
91.247219 127.268483
91.618705 127.639969
91.618705 128.011455
91.990192 128.011455
91.990192 128.382942
91.990192 128.754428
92.361678 128.754428
92.733164 129.125914
92.733164 129.497400
93.104650 129.497400
93.104650 129.868887
93.476137 130.240373
93.847623 130.611859
94.219109 130.983345
94.219109 131.354832
94.590595 131.354832
94.962082 131.726318
94.962082 132.097804
95.333568 132.469290
95.705054 132.840777
96.076540 133.212263
96.448027 133.583749
96.819513 133.955235
97.190999 134.326722
97.562485 134.698208
97.933971 135.069694
98.305458 135.069694
98.676944 135.441180
99.048430 135.812666
99.419916 136.184153
99.791403 136.555639
100.162889 136.927125
100.534375 136.927125
100.905861 137.298611
101.277348 137.670098
101.648834 138.041584
102.020320 138.041584
102.391806 138.413070
102.763293 138.784556
103.134779 138.784556
103.506265 139.156043
103.877751 139.527529
104.249238 139.899015
104.620724 140.270501
104.992210 140.641988
105.363696 141.013474
105.735183 141.384960
106.106669 141.756446
106.478155 142.127933
106.849641 142.499419
107.221128 142.499419
107.592614 142.870905
107.964100 143.242391
108.335586 143.613878
108.707073 143.985364
109.078559 143.985364
109.450045 144.356850
109.821531 144.728336
110.193018 144.728336
110.564504 145.099823
110.935990 145.471309
111.307476 145.471309
111.678962 145.842795
112.050449 146.214281
112.421935 146.214281
112.793421 146.585768
113.164907 146.585768
113.536394 146.957254
113.907880 147.328740
114.279366 147.328740
114.650852 147.700226
115.022339 147.700226
115.393825 148.071713
115.765311 148.071713
116.136797 148.443199
116.508284 148.443199
116.879770 148.814685
117.251256 148.814685
117.622742 148.814685
117.994229 149.186171
118.365715 149.186171
118.737201 149.557658
119.108687 149.557658
119.480174 149.557658
119.851660 149.929144
120.223146 149.929144
120.594632 150.300630
120.966119 150.300630
121.337605 150.300630
121.709091 150.672116
122.080577 150.672116
122.452064 150.672116
122.823550 150.672116
123.195036 151.043602
123.566522 151.786575
123.195036 152.158061
123.195036 152.529547
122.823550 153.272520
122.452064 153.644006
122.452064 154.015492
122.080577 154.386979
122.080577 154.758465
121.709091 155.129951
121.337605 155.501437
121.337605 156.244410
120.966119 156.615896
120.594632 156.987382
120.594632 157.358869
120.223146 157.730355
119.851660 158.101841
119.480174 158.101841
119.108687 158.473327
118.737201 158.473327
118.365715 158.844814
117.994229 159.216300
117.622742 159.216300
117.251256 159.587786
116.879770 159.587786
116.508284 159.959272
116.136797 159.959272
115.765311 160.330759
115.393825 160.330759
115.022339 160.702245
114.279366 160.702245
113.907880 160.702245
113.536394 160.702245
113.164907 161.073731
112.793421 161.073731
112.421935 161.073731
112.050449 161.073731
111.678962 161.073731
111.307476 161.073731
110.935990 161.073731
110.564504 161.073731
110.193018 161.073731
109.821531 161.073731
109.450045 161.073731
109.078559 161.073731
108.707073 161.073731
107.964100 161.073731
107.592614 161.073731
107.221128 161.073731
106.849641 160.702245
106.478155 160.702245
106.106669 160.702245
105.735183 160.702245
105.363696 160.702245
104.620724 160.330759
104.249238 160.330759
103.877751 160.330759
103.506265 160.330759
103.134779 159.959272
102.763293 159.959272
102.391806 159.959272
102.020320 159.959272
101.648834 159.959272
100.905861 159.587786
100.534375 159.587786
100.162889 159.587786
99.791403 159.216300
99.419916 158.844814
99.048430 158.473327
98.676944 158.101841
98.305458 157.730355
97.933971 157.730355
97.562485 157.358869
97.190999 156.987382
96.819513 156.615896
96.448027 156.244410
96.076540 155.872924
95.705054 155.501437
95.333568 155.501437
94.962082 155.129951
94.590595 154.758465
94.219109 154.386979
93.847623 154.015492
93.476137 153.644006
93.104650 153.644006
92.733164 153.272520
91.990192 152.901034
91.618705 152.529547
91.247219 152.158061
90.875733 151.786575
90.504247 151.415089
90.132760 151.415089
89.761274 151.043602
89.389788 150.672116
89.018302 150.300630
88.646815 149.929144
88.275329 149.557658
87.903843 149.557658
87.532357 149.186171
87.160870 148.814685
86.789384 148.071713
86.417898 147.700226
86.046412 147.328740
85.674925 146.957254
85.303439 146.585768
84.931953 146.214281
84.560467 145.842795
84.188980 145.471309
83.817494 145.099823
83.817494 144.356850
83.446008 143.985364
83.074522 143.613878
82.703035 143.242391
82.331549 142.870905
81.960063 142.499419
81.588577 142.127933
81.217091 141.756446
80.845604 141.013474
80.474118 140.641988
80.474118 140.270501
80.474118 139.899015
80.474118 139.527529
80.845604 138.784556
80.845604 138.413070
80.845604 138.041584
80.845604 137.670098
80.845604 136.927125
80.845604 136.555639
81.217091 136.184153
81.217091 135.812666
81.217091 135.069694
81.217091 134.698208
81.217091 134.326722
81.217091 133.955235
81.588577 133.212263
81.588577 132.840777
81.588577 132.469290
81.588577 132.097804
81.588577 131.354832
81.960063 130.983345
81.960063 130.611859
81.960063 130.240373
81.960063 129.497400
81.960063 129.125914
81.960063 128.754428
81.960063 128.011455
81.960063 127.639969
81.588577 126.896997
81.588577 126.525510
81.588577 125.782538
81.588577 125.411052
81.217091 124.668079
81.217091 124.296593
81.217091 123.553620
81.217091 123.182134
81.217091 122.439162
80.845604 122.067675
80.845604 121.324703
80.845604 120.953217
80.845604 120.581731
80.474118 119.838758
80.474118 119.467272
80.474118 118.724299
80.474118 118.352813
80.474118 117.609841
80.102632 117.238354
80.102632 116.495382
80.102632 116.123896
80.102632 115.380923
79.731146 115.009437
79.731146 114.266464
79.731146 113.894978
79.731146 113.152006
79.731146 112.780519
79.359659 112.037547
79.359659 111.666061
79.359659 110.923088
79.359659 110.551602
79.359659 110.180116
79.359659 109.808629
79.359659 109.437143
78.988173 109.065657
78.988173 108.694171
78.988173 108.322684
78.988173 107.951198
78.988173 107.579712
78.988173 107.208226
78.988173 106.836740
78.988173 106.465253
78.988173 106.093767
78.988173 105.722281
78.988173 105.350795
78.616687 104.979308
78.616687 104.607822
78.616687 104.236336
78.616687 103.864850
78.616687 103.493363
78.616687 103.121877
78.616687 102.750391
78.616687 102.378905
78.616687 102.007418
78.616687 101.635932
78.616687 101.264446
78.245201 100.892960
78.245201 100.521473
78.245201 100.149987
78.245201 99.778501
78.245201 99.035528
78.245201 98.664042
78.245201 98.292556
78.245201 97.921070
78.245201 97.549583
78.616687 97.178097
78.616687 96.806611
78.988173 96.435125
78.988173 96.063638
79.359659 95.320666
79.359659 94.949180
79.359659 94.577693
79.731146 94.206207
79.731146 93.834721
80.102632 93.463235
80.102632 93.091749
80.102632 92.348776
80.474118 91.977290
80.474118 91.605804
80.845604 91.234317
80.845604 90.862831
81.217091 90.491345
81.217091 90.119859
81.217091 89.748372
81.588577 89.005400
81.588577 88.633914
81.960063 88.262427
81.960063 87.890941
82.331549 88.262427
82.331549 88.633914
82.703035 89.005400
82.703035 89.376886
