82.699027 72.283981
82.699027 72.814665
82.699027 73.345349
82.699027 73.876033
83.229711 74.406716
83.229711 74.937400
83.229711 75.468084
83.229711 75.998768
83.760395 76.529452
83.760395 77.060136
84.291079 78.121503
84.291079 79.182871
84.821762 79.713555
85.352446 80.774922
85.883130 81.305606
85.883130 82.366974
85.352446 82.897658
85.352446 83.428342
84.821762 83.959025
84.821762 84.489709
84.291079 85.020393
84.291079 85.551077
84.291079 86.081761
83.760395 86.612445
83.760395 87.143128
83.760395 87.673812
83.229711 88.204496
83.229711 88.735180
83.229711 89.265864
83.229711 89.796548
82.699027 90.327231
82.699027 90.857915
82.699027 91.388599
82.699027 91.919283
82.168343 92.449967
82.168343 92.980650
82.168343 93.511334
82.168343 94.042018
82.168343 94.572702
82.168343 95.103386
82.168343 95.634070
81.637659 96.164753
81.637659 96.695437
81.637659 97.226121
81.637659 97.756805
81.637659 98.287489
81.637659 98.818173
81.637659 99.348856
81.637659 99.879540
81.637659 100.410224
81.637659 100.940908
81.637659 101.471592
81.637659 102.002276
81.637659 102.532959
81.637659 103.063643
81.637659 103.594327
81.637659 104.125011
81.637659 104.655695
81.637659 105.186379
81.637659 105.717062
81.637659 106.247746
81.637659 106.778430
81.637659 107.309114
81.637659 107.839798
81.637659 108.370482
81.637659 108.901165
81.637659 109.431849
81.637659 109.962533
82.168343 109.962533
82.168343 110.493217
82.168343 111.023901
82.168343 111.554585
82.168343 112.085268
82.168343 112.615952
82.168343 113.146636
82.699027 113.677320
82.699027 114.208004
82.699027 114.738687
82.699027 115.269371
82.699027 115.800055
83.229711 115.800055
83.229711 116.330739
83.229711 116.861423
83.229711 117.392107
83.229711 117.922790
83.760395 117.922790
83.760395 118.453474
83.760395 118.984158
83.760395 119.514842
84.291079 120.045526
84.291079 120.576210
84.291079 121.106893
84.291079 121.637577
84.291079 122.168261
84.821762 122.168261
84.821762 122.698945
84.821762 123.229629
84.821762 123.760313
85.352446 123.760313
85.352446 124.290996
85.352446 124.821680
85.883130 125.352364
85.883130 125.883048
85.883130 126.413732
85.883130 126.944416
86.413814 126.944416
86.413814 127.475099
86.944498 128.005783
86.944498 128.536467
86.944498 129.067151
87.475182 129.067151
87.475182 129.597835
88.005865 130.128519
88.005865 130.659202
88.005865 131.189886
88.005865 131.720570
88.536549 131.720570
88.536549 132.251254
89.067233 132.781938
89.067233 133.312621
89.597917 133.843305
89.597917 134.373989
90.128601 134.904673
90.128601 135.435357
90.128601 135.966041
90.659285 135.966041
90.659285 136.496724
91.189968 137.027408
91.189968 137.558092
91.720652 138.088776
91.720652 138.619460
92.251336 139.150144
92.251336 139.680827
92.782020 139.680827
92.782020 140.211511
93.312704 140.742195
93.312704 141.272879
93.843388 141.272879
93.843388 141.803563
94.374071 141.803563
94.374071 142.334247
94.904755 142.864930
95.435439 143.395614
95.435439 143.926298
95.966123 143.926298
95.966123 144.456982
96.496807 144.456982
96.496807 144.987666
97.027491 145.518350
97.558174 146.049033
98.088858 146.579717
98.619542 147.110401
99.150226 147.641085
99.680910 148.171769
100.211594 148.702453
100.742277 148.702453
101.272961 149.233136
101.803645 149.763820
102.334329 150.294504
102.865013 150.825188
103.395696 150.825188
103.926380 151.355872
104.457064 151.886556
104.987748 152.417239
105.518432 152.417239
106.049116 152.947923
106.579799 153.478607
107.110483 153.478607
107.641167 154.009291
108.171851 154.009291
108.702535 154.539975
109.233219 154.539975
109.763902 155.070658
110.294586 155.070658
110.825270 155.601342
111.355954 155.601342
111.886638 156.132026
112.417322 156.132026
112.948005 156.662710
113.478689 156.662710
114.009373 157.193394
114.540057 157.193394
115.070741 157.193394
115.601425 157.724078
116.132108 157.724078
116.662792 157.724078
117.193476 158.254761
117.724160 158.254761
118.254844 158.254761
118.785528 158.254761
119.316211 158.785445
119.846895 158.785445
120.377579 158.785445
120.908263 158.785445
121.438947 159.316129
121.969631 159.846813
122.500314 160.377497
123.030998 161.438864
123.030998 162.500232
123.561682 163.030916
124.092366 164.092284
124.092366 164.622967
123.561682 165.153651
123.561682 165.684335
123.561682 166.215019
123.030998 166.745703
123.030998 167.276387
123.030998 167.807070
122.500314 168.337754
122.500314 168.868438
121.969631 168.868438
121.438947 168.868438
120.908263 168.868438
120.377579 168.868438
119.846895 168.868438
119.316211 168.868438
118.785528 168.868438
118.254844 168.868438
117.724160 169.399122
117.193476 169.399122
116.132108 169.399122
115.601425 169.399122
115.070741 169.399122
114.540057 169.399122
114.009373 169.929806
113.478689 169.929806
112.948005 169.929806
112.417322 169.929806
111.886638 169.929806
111.355954 170.460490
110.825270 170.460490
110.294586 170.460490
109.763902 170.460490
109.233219 170.460490
108.171851 170.460490
107.641167 170.991173
107.110483 170.991173
106.579799 170.991173
106.049116 170.991173
105.518432 170.991173
104.987748 170.991173
104.457064 170.991173
103.395696 170.991173
102.865013 171.521857
102.334329 171.521857
101.803645 171.521857
101.272961 171.521857
100.742277 171.521857
100.211594 171.521857
99.680910 171.521857
98.619542 171.521857
98.088858 172.052541
97.558174 172.052541
97.027491 172.052541
96.496807 172.052541
95.966123 172.052541
95.435439 172.052541
94.904755 172.052541
93.843388 172.052541
93.312704 172.052541
92.782020 172.052541
92.251336 172.052541
91.720652 172.052541
91.189968 171.521857
90.659285 171.521857
90.128601 171.521857
89.597917 171.521857
89.067233 171.521857
88.536549 170.991173
88.005865 170.991173
87.475182 170.991173
86.944498 170.991173
86.413814 170.460490
85.883130 170.460490
85.352446 170.460490
84.821762 170.460490
84.291079 170.460490
83.760395 169.929806
83.229711 169.929806
82.699027 169.929806
82.168343 169.929806
81.637659 169.929806
80.576292 169.399122
80.045608 169.399122
79.514924 168.868438
78.984240 168.868438
78.453557 168.337754
77.922873 167.807070
77.392189 167.276387
76.861505 166.745703
76.330821 166.215019
75.800137 165.684335
75.269454 165.153651
74.738770 164.622967
74.208086 164.092284
73.677402 164.092284
73.146718 163.561600
72.616034 163.030916
72.616034 162.500232
72.085351 161.438864
72.085351 160.908181
71.554667 160.377497
71.554667 159.846813
71.554667 159.316129
71.023983 158.785445
71.023983 158.254761
71.023983 157.193394
71.023983 156.662710
70.493299 156.132026
70.493299 155.601342
70.493299 155.070658
70.493299 154.009291
69.962615 153.478607
69.962615 152.947923
69.962615 152.417239
69.962615 151.886556
69.431931 151.355872
69.431931 150.294504
69.431931 149.763820
69.431931 149.233136
68.901248 148.702453
68.901248 148.171769
68.901248 147.641085
68.901248 146.579717
68.901248 146.049033
68.901248 145.518350
68.901248 144.987666
68.901248 144.456982
68.901248 143.926298
68.901248 142.864930
68.901248 142.334247
68.901248 141.803563
68.901248 140.742195
68.901248 140.211511
68.901248 139.150144
68.901248 138.619460
68.901248 138.088776
68.901248 137.027408
69.431931 136.496724
69.431931 135.966041
69.431931 134.904673
69.431931 134.373989
69.431931 133.843305
69.431931 132.781938
69.431931 132.251254
69.431931 131.720570
69.431931 130.659202
69.431931 130.128519
69.431931 129.597835
69.431931 128.536467
69.431931 128.005783
69.431931 127.475099
69.431931 126.413732
69.431931 125.883048
69.962615 125.352364
69.962615 124.290996
69.962615 123.760313
69.962615 123.229629
69.962615 122.168261
69.962615 121.637577
69.962615 121.106893
69.962615 120.045526
69.431931 119.514842
69.431931 118.453474
69.431931 117.922790
68.901248 117.392107
68.901248 116.330739
68.901248 115.800055
68.370564 115.269371
68.370564 114.208004
68.370564 113.677320
67.839880 112.615952
67.839880 112.085268
67.839880 111.554585
67.839880 110.493217
67.309196 109.962533
67.309196 109.431849
67.309196 108.370482
66.778512 107.839798
66.778512 106.778430
66.778512 106.247746
66.247828 105.717062
66.247828 104.655695
66.247828 104.125011
65.717145 103.594327
65.717145 102.532959
65.717145 102.002276
65.186461 100.940908
65.186461 100.410224
65.186461 99.879540
65.186461 98.818173
64.655777 98.287489
64.655777 97.756805
64.655777 96.695437
64.655777 96.164753
64.655777 95.634070
64.655777 95.103386
64.655777 94.572702
64.655777 93.511334
64.655777 92.980650
64.655777 92.449967
64.655777 91.919283
65.186461 91.388599
65.186461 90.857915
65.186461 89.796548
65.186461 89.265864
65.186461 88.735180
65.186461 88.204496
65.186461 87.673812
65.186461 87.143128
65.717145 86.081761
65.717145 85.551077
65.717145 85.020393
65.717145 84.489709
65.717145 83.959025
65.717145 83.428342
65.717145 82.366974
65.717145 81.836290
66.247828 81.305606
66.247828 80.774922
66.778512 80.244239
66.778512 79.713555
67.309196 79.182871
67.839880 78.652187
67.839880 78.121503
68.370564 77.590819
68.901248 77.060136
68.901248 76.529452
69.431931 75.998768
69.962615 75.468084
69.962615 74.937400
70.493299 74.406716
71.023983 73.876033
71.554667 73.345349
71.554667 72.814665
72.085351 72.283981
72.616034 72.283981
73.146718 72.283981
73.677402 72.283981
74.208086 72.283981
75.269454 72.283981
75.800137 72.283981
76.330821 72.283981
76.861505 72.283981
77.392189 72.283981
77.922873 72.283981
78.453557 72.283981
78.984240 72.283981
79.514924 72.283981
80.045608 72.283981
80.576292 72.283981
81.637659 72.283981
82.168343 72.283981
82.699027 72.283981
83.229711 72.283981
83.760395 72.283981
83.229711 72.283981
82.699027 72.283981
