84.331134 66.702142
84.331134 67.519080
84.331134 68.336017
83.514196 69.152955
82.697259 69.969892
82.697259 70.786830
81.880321 71.603767
81.880321 72.420704
81.063384 73.237642
80.246446 74.054579
80.246446 74.871517
80.246446 75.688454
79.429509 76.505392
79.429509 77.322329
78.612571 78.139267
78.612571 78.956204
78.612571 79.773142
78.612571 80.590079
78.612571 81.407017
79.429509 82.223954
79.429509 83.040892
79.429509 83.857829
79.429509 84.674767
79.429509 85.491704
79.429509 86.308642
79.429509 87.125579
79.429509 87.942517
79.429509 88.759454
79.429509 89.576392
78.612571 90.393329
78.612571 91.210266
78.612571 92.027204
78.612571 92.844141
78.612571 93.661079
77.795634 94.478016
77.795634 95.294954
77.795634 96.111891
77.795634 96.928829
77.795634 97.745766
77.795634 98.562704
77.795634 99.379641
77.795634 100.196579
77.795634 101.013516
77.795634 101.830454
77.795634 102.647391
77.795634 103.464329
77.795634 104.281266
78.612571 105.098204
78.612571 105.915141
78.612571 106.732079
78.612571 107.549016
79.429509 108.365954
79.429509 109.182891
79.429509 109.999828
79.429509 110.816766
79.429509 111.633703
80.246446 112.450641
80.246446 113.267578
80.246446 114.084516
80.246446 114.901453
81.063384 115.718391
81.063384 116.535328
81.063384 117.352266
81.880321 118.169203
81.880321 118.986141
82.697259 119.803078
82.697259 120.620016
82.697259 121.436953
83.514196 122.253891
83.514196 123.070828
83.514196 123.887766
84.331134 124.704703
84.331134 125.521641
85.148071 126.338578
85.965009 127.155516
85.965009 127.972453
85.965009 128.789390
86.781946 129.606328
87.598884 130.423265
87.598884 131.240203
88.415821 132.057140
88.415821 132.874078
89.232759 133.691015
90.049696 134.507953
90.049696 135.324890
90.866634 136.141828
91.683571 136.958765
91.683571 137.775703
92.500509 138.592640
93.317446 139.409578
94.134383 140.226515
94.951321 141.043453
95.768258 141.860390
95.768258 142.677328
96.585196 142.677328
97.402133 143.494265
98.219071 144.311203
99.036008 145.128140
99.852946 145.945078
100.669883 146.762015
101.486821 147.578952
102.303758 148.395890
103.120696 149.212827
103.120696 150.029765
103.937633 150.846702
104.754571 151.663640
105.571508 152.480577
106.388446 153.297515
107.205383 154.114452
108.022321 154.931390
108.839258 155.748327
109.656196 156.565265
110.473133 157.382202
111.290071 157.382202
112.107008 158.199140
112.923945 159.016077
113.740883 159.833015
113.740883 160.649952
114.557820 160.649952
114.557820 161.466890
115.374758 162.283827
115.374758 163.100765
116.191695 163.917702
116.191695 164.734640
117.008633 165.551577
117.825570 166.368514
118.642508 167.185452
118.642508 168.002389
118.642508 168.819327
118.642508 169.636264
118.642508 170.453202
118.642508 171.270139
118.642508 172.087077
118.642508 172.904014
118.642508 173.720952
118.642508 174.537889
117.825570 175.354827
117.008633 176.171764
116.191695 176.988702
115.374758 177.805639
114.557820 178.622577
113.740883 179.439514
112.923945 180.256452
112.107008 180.256452
111.290071 181.073389
110.473133 181.073389
110.473133 181.890327
109.656196 182.707264
108.839258 183.524202
108.839258 184.341139
108.022321 185.158076
108.022321 185.975014
107.205383 185.975014
106.388446 186.791951
105.571508 187.608889
105.571508 188.425826
104.754571 188.425826
103.937633 189.242764
103.120696 190.059701
102.303758 190.059701
101.486821 190.876639
100.669883 190.876639
99.852946 191.693576
99.036008 191.693576
98.219071 192.510514
97.402133 192.510514
96.585196 193.327451
95.768258 193.327451
94.951321 193.327451
94.134383 194.144389
93.317446 194.144389
92.500509 194.144389
91.683571 194.144389
90.866634 194.961326
90.049696 194.961326
89.232759 195.778264
88.415821 195.778264
87.598884 195.778264
86.781946 195.778264
85.965009 195.778264
85.148071 196.595201
84.331134 196.595201
83.514196 196.595201
82.697259 196.595201
81.880321 196.595201
81.063384 196.595201
80.246446 196.595201
79.429509 196.595201
78.612571 196.595201
77.795634 196.595201
77.795634 197.412139
76.978696 197.412139
76.161759 197.412139
75.344821 197.412139
74.527884 197.412139
73.710947 197.412139
73.710947 198.229076
72.894009 198.229076
72.077072 198.229076
71.260134 198.229076
70.443197 198.229076
69.626259 197.412139
68.809322 196.595201
67.992384 195.778264
67.175447 194.961326
66.358509 194.144389
65.541572 193.327451
64.724634 193.327451
63.907697 192.510514
63.090759 192.510514
62.273822 191.693576
61.456884 191.693576
60.639947 190.876639
59.823009 190.876639
59.006072 190.876639
59.006072 190.059701
58.189134 190.059701
57.372197 189.242764
56.555259 188.425826
56.555259 187.608889
55.738322 187.608889
54.921385 186.791951
54.104447 186.791951
53.287510 185.975014
52.470572 185.158076
51.653635 184.341139
50.836697 183.524202
50.019760 182.707264
49.202822 181.890327
48.385885 181.073389
48.385885 180.256452
47.568947 179.439514
46.752010 178.622577
45.935072 177.805639
45.935072 176.988702
45.118135 176.171764
45.118135 175.354827
44.301197 174.537889
44.301197 173.720952
43.484260 172.904014
43.484260 172.087077
42.667322 171.270139
42.667322 170.453202
41.850385 169.636264
41.850385 168.819327
41.850385 168.002389
41.033447 167.185452
41.033447 166.368514
41.033447 165.551577
41.033447 164.734640
40.216510 163.917702
40.216510 163.100765
40.216510 162.283827
40.216510 161.466890
40.216510 160.649952
39.399572 159.833015
39.399572 159.016077
39.399572 158.199140
39.399572 157.382202
39.399572 156.565265
39.399572 155.748327
39.399572 154.931390
39.399572 154.114452
39.399572 153.297515
39.399572 152.480577
39.399572 151.663640
39.399572 150.846702
39.399572 150.029765
39.399572 149.212827
38.582635 148.395890
38.582635 147.578952
38.582635 146.762015
38.582635 145.945078
38.582635 145.128140
38.582635 144.311203
38.582635 143.494265
38.582635 142.677328
38.582635 141.860390
38.582635 141.043453
38.582635 140.226515
38.582635 139.409578
38.582635 138.592640
38.582635 137.775703
38.582635 136.958765
38.582635 136.141828
38.582635 135.324890
38.582635 134.507953
38.582635 133.691015
38.582635 132.874078
38.582635 132.057140
38.582635 131.240203
38.582635 130.423265
38.582635 129.606328
38.582635 128.789390
39.399572 127.972453
39.399572 127.155516
39.399572 126.338578
39.399572 125.521641
39.399572 124.704703
39.399572 123.887766
39.399572 123.070828
39.399572 122.253891
39.399572 121.436953
39.399572 120.620016
39.399572 119.803078
39.399572 118.986141
39.399572 118.169203
39.399572 117.352266
39.399572 116.535328
39.399572 115.718391
39.399572 114.901453
39.399572 114.084516
39.399572 113.267578
39.399572 112.450641
39.399572 111.633703
38.582635 110.816766
38.582635 109.999828
38.582635 109.182891
39.399572 108.365954
38.582635 107.549016
38.582635 106.732079
38.582635 105.915141
38.582635 105.098204
38.582635 104.281266
38.582635 103.464329
38.582635 102.647391
38.582635 101.830454
39.399572 101.013516
39.399572 100.196579
39.399572 99.379641
39.399572 98.562704
39.399572 97.745766
39.399572 96.928829
39.399572 96.111891
39.399572 95.294954
39.399572 94.478016
39.399572 93.661079
40.216510 92.844141
40.216510 92.027204
40.216510 91.210266
40.216510 90.393329
40.216510 89.576392
41.033447 88.759454
41.033447 87.942517
41.033447 87.125579
41.850385 86.308642
41.850385 85.491704
41.850385 84.674767
42.667322 83.857829
42.667322 83.040892
42.667322 82.223954
43.484260 82.223954
43.484260 81.407017
44.301197 80.590079
44.301197 79.773142
44.301197 78.956204
44.301197 78.139267
45.118135 77.322329
45.118135 76.505392
45.118135 75.688454
45.935072 74.871517
45.935072 74.054579
46.752010 74.054579
46.752010 73.237642
47.568947 72.420704
47.568947 71.603767
47.568947 70.786830
47.568947 69.969892
48.385885 69.152955
48.385885 68.336017
49.202822 67.519080
49.202822 66.702142
50.019760 65.885205
50.019760 65.068267
50.019760 64.251330
50.836697 63.434392
50.836697 62.617455
51.653635 61.800517
51.653635 60.983580
51.653635 60.166642
52.470572 59.349705
53.287510 58.532767
53.287510 57.715830
54.104447 56.898892
54.921385 56.081955
55.738322 56.081955
56.555259 55.265017
57.372197 54.448080
58.189134 54.448080
59.006072 53.631142
59.823009 53.631142
60.639947 53.631142
61.456884 52.814205
62.273822 52.814205
63.090759 52.814205
63.907697 52.814205
64.724634 52.814205
65.541572 52.814205
66.358509 52.814205
67.175447 52.814205
67.992384 52.814205
68.809322 52.814205
69.626259 52.814205
70.443197 52.814205
71.260134 52.814205
72.077072 52.814205
72.894009 52.814205
73.710947 53.631142
74.527884 53.631142
75.344821 53.631142
76.161759 54.448080
76.978696 54.448080
77.795634 55.265017
78.612571 55.265017
79.429509 56.081955
80.246446 56.898892
81.063384 57.715830
81.880321 58.532767
81.880321 59.349705
82.697259 60.166642
83.514196 60.983580
83.514196 61.800517
83.514196 62.617455
83.514196 63.434392
84.331134 64.251330
84.331134 65.068267
84.331134 65.885205
84.331134 66.702142
