81.315321 70.562968
81.861411 71.655147
82.407500 72.201236
82.953589 73.293415
82.953589 74.385594
83.499679 74.931683
84.045768 76.023862
84.591857 77.116040
85.137947 77.662130
84.591857 78.208219
84.591857 78.754309
84.591857 79.300398
84.591857 79.846487
84.045768 80.392577
84.045768 80.938666
84.045768 81.484755
83.499679 82.030845
83.499679 82.576934
83.499679 83.123023
82.953589 83.669113
82.953589 84.215202
82.953589 84.761292
82.953589 85.307381
82.407500 85.853470
82.407500 86.399560
82.407500 86.945649
82.407500 87.491738
82.407500 88.037828
81.861411 88.583917
81.861411 89.130007
81.861411 89.676096
81.861411 90.222185
81.861411 90.768275
81.861411 91.314364
81.861411 91.860453
81.861411 92.406543
81.861411 92.952632
81.861411 93.498722
81.315321 94.044811
81.315321 94.590900
81.315321 95.136990
81.315321 95.683079
81.315321 96.229168
81.315321 96.775258
81.315321 97.321347
81.315321 97.867437
81.861411 98.413526
81.861411 98.959615
81.861411 99.505705
81.861411 100.051794
81.861411 100.597883
81.861411 101.143973
81.861411 101.690062
81.861411 102.236151
81.861411 102.782241
81.861411 103.328330
81.861411 103.874420
81.861411 104.420509
81.861411 104.966598
81.861411 105.512688
81.861411 106.058777
81.861411 106.604866
81.861411 107.150956
81.861411 107.697045
81.861411 108.243135
82.407500 108.243135
82.407500 108.789224
82.407500 109.335313
82.407500 109.881403
82.407500 110.427492
82.407500 110.973581
82.407500 111.519671
82.407500 112.065760
82.953589 112.611850
82.953589 113.157939
82.953589 113.704028
82.953589 114.250118
82.953589 114.796207
82.953589 115.342296
83.499679 115.342296
83.499679 115.888386
83.499679 116.434475
83.499679 116.980564
84.045768 117.526654
84.045768 118.072743
84.045768 118.618833
84.045768 119.164922
84.591857 119.164922
84.591857 119.711011
84.591857 120.257101
84.591857 120.803190
85.137947 120.803190
85.137947 121.349279
85.137947 121.895369
85.137947 122.441458
85.684036 122.441458
85.684036 122.987548
86.230126 123.533637
86.230126 124.079726
86.776215 124.625816
86.776215 125.171905
86.776215 125.717994
87.322304 125.717994
87.322304 126.264084
87.868394 126.810173
87.868394 127.356263
87.868394 127.902352
88.414483 127.902352
88.414483 128.448441
88.960572 128.994531
89.506662 129.540620
89.506662 130.086709
89.506662 130.632799
90.052751 130.632799
90.052751 131.178888
90.598841 131.178888
90.598841 131.724977
91.144930 132.271067
91.144930 132.817156
91.691019 132.817156
91.691019 133.363246
92.237109 133.363246
92.237109 133.909335
92.237109 134.455424
92.783198 134.455424
92.783198 135.001514
93.329287 135.001514
93.329287 135.547603
93.875377 135.547603
93.875377 136.093692
94.421466 136.093692
94.421466 136.639782
94.967555 136.639782
94.967555 137.185871
94.967555 137.731961
95.513645 137.731961
96.059734 138.278050
96.605824 138.824139
97.151913 139.370229
97.698002 139.916318
97.698002 140.462407
98.244092 141.008497
98.244092 141.554586
98.790181 141.554586
99.336270 142.100676
99.882360 142.646765
99.882360 143.192854
100.428449 143.192854
100.974539 143.738944
101.520628 144.285033
102.066717 144.285033
102.612807 144.831122
103.158896 145.377212
103.704985 145.923301
103.704985 146.469390
104.251075 146.469390
104.797164 147.015480
105.343254 147.015480
105.889343 147.561569
106.435432 148.107659
106.981522 148.107659
107.527611 148.653748
108.073700 149.199837
108.619790 149.199837
109.165879 149.745927
109.711968 149.745927
109.711968 150.292016
110.258058 150.292016
110.804147 150.838105
111.350237 150.838105
111.896326 151.384195
112.442415 151.384195
112.988505 151.930284
113.534594 151.930284
114.080683 152.476374
114.626773 152.476374
115.172862 152.476374
115.718952 153.022463
116.265041 153.022463
116.811130 153.568552
117.357220 153.568552
117.903309 154.114642
118.449398 154.660731
118.995488 155.206820
119.541577 155.752910
120.087667 155.752910
120.087667 156.298999
120.633756 156.298999
121.179845 156.845089
121.725935 157.391178
122.272024 157.391178
122.818113 158.483357
123.364203 159.575535
123.910292 160.121625
123.910292 161.213803
123.910292 161.759893
123.910292 162.305982
123.910292 162.852072
123.910292 163.398161
123.364203 163.944250
123.364203 164.490340
123.364203 165.036429
123.364203 165.582518
123.364203 166.128608
122.818113 166.674697
122.272024 167.220787
121.725935 167.766876
121.179845 167.766876
120.633756 168.312965
120.087667 168.859055
119.541577 168.859055
118.995488 169.405144
118.449398 169.951233
117.903309 170.497323
117.357220 170.497323
116.811130 171.043412
116.265041 171.589502
115.172862 171.589502
114.626773 172.135591
114.080683 172.135591
113.534594 172.681680
112.988505 172.681680
112.442415 172.681680
111.896326 172.681680
111.350237 172.681680
110.804147 173.227770
110.258058 173.227770
109.711968 173.227770
109.165879 173.227770
108.619790 173.227770
108.073700 173.773859
107.527611 173.773859
106.435432 173.773859
105.889343 173.773859
105.343254 173.773859
104.797164 174.319948
104.251075 174.319948
103.704985 174.319948
103.158896 174.319948
102.612807 174.319948
102.066717 174.866038
101.520628 174.866038
100.974539 174.866038
100.428449 174.866038
99.882360 174.866038
98.790181 174.866038
98.244092 174.866038
97.698002 174.866038
97.151913 175.412127
96.605824 175.412127
96.059734 175.412127
95.513645 175.412127
94.967555 175.412127
94.421466 175.412127
93.875377 175.412127
93.329287 175.412127
92.237109 175.412127
91.691019 175.958216
91.144930 175.958216
90.598841 175.958216
90.052751 175.958216
89.506662 175.958216
88.960572 175.958216
88.414483 175.958216
87.868394 175.958216
87.322304 175.958216
86.230126 175.958216
85.684036 175.412127
85.137947 175.412127
84.591857 175.412127
84.045768 174.866038
83.499679 174.866038
82.953589 174.866038
82.407500 174.319948
81.315321 174.319948
80.769232 174.319948
80.223142 173.773859
79.677053 173.773859
79.130964 173.773859
78.584874 173.773859
78.038785 173.227770
77.492696 173.227770
76.946606 173.227770
75.854427 172.681680
75.308338 172.681680
74.762249 172.135591
74.216159 171.589502
73.670070 171.043412
73.123981 170.497323
72.577891 169.951233
72.031802 169.405144
70.939623 168.859055
70.393534 168.312965
69.847444 167.766876
69.301355 167.220787
68.755266 166.674697
68.209176 166.128608
68.209176 165.582518
67.663087 164.490340
67.663087 163.944250
67.663087 163.398161
67.116998 162.852072
67.116998 162.305982
67.116998 161.213803
67.116998 160.667714
66.570908 160.121625
66.570908 159.575535
66.570908 159.029446
66.024819 158.483357
66.024819 157.391178
66.024819 156.845089
65.478729 156.298999
65.478729 155.752910
65.478729 155.206820
64.932640 154.114642
64.932640 153.568552
64.932640 153.022463
64.932640 152.476374
64.386551 151.930284
64.386551 150.838105
64.386551 150.292016
63.840461 149.745927
63.840461 149.199837
63.840461 148.653748
63.294372 148.107659
63.294372 147.015480
63.294372 146.469390
63.294372 145.923301
62.748283 145.377212
62.748283 144.831122
62.748283 144.285033
62.748283 143.192854
62.748283 142.646765
62.748283 142.100676
62.202193 141.554586
62.202193 141.008497
62.202193 140.462407
62.202193 139.916318
62.202193 139.370229
62.202193 138.824139
62.202193 137.731961
62.202193 137.185871
62.202193 136.639782
62.202193 136.093692
61.656104 135.547603
61.656104 135.001514
61.656104 134.455424
61.656104 133.909335
61.656104 132.817156
61.656104 132.271067
61.656104 131.724977
61.656104 131.178888
61.656104 130.632799
61.656104 130.086709
61.110014 129.540620
61.110014 128.994531
61.110014 128.448441
61.110014 127.356263
61.110014 126.810173
61.110014 126.264084
61.110014 125.717994
61.110014 125.171905
61.110014 124.625816
60.563925 124.079726
60.563925 123.533637
60.563925 122.987548
60.563925 121.895369
60.563925 121.349279
60.563925 120.803190
60.563925 120.257101
60.563925 119.711011
60.563925 119.164922
60.563925 118.618833
60.017836 118.072743
60.017836 117.526654
60.017836 116.434475
60.017836 115.888386
60.017836 115.342296
60.017836 114.796207
60.017836 114.250118
60.017836 113.704028
60.017836 113.157939
60.017836 112.611850
60.017836 112.065760
60.017836 111.519671
60.017836 110.973581
60.017836 110.427492
60.017836 109.881403
60.017836 109.335313
60.017836 108.789224
60.017836 108.243135
60.017836 107.697045
60.017836 107.150956
60.017836 106.604866
60.017836 106.058777
60.017836 105.512688
60.017836 104.966598
60.017836 104.420509
60.017836 103.874420
60.017836 103.328330
60.017836 102.782241
60.017836 102.236151
60.017836 101.690062
60.017836 101.143973
60.017836 100.597883
60.017836 100.051794
60.017836 99.505705
60.017836 98.959615
60.017836 98.413526
60.017836 97.867437
60.017836 97.321347
60.017836 96.775258
60.017836 96.229168
60.017836 95.683079
60.563925 95.136990
61.110014 94.590900
61.110014 93.498722
61.656104 92.952632
61.656104 92.406543
62.202193 91.860453
62.748283 91.314364
62.748283 90.768275
63.294372 90.222185
63.840461 89.676096
63.840461 88.583917
64.386551 88.037828
64.932640 87.491738
64.932640 86.945649
65.478729 86.399560
66.024819 85.853470
66.024819 85.307381
66.570908 84.761292
66.570908 83.669113
67.116998 83.123023
67.663087 82.576934
67.663087 82.030845
68.209176 81.484755
68.755266 80.938666
68.755266 80.392577
69.301355 79.846487
69.847444 78.754309
69.847444 78.208219
70.393534 77.662130
70.393534 77.116040
70.939623 76.569951
71.485713 76.023862
72.031802 75.477772
72.577891 74.931683
73.123981 74.385594
73.670070 73.839504
74.216159 73.293415
74.762249 72.747325
75.308338 72.747325
76.400517 72.201236
76.946606 71.655147
77.492696 71.109057
78.038785 70.562968
78.584874 70.016879
79.130964 70.016879
79.677053 69.470789
80.223142 68.924700
80.769232 69.470789
81.315321 70.016879
81.315321 70.562968
