85.432411 63.033786
86.100026 63.033786
86.100026 63.701402
85.432411 64.369017
85.432411 65.036633
84.764795 65.704249
84.764795 66.371864
84.097179 67.039480
84.097179 67.707096
84.097179 68.374711
84.097179 69.042327
83.429564 69.709943
83.429564 70.377558
83.429564 71.045174
82.761948 71.712790
82.761948 72.380405
82.761948 73.048021
82.761948 73.715637
82.094332 74.383252
82.094332 75.050868
82.094332 75.718484
82.094332 76.386099
81.426717 77.053715
81.426717 77.721331
81.426717 78.388946
81.426717 79.056562
81.426717 79.724178
81.426717 80.391793
81.426717 81.059409
80.759101 81.727025
80.759101 82.394640
80.759101 83.062256
80.759101 83.729872
80.759101 84.397487
80.759101 85.065103
80.759101 85.732719
80.759101 86.400334
80.759101 87.067950
80.759101 87.735566
80.091485 88.403181
80.091485 89.070797
80.091485 89.738413
80.091485 90.406028
80.091485 91.073644
80.091485 91.741260
80.091485 92.408875
80.091485 93.076491
80.091485 93.744107
80.091485 94.411722
80.091485 95.079338
80.091485 95.746954
80.091485 96.414569
80.759101 97.082185
80.759101 97.749801
80.759101 98.417416
80.759101 99.085032
80.759101 99.752648
80.759101 100.420263
80.759101 101.087879
81.426717 101.755495
81.426717 102.423110
81.426717 103.090726
81.426717 103.758342
81.426717 104.425957
82.094332 105.093573
82.094332 105.761189
82.094332 106.428804
82.761948 107.096420
82.761948 107.764036
82.761948 108.431651
83.429564 109.099267
83.429564 109.766883
83.429564 110.434498
84.097179 111.102114
84.097179 111.769730
84.097179 112.437345
84.097179 113.104961
84.764795 113.772577
84.764795 114.440192
85.432411 115.107808
85.432411 115.775424
86.100026 116.443039
86.767642 117.110655
86.767642 117.778271
87.435258 118.445886
87.435258 119.113502
88.102873 119.781118
88.770489 120.448733
88.770489 121.116349
89.438105 121.783965
89.438105 122.451580
90.105720 123.119196
90.773336 123.786812
91.440952 124.454427
92.108567 125.122043
92.776183 125.789659
93.443799 126.457274
94.111414 127.124890
94.779030 127.792506
95.446646 128.460121
96.114261 129.127737
96.781877 129.795353
96.781877 130.462968
97.449493 131.130584
98.117108 131.798200
98.784724 132.465815
98.784724 133.133431
99.452340 133.801047
100.119955 134.468662
100.787571 135.136278
101.455187 135.803894
102.122802 136.471509
102.790418 137.139125
103.458034 137.806741
104.125649 138.474356
104.793265 139.141972
105.460881 139.809588
106.128496 139.809588
106.796112 140.477203
107.463728 141.144819
108.131343 141.144819
108.798959 141.812435
109.466575 142.480050
110.134190 142.480050
110.801806 143.147666
111.469422 143.815282
112.137037 143.815282
112.804653 144.482897
113.472269 144.482897
114.139884 145.150513
114.807500 145.150513
115.475116 145.150513
116.142731 145.818129
116.810347 146.485744
117.477963 146.485744
118.145578 147.153360
118.813194 147.153360
119.480810 147.153360
120.148425 147.820976
120.816041 147.820976
121.483657 147.820976
122.151272 148.488591
122.151272 149.156207
122.151272 149.823823
122.818888 150.491438
123.486504 151.159054
122.818888 151.826670
122.818888 152.494285
122.818888 153.161901
122.818888 153.829517
122.818888 154.497132
122.151272 155.164748
122.151272 155.832364
122.151272 156.499979
122.151272 157.167595
122.151272 157.835211
122.151272 158.502826
121.483657 159.170442
120.816041 159.838058
120.148425 159.838058
119.480810 159.838058
118.813194 159.838058
118.145578 160.505673
117.477963 161.173289
116.810347 161.173289
116.142731 161.840905
115.475116 161.840905
114.807500 162.508520
114.139884 162.508520
113.472269 162.508520
112.804653 162.508520
112.137037 162.508520
111.469422 162.508520
110.801806 163.176136
110.134190 163.176136
109.466575 163.176136
108.798959 163.843752
108.131343 163.843752
107.463728 163.843752
106.796112 163.843752
106.128496 163.843752
105.460881 164.511367
104.793265 164.511367
104.125649 164.511367
103.458034 164.511367
102.790418 165.178983
102.122802 165.178983
101.455187 165.178983
100.787571 165.178983
100.119955 165.846599
99.452340 165.846599
98.784724 165.846599
98.117108 165.846599
97.449493 166.514214
96.781877 166.514214
96.114261 166.514214
95.446646 166.514214
94.779030 166.514214
94.111414 167.181830
93.443799 167.181830
92.776183 167.181830
92.108567 167.181830
91.440952 167.849446
90.773336 167.849446
90.105720 167.849446
89.438105 168.517061
88.770489 168.517061
88.102873 168.517061
87.435258 168.517061
86.767642 168.517061
86.100026 169.184677
85.432411 169.184677
84.764795 169.184677
84.097179 169.184677
83.429564 169.852293
82.761948 169.852293
82.094332 169.852293
81.426717 170.519908
80.759101 170.519908
80.091485 170.519908
79.423870 171.187524
78.756254 171.187524
78.088638 171.187524
77.421023 171.187524
76.753407 171.187524
76.085791 171.187524
75.418176 171.187524
74.750560 171.187524
74.082944 171.187524
73.415329 171.187524
72.747713 171.187524
72.080097 171.187524
71.412482 171.187524
70.744866 171.187524
70.077250 171.187524
69.409635 171.187524
68.742019 171.187524
68.074403 171.187524
67.406788 171.187524
66.739172 170.519908
66.071556 169.852293
65.403941 169.184677
64.736325 168.517061
64.068709 167.849446
63.401094 167.181830
62.733478 166.514214
62.065862 165.846599
61.398247 165.178983
60.730631 164.511367
60.730631 163.843752
60.730631 163.176136
60.063015 162.508520
60.063015 161.840905
60.063015 161.173289
60.063015 160.505673
59.395400 159.838058
59.395400 159.170442
59.395400 158.502826
58.727784 157.835211
58.727784 157.167595
58.060168 156.499979
58.060168 155.832364
58.060168 155.164748
57.392553 154.497132
57.392553 153.829517
57.392553 153.161901
56.724937 152.494285
56.724937 151.826670
56.724937 151.159054
56.057321 150.491438
56.057321 149.823823
56.057321 149.156207
56.057321 148.488591
55.389706 147.820976
55.389706 147.153360
55.389706 146.485744
55.389706 145.818129
54.722090 145.150513
54.722090 144.482897
54.722090 143.815282
54.054474 143.147666
54.054474 142.480050
54.054474 141.812435
53.386859 141.144819
53.386859 140.477203
53.386859 139.809588
52.719243 139.141972
52.719243 138.474356
52.719243 137.806741
52.051627 137.139125
52.051627 136.471509
52.051627 135.803894
51.384012 135.136278
51.384012 134.468662
51.384012 133.801047
50.716396 133.133431
50.716396 132.465815
50.716396 131.798200
50.048780 131.130584
50.716396 130.462968
51.384012 129.795353
51.384012 129.127737
51.384012 128.460121
51.384012 127.792506
51.384012 127.124890
52.051627 126.457274
52.051627 125.789659
52.051627 125.122043
52.051627 124.454427
52.051627 123.786812
52.051627 123.119196
52.051627 122.451580
52.051627 121.783965
52.051627 121.116349
52.051627 120.448733
52.051627 119.781118
52.719243 119.113502
52.719243 118.445886
52.719243 117.778271
52.719243 117.110655
52.719243 116.443039
52.719243 115.775424
52.719243 115.107808
52.719243 114.440192
52.719243 113.772577
52.719243 113.104961
52.719243 112.437345
52.719243 111.769730
53.386859 111.102114
53.386859 110.434498
53.386859 109.766883
53.386859 109.099267
53.386859 108.431651
53.386859 107.764036
53.386859 107.096420
53.386859 106.428804
53.386859 105.761189
53.386859 105.093573
53.386859 104.425957
54.054474 103.758342
54.054474 103.090726
54.054474 102.423110
54.054474 101.755495
54.054474 101.087879
54.054474 100.420263
54.054474 99.752648
54.054474 99.085032
54.722090 98.417416
54.722090 97.749801
54.722090 97.082185
54.722090 96.414569
54.722090 95.746954
55.389706 95.079338
55.389706 94.411722
55.389706 93.744107
55.389706 93.076491
55.389706 92.408875
56.057321 91.741260
56.057321 91.073644
56.057321 90.406028
56.057321 89.738413
56.724937 89.070797
56.724937 88.403181
57.392553 87.735566
57.392553 87.067950
57.392553 86.400334
57.392553 85.732719
58.060168 85.065103
58.060168 84.397487
58.727784 83.729872
59.395400 83.062256
60.063015 82.394640
60.730631 81.727025
61.398247 81.059409
61.398247 80.391793
62.065862 79.724178
62.733478 79.056562
63.401094 78.388946
63.401094 77.721331
64.068709 77.053715
64.736325 76.386099
64.736325 75.718484
65.403941 75.050868
66.071556 74.383252
66.071556 73.715637
66.739172 73.048021
66.739172 72.380405
67.406788 71.712790
68.074403 71.045174
68.074403 70.377558
68.742019 69.709943
68.742019 69.042327
69.409635 68.374711
70.077250 67.707096
70.744866 67.039480
71.412482 66.371864
72.080097 66.371864
72.747713 65.704249
73.415329 65.704249
74.082944 65.036633
74.750560 64.369017
75.418176 64.369017
76.085791 63.701402
76.753407 63.033786
77.421023 62.366170
78.088638 61.698555
78.756254 61.698555
79.423870 61.698555
80.091485 61.698555
80.759101 61.698555
81.426717 62.366170
82.094332 62.366170
82.761948 62.366170
83.429564 62.366170
84.097179 62.366170
84.764795 63.033786
85.432411 63.033786
