81.091910 75.834513
81.611262 76.353866
81.611262 76.873218
81.611262 77.392571
81.611262 77.911923
82.130615 77.911923
82.130615 78.431276
82.130615 78.950629
82.649968 79.469981
82.649968 79.989334
82.649968 80.508686
82.649968 81.028039
82.649968 81.547392
82.649968 82.066744
82.649968 82.586097
82.649968 83.105450
82.649968 83.624802
82.649968 84.144155
82.649968 84.663507
82.649968 85.182860
82.649968 85.702213
82.649968 86.221565
82.649968 86.740918
82.649968 87.260270
82.649968 87.779623
82.649968 88.298976
82.130615 88.818328
82.130615 89.337681
82.130615 89.857034
82.130615 90.376386
82.130615 90.895739
81.611262 91.415091
81.611262 91.934444
81.611262 92.453797
81.611262 92.973149
81.611262 93.492502
81.611262 94.011854
81.091910 94.531207
81.091910 95.050560
81.091910 95.569912
81.091910 96.089265
81.091910 96.608618
81.091910 97.127970
81.091910 97.647323
81.091910 98.166675
81.091910 98.686028
81.091910 99.205381
81.091910 99.724733
81.091910 100.244086
81.091910 100.763438
81.091910 101.282791
81.091910 101.802144
81.091910 102.321496
80.572557 102.840849
80.572557 103.360202
80.572557 103.879554
80.572557 104.398907
80.572557 104.918259
80.572557 105.437612
80.572557 105.956965
80.572557 106.476317
80.572557 106.995670
80.572557 107.515022
80.572557 108.034375
80.572557 108.553728
80.572557 109.073080
80.572557 109.592433
80.572557 110.111786
80.572557 110.631138
80.572557 111.150491
80.572557 111.669843
80.572557 112.189196
80.572557 112.708549
80.572557 113.227901
80.572557 113.747254
81.091910 114.266606
81.091910 114.785959
81.091910 115.305312
81.091910 115.824664
81.091910 116.344017
81.091910 116.863369
81.611262 117.382722
81.611262 117.902075
81.611262 118.421427
81.611262 118.940780
81.611262 119.460133
82.130615 119.460133
82.130615 119.979485
82.130615 120.498838
82.130615 121.018190
82.649968 121.537543
82.649968 122.056896
82.649968 122.576248
83.169320 123.095601
83.169320 123.614953
83.169320 124.134306
83.688673 124.653659
83.688673 125.173011
83.688673 125.692364
84.208025 126.211717
84.208025 126.731069
84.208025 127.250422
84.727378 127.250422
84.727378 127.769774
85.246731 128.289127
85.246731 128.808480
85.246731 129.327832
85.766083 129.327832
85.766083 129.847185
86.285436 130.366537
86.285436 130.885890
86.804788 131.405243
86.804788 131.924595
87.324141 131.924595
87.324141 132.443948
87.843494 132.963301
87.843494 133.482653
88.362846 134.002006
88.362846 134.521358
88.882199 134.521358
88.882199 135.040711
89.401552 135.040711
89.401552 135.560064
89.920904 136.079416
90.440257 136.598769
90.440257 137.118121
90.959609 137.118121
90.959609 137.637474
91.478962 137.637474
91.478962 138.156827
91.998315 138.676179
92.517667 139.195532
93.037020 139.714885
93.556372 140.234237
93.556372 140.753590
94.075725 140.753590
94.595078 141.272942
95.114430 141.792295
95.633783 142.311648
96.153136 142.831000
96.672488 142.831000
97.191841 143.350353
97.711193 143.869705
98.230546 144.389058
98.749899 144.908411
99.269251 144.908411
99.788604 145.427763
100.307956 145.947116
100.827309 146.466469
101.346662 146.466469
101.866014 146.985821
102.385367 146.985821
102.904720 147.505174
103.424072 148.024526
103.943425 148.024526
104.462777 148.543879
104.982130 148.543879
105.501483 149.063232
106.020835 149.063232
106.540188 149.582584
107.059540 149.582584
107.578893 150.101937
108.098246 150.101937
108.617598 150.621289
109.136951 150.621289
109.656303 150.621289
110.175656 151.140642
110.695009 151.140642
111.214361 151.140642
111.733714 151.659995
112.253067 151.659995
112.772419 151.659995
113.291772 152.179347
113.811124 152.179347
114.330477 152.179347
114.849830 152.179347
115.369182 152.698700
115.888535 152.698700
116.407887 152.698700
116.927240 152.698700
117.446593 153.218053
117.965945 153.218053
118.485298 153.218053
119.004651 153.218053
119.524003 153.218053
120.043356 153.218053
120.562708 153.218053
121.082061 153.737405
121.601414 153.737405
122.120766 154.256758
122.640119 154.776110
122.640119 155.814816
123.159471 156.853521
123.678824 157.372873
124.198177 158.411579
123.678824 158.930931
123.678824 159.450284
123.678824 159.969637
123.159471 160.488989
123.159471 161.008342
122.640119 161.527694
122.640119 162.047047
122.640119 162.566400
122.120766 163.085752
121.082061 163.085752
120.562708 163.605105
120.043356 163.605105
119.524003 164.124457
119.004651 164.124457
118.485298 164.643810
117.446593 164.643810
116.927240 165.163163
116.407887 165.163163
115.888535 165.682515
115.369182 165.682515
114.849830 166.201868
113.811124 166.201868
113.291772 166.721221
112.772419 166.721221
112.253067 167.240573
111.733714 167.240573
111.214361 167.759926
110.175656 167.759926
109.656303 167.759926
109.136951 167.759926
108.617598 167.759926
108.098246 167.759926
107.578893 167.759926
107.059540 167.759926
106.540188 167.759926
106.020835 168.279278
105.501483 168.279278
104.462777 168.279278
103.943425 168.279278
103.424072 168.279278
102.904720 168.279278
102.385367 168.279278
101.866014 168.279278
100.827309 168.798631
100.307956 168.798631
99.788604 168.798631
99.269251 168.798631
98.749899 168.798631
97.711193 168.798631
97.191841 168.798631
96.672488 168.798631
96.153136 169.317984
95.633783 169.317984
94.595078 169.317984
94.075725 169.317984
93.556372 169.317984
93.037020 169.317984
92.517667 169.317984
91.478962 169.317984
90.959609 169.317984
90.440257 169.317984
89.920904 168.798631
88.882199 168.798631
88.362846 168.798631
87.843494 168.279278
87.324141 168.279278
86.804788 167.759926
85.766083 167.759926
85.246731 167.759926
84.727378 167.240573
84.208025 167.240573
83.169320 167.240573
82.649968 166.721221
82.130615 166.721221
81.611262 166.721221
80.572557 166.201868
80.053204 166.201868
79.533852 166.201868
79.014499 165.682515
77.975794 165.682515
77.456441 165.682515
76.937089 165.163163
76.417736 165.163163
75.898384 164.643810
75.379031 164.124457
74.859678 163.605105
74.340326 163.085752
74.340326 162.566400
73.820973 162.047047
73.820973 161.527694
73.301620 161.008342
72.782268 160.488989
72.782268 159.450284
72.262915 158.930931
72.262915 158.411579
71.743563 157.892226
71.743563 157.372873
71.224210 156.853521
70.704857 156.334168
70.704857 155.295463
70.185505 154.776110
70.185505 154.256758
69.666152 153.737405
69.666152 153.218053
69.146800 152.698700
69.146800 152.179347
68.627447 151.659995
68.627447 151.140642
68.627447 150.621289
68.108094 150.101937
68.108094 149.063232
68.108094 148.543879
68.108094 147.505174
68.108094 146.985821
68.108094 145.947116
68.108094 145.427763
68.108094 144.389058
67.588742 143.869705
67.588742 142.831000
67.588742 142.311648
67.588742 141.272942
67.588742 140.753590
67.588742 140.234237
67.588742 139.195532
67.588742 138.676179
67.588742 137.637474
67.588742 137.118121
67.588742 136.079416
67.069389 135.560064
67.069389 134.521358
67.069389 134.002006
67.069389 132.963301
67.069389 132.443948
67.069389 131.405243
67.069389 130.885890
67.069389 129.847185
67.069389 129.327832
67.069389 128.808480
66.550036 127.769774
66.550036 127.250422
66.550036 126.211717
66.550036 125.692364
66.550036 124.653659
66.550036 124.134306
66.030684 123.614953
66.030684 123.095601
65.511331 122.576248
65.511331 122.056896
65.511331 121.537543
64.991979 121.018190
64.991979 119.979485
64.991979 119.460133
64.991979 118.940780
64.472626 117.902075
64.472626 117.382722
64.472626 116.863369
63.953273 115.824664
63.953273 115.305312
63.953273 114.785959
63.433921 113.747254
63.433921 113.227901
63.433921 112.708549
63.433921 111.669843
62.914568 111.150491
62.914568 110.631138
62.914568 109.592433
62.395216 109.073080
62.395216 108.553728
62.395216 107.515022
61.875863 106.995670
61.875863 106.476317
61.875863 105.437612
61.875863 104.918259
61.875863 104.398907
61.875863 103.879554
61.875863 103.360202
61.875863 102.840849
61.875863 102.321496
62.395216 101.802144
62.395216 101.282791
62.395216 100.763438
62.395216 99.724733
62.395216 99.205381
62.914568 98.686028
62.914568 98.166675
62.914568 97.647323
62.914568 97.127970
62.914568 96.608618
62.914568 96.089265
63.433921 95.569912
63.433921 95.050560
63.433921 94.531207
63.433921 93.492502
63.433921 92.973149
63.953273 92.453797
63.953273 91.934444
63.953273 91.415091
63.953273 90.895739
63.953273 90.376386
64.472626 89.857034
64.472626 89.337681
64.472626 88.818328
64.472626 88.298976
64.472626 87.779623
64.991979 86.740918
64.991979 86.221565
64.991979 85.702213
65.511331 85.182860
66.030684 84.663507
66.030684 84.144155
66.550036 83.624802
67.069389 83.105450
67.069389 82.066744
67.588742 81.547392
68.108094 81.028039
68.108094 80.508686
68.627447 79.989334
69.146800 79.469981
69.146800 78.950629
69.666152 78.431276
70.185505 77.911923
70.704857 76.873218
70.704857 76.353866
71.224210 75.834513
71.743563 75.315160
71.743563 74.795808
72.262915 74.276455
72.782268 73.757102
73.301620 73.757102
73.820973 73.237750
74.340326 73.237750
75.379031 72.718397
75.898384 72.718397
76.417736 72.199045
76.937089 72.199045
77.456441 71.679692
77.975794 71.679692
78.495147 71.160339
79.014499 71.679692
79.533852 72.199045
80.053204 72.199045
80.572557 72.718397
80.572557 73.237750
80.572557 73.757102
81.091910 73.757102
81.091910 74.276455
81.091910 74.795808
81.091910 75.315160
81.091910 75.834513
