78.010717 78.493679
78.010717 79.006200
78.010717 79.518721
78.523238 80.031242
78.523238 80.543763
78.523238 81.056284
78.523238 81.568805
79.035759 82.081326
79.035759 82.593847
79.548280 83.106368
79.548280 83.618889
80.060802 84.131410
80.573323 84.643931
80.573323 85.156452
81.085844 85.668973
81.085844 86.181494
81.085844 86.694015
81.085844 87.206536
81.598365 87.719058
81.598365 88.231579
81.598365 88.744100
81.085844 89.256621
81.085844 89.769142
81.085844 90.281663
80.573323 90.794184
80.573323 91.306705
80.573323 91.819226
80.060802 92.331747
80.060802 92.844268
80.060802 93.356789
80.060802 93.869310
79.548280 94.381831
79.548280 94.894352
79.548280 95.406873
79.548280 95.919394
79.035759 96.431915
79.035759 96.944436
79.035759 97.456957
79.035759 97.969478
79.035759 98.481999
79.035759 98.994520
79.035759 99.507041
78.523238 100.019563
78.523238 100.532084
78.523238 101.044605
78.523238 101.557126
78.523238 102.069647
78.523238 102.582168
78.523238 103.094689
78.523238 103.607210
78.523238 104.119731
78.523238 104.632252
78.523238 105.144773
78.523238 105.657294
78.523238 106.169815
78.523238 106.682336
78.523238 107.194857
78.523238 107.707378
78.523238 108.219899
78.523238 108.732420
78.523238 109.244941
78.523238 109.757462
79.035759 110.269983
79.035759 110.782504
79.035759 111.295025
79.035759 111.807546
79.035759 112.320068
79.035759 112.832589
79.035759 113.345110
79.548280 113.857631
79.548280 114.370152
79.548280 114.882673
79.548280 115.395194
80.060802 115.907715
80.060802 116.420236
80.060802 116.932757
80.573323 117.445278
80.573323 117.957799
80.573323 118.470320
80.573323 118.982841
81.085844 119.495362
81.085844 120.007883
81.085844 120.520404
81.598365 121.032925
82.110886 121.545446
82.110886 122.057967
82.110886 122.570488
82.110886 123.083009
82.623407 123.595530
82.623407 124.108052
82.623407 124.620573
83.135928 125.133094
83.135928 125.645615
83.648449 126.158136
83.648449 126.670657
83.648449 127.183178
84.160970 127.695699
84.160970 128.208220
84.160970 128.720741
84.673491 129.233262
84.673491 129.745783
84.673491 130.258304
85.186012 130.770825
85.186012 131.283346
85.186012 131.795867
85.698533 132.308388
85.698533 132.820909
86.211054 133.333430
86.211054 133.845951
86.211054 134.358472
86.723575 134.870993
87.236096 135.383514
87.236096 135.896035
87.236096 136.408557
87.748617 136.921078
88.261138 137.433599
88.261138 137.946120
88.773659 138.458641
88.773659 138.971162
89.286180 139.483683
89.798701 139.996204
89.798701 140.508725
90.311222 141.021246
90.823743 141.533767
90.823743 142.046288
91.848785 142.558809
91.848785 143.071330
92.361307 143.583851
92.361307 144.096372
92.873828 144.608893
92.873828 145.121414
93.386349 145.121414
93.386349 145.633935
93.898870 146.146456
93.898870 146.658977
94.411391 146.658977
94.411391 147.171498
94.923912 147.171498
94.923912 147.684019
94.923912 148.196540
95.436433 148.196540
95.948954 148.709062
96.461475 149.221583
96.461475 149.734104
96.973996 149.734104
97.486517 150.246625
97.999038 150.759146
97.999038 151.271667
98.511559 151.271667
99.024080 151.784188
99.536601 152.296709
100.049122 152.809230
100.561643 153.321751
101.074164 153.834272
101.586685 153.834272
102.099206 154.346793
102.611727 154.859314
103.124248 155.371835
103.636769 155.371835
104.149291 155.884356
104.661812 156.396877
105.174333 156.396877
105.686854 156.909398
106.199375 156.909398
106.711896 157.421919
107.224417 157.421919
107.736938 157.934440
108.249459 157.934440
108.761980 158.446961
109.274501 158.446961
109.787022 158.959482
110.299543 158.959482
110.812064 159.472003
111.324585 159.472003
111.837106 159.472003
112.349627 159.984524
112.862148 159.984524
113.374669 159.984524
113.887190 160.497045
114.399711 160.497045
114.912232 160.497045
115.424753 160.497045
115.937274 161.009567
116.449796 161.009567
116.962317 161.009567
117.474838 161.009567
117.987359 161.009567
118.499880 161.522088
117.987359 162.034609
117.474838 162.547130
117.474838 163.059651
116.962317 163.572172
116.449796 164.084693
115.937274 164.597214
115.424753 165.109735
114.912232 165.109735
114.399711 165.109735
113.887190 165.109735
113.374669 165.109735
112.862148 165.622256
112.349627 165.622256
111.837106 165.622256
111.324585 165.622256
110.812064 166.134777
110.299543 166.134777
109.787022 166.647298
109.274501 166.647298
108.761980 166.647298
108.249459 167.159819
107.736938 167.159819
107.224417 167.159819
106.711896 167.159819
106.199375 167.159819
105.686854 167.159819
105.174333 167.159819
104.661812 167.159819
104.149291 167.159819
103.636769 167.159819
103.124248 167.159819
102.611727 167.159819
102.099206 167.672340
101.586685 167.672340
101.074164 167.672340
100.561643 167.672340
100.049122 167.672340
99.536601 167.672340
99.024080 167.672340
98.511559 167.672340
97.999038 167.672340
97.486517 167.672340
96.973996 167.672340
96.461475 167.672340
95.948954 167.672340
95.436433 167.672340
94.923912 167.672340
94.411391 167.672340
93.898870 167.672340
93.386349 168.184861
92.873828 168.184861
92.361307 168.184861
91.848785 168.184861
91.336264 168.184861
90.823743 168.184861
90.311222 168.184861
89.798701 168.184861
89.286180 168.184861
88.773659 168.184861
88.261138 168.697382
87.748617 168.697382
87.236096 168.184861
86.723575 167.672340
86.211054 167.159819
85.698533 167.159819
85.186012 166.647298
84.673491 166.134777
84.160970 165.622256
83.648449 165.109735
83.135928 164.597214
82.623407 164.084693
82.110886 163.572172
81.598365 163.059651
81.085844 162.547130
80.573323 162.034609
80.060802 161.522088
79.548280 161.009567
79.035759 160.497045
78.523238 159.984524
78.010717 159.472003
77.498196 158.959482
76.985675 158.446961
76.473154 157.934440
75.960633 157.421919
75.448112 156.909398
75.448112 156.396877
74.935591 155.884356
74.423070 155.371835
73.910549 154.859314
73.910549 154.346793
73.910549 153.834272
73.910549 153.321751
73.910549 152.809230
73.910549 152.296709
73.910549 151.784188
73.910549 151.271667
73.910549 150.759146
73.910549 150.246625
73.910549 149.734104
73.910549 149.221583
73.910549 148.709062
73.910549 148.196540
73.910549 147.684019
73.910549 147.171498
73.910549 146.658977
73.910549 146.146456
73.910549 145.633935
73.910549 145.121414
73.910549 144.608893
73.910549 144.096372
73.910549 143.583851
73.910549 143.071330
73.910549 142.558809
73.910549 142.046288
73.910549 141.533767
73.910549 141.021246
73.910549 140.508725
73.910549 139.996204
73.910549 139.483683
73.910549 138.971162
73.910549 138.458641
73.910549 137.946120
73.910549 137.433599
73.910549 136.921078
73.910549 136.408557
73.910549 135.896035
73.910549 135.383514
73.910549 134.870993
73.910549 134.358472
73.910549 133.845951
73.910549 133.333430
73.910549 132.820909
73.910549 132.308388
73.910549 131.795867
73.910549 131.283346
73.910549 130.770825
73.910549 130.258304
73.910549 129.745783
73.910549 129.233262
73.910549 128.720741
73.910549 128.208220
73.910549 127.695699
73.910549 127.183178
73.910549 126.670657
73.910549 126.158136
73.910549 125.645615
73.910549 125.133094
73.910549 124.620573
73.910549 124.108052
73.910549 123.595530
73.910549 123.083009
73.910549 122.570488
73.910549 122.057967
73.910549 121.545446
73.910549 121.032925
73.910549 120.520404
73.910549 120.007883
73.910549 119.495362
73.910549 118.982841
73.910549 118.470320
73.398028 117.957799
73.398028 117.445278
73.398028 116.932757
73.398028 116.420236
73.398028 115.907715
73.398028 115.395194
72.885507 114.882673
72.885507 114.370152
72.885507 113.857631
72.885507 113.345110
72.372986 112.832589
72.372986 112.320068
72.372986 111.807546
72.372986 111.295025
72.372986 110.782504
72.372986 110.269983
71.860465 109.757462
71.860465 109.244941
71.860465 108.732420
71.860465 108.219899
71.347944 107.707378
71.347944 107.194857
71.347944 106.682336
71.347944 106.169815
71.347944 105.657294
70.835423 105.144773
70.835423 104.632252
70.835423 104.119731
70.835423 103.607210
70.322902 103.094689
70.322902 102.582168
70.322902 102.069647
70.322902 101.557126
70.322902 101.044605
70.322902 100.532084
69.810381 100.019563
69.810381 99.507041
69.810381 98.994520
69.810381 98.481999
69.810381 97.969478
69.297860 97.456957
69.297860 96.431915
69.297860 95.919394
69.297860 95.406873
69.297860 94.894352
69.297860 94.381831
69.297860 93.869310
69.297860 93.356789
69.297860 92.844268
69.297860 92.331747
69.297860 91.819226
69.297860 91.306705
69.297860 90.794184
69.297860 90.281663
69.297860 89.769142
69.297860 89.256621
69.810381 88.744100
69.810381 88.231579
69.810381 87.719058
69.810381 87.206536
69.810381 86.694015
69.810381 86.181494
69.810381 85.668973
69.810381 85.156452
70.322902 84.643931
70.322902 84.131410
70.322902 83.618889
70.322902 83.106368
70.322902 82.593847
70.835423 82.081326
71.347944 81.568805
71.860465 81.056284
72.372986 80.543763
72.885507 80.031242
73.398028 79.518721
73.910549 79.006200
73.910549 78.493679
74.423070 77.981158
74.935591 77.468637
75.448112 77.468637
75.960633 77.468637
76.473154 77.981158
76.985675 77.981158
77.498196 77.981158
78.010717 78.493679
