80.210946 96.006091
79.809302 96.407735
79.809302 96.809379
79.809302 97.211023
79.407658 97.612667
79.407658 98.415954
79.006014 98.817598
79.006014 99.219242
79.006014 99.620886
78.604370 100.424174
78.604370 100.825817
78.202726 101.227461
78.202726 101.629105
78.202726 102.030749
77.801083 102.834037
77.801083 103.235680
77.801083 103.637324
77.399439 104.038968
77.399439 104.440612
76.997795 105.243900
76.997795 105.645543
76.997795 106.047187
76.596151 106.448831
76.596151 106.850475
76.596151 107.653763
76.997795 108.055406
77.399439 108.457050
77.399439 108.858694
77.801083 109.260338
77.801083 109.661982
78.202726 110.465270
78.202726 110.866913
78.604370 111.268557
79.006014 111.670201
79.006014 112.071845
79.407658 112.473489
79.407658 113.276776
79.809302 113.678420
80.210946 114.080064
80.210946 114.481708
80.612589 114.883352
80.612589 115.284996
80.612589 116.088283
81.014233 116.489927
81.014233 116.891571
81.415877 117.293215
81.415877 118.096503
81.415877 118.498146
81.817521 118.899790
81.817521 119.301434
81.817521 120.104722
82.219165 120.506366
82.219165 120.908009
82.620809 121.711297
82.620809 122.112941
82.620809 122.514585
83.022452 122.916229
83.022452 123.719516
83.424096 124.121160
83.424096 124.522804
83.424096 124.924448
83.825740 125.727735
83.825740 126.129379
83.825740 126.531023
84.227384 126.932667
84.227384 127.334311
84.227384 128.137599
84.227384 128.539242
84.227384 128.940886
84.227384 129.342530
84.227384 129.744174
84.227384 130.145818
84.227384 130.547462
84.227384 130.949105
84.227384 131.350749
84.227384 131.752393
84.227384 132.154037
84.227384 132.555681
84.227384 132.957325
84.227384 133.358968
84.227384 133.760612
84.629028 134.162256
84.629028 134.563900
84.629028 134.965544
84.629028 135.367188
84.629028 135.768832
84.629028 136.170475
84.629028 136.572119
84.629028 137.375407
84.629028 137.777051
84.629028 138.178695
84.629028 138.580338
84.629028 138.981982
84.629028 139.383626
84.629028 139.785270
84.629028 140.186914
84.629028 140.588558
84.629028 140.990201
84.629028 141.391845
84.629028 141.793489
84.629028 142.195133
84.629028 142.596777
84.629028 142.998421
84.629028 143.400064
84.629028 143.801708
85.030672 144.203352
85.030672 144.604996
85.432315 145.006640
85.833959 145.408284
85.833959 145.809928
86.235603 146.211571
86.637247 146.613215
86.637247 147.014859
87.038891 147.416503
87.440535 147.818147
87.440535 148.219791
87.842179 148.621434
88.243822 149.023078
88.243822 149.424722
88.645466 150.228010
89.047110 150.629654
89.047110 151.031297
89.448754 151.432941
89.850398 151.834585
89.850398 152.236229
90.252042 152.637873
90.653685 153.039517
90.653685 153.441161
91.055329 153.842804
91.456973 154.244448
91.456973 154.646092
91.858617 155.047736
92.260261 155.449380
92.260261 155.851024
92.661905 156.252667
93.063548 156.654311
93.063548 157.055955
93.465192 157.457599
93.866836 157.859243
94.268480 157.859243
94.670124 158.260887
95.071768 158.260887
95.875055 158.260887
96.276699 158.662530
96.678343 158.662530
97.481631 158.662530
97.883275 159.064174
98.284918 159.064174
99.088206 159.064174
99.489850 159.465818
99.891494 159.465818
100.694781 159.465818
101.096425 159.867462
101.498069 159.867462
102.301357 159.867462
102.703001 160.269106
103.104645 160.269106
103.907932 160.269106
104.309576 160.670750
104.711220 160.670750
105.514508 160.670750
105.916151 161.072393
106.317795 161.072393
107.121083 161.072393
107.522727 161.072393
107.924371 161.072393
108.326014 161.072393
108.727658 161.072393
109.530946 161.072393
109.932590 161.072393
110.334234 161.072393
110.735877 161.072393
111.137521 161.072393
111.940809 161.072393
112.342453 161.072393
112.744097 161.072393
113.145741 161.072393
113.949028 161.072393
114.350672 161.072393
114.752316 161.072393
115.153960 161.072393
115.555604 161.072393
116.358891 161.072393
116.760535 161.072393
117.162179 161.072393
117.563823 161.072393
117.965467 161.072393
118.768754 161.072393
119.170398 161.072393
119.572042 161.072393
119.973686 160.670750
120.375330 160.269106
120.776974 159.867462
121.178617 159.465818
121.580261 159.465818
121.981905 159.064174
122.785193 158.662530
123.186837 158.260887
123.588480 158.260887
123.990124 157.859243
124.391768 157.457599
124.793412 157.055955
125.596700 157.055955
125.998343 156.654311
126.399987 156.252667
126.801631 155.851024
127.203275 155.851024
128.006563 155.449380
128.408206 155.047736
128.809850 154.646092
129.211494 154.646092
129.613138 154.244448
130.014782 153.842804
130.818070 153.441161
130.818070 153.039517
131.219713 152.637873
131.219713 152.236229
131.219713 151.834585
131.621357 151.432941
131.621357 151.031297
132.023001 150.629654
132.023001 150.228010
132.023001 149.424722
132.424645 149.023078
132.023001 148.621434
131.621357 147.818147
130.818070 147.014859
130.416426 146.613215
130.014782 145.809928
129.613138 145.408284
129.211494 145.408284
128.809850 145.408284
128.408206 145.408284
128.006563 145.408284
127.604919 145.408284
127.203275 145.408284
126.801631 145.408284
126.399987 145.408284
126.399987 145.006640
125.998343 145.006640
125.596700 145.006640
125.195056 145.006640
124.793412 145.006640
124.391768 145.006640
123.990124 145.006640
123.588480 145.006640
123.186837 145.006640
123.186837 144.604996
122.785193 144.604996
122.383549 144.604996
121.981905 144.604996
121.580261 144.604996
121.178617 144.604996
121.178617 144.203352
120.776974 144.203352
120.375330 144.203352
119.973686 144.203352
119.572042 144.203352
119.572042 143.801708
119.170398 143.801708
118.768754 143.801708
118.367110 143.400064
117.965467 143.400064
117.563823 143.400064
117.162179 142.998421
116.760535 142.998421
116.358891 142.998421
115.957247 142.998421
115.957247 142.596777
115.555604 142.596777
115.153960 142.596777
115.153960 142.195133
114.752316 142.195133
114.350672 142.195133
114.350672 141.793489
113.949028 141.793489
113.547384 141.793489
113.547384 141.391845
113.145741 141.391845
112.744097 141.391845
112.744097 140.990201
112.342453 140.990201
111.940809 140.588558
111.539165 140.588558
111.137521 140.186914
110.735877 140.186914
110.735877 139.785270
110.334234 139.785270
109.932590 139.383626
109.530946 139.383626
109.129302 139.383626
109.129302 138.981982
108.727658 138.580338
108.326014 138.580338
108.326014 138.178695
107.924371 138.178695
107.522727 137.777051
107.121083 137.777051
107.121083 137.375407
106.719439 136.973763
106.317795 136.973763
106.317795 136.572119
105.916151 136.572119
105.514508 136.170475
105.112864 135.768832
104.711220 135.768832
104.711220 135.367188
104.309576 134.965544
103.907932 134.563900
103.506288 134.162256
103.104645 133.760612
102.703001 133.358968
102.301357 132.957325
101.899713 132.555681
101.899713 132.154037
101.498069 131.752393
101.096425 131.350749
100.694781 130.949105
100.293138 130.547462
100.293138 130.145818
99.891494 129.744174
99.489850 129.342530
99.088206 128.940886
99.088206 128.539242
98.686562 128.137599
98.284918 127.735955
98.284918 127.334311
97.883275 126.932667
97.883275 126.531023
97.481631 126.129379
97.079987 125.727735
97.079987 125.326092
96.678343 124.924448
96.678343 124.522804
96.276699 124.121160
96.276699 123.719516
95.875055 123.317872
95.473412 122.916229
95.473412 122.514585
95.071768 122.112941
95.071768 121.711297
94.670124 121.309653
94.670124 120.908009
94.268480 120.506366
94.268480 120.104722
93.866836 119.703078
93.866836 119.301434
93.465192 118.899790
93.465192 118.498146
93.063548 118.096503
93.063548 117.694859
93.063548 117.293215
92.661905 116.891571
92.661905 116.489927
92.661905 116.088283
92.260261 115.686639
92.260261 115.284996
92.260261 114.883352
91.858617 114.481708
91.858617 114.080064
91.858617 113.678420
91.456973 113.276776
91.456973 112.875133
91.456973 112.473489
91.456973 112.071845
91.055329 111.670201
91.055329 111.268557
91.055329 110.866913
91.055329 110.465270
91.055329 110.063626
90.653685 109.661982
90.653685 109.260338
90.653685 108.858694
90.653685 108.457050
90.653685 108.055406
90.653685 107.653763
90.653685 107.252119
90.653685 106.850475
90.252042 106.448831
90.252042 106.047187
90.252042 105.645543
90.252042 105.243900
90.252042 104.842256
90.252042 104.440612
90.252042 104.038968
90.252042 103.637324
90.252042 103.235680
90.252042 102.834037
90.252042 102.432393
90.252042 102.030749
90.252042 101.629105
90.252042 101.227461
90.252042 100.825817
90.252042 100.424174
90.252042 100.022530
90.252042 99.620886
90.252042 99.219242
90.252042 98.817598
90.252042 98.415954
90.653685 98.415954
90.653685 98.014310
90.653685 97.612667
90.653685 97.211023
90.653685 96.809379
90.653685 96.407735
90.653685 96.006091
90.653685 95.604447
90.653685 95.202804
91.055329 95.202804
91.055329 94.801160
91.055329 94.399516
90.653685 93.997872
90.252042 93.194584
89.448754 92.792941
89.047110 91.989653
88.645466 91.588009
88.243822 90.784721
87.842179 90.383077
87.842179 89.981434
87.440535 89.981434
87.038891 90.383077
86.637247 90.383077
86.235603 90.383077
85.833959 90.784721
85.432315 90.784721
85.030672 90.784721
84.629028 90.784721
84.227384 91.186365
83.825740 91.186365
83.825740 91.588009
83.424096 91.989653
83.022452 92.391297
83.022452 92.792941
82.620809 92.792941
82.620809 93.194584
82.219165 93.194584
81.817521 93.596228
81.817521 93.997872
81.415877 93.997872
81.014233 94.399516
80.612589 94.801160
80.210946 95.202804
80.210946 96.006091
