93.673146 55.074266
93.673146 55.801041
94.399922 57.254593
94.399922 57.981368
94.399922 58.708144
94.399922 59.434919
93.673146 60.161695
93.673146 60.888471
92.946371 61.615246
92.219595 62.342022
92.219595 63.068797
91.492819 63.795573
90.766044 64.522348
90.766044 65.249124
90.039268 65.975900
90.039268 66.702675
89.312493 67.429451
89.312493 68.156226
88.585717 68.883002
88.585717 69.609778
87.858941 70.336553
87.858941 71.063329
87.132166 71.790104
87.132166 72.516880
87.132166 73.243656
86.405390 73.970431
86.405390 74.697207
86.405390 75.423982
85.678615 76.150758
85.678615 76.877534
84.951839 77.604309
84.951839 78.331085
84.225063 79.057860
84.225063 79.784636
83.498288 80.511412
83.498288 81.238187
82.771512 81.964963
82.771512 82.691738
82.771512 83.418514
82.044737 84.145290
82.044737 84.872065
82.044737 85.598841
81.317961 86.325616
81.317961 87.052392
81.317961 87.779167
81.317961 88.505943
81.317961 89.232719
80.591186 89.959494
80.591186 90.686270
80.591186 91.413045
80.591186 92.139821
80.591186 92.866597
80.591186 93.593372
80.591186 94.320148
80.591186 95.046923
80.591186 95.773699
80.591186 96.500475
80.591186 97.227250
80.591186 97.954026
80.591186 98.680801
80.591186 99.407577
80.591186 100.134353
80.591186 100.861128
80.591186 101.587904
80.591186 102.314679
80.591186 103.041455
80.591186 103.768231
80.591186 104.495006
81.317961 105.221782
81.317961 105.948557
81.317961 106.675333
81.317961 107.402109
81.317961 108.128884
81.317961 108.855660
82.044737 108.855660
82.044737 109.582435
82.044737 110.309211
82.771512 111.035986
82.771512 111.762762
82.771512 112.489538
82.771512 113.216313
83.498288 113.216313
83.498288 113.943089
83.498288 114.669864
83.498288 115.396640
84.225063 115.396640
84.225063 116.123416
84.225063 116.850191
84.951839 116.850191
84.951839 117.576967
84.951839 118.303742
85.678615 118.303742
85.678615 119.030518
85.678615 119.757294
86.405390 119.757294
86.405390 120.484069
87.132166 121.210845
87.132166 121.937620
87.858941 121.937620
87.858941 122.664396
87.858941 123.391172
88.585717 123.391172
88.585717 124.117947
89.312493 124.117947
89.312493 124.844723
90.039268 125.571498
90.766044 126.298274
90.766044 127.025050
91.492819 127.025050
91.492819 127.751825
92.219595 127.751825
92.219595 128.478601
92.946371 128.478601
92.946371 129.205376
93.673146 129.205376
93.673146 129.932152
94.399922 129.932152
94.399922 130.658927
95.126697 131.385703
95.126697 132.112479
95.853473 132.839254
95.853473 133.566030
96.580249 134.292805
96.580249 135.019581
97.307024 135.019581
97.307024 135.746357
97.307024 136.473132
98.033800 136.473132
98.033800 137.199908
98.760575 137.199908
98.760575 137.926683
98.760575 138.653459
99.487351 138.653459
100.214127 139.380235
100.214127 140.107010
100.940902 140.107010
101.667678 140.833786
101.667678 141.560561
102.394453 141.560561
102.394453 142.287337
103.121229 142.287337
103.848005 143.014113
104.574780 143.740888
105.301556 144.467664
106.028331 145.194439
106.755107 145.921215
107.481882 145.921215
108.208658 146.647991
108.935434 147.374766
109.662209 147.374766
110.388985 148.101542
111.115760 148.828317
111.842536 148.828317
112.569312 149.555093
113.296087 149.555093
113.296087 150.281869
114.022863 150.281869
114.749638 150.281869
115.476414 151.008644
116.203190 151.008644
116.929965 151.735420
116.929965 152.462195
117.656741 152.462195
118.383516 153.188971
119.110292 153.915746
119.837068 154.642522
120.563843 154.642522
120.563843 155.369298
121.290619 155.369298
122.017394 156.096073
122.744170 156.822849
122.744170 158.276400
123.470946 159.003176
123.470946 160.456727
123.470946 161.183502
123.470946 161.910278
124.197721 162.637054
124.197721 163.363829
124.197721 164.090605
124.197721 164.817380
124.197721 165.544156
124.197721 166.270932
124.924497 166.997707
124.924497 167.724483
124.197721 168.451258
124.197721 169.178034
124.197721 169.904810
124.197721 170.631585
124.197721 171.358361
124.197721 172.085136
124.197721 172.811912
123.470946 173.538687
122.744170 173.538687
122.017394 174.265463
121.290619 174.992239
120.563843 175.719014
119.837068 175.719014
119.110292 176.445790
118.383516 177.172565
117.656741 177.899341
116.929965 177.899341
116.203190 178.626117
115.476414 179.352892
114.749638 179.352892
114.022863 179.352892
113.296087 180.079668
112.569312 180.079668
111.842536 180.806443
111.115760 180.806443
110.388985 180.806443
109.662209 181.533219
108.935434 181.533219
108.208658 182.259995
107.481882 182.259995
106.755107 182.259995
106.028331 182.986770
105.301556 182.986770
104.574780 182.986770
103.848005 183.713546
103.121229 183.713546
102.394453 184.440321
101.667678 184.440321
100.940902 184.440321
100.214127 185.167097
99.487351 185.167097
98.760575 185.893873
98.033800 185.893873
97.307024 185.893873
96.580249 186.620648
95.853473 186.620648
95.126697 187.347424
94.399922 187.347424
93.673146 187.347424
92.946371 188.074199
92.219595 188.074199
91.492819 188.074199
90.039268 188.074199
89.312493 188.800975
88.585717 188.800975
87.858941 188.800975
87.132166 188.800975
86.405390 188.800975
85.678615 188.800975
84.951839 188.800975
84.225063 188.800975
83.498288 189.527751
82.771512 189.527751
82.044737 189.527751
81.317961 189.527751
80.591186 189.527751
79.864410 189.527751
78.410859 189.527751
77.684083 189.527751
76.957308 189.527751
76.230532 190.254526
75.503756 190.254526
74.776981 190.254526
74.050205 190.254526
73.323430 190.254526
71.869878 190.254526
71.143103 190.254526
70.416327 190.254526
69.689552 190.254526
68.962776 190.254526
68.236000 190.254526
66.782449 190.254526
66.055674 190.254526
65.328898 190.254526
64.602122 190.254526
63.875347 190.254526
63.148571 190.254526
61.695020 190.254526
60.968245 190.254526
60.241469 190.254526
59.514693 190.254526
58.787918 189.527751
58.061142 188.800975
57.334367 188.074199
56.607591 187.347424
56.607591 186.620648
55.880815 185.893873
55.154040 185.167097
54.427264 184.440321
53.700489 183.713546
53.700489 182.986770
52.973713 182.259995
52.246937 181.533219
51.520162 180.806443
50.793386 180.079668
50.793386 179.352892
50.066611 178.626117
49.339835 177.899341
48.613059 177.172565
47.886284 176.445790
47.886284 175.719014
47.159508 174.992239
47.159508 173.538687
47.159508 172.811912
47.159508 171.358361
47.159508 170.631585
47.159508 169.178034
47.159508 168.451258
47.159508 167.724483
47.159508 166.270932
46.432733 165.544156
46.432733 164.090605
46.432733 163.363829
46.432733 161.910278
46.432733 161.183502
46.432733 159.729951
46.432733 159.003176
46.432733 158.276400
46.432733 156.822849
46.432733 156.096073
46.432733 154.642522
46.432733 153.915746
46.432733 152.462195
46.432733 151.735420
46.432733 151.008644
45.705957 149.555093
45.705957 148.828317
45.705957 147.374766
45.705957 146.647991
45.705957 145.194439
45.705957 144.467664
45.705957 143.014113
45.705957 142.287337
45.705957 141.560561
45.705957 140.107010
45.705957 139.380235
45.705957 138.653459
45.705957 137.199908
45.705957 136.473132
45.705957 135.746357
45.705957 134.292805
45.705957 133.566030
45.705957 132.839254
45.705957 131.385703
45.705957 130.658927
45.705957 129.932152
45.705957 128.478601
45.705957 127.751825
45.705957 127.025050
45.705957 126.298274
45.705957 124.844723
45.705957 124.117947
45.705957 123.391172
45.705957 121.937620
45.705957 121.210845
45.705957 120.484069
45.705957 119.030518
45.705957 118.303742
45.705957 117.576967
45.705957 116.123416
45.705957 115.396640
45.705957 114.669864
45.705957 113.943089
45.705957 113.216313
45.705957 112.489538
45.705957 111.762762
45.705957 111.035986
45.705957 110.309211
45.705957 109.582435
45.705957 108.855660
45.705957 108.128884
45.705957 107.402109
45.705957 106.675333
45.705957 105.948557
45.705957 104.495006
45.705957 103.768231
45.705957 103.041455
45.705957 102.314679
45.705957 101.587904
45.705957 100.861128
45.705957 100.134353
46.432733 99.407577
46.432733 98.680801
46.432733 97.954026
46.432733 97.227250
46.432733 96.500475
46.432733 95.773699
46.432733 95.046923
46.432733 94.320148
46.432733 93.593372
46.432733 92.866597
46.432733 92.139821
46.432733 90.686270
47.159508 89.959494
47.159508 89.232719
47.159508 88.505943
47.159508 87.779167
47.159508 87.052392
47.159508 86.325616
47.886284 85.598841
47.886284 84.872065
47.886284 84.145290
48.613059 83.418514
49.339835 82.691738
49.339835 81.238187
50.066611 80.511412
50.793386 79.784636
50.793386 79.057860
51.520162 78.331085
52.246937 77.604309
52.246937 76.877534
52.973713 75.423982
53.700489 74.697207
53.700489 73.970431
54.427264 73.243656
55.154040 72.516880
55.154040 71.790104
55.880815 71.063329
56.607591 69.609778
56.607591 68.883002
57.334367 68.156226
58.061142 67.429451
58.787918 66.702675
59.514693 65.975900
60.241469 65.249124
61.695020 64.522348
62.421796 63.795573
63.148571 63.068797
63.875347 62.342022
64.602122 61.615246
65.328898 60.888471
66.055674 60.161695
66.782449 59.434919
67.509225 58.708144
68.962776 57.981368
69.689552 57.254593
70.416327 57.254593
71.143103 56.527817
71.869878 56.527817
72.596654 56.527817
73.323430 55.801041
74.050205 55.801041
74.776981 55.074266
75.503756 55.074266
76.230532 55.074266
76.957308 54.347490
77.684083 54.347490
78.410859 54.347490
79.137634 53.620715
79.864410 53.620715
80.591186 52.893939
82.044737 52.893939
82.771512 52.893939
83.498288 52.893939
84.225063 52.893939
84.951839 52.893939
85.678615 52.167163
86.405390 52.167163
87.132166 52.167163
87.858941 52.167163
88.585717 52.167163
89.312493 52.167163
90.039268 52.167163
90.766044 52.167163
91.492819 51.440388
91.492819 52.167163
91.492819 52.893939
92.219595 54.347490
92.946371 55.074266
93.673146 55.074266
