83.302395 60.400066
82.551493 61.150968
82.551493 61.901869
82.551493 62.652771
81.800592 63.403672
81.800592 64.154573
81.800592 64.905475
81.049691 65.656376
81.049691 66.407278
81.049691 67.158179
80.298789 67.909080
80.298789 68.659982
79.547888 69.410883
79.547888 70.161785
79.547888 70.912686
78.796986 71.663587
78.796986 72.414489
78.796986 73.165390
78.046085 73.916292
78.046085 74.667193
78.046085 75.418094
78.046085 76.168996
77.295184 76.919897
77.295184 77.670799
77.295184 78.421700
76.544282 79.172601
76.544282 79.923503
76.544282 80.674404
76.544282 81.425306
76.544282 82.176207
75.793381 82.927108
75.793381 83.678010
75.793381 84.428911
75.793381 85.179813
75.042479 85.930714
75.042479 86.681615
75.042479 87.432517
75.042479 88.183418
75.042479 88.934320
75.042479 89.685221
74.291578 90.436122
74.291578 91.187024
74.291578 91.937925
74.291578 92.688827
74.291578 93.439728
74.291578 94.190629
74.291578 94.941531
74.291578 95.692432
74.291578 96.443334
74.291578 97.194235
74.291578 97.945136
74.291578 98.696038
74.291578 99.446939
74.291578 100.197841
74.291578 100.948742
74.291578 101.699643
74.291578 102.450545
74.291578 103.201446
74.291578 103.952348
74.291578 104.703249
75.042479 104.703249
75.042479 105.454150
75.042479 106.205052
75.042479 106.955953
75.042479 107.706855
75.042479 108.457756
75.042479 109.208657
75.793381 109.208657
75.793381 109.959559
75.793381 110.710460
75.793381 111.461362
75.793381 110.710460
75.793381 111.461362
76.544282 112.212263
76.544282 112.963164
76.544282 113.714066
77.295184 114.464967
77.295184 115.215869
77.295184 115.966770
77.295184 115.215869
77.295184 115.966770
78.046085 116.717671
78.046085 117.468573
78.046085 116.717671
78.046085 117.468573
78.046085 118.219474
78.796986 118.970376
78.796986 119.721277
79.547888 120.472178
79.547888 121.223080
80.298789 121.973981
80.298789 122.724883
81.049691 123.475784
81.049691 124.226685
81.049691 124.977587
81.800592 124.977587
81.800592 125.728488
82.551493 126.479390
83.302395 127.230291
83.302395 127.981192
84.053296 128.732094
84.053296 129.482995
84.804198 129.482995
84.804198 130.233897
85.555099 130.984798
85.555099 131.735699
86.306000 131.735699
87.056902 132.486601
87.056902 133.237502
87.056902 132.486601
87.056902 133.237502
87.807803 133.988404
87.807803 134.739305
88.558705 134.739305
89.309606 135.490206
89.309606 136.241108
90.060507 136.241108
90.811409 136.992009
90.811409 137.742911
91.562310 137.742911
92.313212 138.493812
93.064113 139.244713
93.815014 139.995615
94.565916 140.746516
95.316817 140.746516
96.067719 141.497418
96.818620 142.248319
96.818620 142.999220
97.569521 142.999220
98.320423 143.750122
98.320423 144.501023
99.071324 145.251925
99.071324 146.002826
99.822226 146.002826
100.573127 146.753727
100.573127 147.504629
101.324028 147.504629
102.074930 148.255530
102.074930 149.006432
102.825831 149.757333
103.576733 150.508234
104.327634 150.508234
105.078535 151.259136
105.829437 152.010037
106.580338 152.760939
107.331240 153.511840
108.082141 154.262741
108.833042 154.262741
109.583944 155.013643
110.334845 155.764544
111.085747 156.515446
111.836648 156.515446
112.587549 157.266347
113.338451 157.266347
114.089352 158.017248
114.840254 158.768150
115.591155 158.768150
116.342056 159.519051
117.092958 159.519051
117.092958 160.269953
117.092958 161.020854
117.092958 161.771755
116.342056 162.522657
116.342056 163.273558
116.342056 164.024460
115.591155 164.775361
115.591155 165.526262
114.840254 166.277164
114.840254 167.028065
114.089352 167.778967
114.089352 168.529868
114.089352 169.280769
113.338451 170.031671
112.587549 170.782572
112.587549 171.533474
111.836648 172.284375
111.836648 173.035276
111.085747 173.786178
111.085747 174.537079
110.334845 175.287981
110.334845 176.038882
109.583944 176.789783
109.583944 177.540685
108.833042 178.291586
108.082141 179.042488
107.331240 179.793389
106.580338 179.793389
105.829437 179.793389
105.078535 179.793389
104.327634 179.793389
103.576733 180.544290
102.825831 180.544290
102.074930 180.544290
101.324028 181.295192
100.573127 181.295192
99.822226 181.295192
99.071324 182.046093
98.320423 182.046093
97.569521 182.046093
96.818620 182.796995
96.067719 182.796995
95.316817 182.796995
94.565916 183.547896
93.815014 183.547896
93.064113 184.298797
92.313212 184.298797
91.562310 184.298797
90.811409 185.049699
90.060507 185.049699
89.309606 185.049699
88.558705 185.800600
87.807803 185.800600
87.056902 185.800600
86.306000 185.800600
85.555099 186.551502
84.804198 186.551502
84.053296 186.551502
83.302395 186.551502
82.551493 186.551502
81.800592 186.551502
81.049691 186.551502
80.298789 186.551502
79.547888 187.302403
78.796986 187.302403
78.046085 187.302403
77.295184 187.302403
76.544282 188.053304
75.793381 188.053304
75.042479 188.053304
74.291578 188.053304
73.540677 188.053304
72.789775 188.804206
72.038874 188.804206
71.287972 188.804206
70.537071 188.804206
69.786170 189.555107
69.035268 189.555107
68.284367 188.804206
67.533465 188.053304
66.782564 187.302403
66.031663 186.551502
65.280761 186.551502
64.529860 185.800600
63.778958 185.049699
63.028057 184.298797
62.277156 183.547896
61.526254 182.796995
60.775353 182.796995
60.024451 182.046093
59.273550 181.295192
58.522649 180.544290
57.771747 179.793389
57.020846 179.042488
56.269944 179.042488
55.519043 178.291586
54.768142 177.540685
54.017240 176.789783
53.266339 176.038882
52.515437 175.287981
51.764536 174.537079
51.013635 173.786178
50.262733 173.035276
49.511832 172.284375
49.511832 171.533474
49.511832 170.782572
49.511832 170.031671
49.511832 169.280769
49.511832 168.529868
49.511832 167.778967
49.511832 167.028065
48.760930 166.277164
48.760930 165.526262
48.760930 164.775361
48.760930 164.024460
48.010029 163.273558
48.010029 162.522657
48.010029 161.771755
48.010029 161.020854
48.010029 160.269953
48.010029 159.519051
47.259128 158.768150
47.259128 158.017248
47.259128 157.266347
47.259128 156.515446
47.259128 155.764544
46.508226 155.013643
46.508226 154.262741
46.508226 153.511840
46.508226 152.760939
46.508226 152.010037
46.508226 151.259136
45.757325 150.508234
45.757325 149.757333
45.757325 149.006432
45.757325 148.255530
45.006423 147.504629
45.006423 146.753727
45.006423 146.002826
45.006423 145.251925
45.006423 144.501023
45.006423 143.750122
44.255522 142.999220
44.255522 142.248319
44.255522 141.497418
44.255522 140.746516
43.504621 139.995615
43.504621 139.244713
43.504621 138.493812
43.504621 137.742911
43.504621 136.992009
43.504621 136.241108
43.504621 135.490206
43.504621 134.739305
43.504621 133.988404
43.504621 133.237502
43.504621 132.486601
43.504621 131.735699
43.504621 130.984798
43.504621 130.233897
44.255522 129.482995
44.255522 128.732094
44.255522 127.981192
44.255522 127.230291
44.255522 126.479390
44.255522 125.728488
44.255522 124.977587
44.255522 124.226685
44.255522 122.724883
44.255522 121.973981
44.255522 121.223080
44.255522 120.472178
44.255522 119.721277
44.255522 118.970376
44.255522 118.219474
44.255522 117.468573
44.255522 116.717671
44.255522 115.966770
44.255522 115.215869
44.255522 114.464967
45.006423 113.714066
45.006423 112.963164
45.006423 112.212263
45.006423 111.461362
45.006423 110.710460
45.006423 109.959559
45.006423 109.208657
45.006423 108.457756
45.006423 107.706855
45.006423 106.955953
45.006423 106.205052
45.006423 105.454150
45.006423 104.703249
45.006423 103.952348
45.006423 103.201446
45.006423 102.450545
45.006423 101.699643
45.006423 100.948742
45.006423 100.197841
45.757325 99.446939
45.757325 98.696038
45.757325 97.945136
45.757325 97.194235
45.757325 96.443334
46.508226 95.692432
46.508226 94.941531
47.259128 94.190629
47.259128 93.439728
48.010029 92.688827
48.010029 91.937925
48.010029 91.187024
48.760930 90.436122
48.760930 89.685221
49.511832 88.934320
49.511832 88.183418
49.511832 87.432517
50.262733 86.681615
51.013635 85.930714
51.013635 85.179813
51.013635 84.428911
51.764536 83.678010
51.764536 82.927108
52.515437 82.176207
52.515437 81.425306
53.266339 80.674404
53.266339 79.923503
53.266339 79.172601
54.017240 78.421700
54.017240 77.670799
54.768142 76.919897
54.768142 76.168996
55.519043 75.418094
55.519043 74.667193
55.519043 73.916292
56.269944 73.165390
56.269944 72.414489
56.269944 71.663587
57.020846 70.912686
57.020846 70.161785
57.020846 69.410883
57.771747 68.659982
58.522649 67.909080
58.522649 67.158179
59.273550 66.407278
60.024451 65.656376
60.775353 64.905475
61.526254 64.154573
62.277156 63.403672
63.028057 62.652771
63.778958 61.901869
64.529860 61.150968
65.280761 61.150968
66.031663 61.150968
66.782564 60.400066
67.533465 59.649165
68.284367 58.898264
69.035268 58.147362
69.786170 57.396461
70.537071 57.396461
71.287972 56.645559
72.038874 55.894658
72.789775 55.143757
73.540677 54.392855
74.291578 53.641954
75.042479 54.392855
75.793381 54.392855
76.544282 54.392855
77.295184 54.392855
78.046085 55.143757
78.796986 55.143757
79.547888 55.143757
80.298789 55.894658
81.049691 55.894658
81.800592 55.894658
82.551493 55.894658
83.302395 55.894658
84.053296 56.645559
84.804198 56.645559
84.804198 57.396461
84.053296 58.147362
84.053296 58.898264
83.302395 59.649165
83.302395 60.400066
