89.496615 56.970061
89.496615 58.267394
89.496615 58.916061
90.145282 60.213394
90.145282 61.510727
90.145282 62.159393
90.145282 62.808060
90.145282 63.456726
89.496615 64.105393
89.496615 64.754059
88.847949 65.402726
88.847949 66.051392
88.199282 66.700059
88.199282 67.348725
87.550616 67.997392
87.550616 68.646058
87.550616 69.294725
86.901949 69.943391
86.901949 70.592058
86.901949 71.240725
86.253283 71.889391
86.253283 72.538058
86.253283 73.186724
85.604616 73.835391
85.604616 74.484057
85.604616 75.132724
85.604616 75.781390
84.955950 76.430057
84.955950 77.078723
84.955950 77.727390
84.955950 78.376056
84.955950 79.024723
84.955950 79.673389
84.955950 80.322056
84.307283 80.970722
84.307283 81.619389
84.307283 82.268055
84.307283 82.916722
84.307283 83.565388
84.307283 84.214055
84.307283 84.862722
84.307283 85.511388
84.307283 86.160055
84.307283 86.808721
84.307283 87.457388
84.307283 88.106054
84.307283 88.754721
84.307283 89.403387
84.307283 90.052054
84.307283 90.700720
84.307283 91.349387
84.307283 91.998053
84.307283 92.646720
84.307283 93.295386
84.307283 93.944053
84.307283 94.592719
83.658617 95.241386
83.658617 95.890052
83.658617 96.538719
83.658617 97.187386
83.658617 97.836052
83.658617 98.484719
83.658617 99.133385
83.009950 99.782052
83.009950 100.430718
83.009950 101.079385
83.009950 101.728051
83.009950 102.376718
83.009950 103.025384
83.009950 103.674051
83.009950 104.322717
83.009950 104.971384
83.009950 105.620050
83.009950 106.268717
83.009950 106.917383
83.009950 107.566050
83.009950 108.214716
83.009950 108.863383
83.009950 109.512050
83.009950 110.160716
83.658617 110.160716
83.658617 110.809383
83.658617 111.458049
83.658617 112.106716
83.658617 112.755382
83.658617 113.404049
83.658617 114.052715
84.307283 114.701382
84.307283 115.350048
84.307283 115.998715
84.307283 116.647381
84.955950 117.296048
84.955950 117.944714
84.955950 118.593381
84.955950 119.242047
85.604616 119.242047
85.604616 119.890714
85.604616 120.539380
85.604616 121.188047
86.253283 121.188047
86.253283 121.836713
86.253283 122.485380
86.253283 123.134047
86.901949 123.134047
86.901949 123.782713
86.901949 124.431380
87.550616 124.431380
87.550616 125.080046
87.550616 125.728713
88.199282 125.728713
88.199282 126.377379
88.847949 127.026046
88.847949 127.674712
89.496615 128.323379
89.496615 128.972045
90.145282 129.620712
90.145282 130.269378
90.793949 130.269378
90.793949 130.918045
91.442615 131.566711
92.091282 132.215378
92.091282 132.864044
92.739948 132.864044
92.739948 133.512711
93.388615 134.161377
94.037281 134.810044
94.685948 135.458711
94.685948 136.107377
95.334614 136.107377
95.983281 136.756044
96.631947 137.404710
96.631947 138.053377
97.280614 138.053377
97.280614 138.702043
97.929280 138.702043
98.577947 139.350710
99.226613 139.999376
99.875280 140.648043
100.523946 141.296709
101.172613 141.945376
101.821279 141.945376
102.469946 142.594042
103.118612 143.242709
103.767279 143.891375
104.415946 143.891375
105.064612 144.540042
105.713279 145.188708
106.361945 145.188708
107.010612 145.837375
107.659278 145.837375
108.307945 146.486041
108.956611 146.486041
109.605278 147.134708
109.605278 148.432041
110.253944 149.080708
110.253944 150.378041
110.253944 151.026707
110.902611 152.324040
110.902611 152.972707
110.902611 154.270040
111.551277 154.918706
111.551277 155.567373
111.551277 156.216039
111.551277 156.864706
111.551277 157.513372
111.551277 158.162039
111.551277 158.810705
111.551277 160.108038
110.902611 160.756705
110.902611 161.405372
110.902611 162.054038
110.902611 162.702705
110.902611 163.351371
110.902611 164.000038
110.902611 164.648704
110.902611 165.297371
110.253944 165.946037
109.605278 166.594704
108.956611 167.243370
108.307945 167.892037
107.659278 168.540703
107.010612 169.189370
106.361945 169.838036
105.064612 170.486703
104.415946 171.135369
103.767279 171.784036
103.118612 172.432702
102.469946 173.081369
101.821279 173.730036
101.172613 174.378702
100.523946 174.378702
99.875280 175.027369
99.226613 175.027369
98.577947 175.676035
97.929280 176.324702
97.280614 176.324702
96.631947 176.324702
95.334614 176.324702
94.685948 176.324702
94.037281 176.324702
93.388615 176.973368
92.739948 176.973368
92.091282 176.973368
91.442615 176.973368
90.793949 176.973368
90.145282 176.973368
89.496615 177.622035
88.199282 177.622035
87.550616 177.622035
86.901949 177.622035
86.253283 177.622035
85.604616 177.622035
84.955950 177.622035
84.307283 178.270701
83.658617 178.270701
83.009950 178.270701
82.361284 178.270701
81.063951 178.270701
80.415284 178.270701
79.766618 178.919368
79.117951 178.919368
78.469285 178.919368
77.820618 178.919368
77.171951 178.919368
76.523285 178.919368
75.874618 178.919368
75.225952 179.568034
73.928619 179.568034
73.279952 179.568034
72.631286 178.919368
71.982619 178.919368
71.333953 178.270701
70.036620 177.622035
69.387953 177.622035
68.739287 176.973368
68.090620 176.973368
66.793287 176.324702
66.144621 176.324702
65.495954 175.676035
64.847287 175.676035
63.549954 175.027369
62.901288 174.378702
62.252621 174.378702
61.603955 173.730036
60.306622 173.730036
59.657955 173.081369
59.009289 173.081369
58.360622 172.432702
57.711956 171.784036
57.063289 171.135369
56.414623 170.486703
56.414623 169.838036
55.765956 169.189370
55.117290 167.892037
54.468623 167.243370
54.468623 166.594704
53.819957 165.946037
53.171290 165.297371
53.171290 164.648704
52.522624 163.351371
51.873957 162.702705
51.225290 162.054038
51.225290 161.405372
50.576624 160.756705
49.927957 160.108038
49.927957 158.810705
49.279291 158.162039
48.630624 157.513372
47.981958 156.864706
47.981958 156.216039
47.333291 155.567373
46.684625 154.918706
46.035958 153.621373
46.035958 152.972707
46.035958 152.324040
45.387292 151.675374
45.387292 151.026707
45.387292 150.378041
44.738625 149.729374
44.738625 149.080708
44.738625 148.432041
44.089959 147.783374
44.089959 147.134708
44.089959 146.486041
43.441292 145.837375
43.441292 145.188708
43.441292 144.540042
42.792626 143.891375
42.792626 143.242709
42.792626 142.594042
42.143959 141.945376
42.143959 141.296709
41.495293 140.648043
41.495293 139.999376
41.495293 139.350710
40.846626 138.702043
40.846626 138.053377
40.846626 137.404710
40.846626 136.756044
40.846626 136.107377
40.846626 135.458711
40.846626 134.810044
40.846626 134.161377
40.846626 132.864044
40.846626 132.215378
40.846626 130.918045
40.846626 130.269378
40.846626 128.972045
41.495293 128.323379
41.495293 127.026046
41.495293 126.377379
41.495293 125.080046
41.495293 124.431380
42.143959 123.782713
42.143959 122.485380
42.143959 121.836713
42.143959 120.539380
42.143959 119.890714
42.143959 118.593381
42.792626 117.944714
42.792626 116.647381
42.792626 115.998715
42.792626 114.701382
42.792626 114.052715
42.792626 113.404049
43.441292 112.106716
43.441292 111.458049
43.441292 110.160716
43.441292 109.512050
43.441292 108.214716
44.089959 107.566050
44.089959 106.268717
44.089959 105.620050
44.089959 104.322717
44.089959 103.674051
44.089959 102.376718
44.738625 101.728051
44.738625 101.079385
44.738625 99.782052
45.387292 99.133385
45.387292 97.836052
45.387292 97.187386
46.035958 95.890052
46.035958 95.241386
46.684625 93.944053
46.684625 93.295386
46.684625 91.998053
47.333291 91.349387
47.333291 90.700720
47.333291 89.403387
47.981958 88.754721
47.981958 87.457388
47.981958 86.808721
48.630624 85.511388
48.630624 84.862722
49.279291 83.565388
49.279291 82.916722
49.279291 81.619389
49.927957 80.970722
49.927957 80.322056
49.927957 79.024723
50.576624 78.376056
50.576624 77.078723
50.576624 76.430057
51.225290 75.132724
51.225290 74.484057
51.225290 73.186724
51.873957 72.538058
51.873957 71.240725
52.522624 70.592058
52.522624 69.943391
53.171290 69.294725
53.819957 68.646058
54.468623 67.997392
55.117290 67.348725
55.765956 66.700059
56.414623 66.051392
57.063289 65.402726
57.711956 64.754059
58.360622 64.105393
59.009289 63.456726
59.657955 62.808060
60.306622 62.159393
60.955288 61.510727
61.603955 60.862060
62.252621 60.213394
62.252621 59.564727
62.901288 58.916061
63.549954 58.267394
64.198621 56.970061
64.847287 56.321394
65.495954 55.672728
66.144621 55.024061
67.441954 54.375395
68.090620 53.726728
68.739287 53.078062
69.387953 52.429395
70.036620 52.429395
70.685286 52.429395
71.333953 52.429395
71.982619 52.429395
72.631286 52.429395
73.279952 52.429395
73.928619 52.429395
74.577285 52.429395
75.225952 52.429395
75.874618 52.429395
76.523285 52.429395
77.820618 52.429395
78.469285 52.429395
79.117951 52.429395
79.766618 52.429395
80.415284 52.429395
81.063951 53.078062
81.712617 53.078062
82.361284 53.078062
83.009950 53.078062
83.658617 53.078062
84.307283 53.078062
84.955950 53.078062
85.604616 53.726728
86.253283 53.726728
86.901949 53.726728
87.550616 54.375395
88.199282 54.375395
88.847949 54.375395
89.496615 55.024061
89.496615 55.672728
89.496615 56.321394
89.496615 56.970061
