81.911772 94.785220
81.911772 95.142409
81.911772 95.499597
81.911772 95.856786
81.911772 96.213974
82.268960 96.928351
82.983337 97.642728
83.340525 98.357105
83.697714 98.714293
84.054902 99.428670
84.054902 99.785858
84.054902 100.143047
84.054902 100.500235
84.054902 100.857424
84.054902 101.214612
84.054902 101.571800
84.054902 101.928989
84.054902 102.286177
84.412090 102.286177
84.412090 102.643366
84.412090 103.000554
84.412090 103.357743
84.412090 103.714931
84.412090 104.072119
84.412090 104.429308
84.412090 104.786496
84.412090 105.143685
84.412090 105.500873
84.412090 105.858062
84.412090 106.215250
84.769279 106.572438
84.769279 106.929627
84.769279 107.286815
84.769279 107.644004
84.769279 108.001192
84.769279 108.358381
85.126467 108.358381
85.126467 108.715569
85.126467 108.358381
85.126467 108.715569
85.126467 109.072757
85.126467 109.429946
85.126467 109.787134
85.126467 110.144323
85.483656 110.501511
85.483656 110.858700
85.483656 111.215888
85.840844 111.573076
85.840844 111.930265
85.840844 112.287453
85.840844 112.644642
85.840844 113.001830
86.198033 113.001830
85.840844 113.359018
86.198033 113.716207
86.198033 114.073395
86.555221 114.073395
86.555221 114.430584
86.555221 114.787772
86.912409 115.144961
86.912409 115.502149
86.912409 115.859337
86.912409 116.216526
87.269598 116.216526
87.269598 116.573714
87.269598 116.930903
87.626786 116.930903
87.626786 117.288091
87.626786 117.645280
87.983975 118.002468
87.983975 118.359656
88.341163 118.716845
88.341163 119.074033
88.698352 119.431222
88.698352 119.788410
89.055540 120.145599
89.055540 120.502787
89.412728 120.859975
89.412728 121.217164
89.769917 121.574352
89.769917 121.931541
89.769917 122.288729
90.127105 122.288729
90.127105 122.645918
90.484294 123.003106
90.484294 123.360294
90.841482 123.360294
90.841482 123.717483
91.198671 124.074671
91.198671 124.431860
91.555859 124.789048
91.913047 125.146236
91.913047 125.503425
91.913047 125.860613
92.270236 125.860613
92.627424 126.217802
92.627424 126.574990
92.984613 126.574990
92.984613 126.932179
93.341801 127.289367
93.698990 127.646555
93.698990 128.003744
94.056178 128.003744
94.056178 128.360932
94.413366 128.718121
94.770555 129.075309
94.770555 129.432498
95.127743 129.432498
95.484932 129.789686
95.484932 130.146874
95.842120 130.146874
95.842120 130.504063
96.199308 130.861251
96.199308 131.218440
96.556497 131.218440
96.913685 131.575628
97.270874 131.932817
97.270874 132.290005
97.628062 132.290005
97.985251 132.647193
98.342439 133.004382
98.699627 133.361570
99.056816 133.718759
99.414004 134.075947
99.771193 134.075947
99.771193 134.433136
100.128381 134.433136
100.485570 134.790324
100.842758 135.147512
101.199946 135.504701
101.557135 135.861889
101.914323 135.861889
102.271512 136.219078
102.628700 136.576266
102.985889 136.933454
103.343077 136.933454
103.700265 137.290643
104.057454 137.647831
104.414642 138.005020
104.771831 138.005020
105.129019 138.362208
105.486208 138.719397
105.843396 138.719397
106.200584 139.076585
106.557773 139.076585
106.914961 139.433773
107.272150 139.790962
107.629338 139.790962
107.986526 140.148150
108.343715 140.148150
108.700903 140.505339
109.058092 140.505339
109.415280 140.862527
109.772469 140.862527
110.129657 141.219716
110.486845 141.219716
110.844034 141.576904
111.201222 141.576904
111.558411 141.934092
111.915599 141.934092
112.272788 142.291281
112.629976 142.291281
112.987164 142.291281
113.344353 143.005658
113.701541 143.362846
114.058730 144.077223
114.415918 144.791600
114.773107 145.148788
115.130295 145.863165
115.487483 146.220354
115.844672 146.934730
116.201860 147.291919
116.559049 148.006296
116.916237 148.363484
117.273426 149.077861
117.630614 149.792238
117.987802 150.149426
118.344991 150.863803
118.702179 151.220991
119.059368 151.935368
119.059368 152.292557
118.702179 152.649745
118.702179 153.006934
118.344991 153.364122
117.987802 153.721310
117.987802 154.078499
117.630614 154.435687
117.630614 154.792876
117.273426 155.150064
117.273426 155.864441
116.916237 156.221629
116.916237 156.578818
116.559049 156.936006
116.559049 157.293195
116.201860 157.650383
115.487483 157.650383
115.130295 158.007572
114.773107 158.007572
114.415918 158.364760
114.058730 158.364760
113.701541 158.721948
113.344353 158.721948
112.987164 159.079137
112.629976 159.079137
112.272788 159.436325
111.915599 159.793514
111.558411 159.793514
110.844034 160.150702
110.486845 160.150702
110.129657 160.507891
109.772469 160.507891
109.415280 160.865079
109.058092 160.865079
108.700903 161.222267
108.343715 161.222267
107.986526 161.222267
107.272150 161.222267
106.914961 160.865079
106.557773 160.865079
106.200584 160.865079
105.486208 160.865079
105.129019 160.865079
104.771831 160.507891
104.414642 160.507891
103.700265 160.507891
103.343077 160.507891
102.985889 160.507891
102.628700 160.150702
101.914323 160.150702
101.557135 160.150702
101.199946 160.150702
100.842758 160.150702
100.485570 160.150702
99.771193 159.793514
99.414004 159.793514
99.056816 159.793514
98.699627 159.793514
97.985251 159.793514
97.628062 159.436325
97.270874 159.436325
96.913685 159.079137
96.556497 159.079137
96.199308 158.721948
95.842120 158.721948
95.484932 158.364760
95.127743 158.007572
94.770555 158.007572
94.413366 157.650383
94.056178 157.293195
93.341801 156.936006
92.984613 156.578818
92.627424 156.221629
92.270236 155.864441
91.555859 155.507253
91.198671 155.150064
90.841482 154.792876
90.484294 154.435687
89.769917 154.078499
89.412728 153.721310
89.055540 153.364122
88.698352 153.006934
87.983975 152.649745
87.626786 152.292557
87.269598 151.935368
86.912409 151.578180
86.555221 151.220991
85.840844 150.863803
85.840844 150.149426
85.840844 149.792238
85.840844 149.435049
85.483656 149.077861
85.483656 148.720673
85.483656 148.363484
85.483656 148.006296
85.126467 147.649107
85.126467 147.291919
85.126467 146.577542
85.126467 146.220354
84.769279 145.863165
84.769279 145.505977
84.769279 145.148788
84.769279 144.791600
84.412090 144.434411
84.412090 144.077223
84.412090 143.720035
84.412090 143.005658
84.054902 142.648469
84.054902 142.291281
84.054902 141.934092
84.054902 141.576904
83.697714 141.219716
83.697714 140.862527
83.697714 140.505339
83.697714 140.148150
83.697714 139.790962
83.697714 139.433773
83.697714 139.076585
83.697714 138.719397
83.697714 138.362208
83.697714 138.005020
83.697714 137.647831
83.697714 136.933454
83.697714 136.576266
83.697714 136.219078
83.697714 135.504701
83.340525 135.147512
83.340525 134.790324
83.340525 134.075947
83.340525 133.718759
83.340525 133.361570
83.340525 132.647193
83.340525 132.290005
82.983337 131.932817
82.983337 131.575628
82.983337 130.861251
82.983337 130.504063
82.983337 130.146874
82.983337 129.432498
82.983337 129.075309
82.626148 128.718121
82.626148 128.003744
82.626148 127.646555
82.626148 127.289367
82.626148 126.932179
82.626148 126.217802
82.626148 125.860613
82.268960 125.503425
82.268960 124.789048
82.268960 124.431860
82.268960 124.074671
82.268960 123.360294
82.268960 123.003106
82.268960 122.645918
81.911772 122.288729
81.911772 121.574352
81.911772 121.217164
81.911772 120.859975
81.554583 120.502787
81.554583 119.788410
81.554583 119.431222
81.554583 119.074033
81.197395 118.716845
81.197395 118.002468
81.197395 117.645280
81.197395 117.288091
80.840206 116.930903
80.840206 116.216526
80.840206 115.859337
80.483018 115.502149
80.483018 114.787772
80.483018 114.430584
80.483018 114.073395
80.125829 113.716207
80.125829 113.001830
80.125829 112.644642
79.768641 112.287453
79.768641 111.930265
79.768641 111.215888
79.768641 110.858700
79.411453 110.501511
79.411453 109.787134
79.411453 109.429946
79.054264 109.072757
79.054264 108.715569
79.054264 108.001192
79.054264 107.644004
78.697076 107.286815
78.697076 106.929627
78.697076 106.215250
78.697076 105.858062
78.339887 105.500873
78.339887 105.143685
78.339887 104.429308
77.982699 104.072119
77.982699 103.714931
77.982699 103.000554
77.982699 102.643366
77.625510 102.286177
77.625510 101.928989
77.625510 101.214612
77.982699 101.214612
77.982699 100.857424
78.339887 100.500235
78.697076 100.143047
78.697076 99.785858
78.697076 100.143047
78.697076 99.785858
79.054264 99.428670
79.411453 99.071482
79.411453 98.714293
79.768641 98.357105
80.125829 97.999916
80.125829 97.642728
80.483018 97.285539
80.483018 96.928351
80.840206 96.571163
81.197395 96.213974
81.197395 95.856786
81.554583 95.499597
81.554583 95.142409
81.911772 95.142409
81.911772 94.785220
81.911772 94.428032
82.268960 94.428032
82.626148 94.428032
82.268960 94.428032
81.911772 94.428032
81.911772 94.785220
