80.152414 69.240603
80.759717 69.847906
80.759717 70.455210
80.759717 71.062513
80.759717 71.669816
80.759717 72.277120
80.759717 72.884423
80.759717 73.491727
81.367021 74.099030
81.367021 74.706333
81.367021 75.313637
80.759717 75.920940
80.759717 76.528244
80.759717 77.135547
80.152414 77.742850
80.152414 78.350154
80.152414 78.957457
80.152414 79.564761
79.545110 80.172064
79.545110 80.779367
79.545110 81.386671
79.545110 81.993974
79.545110 82.601278
78.937807 83.208581
78.937807 83.815884
78.937807 84.423188
78.937807 85.030491
78.937807 85.637795
78.937807 86.245098
78.937807 86.852401
78.937807 87.459705
78.330504 88.067008
78.330504 88.674312
78.330504 89.281615
78.330504 89.888918
78.330504 90.496222
78.330504 91.103525
78.330504 91.710829
78.330504 92.318132
78.330504 92.925435
78.330504 93.532739
78.330504 94.140042
78.330504 94.747346
78.937807 94.747346
78.937807 95.354649
78.937807 95.961952
78.937807 96.569256
78.937807 97.176559
78.937807 97.783863
78.937807 98.391166
78.937807 98.998469
78.937807 99.605773
79.545110 99.605773
79.545110 100.213076
79.545110 100.820380
79.545110 101.427683
79.545110 102.034986
80.152414 102.642290
80.152414 103.249593
80.152414 103.856896
80.152414 104.464200
80.759717 105.071503
80.759717 105.678807
80.759717 106.286110
80.759717 106.893413
81.367021 106.893413
81.367021 107.500717
81.367021 108.108020
81.974324 108.108020
81.974324 108.715324
81.974324 109.322627
81.974324 109.929930
81.974324 110.537234
82.581627 110.537234
82.581627 111.144537
82.581627 111.751841
82.581627 112.359144
82.581627 112.966447
83.188931 112.966447
83.188931 113.573751
83.188931 114.181054
83.188931 114.788358
83.796234 114.788358
83.796234 115.395661
83.796234 116.002964
84.403538 116.002964
84.403538 116.610268
84.403538 117.217571
85.010841 117.824875
85.010841 118.432178
85.010841 119.039481
85.618144 119.039481
85.618144 119.646785
85.618144 120.254088
86.225448 120.254088
86.225448 120.861392
86.225448 121.468695
86.832751 121.468695
86.832751 122.075998
86.832751 122.683302
87.440055 122.683302
87.440055 123.290605
88.047358 123.897909
88.047358 124.505212
88.047358 125.112515
88.654661 125.112515
88.654661 125.719819
89.261965 125.719819
89.261965 126.327122
89.869268 126.934426
89.869268 127.541729
90.476572 127.541729
90.476572 128.149032
91.083875 128.756336
91.691178 129.363639
91.691178 129.970943
92.298482 129.970943
92.298482 130.578246
92.905785 131.185549
92.905785 131.792853
93.513089 131.792853
94.120392 132.400156
94.727695 133.007460
94.727695 133.614763
95.334999 133.614763
95.942302 134.222066
96.549606 134.829370
96.549606 135.436673
97.156909 135.436673
97.764212 136.043977
98.371516 136.651280
98.371516 137.258583
98.978819 137.258583
99.586122 137.865887
100.193426 138.473190
100.800729 139.080494
101.408033 139.687797
102.015336 140.295100
102.622639 140.295100
103.229943 140.902404
103.837246 141.509707
104.444550 142.117011
105.051853 142.117011
105.659156 142.724314
106.266460 143.331617
106.873763 143.331617
107.481067 143.938921
108.088370 144.546224
108.695673 144.546224
109.302977 145.153528
109.910280 145.153528
110.517584 145.760831
111.124887 145.760831
111.732190 146.368134
112.339494 146.368134
112.946797 146.975438
113.554101 146.975438
114.161404 147.582741
114.768707 147.582741
115.376011 147.582741
115.983314 148.190045
115.983314 148.797348
116.590618 150.011955
117.197921 150.619258
117.197921 151.833865
117.805224 152.441168
117.805224 153.655775
117.805224 154.263078
117.805224 154.870382
117.805224 155.477685
117.805224 156.084989
117.805224 156.692292
117.805224 157.299595
117.805224 157.906899
117.805224 158.514202
117.805224 159.728809
117.805224 160.336112
117.805224 160.943416
117.805224 161.550719
117.805224 162.158023
117.805224 162.765326
117.805224 163.372629
117.805224 163.979933
117.805224 164.587236
117.197921 165.194540
116.590618 165.801843
115.983314 166.409146
115.376011 166.409146
114.768707 167.016450
114.161404 167.623753
113.554101 168.231057
112.946797 168.838360
112.339494 169.445663
111.732190 169.445663
111.124887 170.052967
110.517584 170.660270
109.302977 171.267574
108.695673 171.874877
108.088370 171.874877
107.481067 172.482180
106.873763 173.089484
106.266460 173.089484
105.659156 173.089484
105.051853 173.696787
104.444550 173.696787
103.837246 173.696787
102.622639 174.304091
102.015336 174.304091
101.408033 174.304091
100.800729 174.911394
100.193426 174.911394
99.586122 174.911394
98.978819 175.518697
97.764212 175.518697
97.156909 175.518697
96.549606 176.126001
95.942302 176.126001
95.334999 176.126001
94.727695 176.733304
93.513089 176.733304
92.905785 176.733304
92.298482 177.340608
91.691178 177.340608
91.083875 177.340608
90.476572 177.947911
89.869268 177.947911
88.654661 177.947911
88.047358 178.555214
87.440055 178.555214
86.832751 178.555214
86.225448 179.162518
85.618144 179.162518
85.010841 179.162518
83.796234 179.162518
83.188931 179.162518
82.581627 179.162518
81.974324 179.162518
81.367021 179.162518
80.152414 179.162518
79.545110 179.162518
78.937807 179.162518
78.330504 179.162518
77.723200 179.162518
76.508593 179.162518
75.901290 179.162518
75.293987 179.162518
74.686683 179.162518
74.079380 178.555214
72.864773 178.555214
72.257470 178.555214
71.650166 178.555214
71.042863 178.555214
70.435559 178.555214
69.220953 178.555214
68.613649 178.555214
68.006346 178.555214
67.399042 178.555214
66.791739 178.555214
66.184436 178.555214
64.969829 177.947911
64.362525 177.340608
63.755222 176.733304
63.147919 176.126001
62.540615 175.518697
61.933312 174.911394
61.326008 174.304091
60.111402 173.696787
59.504098 173.089484
58.896795 172.482180
58.289491 171.874877
57.682188 171.267574
57.074885 170.660270
56.467581 170.052967
55.860278 169.445663
55.252974 168.838360
55.252974 168.231057
54.645671 167.623753
54.038368 167.016450
54.038368 166.409146
53.431064 165.194540
53.431064 164.587236
52.823761 163.979933
52.823761 162.765326
52.216457 162.158023
52.216457 161.550719
51.609154 160.943416
51.609154 159.728809
51.001851 159.121506
51.001851 158.514202
50.394547 157.299595
50.394547 156.692292
49.787244 156.084989
49.787244 154.870382
49.179940 154.263078
49.179940 153.655775
48.572637 152.441168
48.572637 151.833865
47.965334 151.226562
47.965334 150.619258
47.358030 149.404651
47.358030 148.797348
46.750727 148.190045
46.143424 146.975438
46.143424 146.368134
45.536120 145.760831
45.536120 144.546224
44.928817 143.938921
44.928817 143.331617
44.321513 142.117011
44.321513 141.509707
43.714210 140.902404
43.714210 140.295100
43.714210 139.687797
43.714210 139.080494
43.714210 138.473190
43.714210 137.865887
44.321513 136.651280
44.321513 136.043977
44.321513 135.436673
44.321513 134.222066
44.321513 133.614763
44.928817 133.007460
44.928817 131.792853
44.928817 131.185549
44.928817 130.578246
44.928817 129.363639
44.928817 128.756336
45.536120 128.149032
45.536120 126.934426
45.536120 126.327122
45.536120 125.719819
45.536120 124.505212
46.143424 123.897909
46.143424 123.290605
46.143424 122.075998
46.143424 121.468695
46.143424 120.861392
46.143424 119.646785
46.750727 119.039481
46.750727 118.432178
46.750727 117.217571
46.750727 116.610268
46.750727 116.002964
47.358030 114.788358
47.358030 114.181054
47.358030 113.573751
47.358030 112.359144
47.358030 111.751841
47.358030 111.144537
47.965334 109.929930
47.965334 109.322627
47.965334 108.715324
47.965334 107.500717
47.965334 106.893413
48.572637 106.286110
48.572637 105.071503
48.572637 104.464200
48.572637 103.856896
48.572637 102.642290
48.572637 102.034986
49.179940 101.427683
49.179940 100.213076
49.179940 99.605773
49.179940 98.998469
49.179940 97.783863
49.787244 97.176559
49.787244 96.569256
49.787244 95.961952
50.394547 95.354649
50.394547 94.747346
51.001851 94.140042
51.001851 93.532739
51.609154 92.925435
51.609154 92.318132
52.216457 91.710829
52.216457 91.103525
52.216457 90.496222
52.823761 89.888918
52.823761 89.281615
53.431064 88.674312
53.431064 88.067008
54.038368 87.459705
54.038368 86.852401
54.038368 86.245098
54.645671 85.637795
54.645671 85.030491
55.252974 84.423188
55.252974 83.815884
55.860278 83.208581
55.860278 82.601278
56.467581 81.993974
56.467581 81.386671
56.467581 80.779367
57.074885 80.172064
57.074885 79.564761
57.682188 78.957457
57.682188 78.350154
58.289491 77.742850
58.896795 77.742850
58.896795 77.135547
59.504098 77.135547
60.111402 76.528244
60.718705 76.528244
61.326008 76.528244
61.933312 75.920940
62.540615 75.920940
63.147919 75.920940
63.147919 75.313637
63.755222 75.313637
63.755222 74.706333
64.362525 74.706333
64.969829 74.706333
64.969829 74.099030
65.577132 74.099030
66.184436 73.491727
66.791739 72.884423
67.399042 72.884423
68.006346 72.277120
68.613649 71.669816
69.220953 71.669816
69.220953 71.062513
69.828256 70.455210
70.435559 69.847906
71.042863 69.240603
71.650166 69.240603
72.257470 69.240603
72.864773 69.240603
73.472076 69.240603
74.079380 69.240603
74.686683 69.240603
75.293987 68.633299
75.901290 68.633299
76.508593 68.633299
77.115897 68.633299
77.723200 68.633299
78.330504 68.633299
78.937807 68.633299
79.545110 68.025996
80.152414 68.025996
80.152414 68.633299
80.152414 69.240603
