78.394239 77.036226
78.394239 77.544350
78.394239 78.052474
77.886116 78.560598
77.886116 79.068722
77.886116 79.576845
77.886116 80.084969
77.886116 80.593093
77.886116 81.101217
77.886116 81.609341
77.886116 82.117464
77.377992 82.625588
77.377992 83.133712
77.377992 83.641836
77.377992 84.149959
77.377992 84.658083
77.377992 85.674331
77.377992 86.182455
77.377992 86.690578
77.377992 87.198702
77.377992 87.706826
77.886116 88.214950
77.886116 88.723073
77.886116 89.231197
77.886116 89.739321
77.886116 90.247445
77.886116 90.755569
77.886116 91.263692
78.394239 91.771816
78.394239 92.279940
78.394239 92.788064
78.394239 93.296187
78.394239 93.804311
78.902363 94.312435
78.902363 94.820559
78.902363 95.328683
78.902363 95.836806
78.902363 96.344930
78.902363 96.853054
78.902363 97.361178
78.394239 97.869301
78.394239 98.377425
78.394239 98.885549
78.394239 99.393673
78.394239 99.901797
78.394239 100.409920
77.886116 100.918044
77.886116 101.426168
77.886116 101.934292
77.886116 102.442416
77.886116 102.950539
77.886116 103.458663
77.886116 103.966787
77.886116 104.474911
77.886116 104.983034
77.886116 105.491158
77.886116 105.999282
77.886116 106.507406
77.886116 107.015530
77.886116 107.523653
77.886116 108.031777
77.886116 108.539901
77.886116 109.048025
77.886116 109.556148
77.886116 110.064272
77.886116 110.572396
77.886116 111.080520
77.886116 111.588644
78.394239 112.096767
78.394239 112.604891
78.394239 113.113015
78.394239 113.621139
78.394239 114.129262
78.394239 114.637386
78.394239 115.145510
78.394239 115.653634
78.394239 116.161758
78.394239 116.669881
78.394239 117.178005
78.394239 117.686129
78.902363 118.194253
78.902363 118.702376
78.902363 119.210500
78.902363 119.718624
78.902363 120.226748
78.902363 120.734872
78.902363 121.242995
79.410487 121.242995
79.410487 121.751119
79.410487 122.259243
79.410487 122.767367
79.410487 123.275491
79.410487 123.783614
79.918611 123.783614
79.918611 124.291738
79.918611 124.799862
80.426734 125.307986
80.426734 125.816109
80.426734 126.324233
80.426734 126.832357
80.934858 126.832357
80.934858 127.340481
80.934858 127.848605
81.442982 128.356728
81.442982 128.864852
81.442982 129.372976
81.951106 129.372976
81.951106 129.881100
82.459230 130.389223
82.459230 130.897347
82.967353 131.405471
82.967353 131.913595
83.475477 132.421719
83.475477 132.929842
83.983601 133.437966
83.983601 133.946090
84.491725 134.454214
84.491725 134.962337
84.999848 134.962337
84.999848 135.470461
85.507972 135.978585
85.507972 136.486709
86.016096 136.486709
86.016096 136.994833
86.524220 137.502956
87.032344 138.011080
87.540467 138.519204
87.540467 139.027328
88.048591 139.027328
88.048591 139.535451
88.556715 139.535451
88.556715 140.043575
89.064839 140.551699
89.572962 141.059823
89.572962 141.567947
90.081086 141.567947
90.589210 142.076070
91.097334 142.584194
91.605458 142.584194
92.113581 143.092318
92.621705 143.600442
93.129829 144.108566
93.637953 144.616689
94.146076 145.124813
94.654200 145.124813
95.162324 145.632937
95.670448 146.141061
96.178572 146.141061
96.686695 146.649184
97.194819 147.157308
97.702943 147.157308
98.211067 147.665432
98.719191 147.665432
99.227314 148.173556
99.735438 148.173556
100.243562 148.681680
100.751686 149.189803
101.259809 149.697927
101.767933 149.697927
102.276057 150.206051
102.784181 150.206051
103.292305 150.714175
103.800428 151.222298
104.308552 151.222298
104.816676 151.730422
105.324800 151.730422
105.832923 152.238546
106.341047 152.238546
106.849171 152.746670
107.357295 152.746670
107.865419 152.746670
108.373542 153.254794
108.881666 153.762917
109.389790 153.762917
109.897914 154.271041
110.406037 154.271041
110.914161 154.779165
111.422285 154.779165
111.930409 155.287289
112.438533 155.287289
112.946656 155.795412
113.454780 155.795412
113.962904 155.795412
114.471028 156.303536
114.979151 156.303536
115.487275 156.811660
115.995399 156.811660
116.503523 156.811660
117.011647 157.319784
117.519770 157.319784
118.027894 157.319784
118.536018 157.827908
118.536018 158.336031
118.027894 158.844155
118.027894 159.352279
117.519770 159.860403
117.011647 160.368526
116.503523 160.876650
115.995399 160.876650
115.487275 160.876650
114.979151 160.876650
114.471028 160.876650
113.962904 161.384774
113.454780 161.384774
112.946656 161.384774
112.438533 161.384774
111.930409 161.384774
111.422285 161.892898
110.914161 161.892898
110.406037 161.892898
109.897914 161.892898
109.389790 161.892898
108.881666 161.892898
108.373542 162.401022
107.865419 162.401022
107.357295 162.401022
106.849171 162.401022
106.341047 162.401022
105.832923 162.401022
105.324800 162.909145
104.816676 162.909145
104.308552 162.909145
103.800428 162.909145
103.292305 163.417269
102.784181 163.417269
102.276057 163.417269
101.767933 163.417269
101.259809 163.417269
100.751686 163.925393
100.243562 163.925393
99.735438 163.925393
99.227314 163.925393
98.719191 163.925393
98.211067 163.925393
97.702943 163.925393
97.194819 163.925393
96.686695 163.417269
96.178572 163.417269
95.670448 163.417269
95.162324 163.417269
94.654200 163.417269
94.146076 163.417269
93.637953 163.417269
93.129829 163.417269
92.621705 163.417269
92.113581 162.909145
91.605458 162.909145
91.097334 162.909145
90.589210 162.909145
90.081086 162.909145
89.572962 162.909145
89.064839 162.909145
88.556715 162.909145
88.048591 162.401022
87.540467 162.401022
87.032344 162.401022
86.524220 162.401022
86.016096 162.401022
85.507972 162.401022
84.999848 162.401022
84.491725 161.892898
83.983601 161.384774
83.475477 160.876650
82.967353 160.368526
82.459230 159.860403
81.951106 159.352279
81.442982 158.844155
80.934858 158.336031
80.426734 157.827908
79.918611 157.319784
79.918611 156.811660
79.410487 156.303536
78.902363 155.795412
78.394239 155.287289
77.886116 154.779165
77.377992 154.779165
76.869868 154.271041
76.361744 153.762917
76.361744 153.254794
76.361744 152.746670
75.853620 152.238546
75.853620 151.730422
75.853620 151.222298
75.853620 150.714175
75.853620 150.206051
75.853620 149.697927
75.853620 149.189803
75.853620 148.681680
75.853620 148.173556
75.853620 147.157308
75.853620 146.649184
75.853620 146.141061
75.345497 145.632937
75.345497 145.124813
75.345497 144.616689
75.345497 144.108566
75.345497 143.600442
75.345497 143.092318
75.345497 142.584194
74.837373 142.076070
74.837373 141.567947
74.837373 141.059823
74.837373 140.551699
74.837373 140.043575
74.837373 139.535451
74.837373 139.027328
74.329249 138.519204
74.329249 138.011080
74.329249 137.502956
74.329249 136.994833
74.329249 136.486709
74.329249 135.978585
74.329249 135.470461
73.821125 134.962337
73.821125 134.454214
73.821125 133.946090
73.821125 133.437966
73.821125 132.929842
73.821125 132.421719
73.821125 131.913595
73.821125 131.405471
73.313001 130.897347
73.313001 130.389223
73.313001 129.881100
73.313001 129.372976
73.313001 128.864852
73.313001 128.356728
73.313001 127.848605
72.804878 127.340481
72.804878 126.832357
72.804878 126.324233
72.804878 125.816109
72.804878 125.307986
72.804878 124.799862
72.804878 124.291738
72.804878 123.783614
72.804878 123.275491
72.804878 122.767367
72.804878 122.259243
72.296754 121.751119
72.296754 121.242995
72.296754 120.734872
72.296754 120.226748
72.296754 119.718624
71.788630 119.210500
71.788630 118.702376
71.788630 118.194253
71.788630 117.686129
71.280506 117.178005
71.280506 116.669881
71.280506 116.161758
71.280506 115.653634
70.772383 115.145510
70.772383 114.637386
70.772383 114.129262
70.264259 113.621139
70.264259 113.113015
70.264259 112.604891
70.264259 112.096767
70.264259 111.588644
70.264259 111.080520
69.756135 110.572396
69.756135 110.064272
69.756135 109.556148
69.248011 109.048025
69.248011 108.539901
69.248011 108.031777
69.248011 107.523653
68.739887 107.015530
68.739887 106.507406
68.739887 105.999282
68.739887 105.491158
68.231764 104.983034
68.231764 104.474911
68.231764 103.966787
68.231764 103.458663
67.723640 102.950539
67.723640 102.442416
67.723640 101.934292
67.723640 101.426168
67.723640 100.918044
67.723640 100.409920
67.723640 99.901797
67.723640 99.393673
68.231764 98.885549
68.231764 98.377425
68.231764 97.869301
68.739887 97.361178
68.739887 96.853054
68.739887 96.344930
68.739887 95.836806
69.248011 95.328683
69.248011 94.820559
69.248011 94.312435
69.248011 93.804311
69.248011 93.296187
69.756135 92.788064
69.756135 92.279940
69.756135 91.771816
70.264259 91.263692
70.264259 90.755569
70.264259 90.247445
70.264259 89.739321
70.264259 89.231197
70.772383 88.723073
70.772383 88.214950
70.772383 87.706826
70.772383 87.198702
71.280506 86.690578
71.280506 86.182455
71.788630 85.674331
71.788630 85.166207
72.296754 84.658083
72.296754 84.149959
72.804878 83.641836
73.313001 83.133712
73.313001 82.625588
73.821125 82.117464
74.329249 81.609341
74.837373 81.101217
75.345497 80.593093
75.345497 80.084969
75.853620 79.576845
76.361744 79.068722
76.361744 78.560598
76.869868 78.052474
77.377992 77.544350
77.886116 77.036226
78.394239 76.528103
78.902363 76.528103
79.410487 76.528103
79.918611 76.528103
80.426734 76.528103
79.918611 76.528103
79.410487 76.528103
78.902363 76.528103
78.394239 77.036226
